Energy(eV)           EEDF(eV^-(3/2))      Anisotropy(eV^-(3/2))
4.27857513975849e-03 3.29245268031301e-01 1.75791901570355e-05 
1.28357254192755e-02 3.29227604590289e-01 2.55576035347854e-05 
2.13928756987924e-02 3.29210141959644e-01 3.34726048958484e-05 
2.99500259783094e-02 3.29193452107875e-01 3.83454094324021e-05 
3.85071762578264e-02 3.29178573337168e-01 4.13030634606259e-05 
4.70643265373434e-02 3.29165169175837e-01 4.33038961173802e-05 
5.56214768168603e-02 3.29153225322237e-01 4.38690065197057e-05 
6.41786270963773e-02 3.29143203423708e-01 4.23993795759712e-05 
7.27357773758943e-02 3.29135486000357e-01 4.01628980485885e-05 
8.12929276554113e-02 3.29129164200926e-01 3.82095468042078e-05 
8.98500779349283e-02 3.29124130395497e-01 3.52928310763218e-05 
9.84072282144452e-02 3.29120418733053e-01 3.15621590291846e-05 
1.06964378493962e-01 3.29117752873485e-01 2.84656300207774e-05 
1.15521528773479e-01 3.29115636788208e-01 2.60191993953874e-05 
1.24078679052996e-01 3.29114060222491e-01 2.37798916420901e-05 
1.32635829332513e-01 3.29112759725790e-01 2.21473652692559e-05 
1.41192979612030e-01 3.29111727797782e-01 2.01264282325322e-05 
1.49750129891547e-01 3.29110953109005e-01 1.79817502718527e-05 
1.58307280171064e-01 3.29110368151255e-01 1.61867264637687e-05 
1.66864430450581e-01 3.29109910123211e-01 1.46102353552575e-05 
1.75421580730098e-01 3.29109562788638e-01 1.33473422136848e-05 
1.83978731009615e-01 3.29109269356247e-01 1.24852863995697e-05 
1.92535881289132e-01 3.29109028504467e-01 1.14837755519097e-05 
2.01093031568649e-01 3.29108837805987e-01 1.07648387689967e-05 
2.09650181848166e-01 3.29108664707522e-01 1.07221502433473e-05 
2.18207332127683e-01 3.29108491604771e-01 1.09322851506176e-05 
2.26764482407200e-01 3.29108318921471e-01 1.11245636920490e-05 
2.35321632686717e-01 3.29108147063711e-01 1.12989861049919e-05 
2.43878782966234e-01 3.29107976419940e-01 1.14555526460108e-05 
2.52435933245751e-01 3.29107807360958e-01 1.22725843490400e-05 
2.60993083525268e-01 3.29107601016286e-01 1.39343329664315e-05 
2.69550233804785e-01 3.29107339803762e-01 1.58403114280716e-05 
2.78107384084302e-01 3.29107015603744e-01 1.78389265973501e-05 
2.86664534363819e-01 3.29106619825710e-01 1.99300883786875e-05 
2.95221684643336e-01 3.29106143408285e-01 2.21137314561613e-05 
3.03778834922853e-01 3.29105576819275e-01 2.46643510975183e-05 
3.12335985202370e-01 3.29104883426214e-01 2.75673538465525e-05 
3.20893135481887e-01 3.29104045353978e-01 3.06063614688507e-05 
3.29450285761404e-01 3.29103045389646e-01 3.37676693596279e-05 
3.38007436040921e-01 3.29101865497075e-01 3.70512063078143e-05 
3.46564586320438e-01 3.29100486817030e-01 4.04778630916676e-05 
3.55121736599955e-01 3.29098886703619e-01 4.42420706682847e-05 
3.63678886879472e-01 3.29097014563814e-01 4.83080823998728e-05 
3.72236037158989e-01 3.29094843460073e-01 5.25155685305488e-05 
3.80793187438505e-01 3.29092345351114e-01 5.68644672191790e-05 
3.89350337718022e-01 3.29089491092284e-01 6.13547216371857e-05 
3.97907487997539e-01 3.29086250435979e-01 6.59626264689032e-05 
4.06464638277056e-01 3.29082596817086e-01 7.06197181396882e-05 
4.15021788556573e-01 3.29078513366814e-01 7.53506868445423e-05 
4.23578938836090e-01 3.29073969225719e-01 8.02153557943603e-05 
4.32136089115607e-01 3.29068932546469e-01 8.52136758520459e-05 
4.40693239395124e-01 3.29063370494469e-01 9.03455953214606e-05 
4.49250389674641e-01 3.29057249248543e-01 9.56110594949067e-05 
4.57807539954158e-01 3.29050534001674e-01 1.01010010250300e-04 
4.66364690233675e-01 3.29043188961819e-01 1.06542385677254e-04 
4.74921840513192e-01 3.29035177352792e-01 1.12208119720528e-04 
4.83478990792709e-01 3.29026461415221e-01 1.18007141844151e-04 
4.92036141072226e-01 3.29017002407585e-01 1.23939376710327e-04 
5.00593291351743e-01 3.29006760607335e-01 1.29972336645430e-04 
5.09150441631260e-01 3.28995705700070e-01 1.36082378999655e-04 
5.17707591910777e-01 3.28983805198956e-01 1.42299351346175e-04 
5.26264742190294e-01 3.28971018194600e-01 1.48645486446202e-04 
5.34821892469811e-01 3.28957302855541e-01 1.55120684840726e-04 
5.43379042749328e-01 3.28942616429745e-01 1.61724840763622e-04 
5.51936193028845e-01 3.28926915246203e-01 1.68457841856227e-04 
5.60493343308362e-01 3.28910154716635e-01 1.75319568881393e-04 
5.69050493587879e-01 3.28892289337304e-01 1.82309895428611e-04 
5.77607643867396e-01 3.28873272690941e-01 1.89428687617799e-04 
5.86164794146913e-01 3.28853057448800e-01 1.96675803804872e-04 
5.94721944426430e-01 3.28831595372818e-01 2.04051094274961e-04 
6.03279094705947e-01 3.28808837317922e-01 2.11554400934449e-04 
6.11836244985464e-01 3.28784733234457e-01 2.19185557004684e-04 
6.20393395264981e-01 3.28759232170760e-01 2.26944386705838e-04 
6.28950545544498e-01 3.28732282275870e-01 2.34830704937499e-04 
6.37507695824015e-01 3.28703830802393e-01 2.42844316955298e-04 
6.46064846103532e-01 3.28673824109515e-01 2.50985018044552e-04 
6.54621996383049e-01 3.28642207666177e-01 2.59252593190466e-04 
6.63179146662566e-01 3.28608926054411e-01 2.67646816740305e-04 
6.71736296942083e-01 3.28573922972850e-01 2.76167452063523e-04 
6.80293447221600e-01 3.28537141240403e-01 2.84814251209036e-04 
6.88850597501117e-01 3.28498522800123e-01 2.93586954557532e-04 
6.97407747780634e-01 3.28458008723252e-01 3.02480180300441e-04 
7.05964898060151e-01 3.28415541978523e-01 3.11472698689905e-04 
7.14522048339668e-01 3.28371073667672e-01 3.20569436320057e-04 
7.23079198619185e-01 3.28324543110866e-01 3.29789717590052e-04 
7.31636348898702e-01 3.28275888791118e-01 3.39133223484418e-04 
7.40193499178219e-01 3.28225048359240e-01 3.48599621410520e-04 
7.48750649457736e-01 3.28171958639008e-01 3.58188564829632e-04 
7.57307799737252e-01 3.28116555632549e-01 3.67899692887771e-04 
7.65864950016769e-01 3.28058774525951e-01 3.77732630046492e-04 
7.74422100296286e-01 3.27998549695107e-01 3.87686985706649e-04 
7.82979250575803e-01 3.27935814711794e-01 3.97762353827752e-04 
7.91536400855320e-01 3.27870502349995e-01 4.07958312546422e-04 
8.00093551134837e-01 3.27802544592470e-01 4.18274423793863e-04 
8.08650701414354e-01 3.27731872637586e-01 4.28710232906352e-04 
8.17207851693871e-01 3.27658416906400e-01 4.39265268236251e-04 
8.25765001973388e-01 3.27582107050015e-01 4.49939040759654e-04 
8.34322152252905e-01 3.27502871957206e-01 4.60731043680654e-04 
8.42879302532422e-01 3.27420639762329e-01 4.71640752035065e-04 
8.51436452811939e-01 3.27335337853505e-01 4.82667622290392e-04 
8.59993603091456e-01 3.27246892881109e-01 4.93811091945001e-04 
8.68550753370973e-01 3.27155230766543e-01 5.05070579126240e-04 
8.77107903650490e-01 3.27060276711320e-01 5.16445482185390e-04 
8.85665053930007e-01 3.26961955206453e-01 5.27935179291630e-04 
8.94222204209524e-01 3.26860190042164e-01 5.39539028024371e-04 
9.02779354489041e-01 3.26754904317907e-01 5.51256364965248e-04 
9.11336504768558e-01 3.26646020452722e-01 5.63086505290080e-04 
9.19893655048075e-01 3.26533460195926e-01 5.75028742357727e-04 
9.28450805327592e-01 3.26417144638136e-01 5.87082347299972e-04 
9.37007955607109e-01 3.26296994222639e-01 5.99246568611781e-04 
9.45565105886626e-01 3.26172928757120e-01 6.11520631738835e-04 
9.54122256166143e-01 3.26044867425733e-01 6.23903738666925e-04 
9.62679406445660e-01 3.25912728801551e-01 6.36395067514655e-04 
9.71236556725177e-01 3.25776430859367e-01 6.48993772121379e-04 
9.79793707004694e-01 3.25635890988888e-01 6.61698981636155e-04 
9.88350857284211e-01 3.25491026008289e-01 6.74509800113098e-04 
9.96908007563728e-01 3.25341752178172e-01 6.87324899694983e-04 
1.00546515784324e+00 3.25188073069349e-01 6.99516857861627e-04 
1.01402230812276e+00 3.25030462346404e-01 7.11188374230340e-04 
1.02257945840228e+00 3.24868857032907e-01 7.22940661448666e-04 
1.03113660868180e+00 3.24703193859984e-01 7.34772939436656e-04 
1.03969375896131e+00 3.24533409276402e-01 7.46684409828137e-04 
1.04825090924083e+00 3.24359439458890e-01 7.58674255743855e-04 
1.05680805952035e+00 3.24181220322679e-01 7.70741641568904e-04 
1.06536520979986e+00 3.23998687532287e-01 7.82885712730805e-04 
1.07392236007938e+00 3.23811776512524e-01 7.95105595480740e-04 
1.08247951035890e+00 3.23620422459736e-01 8.07400396676629e-04 
1.09103666063841e+00 3.23424560353295e-01 8.19769203568051e-04 
1.09959381091793e+00 3.23224124967311e-01 8.32211083584730e-04 
1.10815096119745e+00 3.23019050882604e-01 8.44725084128285e-04 
1.11670811147697e+00 3.22809272498901e-01 8.57310232365708e-04 
1.12526526175648e+00 3.22594724047290e-01 8.69965535026274e-04 
1.13382241203600e+00 3.22375339602913e-01 8.82689978202565e-04 
1.14237956231552e+00 3.22151053097911e-01 8.95482527154095e-04 
1.15093671259503e+00 3.21921798334609e-01 9.08342126114899e-04 
1.15949386287455e+00 3.21687508998961e-01 9.21267698105325e-04 
1.16805101315407e+00 3.21448118674241e-01 9.34258144746850e-04 
1.17660816343358e+00 3.21203560854984e-01 9.47312346080281e-04 
1.18516531371310e+00 3.20953768961186e-01 9.60429160391295e-04 
1.19372246399262e+00 3.20698676352754e-01 9.73607424038968e-04 
1.20227961427214e+00 3.20438216344210e-01 9.87238150695489e-04 
1.21083676455165e+00 3.20171905401156e-01 1.00143615786816e-03 
1.21939391483117e+00 3.19899536786795e-01 1.01581887002282e-03 
1.22795106511069e+00 3.19621029107200e-01 1.03026838468015e-03 
1.23650821539020e+00 3.19336300935267e-01 1.04478318675460e-03 
1.24506536566972e+00 3.19045270832067e-01 1.05936173149985e-03 
1.25362251594924e+00 3.18747857368580e-01 1.07400244430705e-03 
1.26217966622875e+00 3.18443979147812e-01 1.08870372050599e-03 
1.27073681650827e+00 3.18133554827291e-01 1.10346392517923e-03 
1.27929396678779e+00 3.17816503141957e-01 1.11828139298386e-03 
1.28785111706731e+00 3.17492742927418e-01 1.13315442798255e-03 
1.29640826734682e+00 3.17162193143609e-01 1.14803760462216e-03 
1.30496541762634e+00 3.16824823610573e-01 1.16242659656803e-03 
1.31352256790586e+00 3.16481143132957e-01 1.17636768875749e-03 
1.32207971818537e+00 3.16131086240994e-01 1.19034852760582e-03 
1.33063686846489e+00 3.15774587692056e-01 1.20436755393189e-03 
1.33919401874441e+00 3.15411582489741e-01 1.21842318450506e-03 
1.34775116902392e+00 3.15042005903211e-01 1.23251381199364e-03 
1.35630831930344e+00 3.14665793486767e-01 1.24663780492508e-03 
1.36486546958296e+00 3.14282881099674e-01 1.26079350765322e-03 
1.37342261986247e+00 3.13893204926222e-01 1.27497924033367e-03 
1.38197977014199e+00 3.13496701496027e-01 1.28919329890880e-03 
1.39053692042151e+00 3.13093307704571e-01 1.30343395510246e-03 
1.39909407070103e+00 3.12682960833968e-01 1.31769945642431e-03 
1.40765122098054e+00 3.12265598573968e-01 1.33198802618313e-03 
1.41620837126006e+00 3.11841159043178e-01 1.34629786350975e-03 
1.42476552153958e+00 3.11409580810516e-01 1.36062714339051e-03 
1.43332267181909e+00 3.10970802916881e-01 1.37497401671152e-03 
1.44187982209861e+00 3.10524764897035e-01 1.38933661031276e-03 
1.45043697237813e+00 3.10071406801701e-01 1.40371302705279e-03 
1.45899412265764e+00 3.09610669219873e-01 1.41810134588496e-03 
1.46755127293716e+00 3.09142493301315e-01 1.43249962194407e-03 
1.47610842321668e+00 3.08666820779279e-01 1.44690588664450e-03 
1.48466557349620e+00 3.08183593993396e-01 1.46131814778995e-03 
1.49322272377571e+00 3.07692755912772e-01 1.47573438969505e-03 
1.50177987405523e+00 3.07194250159258e-01 1.48929597932449e-03 
1.51033702433475e+00 3.06689177296352e-01 1.50165520349320e-03 
1.51889417461426e+00 3.06177981643607e-01 1.51365412078810e-03 
1.52745132489378e+00 3.05660634558812e-01 1.52563970162164e-03 
1.53600847517330e+00 3.05137107928200e-01 1.53761054682546e-03 
1.54456562545281e+00 3.04607374177781e-01 1.54956524655258e-03 
1.55312277573233e+00 3.04071406284712e-01 1.56150238041601e-03 
1.56167992601185e+00 3.03529177788682e-01 1.57342051763421e-03 
1.57023707629137e+00 3.02980662803321e-01 1.58531821718130e-03 
1.57879422657088e+00 3.02425836027628e-01 1.59719402794181e-03 
1.58735137685040e+00 3.01864672757410e-01 1.60904648887379e-03 
1.59590852712992e+00 3.01297148896735e-01 1.62087412917443e-03 
1.60446567740943e+00 3.00723240969390e-01 1.63267546845110e-03 
1.61302282768895e+00 3.00142926130347e-01 1.64444901690104e-03 
1.62157997796847e+00 2.99556182177227e-01 1.65619327549503e-03 
1.63013712824798e+00 2.98962987561761e-01 1.66790673616605e-03 
1.63869427852750e+00 2.98363321401247e-01 1.67958788200370e-03 
1.64725142880702e+00 2.97757163489996e-01 1.69123518745585e-03 
1.65580857908653e+00 2.97144494310764e-01 1.70284711853538e-03 
1.66436572936605e+00 2.96525295046171e-01 1.71442213303137e-03 
1.67292287964557e+00 2.95899547590088e-01 1.72595868072805e-03 
1.68148002992509e+00 2.95267234559013e-01 1.73745520362827e-03 
1.69003718020460e+00 2.94628339303410e-01 1.74891013618393e-03 
1.69859433048412e+00 2.93982845919013e-01 1.76032190553081e-03 
1.70715148076364e+00 2.93330739258099e-01 1.77168893172950e-03 
1.71570863104315e+00 2.92672004940716e-01 1.78300962801465e-03 
1.72426578132267e+00 2.92006629365869e-01 1.79428240104654e-03 
1.73282293160219e+00 2.91334599722649e-01 1.80550565117045e-03 
1.74138008188170e+00 2.90655904001318e-01 1.81667777268169e-03 
1.74993723216122e+00 2.89970531004327e-01 1.82779715409697e-03 
1.75849438244074e+00 2.89278470357280e-01 1.83886217843091e-03 
1.76705153272026e+00 2.88579712519818e-01 1.84987122347760e-03 
1.77560868299977e+00 2.87874248796446e-01 1.86082266210012e-03 
1.78416583327929e+00 2.87162071347272e-01 1.87171486252430e-03 
1.79272298355881e+00 2.86443173198673e-01 1.88254618863934e-03 
1.80128013383832e+00 2.85717548253869e-01 1.89331500030345e-03 
1.80983728411784e+00 2.84985191303412e-01 1.90401965365485e-03 
1.81839443439736e+00 2.84246098035574e-01 1.91465850142998e-03 
1.82695158467687e+00 2.83500265046643e-01 1.92522989328675e-03 
1.83550873495639e+00 2.82747689851106e-01 1.93573217613295e-03 
1.84406588523591e+00 2.81988370891727e-01 1.94616369446076e-03 
1.85262303551543e+00 2.81222307549509e-01 1.95652279068724e-03 
1.86118018579494e+00 2.80449500153536e-01 1.96680780549981e-03 
1.86973733607446e+00 2.79669949990691e-01 1.97701707820717e-03 
1.87829448635398e+00 2.78883659315245e-01 1.98714894709672e-03 
1.88685163663349e+00 2.78090631358309e-01 1.99720174979669e-03 
1.89540878691301e+00 2.77290870337146e-01 2.00717382364325e-03 
1.90396593719253e+00 2.76484381464341e-01 2.01869870981649e-03 
1.91252308747204e+00 2.75668523561350e-01 2.03181430635930e-03 
1.92108023775156e+00 2.74843181585901e-01 2.04489243239494e-03 
1.92963738803108e+00 2.74008342427195e-01 2.05786849658872e-03 
1.93819453831060e+00 2.73163994809875e-01 2.07073952657346e-03 
1.94675168859011e+00 2.72310129321129e-01 2.08350254395466e-03 
1.95530883886963e+00 2.71446738437497e-01 2.09615456520053e-03 
1.96386598914915e+00 2.70573816551363e-01 2.10869260254906e-03 
1.97242313942866e+00 2.69691359997102e-01 2.12111366493328e-03 
1.98098028970818e+00 2.68799367076896e-01 2.13341475892529e-03 
1.98953743998770e+00 2.67897838086152e-01 2.14559288969726e-03 
1.99809459026721e+00 2.66986775338549e-01 2.15764506200042e-03 
2.00665174054673e+00 2.66066183190665e-01 2.16956828116116e-03 
2.01520889082625e+00 2.65136068066174e-01 2.18135955409455e-03 
2.02376604110577e+00 2.64196438479594e-01 2.19301589033493e-03 
2.03232319138528e+00 2.63247305059565e-01 2.20453430308180e-03 
2.04088034166480e+00 2.62288680571641e-01 2.21591181026327e-03 
2.04943749194432e+00 2.61320579940563e-01 2.22714543561506e-03 
2.05799464222383e+00 2.60343020272010e-01 2.23823220977490e-03 
2.06655179250335e+00 2.59356020873797e-01 2.24916917139234e-03 
2.07510894278287e+00 2.58359603276504e-01 2.25995336825348e-03 
2.08366609306238e+00 2.57353791253511e-01 2.27058185842047e-03 
2.09222324334190e+00 2.56338610840425e-01 2.28105171138401e-03 
2.10078039362142e+00 2.55314090353872e-01 2.29035082153115e-03 
2.10933754390093e+00 2.54282095918471e-01 2.29779707620694e-03 
2.11789469418045e+00 2.53243939361654e-01 2.30440940497287e-03 
2.12645184445997e+00 2.52199663932710e-01 2.31088492165143e-03 
2.13500899473949e+00 2.51149314100055e-01 2.31722218236746e-03 
2.14356614501900e+00 2.50092935552011e-01 2.32341975929110e-03 
2.15212329529852e+00 2.49030575197245e-01 2.32947624114399e-03 
2.16068044557804e+00 2.47962281164865e-01 2.33539023370643e-03 
2.16923759585755e+00 2.46888102804165e-01 2.34116036032444e-03 
2.17779474613707e+00 2.45808090684022e-01 2.34678526241713e-03 
2.18635189641659e+00 2.44722296591929e-01 2.35226359998334e-03 
2.19490904669610e+00 2.43630773532679e-01 2.35759405210888e-03 
2.20346619697562e+00 2.42533575726671e-01 2.36379473885713e-03 
2.21202334725514e+00 2.41428830925909e-01 2.37095304932532e-03 
2.22058049753466e+00 2.40316392740312e-01 2.37804016473633e-03 
2.22913764781417e+00 2.39196319377746e-01 2.38494662238704e-03 
2.23769479809369e+00 2.38068671030885e-01 2.39167031987356e-03 
2.24625194837321e+00 2.36933509879766e-01 2.39820918258219e-03 
2.25480909865272e+00 2.35790900093613e-01 2.40456116467096e-03 
2.26336624893224e+00 2.34640907831939e-01 2.41072425005271e-03 
2.27192339921176e+00 2.33483601244912e-01 2.41669645337823e-03 
2.28048054949127e+00 2.32319050472965e-01 2.42247582101895e-03 
2.28903769977079e+00 2.31147327645646e-01 2.42806043204951e-03 
2.29759485005031e+00 2.29968506879706e-01 2.43344839922880e-03 
2.30615200032983e+00 2.28782664276393e-01 2.43863786997866e-03 
2.31470915060934e+00 2.27589877917968e-01 2.44362702736052e-03 
2.32326630088886e+00 2.26390227863410e-01 2.44841409104919e-03 
2.33182345116838e+00 2.25183796143321e-01 2.45299731830302e-03 
2.34038060144789e+00 2.23970666754010e-01 2.45737500492922e-03 
2.34893775172741e+00 2.22750925650748e-01 2.46154548624477e-03 
2.35749490200693e+00 2.21524660740195e-01 2.46550713803188e-03 
2.36605205228644e+00 2.20291961871980e-01 2.46925837748704e-03 
2.37460920256596e+00 2.19052920829437e-01 2.47279766416371e-03 
2.38316635284548e+00 2.17807631319479e-01 2.47612350090737e-03 
2.39172350312499e+00 2.16556188961615e-01 2.47923443478271e-03 
2.40028065340451e+00 2.15298691276101e-01 2.48212905799176e-03 
2.40883780368403e+00 2.14035237671208e-01 2.48480600878310e-03 
2.41739495396355e+00 2.12765929429621e-01 2.48726397235091e-03 
2.42595210424306e+00 2.11490869693949e-01 2.48950168172313e-03 
2.43450925452258e+00 2.10210163451351e-01 2.49151791863835e-03 
2.44306640480210e+00 2.08923917517268e-01 2.49331151441111e-03 
2.45162355508161e+00 2.07632240518260e-01 2.49488135078434e-03 
2.46018070536113e+00 2.06335242873953e-01 2.49622636076776e-03 
2.46873785564065e+00 2.05033036778075e-01 2.49734552946262e-03 
2.47729500592016e+00 2.03725736178606e-01 2.49823789487223e-03 
2.48585215619968e+00 2.02413456757009e-01 2.49890254869675e-03 
2.49440930647920e+00 2.01096315906577e-01 2.49933863711184e-03 
2.50296645675872e+00 1.99774432709862e-01 2.50041646529722e-03 
2.51152360703823e+00 1.98446036688340e-01 2.50226975052348e-03 
2.52008075731775e+00 1.97110920072293e-01 2.50400686875890e-03 
2.52863790759727e+00 1.95769222506805e-01 2.50546654933866e-03 
2.53719505787678e+00 1.94421086309976e-01 2.50664739224693e-03 
2.54575220815630e+00 1.93066656443053e-01 2.50754807781243e-03 
2.55430935843582e+00 1.91706080478916e-01 2.50816736807235e-03 
2.56286650871533e+00 1.90339508568895e-01 2.50850410810569e-03 
2.57142365899485e+00 1.88967093407930e-01 2.50855722733527e-03 
2.57998080927437e+00 1.87588990198062e-01 2.50832574079637e-03 
2.58853795955389e+00 1.86205356610261e-01 2.50780875037067e-03 
2.59709510983340e+00 1.84816352744604e-01 2.50700544598486e-03 
2.60565226011292e+00 1.83422141088784e-01 2.50591510677111e-03 
2.61420941039244e+00 1.82022886474974e-01 2.50453710218885e-03 
2.62276656067195e+00 1.80618756035050e-01 2.50287089310659e-03 
2.63132371095147e+00 1.79209919154168e-01 2.50091603284186e-03 
2.63988086123099e+00 1.77796547422722e-01 2.49867216815844e-03 
2.64843801151050e+00 1.76378814586685e-01 2.49613904021885e-03 
2.65699516179002e+00 1.74956896496335e-01 2.49331648549112e-03 
2.66555231206954e+00 1.73530971053409e-01 2.49020443660906e-03 
2.67410946234906e+00 1.72101218156662e-01 2.48680292318354e-03 
2.68266661262857e+00 1.70667819645886e-01 2.48311207256482e-03 
2.69122376290809e+00 1.69230959244373e-01 2.47913211055384e-03 
2.69978091318761e+00 1.67790822499869e-01 2.47486336206087e-03 
2.70833806346712e+00 1.66347596724023e-01 2.47030625171165e-03 
2.71689521374664e+00 1.64901470930363e-01 2.46546130439885e-03 
2.72545236402616e+00 1.63452635770815e-01 2.46032914577772e-03 
2.73400951430567e+00 1.62001283470808e-01 2.45491050270526e-03 
2.74256666458519e+00 1.60547607762963e-01 2.44920620362205e-03 
2.75112381486471e+00 1.59091803819433e-01 2.44321717887468e-03 
2.75968096514422e+00 1.57634068182885e-01 2.43694446097901e-03 
2.76823811542374e+00 1.56174598696191e-01 2.43038918482247e-03 
2.77679526570326e+00 1.54713594430836e-01 2.42355258780487e-03 
2.78535241598278e+00 1.53251255614092e-01 2.41643600991684e-03 
2.79390956626229e+00 1.51787783554991e-01 2.40904089375478e-03 
2.80246671654181e+00 1.50323380569134e-01 2.40103945598911e-03 
2.81102386682133e+00 1.48859084482335e-01 2.39235744701406e-03 
2.81958101710084e+00 1.47395307993501e-01 2.38334095674222e-03 
2.82813816738036e+00 1.45932236896546e-01 2.37408293633405e-03 
2.83669531765988e+00 1.44470057230531e-01 2.36458545661715e-03 
2.84525246793939e+00 1.43008955211885e-01 2.35485067064029e-03 
2.85380961821891e+00 1.41549117166101e-01 2.34488081309826e-03 
2.86236676849843e+00 1.40090729458979e-01 2.33467819970543e-03 
2.87092391877795e+00 1.38633978427427e-01 2.32424522651783e-03 
2.87948106905746e+00 1.37179050309881e-01 2.31358436920398e-03 
2.88803821933698e+00 1.35726131176377e-01 2.30269818226448e-03 
2.89659536961650e+00 1.34275406858306e-01 2.29158929819997e-03 
2.90515251989601e+00 1.32827062877924e-01 2.28026042662820e-03 
2.91370967017553e+00 1.31381284377621e-01 2.26871435335012e-03 
2.92226682045505e+00 1.29938256049028e-01 2.25695393936556e-03 
2.93082397073456e+00 1.28498162061985e-01 2.24498211983797e-03 
2.93938112101408e+00 1.27061185993416e-01 2.23280190300944e-03 
2.94793827129360e+00 1.25627510756171e-01 2.22041636906642e-03 
2.95649542157312e+00 1.24197318527865e-01 2.20782866895537e-03 
2.96505257185263e+00 1.22770790679760e-01 2.19504202315020e-03 
2.97360972213215e+00 1.21348107705757e-01 2.18205972037141e-03 
2.98216687241167e+00 1.19929449151514e-01 2.16888511625743e-03 
2.99072402269118e+00 1.18514993543762e-01 2.15552163198919e-03 
2.99928117297070e+00 1.17104918319856e-01 2.14183178878893e-03 
3.00783832325022e+00 1.15699788808675e-01 2.12762926310176e-03 
3.01639547352973e+00 1.14300312259686e-01 2.11307385842750e-03 
3.02495262380925e+00 1.12906637851350e-01 2.09837488711542e-03 
3.03350977408877e+00 1.11518913217468e-01 2.08353589839275e-03 
3.04206692436829e+00 1.10137284394909e-01 2.06856048047549e-03 
3.05062407464780e+00 1.08761895771972e-01 2.05345225907120e-03 
3.05918122492732e+00 1.07392890037403e-01 2.03821489585634e-03 
3.06773837520684e+00 1.06030408130108e-01 2.02285208692924e-03 
3.07629552548635e+00 1.04674589189594e-01 2.00736756123935e-03 
3.08485267576587e+00 1.03325570507168e-01 1.99176507899398e-03 
3.09340982604539e+00 1.01983487477927e-01 1.97604843004387e-03 
3.10196697632490e+00 1.00648473553576e-01 1.96022143224762e-03 
3.11052412660442e+00 9.93206601960958e-02 1.94428792981683e-03 
3.11908127688394e+00 9.80001768323026e-02 1.92825179164308e-03 
3.12763842716345e+00 9.66871508093198e-02 1.91211690960691e-03 
3.13619557744297e+00 9.53817073509998e-02 1.89588719687098e-03 
3.14475272772249e+00 9.40839695153203e-02 1.87956658615827e-03 
3.15330987800201e+00 9.27940581527867e-02 1.86315902801578e-03 
3.16186702828152e+00 9.15120918658677e-02 1.84666848906563e-03 
3.17042417856104e+00 9.02381869694919e-02 1.83009895024456e-03 
3.17898132884056e+00 8.89724574526319e-02 1.81345440503299e-03 
3.18753847912007e+00 8.77150149410038e-02 1.79673885767475e-03 
3.19609562939959e+00 8.64659686609051e-02 1.77995632138889e-03 
3.20465277967911e+00 8.52254254042182e-02 1.76311081657461e-03 
3.21320992995862e+00 8.39934894946015e-02 1.74620636901078e-03 
3.22176708023814e+00 8.27702627548931e-02 1.72924700805133e-03 
3.23032423051766e+00 8.15558444757473e-02 1.71223676481731e-03 
3.23888138079718e+00 8.03503313855278e-02 1.69517967038753e-03 
3.24743853107669e+00 7.91538176214763e-02 1.67807975398877e-03 
3.25599568135621e+00 7.79663947021772e-02 1.66094104118680e-03 
3.26455283163573e+00 7.67881515013363e-02 1.64376755207974e-03 
3.27310998191524e+00 7.56191742228928e-02 1.62656329949485e-03 
3.28166713219476e+00 7.44595463774791e-02 1.60933228718990e-03 
3.29022428247428e+00 7.33093487602477e-02 1.59207850806104e-03 
3.29878143275379e+00 7.21686594300754e-02 1.57480594235783e-03 
3.30733858303331e+00 7.10375536901637e-02 1.55751855590698e-03 
3.31589573331283e+00 6.99161040700442e-02 1.54022029834635e-03 
3.32445288359235e+00 6.88043803090022e-02 1.52291510136994e-03 
3.33301003387186e+00 6.77024493409299e-02 1.50560687698570e-03 
3.34156718415138e+00 6.66103752806170e-02 1.48829951578728e-03 
3.35012433443090e+00 6.55282194114889e-02 1.47099688524074e-03 
3.35868148471041e+00 6.44560401747981e-02 1.45370282798774e-03 
3.36723863498993e+00 6.33938931602767e-02 1.43642116016644e-03 
3.37579578526945e+00 6.23418310982535e-02 1.41915566975146e-03 
3.38435293554896e+00 6.12999038532406e-02 1.40191011491382e-03 
3.39291008582848e+00 6.02681584189923e-02 1.38468822240216e-03 
3.40146723610800e+00 5.92466389150364e-02 1.36749368594667e-03 
3.41002438638752e+00 5.82353865846809e-02 1.35033016468671e-03 
3.41858153666703e+00 5.72344397944929e-02 1.33320128162326e-03 
3.42713868694655e+00 5.62438340352493e-02 1.31611062209736e-03 
3.43569583722607e+00 5.52636019243555e-02 1.29906173229572e-03 
3.44425298750558e+00 5.42937732097284e-02 1.28205811778454e-03 
3.45281013778510e+00 5.33343747751376e-02 1.26510324207263e-03 
3.46136728806462e+00 5.23854306469992e-02 1.24820052520478e-03 
3.46992443834413e+00 5.14469620026133e-02 1.23135334238655e-03 
3.47848158862365e+00 5.05189871798374e-02 1.21456502264122e-03 
3.48703873890317e+00 4.96015216881847e-02 1.19783884750027e-03 
3.49559588918269e+00 4.86945782213375e-02 1.18117804972779e-03 
3.50415303946220e+00 4.77981666710613e-02 1.16458581208014e-03 
3.51271018974172e+00 4.69122941425085e-02 1.14806526610158e-03 
3.52126734002124e+00 4.60369649708955e-02 1.13161949095655e-03 
3.52982449030075e+00 4.51721807395387e-02 1.11525151229966e-03 
3.53838164058027e+00 4.43179402992313e-02 1.09896430118399e-03 
3.54693879085979e+00 4.34742397889455e-02 1.08276077300843e-03 
3.55549594113930e+00 4.26410726578382e-02 1.06664378650483e-03 
3.56405309141882e+00 4.18184296885435e-02 1.05061614276548e-03 
3.57261024169834e+00 4.10062990217287e-02 1.03468058431163e-03 
3.58116739197785e+00 4.02046661818939e-02 1.01883979420373e-03 
3.58972454225737e+00 3.94135141043908e-02 1.00309639519363e-03 
3.59828169253689e+00 3.86328231636381e-02 9.87434776514176e-04 
3.60683884281641e+00 3.78626335257213e-02 9.71816889960502e-04 
3.61539599309592e+00 3.71030608367977e-02 9.56267849989329e-04 
3.62395314337544e+00 3.63540671119822e-02 9.40835735415827e-04 
3.63251029365496e+00 3.56156121528197e-02 9.25522558247977e-04 
3.64106744393447e+00 3.48876535833164e-02 9.10330267206831e-04 
3.64962459421399e+00 3.41701468867918e-02 8.95260747393516e-04 
3.65818174449351e+00 3.34630454435245e-02 8.80315819997003e-04 
3.66673889477302e+00 3.27663005691629e-02 8.65497242042599e-04 
3.67529604505254e+00 3.20798615538681e-02 8.50806706181146e-04 
3.68385319533206e+00 3.14036757021628e-02 8.36245840518718e-04 
3.69241034561158e+00 3.07376883734521e-02 8.21816208486856e-04 
3.70096749589109e+00 3.00818430231874e-02 8.07519308753104e-04 
3.70952464617061e+00 2.94360812446416e-02 7.93356575171745e-04 
3.71808179645013e+00 2.88003428112624e-02 7.79329376774359e-04 
3.72663894672964e+00 2.81745657195751e-02 7.65439017800067e-04 
3.73519609700916e+00 2.75586862325984e-02 7.51686737765142e-04 
3.74375324728868e+00 2.69526389237450e-02 7.38073711571580e-04 
3.75231039756819e+00 2.63563567211714e-02 7.24601049654371e-04 
3.76086754784771e+00 2.57697709525455e-02 7.11269798167067e-04 
3.76942469812723e+00 2.51928113901988e-02 6.98080939205148e-04 
3.77798184840675e+00 2.46254062966305e-02 6.85035391066745e-04 
3.78653899868626e+00 2.40674824703299e-02 6.72134008550286e-04 
3.79509614896578e+00 2.35189652918848e-02 6.59377583288512e-04 
3.80365329924530e+00 2.29797787703422e-02 6.46766844118287e-04 
3.81221044952481e+00 2.24498455897883e-02 6.34302457485628e-04 
3.82076759980433e+00 2.19290871561156e-02 6.21985027885411e-04 
3.82932475008385e+00 2.14174236439432e-02 6.09815098335011e-04 
3.83788190036336e+00 2.09147740436586e-02 5.97793150881281e-04 
3.84643905064288e+00 2.04210562085472e-02 5.85919607140196e-04 
3.85499620092240e+00 1.99361869019786e-02 5.74194828868398e-04 
3.86355335120192e+00 1.94600818446163e-02 5.62619118565916e-04 
3.87211050148143e+00 1.89926557616196e-02 5.51192720109320e-04 
3.88066765176095e+00 1.85338224298056e-02 5.39915819414508e-04 
3.88922480204047e+00 1.80834947247405e-02 5.28788545128336e-04 
3.89778195231998e+00 1.76415846677291e-02 5.17810969348266e-04 
3.90633910259950e+00 1.72080034726713e-02 5.06983108369172e-04 
3.91489625287902e+00 1.67826615927559e-02 4.96304923456434e-04 
3.92345340315853e+00 1.63654687669623e-02 4.85776321644466e-04 
3.93201055343805e+00 1.59563340663396e-02 4.75397156559800e-04 
3.94056770371757e+00 1.55551659400356e-02 4.65167229267757e-04 
3.94912485399708e+00 1.51618722610457e-02 4.55086289141826e-04 
3.95768200427660e+00 1.47763603716556e-02 4.45154034754819e-04 
3.96623915455612e+00 1.43985371285488e-02 4.35370114790815e-04 
3.97479630483564e+00 1.40283089475538e-02 4.25734128976976e-04 
3.98335345511515e+00 1.36655818480026e-02 4.16245629034255e-04 
3.99191060539467e+00 1.33102614966777e-02 4.06904119645993e-04 
4.00046775567419e+00 1.29622532513203e-02 3.97729876042458e-04 
4.00902490595370e+00 1.26213807470649e-02 3.88736809899074e-04 
4.01758205623322e+00 1.22874909281698e-02 3.79899282194862e-04 
4.02613920651274e+00 1.19604989177788e-02 3.71198368658782e-04 
4.03469635679225e+00 1.16403193160508e-02 3.62633740211543e-04 
4.04325350707177e+00 1.13268662465673e-02 3.54205017883090e-04 
4.05181065735129e+00 1.10200534023481e-02 3.45911773822614e-04 
4.06036780763081e+00 1.07197940914448e-02 3.37753532328948e-04 
4.06892495791032e+00 1.04260012820830e-02 3.29729770900247e-04 
4.07748210818984e+00 1.01385876473250e-02 3.21839921301767e-04 
4.08603925846936e+00 9.85746560922451e-03 3.14083370650523e-04 
4.09459640874887e+00 9.58254738244763e-03 3.06459462515711e-04 
4.10315355902839e+00 9.31374501733305e-03 2.98967498033668e-04 
4.11171070930791e+00 9.05097044236690e-03 2.91606737036198e-04 
4.12026785958742e+00 8.79413550604765e-03 2.84376399191090e-04 
4.12882500986694e+00 8.54315201811769e-03 2.77275665153630e-04 
4.13738216014646e+00 8.29793179013904e-03 2.70303677727928e-04 
4.14593931042597e+00 8.05838667539160e-03 2.63459543036898e-04 
4.15449646070549e+00 7.82442860807323e-03 2.56742331699712e-04 
4.16305361098501e+00 7.59596964178194e-03 2.50151080015558e-04 
4.17161076126453e+00 7.37292198726131e-03 2.43684791152571e-04 
4.18016791154404e+00 7.15519804939146e-03 2.37342436340766e-04 
4.18872506182356e+00 6.94271046340856e-03 2.31122956067859e-04 
4.19728221210308e+00 6.73537213033717e-03 2.25025261276847e-04 
4.20583936238259e+00 6.53309625162033e-03 2.19048234564251e-04 
4.21439651266211e+00 6.33579636293364e-03 2.13190731377912e-04 
4.22295366294163e+00 6.14338636717031e-03 2.07451581213283e-04 
4.23151081322114e+00 5.95578056658537e-03 2.01829588807154e-04 
4.24006796350066e+00 5.77289369408800e-03 1.96323535327765e-04 
4.24862511378018e+00 5.59464094367203e-03 1.90932179560282e-04 
4.25718226405970e+00 5.42093799997580e-03 1.85654259086658e-04 
4.26573941433921e+00 5.25170106696317e-03 1.80488491458887e-04 
4.27429656461873e+00 5.08684689571900e-03 1.75433575364689e-04 
4.28285371489825e+00 4.92629281135264e-03 1.70488191784716e-04 
4.29141086517776e+00 4.76995673900489e-03 1.65651005140340e-04 
4.29996801545728e+00 4.61775722895385e-03 1.60920664431159e-04 
4.30852516573680e+00 4.46961348081682e-03 1.56295804361386e-04 
4.31708231601631e+00 4.32544536684586e-03 1.51775046454236e-04 
4.32563946629583e+00 4.18517345431580e-03 1.47357000153563e-04 
4.33419661657535e+00 4.04871902700421e-03 1.43040263911929e-04 
4.34275376685487e+00 3.91600410576391e-03 1.38823426264387e-04 
4.35131091713438e+00 3.78695146818940e-03 1.34705066887257e-04 
4.35986806741390e+00 3.66148466737934e-03 1.30683757641172e-04 
4.36842521769342e+00 3.53952804979829e-03 1.26758063597789e-04 
4.37698236797293e+00 3.42100677224160e-03 1.22926544049494e-04 
4.38553951825245e+00 3.30584681790813e-03 1.19187753501517e-04 
4.39409666853197e+00 3.19397501158626e-03 1.15540242645891e-04 
4.40265381881148e+00 3.08531903395967e-03 1.11982559316714e-04 
4.41121096909100e+00 2.97980743503968e-03 1.08513249426208e-04 
4.41976811937052e+00 2.87736964673204e-03 1.05130857881105e-04 
4.42832526965004e+00 2.77793599454662e-03 1.01833929478911e-04 
4.43688241992955e+00 2.68143770845903e-03 9.86210097836346e-05 
4.44543957020907e+00 2.58780693293408e-03 9.54906459806017e-05 
4.45399672048859e+00 2.49697673612152e-03 9.24413877100107e-05 
4.46255387076810e+00 2.40888111823488e-03 8.94717878788991e-05 
4.47111102104762e+00 2.32345501912532e-03 8.65804034512420e-05 
4.47966817132714e+00 2.24063432506241e-03 8.37657962159207e-05 
4.48822532160665e+00 2.16035587473469e-03 8.10265335323339e-05 
4.49678247188617e+00 2.08255746448319e-03 7.83602125955975e-05 
4.50533962216569e+00 2.00718242787809e-03 7.57588842431943e-05 
4.51389677244521e+00 1.93420123624448e-03 7.32230793367553e-05 
4.52245392272472e+00 1.86355085979677e-03 7.07593235260299e-05 
4.53101107300424e+00 1.79516946334030e-03 6.83660448781533e-05 
4.53956822328376e+00 1.72899639910387e-03 6.60416894849086e-05 
4.54812537356327e+00 1.66497219907841e-03 6.37847218033228e-05 
4.55668252384279e+00 1.60303856688014e-03 6.15936249743620e-05 
4.56523967412231e+00 1.54313836915653e-03 5.94669011200132e-05 
4.57379682440182e+00 1.48521562655316e-03 5.74030716190562e-05 
4.58235397468134e+00 1.42921550425986e-03 5.54006773618410e-05 
4.59091112496086e+00 1.37508430215405e-03 5.34582789843986e-05 
4.59946827524038e+00 1.32276944455942e-03 5.15744570822310e-05 
4.60802542551989e+00 1.27221946963777e-03 4.97478124041357e-05 
4.61658257579941e+00 1.22338401843188e-03 4.79769660264263e-05 
4.62513972607893e+00 1.17621382357681e-03 4.62605595079323e-05 
4.63369687635844e+00 1.13066069769744e-03 4.45972550261599e-05 
4.64225402663796e+00 1.08667752150919e-03 4.29857354950139e-05 
4.65081117691748e+00 1.04421823163924e-03 4.14247046644848e-05 
4.65936832719699e+00 1.00323780818512e-03 3.99128872027114e-05 
4.66792547747651e+00 9.63692262027259e-04 3.84490287608426e-05 
4.67648262775603e+00 9.25538621912084e-04 3.70318960211225e-05 
4.68503977803555e+00 8.88734921321741e-04 3.56602767286320e-05 
4.69359692831506e+00 8.53240185146547e-04 3.43329797071238e-05 
4.70215407859458e+00 8.19014416175785e-04 3.30488348593954e-05 
4.71071122887410e+00 7.86018581422313e-04 3.18066931526425e-05 
4.71926837915361e+00 7.54214598296126e-04 3.06054265892431e-05 
4.72782552943313e+00 7.23565320641758e-04 2.94439281634261e-05 
4.73638267971265e+00 6.94034524654065e-04 2.83211118042756e-05 
4.74493982999216e+00 6.65586894686661e-04 2.72359123055280e-05 
4.75349698027168e+00 6.38188008966963e-04 2.61872852426157e-05 
4.76205413055120e+00 6.11804325231456e-04 2.51742068774149e-05 
4.77061128083071e+00 5.86403166294502e-04 2.41956740511540e-05 
4.77916843111023e+00 5.61952705563651e-04 2.32507040659354e-05 
4.78772558138975e+00 5.38421952514094e-04 2.23383345553257e-05 
4.79628273166927e+00 5.15780738134571e-04 2.14576233444648e-05 
4.80483988194878e+00 4.93999700356668e-04 2.06076483001457e-05 
4.81339703222830e+00 4.73050269479131e-04 1.97875071713067e-05 
4.82195418250782e+00 4.52904653598437e-04 1.89963174203826e-05 
4.83051133278733e+00 4.33535824056557e-04 1.82332160459524e-05 
4.83906848306685e+00 4.14917500916439e-04 1.74973593971180e-05 
4.84762563334637e+00 3.97024138475433e-04 1.67879229800459e-05 
4.85618278362588e+00 3.79830910826498e-04 1.61041012570938e-05 
4.86473993390540e+00 3.63313697476680e-04 1.54451074389448e-05 
4.87329708418492e+00 3.47449069032012e-04 1.48101732701618e-05 
4.88185423446444e+00 3.32214272957605e-04 1.41985488085698e-05 
4.89041138474395e+00 3.17587219421376e-04 1.36095021988678e-05 
4.89896853502347e+00 3.03546467229488e-04 1.30423194408653e-05 
4.90752568530299e+00 2.90071209861233e-04 1.24963041527301e-05 
4.91608283558250e+00 2.77141261610753e-04 1.19707773296290e-05 
4.92463998586202e+00 2.64737043842631e-04 1.14650770981335e-05 
4.93319713614154e+00 2.52839571368064e-04 1.09785584667562e-05 
4.94175428642105e+00 2.41430438947973e-04 1.05105930729748e-05 
4.95031143670057e+00 2.30491807929091e-04 1.00605689270926e-05 
4.95886858698009e+00 2.20006393018729e-04 9.62789015327750e-06 
4.96742573725960e+00 2.09957449203592e-04 9.21197672811020e-06 
4.97598288753912e+00 2.00328758817708e-04 8.81226421696666e-06 
4.98454003781864e+00 1.91104618764219e-04 8.42820350854948e-06 
4.99309718809816e+00 1.82269827895446e-04 8.05926054787429e-06 
5.00165433837767e+00 1.73809674555379e-04 7.70534862764411e-06 
5.01021148865719e+00 1.65707528560182e-04 7.36608093856418e-06 
5.01876863893671e+00 1.57948936133953e-04 7.04039144109546e-06 
5.02732578921622e+00 1.50521020545958e-04 6.72759087817561e-06 
5.03588293949574e+00 1.43411309393922e-04 6.42724137027451e-06 
5.04444008977526e+00 1.36607725288520e-04 6.13891669702919e-06 
5.05299724005477e+00 1.30098576614169e-04 5.86220212142666e-06 
5.06155439033429e+00 1.23872548371498e-04 5.59669421101350e-06 
5.07011154061381e+00 1.17918693106651e-04 5.34200065642616e-06 
5.07866869089333e+00 1.12226421932229e-04 5.09774008752661e-06 
5.08722584117284e+00 1.06785495644465e-04 4.86354188742261e-06 
5.09578299145236e+00 1.01586015940926e-04 4.63904600464369e-06 
5.10434014173188e+00 9.66184167427625e-05 4.42390276373611e-06 
5.11289729201139e+00 9.18734556252837e-05 4.21777267453268e-06 
5.12145444229091e+00 8.73422053603707e-05 4.02032624034555e-06 
5.13001159257043e+00 8.30160455739799e-05 3.83124376532224e-06 
5.13856874284994e+00 7.88866545217506e-05 3.65021516119693e-06 
5.14712589312946e+00 7.49460009854834e-05 3.47693975366155e-06 
5.15568304340898e+00 7.11863362930185e-05 3.31112608857276e-06 
5.16424019368850e+00 6.76001864638123e-05 3.15249173820325e-06 
5.17279734396801e+00 6.41803444822822e-05 3.00076310773737e-06 
5.18135449424753e+00 6.09198627007726e-05 2.85567524220357e-06 
5.18991164452705e+00 5.78120453737752e-05 2.71697163402782e-06 
5.19846879480656e+00 5.48504413248332e-05 2.58440403138419e-06 
5.20702594508608e+00 5.20288367473533e-05 2.45773224751094e-06 
5.21558309536560e+00 4.93412481403544e-05 2.33672397115272e-06 
5.22414024564511e+00 4.67819153799905e-05 2.22115457828174e-06 
5.23269739592463e+00 4.43452949275040e-05 2.11080694524257e-06 
5.24125454620415e+00 4.20260531740855e-05 2.00547126345830e-06 
5.24981169648367e+00 3.98190599229473e-05 1.90494485582776e-06 
5.25836884676318e+00 3.77193820087507e-05 1.80903199493646e-06 
5.26692599704270e+00 3.57222770543733e-05 1.71754372319614e-06 
5.27548314732222e+00 3.38231873648451e-05 1.63029767502134e-06 
5.28404029760173e+00 3.20177339581406e-05 1.54711790114364e-06 
5.29259744788125e+00 3.03017107323751e-05 1.46783469515774e-06 
5.30115459816077e+00 2.86710787688175e-05 1.39228442238673e-06 
5.30971174844028e+00 2.71219607700073e-05 1.32030935114731e-06 
5.31826889871980e+00 2.56506356321455e-05 1.25175748648893e-06 
5.32682604899932e+00 2.42535331508085e-05 1.18648240647513e-06 
5.33538319927884e+00 2.29272288589327e-05 1.12434310106873e-06 
5.34394034955835e+00 2.16684389959111e-05 1.06520381367662e-06 
5.35249749983787e+00 2.04740156065474e-05 1.00893388540436e-06 
5.36105465011739e+00 1.93409417685246e-05 9.55407602064916e-07 
5.36961180039690e+00 1.82663269469569e-05 9.04504043980519e-07 
5.37816895067642e+00 1.72474024745177e-05 8.56106938611299e-07 
5.38672610095594e+00 1.62815171555599e-05 8.10104516039339e-07 
5.39528325123545e+00 1.53661329925775e-05 7.66389367331783e-07 
5.40384040151497e+00 1.44988210332951e-05 7.24858305801948e-07 
5.41239755179449e+00 1.36772573366107e-05 6.85412231182826e-07 
5.42095470207401e+00 1.28992190555670e-05 6.47955996722996e-07 
5.42951185235352e+00 1.21625806354771e-05 6.12398279210740e-07 
5.43806900263304e+00 1.14653101252849e-05 5.78651451928143e-07 
5.44662615291256e+00 1.08054656002039e-05 5.46631460533164e-07 
5.45518330319207e+00 1.01811916936422e-05 5.16257701863964e-07 
5.46374045347159e+00 9.59071623639025e-06 4.87452905656303e-07 
5.47229760375111e+00 9.03234700102312e-06 4.60143019161482e-07 
5.48085475403062e+00 8.50446854944458e-06 4.34257094649225e-07 
5.48941190431014e+00 8.00553918148398e-06 4.09727179776864e-07 
5.49796905458966e+00 7.53408798244011e-06 3.86488210803399e-07 
5.50652620486917e+00 7.08871196745585e-06 3.64477908624400e-07 
5.51508335514869e+00 6.66807332059925e-06 3.43636677601186e-07 
5.52364050542821e+00 6.27089672652173e-06 3.23907507155422e-07 
5.53219765570773e+00 5.89596679256286e-06 3.05235876098102e-07 
5.54075480598724e+00 5.54212555917213e-06 2.87569659659855e-07 
5.54931195626676e+00 5.20827009652259e-06 2.70859039187670e-07 
5.55786910654628e+00 4.89335018519794e-06 2.55056414471355e-07 
5.56642625682579e+00 4.59636607884396e-06 2.40116318661515e-07 
5.57498340710531e+00 4.31636634668727e-06 2.25995335739337e-07 
5.58354055738483e+00 4.05244579383796e-06 2.12652020497169e-07 
5.59209770766434e+00 3.80374345730942e-06 2.00046820987688e-07 
5.60065485794386e+00 3.56944067570633e-06 1.88142003398364e-07 
5.60921200822338e+00 3.34875923055231e-06 1.76901579306978e-07 
5.61776915850290e+00 3.14095955725033e-06 1.66291235273159e-07 
5.62632630878241e+00 2.94533902369236e-06 1.56278264720096e-07 
5.63488345906193e+00 2.76123027456013e-06 1.46831502060045e-07 
5.64344060934145e+00 2.58799963938470e-06 1.37921259016676e-07 
5.65199775962096e+00 2.42504560246071e-06 1.29519263096918e-07 
5.66055490990048e+00 2.27179733273974e-06 1.21598598164619e-07 
5.66911206018000e+00 2.12771327185718e-06 1.14133647068110e-07 
5.67766921045951e+00 1.99227977847808e-06 1.07100036273610e-07 
5.68622636073903e+00 1.86500982717886e-06 1.00474582456327e-07 
5.69478351101855e+00 1.74544176011474e-06 9.42352410011583e-08 
5.70334066129807e+00 1.63313808975562e-06 8.83610563649073e-08 
5.71189781157758e+00 1.52768435100709e-06 8.28321142521629e-08 
5.72045496185710e+00 1.42868800106767e-06 7.76294955571405e-08 
5.72901211213662e+00 1.33577736540792e-06 7.27352320240974e-08 
5.73756926241613e+00 1.24860062829242e-06 6.81322635792593e-08 
5.74612641269565e+00 1.16682486630073e-06 6.38043972875809e-08 
5.75468356297517e+00 1.09013512333931e-06 5.97362678881137e-08 
5.76324071325468e+00 1.01823352567182e-06 5.59132998622332e-08 
5.77179786353420e+00 9.50838435531290e-07 5.23216709895142e-08 
5.78035501381372e+00 8.87683641913099e-07 4.89482773466111e-08 
5.78891216409323e+00 8.28517587183904e-07 4.57806997051110e-08 
5.79746931437275e+00 7.73102628176857e-07 4.28071712849691e-08 
5.80602646465227e+00 7.21214330479259e-07 4.00165468208109e-08 
5.81458361493179e+00 6.72640794653941e-07 3.73982728990867e-08 
5.82314076521130e+00 6.27182013170742e-07 3.49423595247917e-08 
5.83169791549082e+00 5.84649256859213e-07 3.26393528772155e-08 
5.84025506577034e+00 5.44864489728063e-07 3.04803092149544e-08 
5.84881221604985e+00 5.07659811030949e-07 2.84567698912060e-08 
5.85736936632937e+00 4.72876923491838e-07 2.65607374411732e-08 
5.86592651660889e+00 4.40366626636392e-07 2.47846527042146e-08 
5.87448366688840e+00 4.09988334208564e-07 2.31213729442072e-08 
5.88304081716792e+00 3.81609614683886e-07 2.15641509324232e-08 
5.89159796744744e+00 3.55105753922650e-07 2.01066149580620e-08 
5.90015511772696e+00 3.30359339037412e-07 1.87427497324263e-08 
5.90871226800647e+00 3.07259862579910e-07 1.74668781535803e-08 
5.91726941828599e+00 2.85703346182569e-07 1.62736438991772e-08 
5.92582656856551e+00 2.65591982819284e-07 1.51579948159933e-08 
5.93438371884502e+00 2.46833796879055e-07 1.41151670755572e-08 
5.94294086912454e+00 2.29342321274359e-07 1.31406700661031e-08 
5.95149801940406e+00 2.13036290833791e-07 1.22302719919217e-08 
5.96005516968357e+00 1.97839351255583e-07 1.13799861520126e-08 
5.96861231996309e+00 1.83679782924972e-07 1.05860578707744e-08 
5.97716947024261e+00 1.70490238924196e-07 9.84495205428558e-09 
5.98572662052212e+00 1.58207496588995e-07 9.15334134653845e-09 
5.99428377080164e+00 1.46772221989979e-07 8.50809486079425e-09 
6.00284092108116e+00 1.36128746741070e-07 7.90641784787889e-09 
6.01139807136068e+00 1.26223563147515e-07 7.34553393082178e-09 
6.01995522164019e+00 1.17007749525899e-07 6.82260579925621e-09 
6.02851237191971e+00 1.08435704726415e-07 6.33516348344294e-09 
6.03706952219923e+00 1.00464670471278e-07 5.88092861523787e-09 
6.04562667247874e+00 9.30545663052129e-08 5.45775981561762e-09 
6.05418382275826e+00 8.61678333098299e-08 5.06364509676351e-09 
6.06274097303778e+00 7.97692861690202e-08 4.69669464358418e-09 
6.07129812331729e+00 7.38259731887987e-08 4.35513395836122e-09 
6.07985527359681e+00 6.83070438907619e-08 4.03729735274498e-09 
6.08841242387633e+00 6.31836238136774e-08 3.74162177186242e-09 
6.09696957415585e+00 5.84286961726077e-08 3.46664093582398e-09 
6.10552672443536e+00 5.40169900394174e-08 3.21097978443175e-09 
6.11408387471488e+00 4.99248747225202e-08 2.97334921139774e-09 
6.12264102499440e+00 4.61302600372951e-08 2.75254107487574e-09 
6.13119817527391e+00 4.26125021717445e-08 2.54742347159526e-09 
6.13975532555343e+00 3.93523148646817e-08 2.35693626236049e-09 
6.14831247583295e+00 3.63316856260358e-08 2.18008683713986e-09 
6.15686962611246e+00 3.35337967407442e-08 2.01594610842375e-09 
6.16542677639198e+00 3.09429508091816e-08 1.86364472196878e-09 
6.17398392667150e+00 2.85445005881509e-08 1.72236947447593e-09 
6.18254107695102e+00 2.63247829071476e-08 1.59135992816771e-09 
6.19109822723053e+00 2.42710564449081e-08 1.46990521263587e-09 
6.19965537751005e+00 2.23714431611762e-08 1.35734100472568e-09 
6.20821252778957e+00 2.06148731881750e-08 1.25304667760637e-09 
6.21676967806908e+00 1.89910329954646e-08 1.15644261054884e-09 
6.22532682834860e+00 1.74903166507065e-08 1.06698765129237e-09 
6.23388397862812e+00 1.61037800073535e-08 9.84176723231175e-10 
6.24244112890763e+00 1.48230976584439e-08 9.07538569989400e-10 
6.25099827918715e+00 1.36405225035148e-08 8.36633630280326e-10 
6.25955542946667e+00 1.25488477831685e-08 7.71052036261169e-10 
6.26811257974619e+00 1.15413714430349e-08 7.10411728900169e-10 
6.27666973002570e+00 1.06118626957791e-08 6.54356684167060e-10 
6.28522688030522e+00 9.75453065642908e-09 6.02555244142137e-10 
6.29378403058474e+00 8.96399493262656e-09 5.54698547412860e-10 
6.30234118086425e+00 8.23525805747458e-09 5.10499053390662e-10 
6.31089833114377e+00 7.56367965844925e-09 4.69689155434498e-10 
6.31945548142329e+00 6.94495226138794e-09 4.32019877911838e-10 
6.32801263170280e+00 6.37507863386077e-09 3.97259652562565e-10 
6.33656978198232e+00 5.85035057728853e-09 3.65193169756806e-10 
6.34512693226184e+00 5.36732908199531e-09 3.35620300454249e-10 
6.35368408254136e+00 4.92282576398741e-09 3.08355084880313e-10 
6.36224123282087e+00 4.51388550663799e-09 2.83224784133813e-10 
6.37079838310039e+00 4.13777023463894e-09 2.60068991131755e-10 
6.37935553337991e+00 3.79194375156411e-09 2.38738797479805e-10 
6.38791268365942e+00 3.47405757617972e-09 2.19096013032128e-10 
6.39646983393894e+00 3.18193771624505e-09 2.01012435071827e-10 
6.40502698421846e+00 2.91357232197773e-09 1.84369164203379e-10 
6.41358413449797e+00 2.66710016461918e-09 1.69055964201595e-10 
6.42214128477749e+00 2.44079988863415e-09 1.54970663207824e-10 
6.43069843505701e+00 2.23307998902115e-09 1.42018593803693e-10 
6.43925558533653e+00 2.04246946800344e-09 1.30112069625822e-10 
6.44781273561604e+00 1.86760912801996e-09 1.19169896311925e-10 
6.45636988589556e+00 1.70724346044889e-09 1.09116914689705e-10 
6.46492703617508e+00 1.56021309187779e-09 9.98835742351659e-11 
6.47348418645459e+00 1.42544775199105e-09 9.14055349367066e-11 
6.48204133673411e+00 1.30195972928222e-09 8.36232958057136e-11 
6.49059848701363e+00 1.18883778282106e-09 7.64818483736491e-11 
6.49915563729314e+00 1.08524148021900e-09 6.99303536099643e-11 
6.50771278757266e+00 9.90395933745673e-10 6.39218407847961e-11 
6.51626993785218e+00 9.03586908260084e-10 5.84129268855004e-11 
6.52482708813169e+00 8.24156276235382e-10 5.33635552768289e-11 
6.53338423841121e+00 7.51497796682488e-10 4.87367523711547e-11 
6.54194138869073e+00 6.85053196218142e-10 4.44984011477660e-11 
6.55049853897025e+00 6.24308531881989e-10 4.06170304290563e-11 
6.55905568924976e+00 5.68790816589042e-10 3.70636188866075e-11 
6.56761283952928e+00 5.18064889312058e-10 3.38114128118461e-11 
6.57616998980880e+00 4.71730513226797e-10 3.08357567443237e-11 
6.58472714008831e+00 4.29419686125366e-10 2.81139361058634e-11 
6.59328429036783e+00 3.90794148412223e-10 2.56250310409909e-11 
6.60184144064735e+00 3.55543074947291e-10 2.33497807133569e-11 
6.61039859092686e+00 3.23380937894031e-10 2.12704573544038e-11 
6.61895574120638e+00 2.94045528570327e-10 1.93707494044647e-11 
6.62751289148590e+00 2.67296127089420e-10 1.76356531279286e-11 
6.63607004176542e+00 2.42911809319664e-10 1.60513721231881e-11 
6.64462719204493e+00 2.20689881388154e-10 1.46052241849246e-11 
6.65318434232445e+00 2.00444432606798e-10 1.32855550109890e-11 
6.66174149260397e+00 1.82004998312452e-10 1.20816582788128e-11 
6.67029864288348e+00 1.65215324687724e-10 1.09837016470427e-11 
6.67885579316300e+00 1.49932228167945e-10 9.98265826702743e-12 
6.68741294344252e+00 1.36024542544766e-10 9.07024341599164e-12 
6.69597009372203e+00 1.23372147349770e-10 8.23885588930943e-12 
6.70452724400155e+00 1.11865071544250e-10 7.48152381331261e-12 
6.71308439428107e+00 1.01402666955581e-10 6.79185456263265e-12 
6.72164154456059e+00 9.18928462882074e-11 6.16398848725122e-12 
6.73019869484010e+00 8.32513808996015e-11 5.59255617430332e-12 
6.73875584511962e+00 7.54012538702245e-11 5.07263898830883e-12 
6.74731299539914e+00 6.82720642129197e-11 4.59973265097392e-12 
6.75587014567865e+00 6.17994783626281e-11 4.16971363806787e-12 
6.76442729595817e+00 5.59247253631226e-11 3.77880818620613e-12 
6.77298444623769e+00 5.05941324248013e-11 3.42356371671744e-12 
6.78154159651720e+00 4.57586977676037e-11 3.10082249719666e-12 
6.79009874679672e+00 4.13736978868960e-11 2.80769737390095e-12 
6.79865589707624e+00 3.73983265887104e-11 2.54154941988516e-12 
6.80721304735575e+00 3.37953633350016e-11 2.29996735474095e-12 
6.81577019763527e+00 3.05308686204798e-11 2.08074860205104e-12 
6.82432734791479e+00 2.75739042709618e-11 1.88188186023572e-12 
6.83288449819431e+00 2.48962767098512e-11 1.70153107139740e-12 
6.84144164847382e+00 2.24723013850607e-11 1.53802068109779e-12 
6.84999879875334e+00 2.02785866841541e-11 1.38982208976849e-12 
6.85855594903286e+00 1.82938357913661e-11 1.25554120369490e-12 
6.86711309931237e+00 1.64986650570950e-11 1.13390700025775e-12 
6.87567024959189e+00 1.48754375590467e-11 1.02376102839719e-12 
6.88422739987141e+00 1.34081106349920e-11 9.24047771111596e-13 
6.89278455015092e+00 1.20820962606115e-11 8.33805802243485e-13 
6.90134170043044e+00 1.08841332326265e-11 7.52159674865248e-13 
6.90989885070996e+00 9.80217019781951e-12 6.78312483282073e-13 
6.91845600098948e+00 8.82525864305699e-12 6.11539045041513e-13 
6.92701315126899e+00 7.94345503045217e-12 5.51179653400630e-13 
6.93557030154851e+00 7.14773132571929e-12 4.96634354473006e-13 
6.94412745182803e+00 6.42989322693347e-12 4.47357706778260e-13 
6.95268460210754e+00 5.78250545565025e-12 4.02853984164432e-13 
6.96124175238706e+00 5.19882352296791e-12 3.62672786085495e-13 
6.96979890266658e+00 4.67273142992530e-12 3.26405022008327e-13 
6.97835605294609e+00 4.19868480488765e-12 2.93679239310833e-13 
6.98691320322561e+00 3.77165902053775e-12 2.64158266429397e-13 
6.99547035350513e+00 3.38710186999611e-12 2.37536145232802e-13 
7.00402750378465e+00 3.04089041566196e-12 2.13546967529417e-13 
7.01258465406416e+00 2.72908515504311e-12 1.91935449315739e-13 
7.02114180434368e+00 2.44836528071524e-12 1.72448023312567e-13 
7.02969895462320e+00 2.19572598917810e-12 1.54881943070557e-13 
7.03825610490271e+00 1.96844314556269e-12 1.39053814384966e-13 
7.04681325518223e+00 1.76404805727981e-12 1.24797126530241e-13 
7.05537040546175e+00 1.58030441756034e-12 1.11960760267542e-13 
7.06392755574126e+00 1.41518724155149e-12 1.00407621627205e-13 
7.07248470602078e+00 1.26686363126383e-12 9.00133914372942e-14 
7.08104185630030e+00 1.13367521832409e-12 8.06653813165140e-14 
7.08959900657982e+00 1.01412214524116e-12 7.22614875458952e-14 
7.09815615685933e+00 9.06848456795414e-13 6.47092348818515e-14 
7.10671330713885e+00 8.10628783271368e-13 5.79249029764188e-14 
7.11527045741837e+00 7.24356206621928e-13 5.18327286314758e-14 
7.12382760769788e+00 6.47031209329865e-13 4.63641776351579e-14 
7.13238475797740e+00 5.77751613764042e-13 4.14572804130212e-14 
7.14094190825692e+00 5.15703427258991e-13 3.70560261761555e-14 
7.14949905853643e+00 4.60152515017493e-13 3.31098106656128e-14 
7.15805620881595e+00 4.10437029285601e-13 2.95729329793465e-14 
7.16661335909547e+00 3.65960529114524e-13 2.64041373263213e-14 
7.17517050937499e+00 3.26185730437845e-13 2.35661958844616e-14 
7.18372765965450e+00 2.90628831187789e-13 2.10255292464135e-14 
7.19228480993402e+00 2.58854360780512e-13 1.87518612213822e-14 
7.20084196021354e+00 2.30470507545636e-13 1.67179050241546e-14 
7.20939911049305e+00 2.05124881585794e-13 1.48990781252816e-14 
7.21795626077257e+00 1.82500674152096e-13 1.32732432606935e-14 
7.22651341105209e+00 1.62313177934196e-13 1.18204733060389e-14 
7.23507056133160e+00 1.44306635710238e-13 1.05228379119979e-14 
7.24362771161112e+00 1.28251387602354e-13 9.36420997288144e-15 
7.25218486189064e+00 1.13941289756093e-13 8.33009016304820e-15 
7.26074201217016e+00 1.01191379624443e-13 7.40744792506192e-15 
7.26929916244967e+00 8.98357652050492e-14 6.58457743101176e-15 
7.27785631272919e+00 7.97257175677935e-14 5.85096716489990e-15 
7.28641346300871e+00 7.07279478329382e-14 5.19718189028631e-15 
7.29497061328822e+00 6.27230514304882e-14 4.61475587423270e-15 
7.30352776356774e+00 5.56041040012746e-14 4.09609633671617e-15 
7.31208491384726e+00 4.92753947005989e-14 3.63439618475319e-15 
7.32064206412677e+00 4.36512839464163e-14 3.22355517310228e-15 
7.32919921440629e+00 3.86551738255297e-14 2.85810870917254e-15 
7.33775636468581e+00 3.42185804419348e-14 2.53316358918982e-15 
7.34631351496532e+00 3.02802984694979e-14 2.24434001625731e-15 
7.35487066524484e+00 2.67856490640984e-14 1.98771930915294e-15 
7.36342781552436e+00 2.36858031052423e-14 1.75979676395953e-15 
7.37198496580388e+00 2.09371724803794e-14 1.55743917931935e-15 
7.38054211608339e+00 1.85008628027091e-14 1.37784660061046e-15 
7.38909926636291e+00 1.63421815706213e-14 1.21851787899613e-15 
7.39765641664243e+00 1.44301963391620e-14 1.07721967841492e-15 
7.40621356692194e+00 1.27373379856918e-14 9.51958597447569e-16 
7.41477071720146e+00 1.12390446175339e-14 8.40956103886122e-16 
7.42332786748098e+00 9.91344209281785e-15 7.42626007987498e-16 
7.43188501776049e+00 8.74105751056925e-15 6.55554226047029e-16 
7.44044216804001e+00 7.70456237570313e-15 5.78480609287340e-16 
7.44899931831953e+00 6.78854246202671e-15 5.10282634318731e-16 
7.45755646859905e+00 5.97929168445506e-15 4.49960770767434e-16 
7.46611361887856e+00 5.26462755298247e-15 3.96625359252317e-16 
7.47467076915808e+00 4.63372601789815e-15 3.49484848869995e-16 
7.48322791943760e+00 4.07697373046135e-15 3.07835257862024e-16 
7.49178506971711e+00 3.58583593774538e-15 2.71050734313610e-16 
7.50034221999663e+00 3.15273840644451e-15 2.38575105688276e-16 
7.50889937027615e+00 2.77096192977658e-15 2.09914316844937e-16 
7.51745652055566e+00 2.43454811573039e-15 1.84629666011422e-16 
7.52601367083518e+00 2.13821528519210e-15 1.62331757092111e-16 
7.53457082111470e+00 1.87728342620988e-15 1.42675094749891e-16 
7.54312797139421e+00 1.64760725697981e-15 1.25353255999789e-16 
7.55168512167373e+00 1.44551654611779e-15 1.10094578652923e-16 
7.56024227195325e+00 1.26776292538597e-15 9.66583129180991e-17 
7.56879942223277e+00 1.11147250814653e-15 8.48311878624496e-17 
7.57735657251228e+00 9.74103697222502e-16 7.44243493049316e-17 
7.58591372279180e+00 8.53409629281488e-16 6.52706301154638e-17 
7.59447087307132e+00 7.47404759988207e-16 5.72221178621128e-17 
7.60302802335083e+00 6.54335145597324e-16 5.01479883291404e-17 
7.61158517363035e+00 5.72652022927299e-16 4.39325766565097e-17 
7.62014232390987e+00 5.00988331266227e-16 3.84736607599071e-17 
7.62869947418938e+00 4.38137857163492e-16 3.36809343098017e-17 
7.63725662446890e+00 3.83036716666169e-16 2.94746489060935e-17 
7.64581377474842e+00 3.34746919737961e-16 2.57844072065676e-17 
7.65437092502794e+00 2.92441788687808e-16 2.25480906754465e-17 
7.66292807530745e+00 2.55393026740042e-16 1.97109073334862e-17 
7.67148522558697e+00 2.22959254674249e-16 1.72245464320668e-17 
7.68004237586649e+00 1.94575853000670e-16 1.50464283575992e-17 
7.68859952614600e+00 1.69745964641945e-16 1.31390393147357e-17 
7.69715667642552e+00 1.48032528768582e-16 1.14693414513154e-17 
7.70571382670504e+00 1.29051230468164e-16 1.00082500873478e-17 
7.71427097698455e+00 1.12464263483649e-16 8.73017060609886e-18 
7.72282812726407e+00 9.79748144845677e-17 7.61258836785944e-18 
7.73138527754359e+00 8.53221873720656e-17 6.63570572560052e-18 
7.73994242782311e+00 7.42774950868808e-17 5.78212086493657e-18 
7.74849957810262e+00 6.46398543987617e-17 5.03654376625522e-18 
7.75705672838214e+00 5.62330263056433e-17 4.38554510143781e-18 
7.76561387866166e+00 4.89024510505681e-17 3.81733433751133e-18 
7.77417102894117e+00 4.25126324541891e-17 3.32156373045170e-18 
7.78272817922069e+00 3.69448313330378e-17 2.88915525925775e-18 
7.79128532950021e+00 3.20950322935535e-17 2.51214787789025e-18 
7.79984247977972e+00 2.78721522175315e-17 2.18356275482199e-18 
7.80839963005924e+00 2.41964623385618e-17 1.89728443046241e-18 
7.81695678033876e+00 2.09981989982580e-17 1.64795605492194e-18 
7.82551393061827e+00 1.82163410077912e-17 1.43088707544936e-18 
7.83407108089779e+00 1.57975340623098e-17 1.24197192708967e-18 
7.84262823117731e+00 1.36951448971194e-17 1.07761844407495e-18 
7.85118538145683e+00 1.18684298654124e-17 9.34684855336967e-19 
7.85974253173634e+00 1.02818043850399e-17 8.10424357252342e-19 
7.86829968201586e+00 8.90420127065472e-18 7.02436372037369e-19 
7.87685683229538e+00 7.70850735927169e-18 6.08623702653389e-19 
7.88541398257489e+00 6.67106907134575e-18 5.27154886060368e-19 
7.89397113285441e+00 5.77125864323700e-18 4.56431127411737e-19 
7.90252828313393e+00 4.99109373593853e-18 3.95057269434236e-19 
7.91108543341344e+00 4.31490398303994e-18 3.41816314780227e-19 
7.91964258369296e+00 3.72903880044984e-18 2.95647075468549e-19 
7.92819973397248e+00 3.22161145242845e-18 2.55624573440407e-19 
7.93675688425200e+00 2.78227496281117e-18 2.20942860460491e-19 
7.94531403453151e+00 2.40202598569187e-18 1.90899964725527e-19 
7.95387118481103e+00 2.07303321407489e-18 1.64884706169232e-19 
7.96242833509055e+00 1.78848731503669e-18 1.42365153079218e-19 
7.97098548537006e+00 1.54246974193511e-18 1.22878519717905e-19 
7.97954263564958e+00 1.32983809365502e-18 1.06022328566774e-19 
7.98809978592910e+00 1.14612597266325e-18 9.14466819483494e-20 
7.99665693620861e+00 9.87455542096958e-19 7.88475812540747e-20 
8.00521408648813e+00 8.50466242926456e-19 6.79613930793696e-20 
8.01377123676765e+00 7.32271337012649e-19 5.85588141017299e-20 
8.02232838704717e+00 6.30322074011554e-19 5.04424506795181e-20 
8.03088553732668e+00 5.42411170366085e-19 4.34384272472130e-20 
8.03944268760620e+00 4.66627640996440e-19 3.73960836387311e-20 
8.04799983788572e+00 4.01317526196582e-19 3.21849155419797e-20 
8.05655698816523e+00 3.45049755109109e-19 2.76919126782877e-20 
8.06511413844475e+00 2.96586483327855e-19 2.38192437475327e-20 
8.07367128872427e+00 2.54857326353211e-19 2.04822436097023e-20 
8.08222843900379e+00 2.18936984271888e-19 1.76076638053398e-20 
8.09078558928330e+00 1.88025817445797e-19 1.51321524482142e-20 
8.09934273956282e+00 1.61432989312514e-19 1.30009338393401e-20 
8.10789988984233e+00 1.38561841623061e-19 1.11666619275828e-20 
8.11645704012185e+00 1.18897210450735e-19 9.58842504486272e-21 
8.12501419040137e+00 1.01994428869437e-19 8.23088223176157e-21 
8.13357134068089e+00 8.74697949993250e-20 7.06351399340197e-21 
8.14212849096040e+00 7.49923127464720e-20 6.05997253087800e-21 
8.15068564123992e+00 6.42765375434562e-20 5.19751841982856e-21 
8.15924279151944e+00 5.50763811870847e-20 4.45653238970947e-21 
8.16779994179895e+00 4.71797488690503e-20 3.82009232542828e-21 
8.17635709207847e+00 4.04038980567933e-20 3.27360689401204e-21 
8.18491424235799e+00 3.45914233132697e-20 2.80449831634700e-21 
8.19347139263751e+00 2.96067837154503e-20 2.40192777833152e-21 
8.20202854291702e+00 2.53333004783410e-20 2.05655782504936e-21 
8.21058569319654e+00 2.16705619207970e-20 1.76034682159528e-21 
8.21914284347606e+00 1.85321812021680e-20 1.50637120880150e-21 
8.22769999375557e+00 1.58438594729781e-20 1.28867184343302e-21 
8.23625714403509e+00 1.35417133566017e-20 1.10212120104040e-21 
8.24481429431461e+00 1.15708311330378e-20 9.42308644852518e-22 
8.25337144459412e+00 9.88402673590419e-21 8.05441333967932e-22 
8.26192859487364e+00 8.44076479182627e-21 6.88258665749762e-22 
8.27048574515316e+00 7.20623350789370e-21 5.87958426941608e-22 
8.27904289543267e+00 6.15054531801725e-21 5.02133071011181e-22 
8.28760004571219e+00 5.24804789405050e-21 4.28714750321347e-22 
8.29615719599171e+00 4.47673046585774e-21 3.65927915050112e-22 
8.30471434627123e+00 3.81771242265474e-21 3.12248449932322e-22 
8.31327149655074e+00 3.25480292649113e-21 2.66368458017302e-22 
8.32182864683026e+00 2.77412179302152e-21 2.27165920467141e-22 
8.33038579710978e+00 2.36377321550275e-21 1.93678565347588e-22 
8.33894294738929e+00 2.01356505204791e-21 1.65081368468205e-22 
8.34750009766881e+00 1.71476738688085e-21 1.40667187423019e-22 
8.35605724794833e+00 1.45990493395000e-21 1.19830097645951e-22 
8.36461439822784e+00 1.24257859341787e-21 1.02051057900703e-22 
8.37317154850736e+00 1.05731211357794e-21 8.68855833683923e-23 
8.38172869878688e+00 8.99420365990139e-22 7.39531484181403e-23 
8.39028584906640e+00 7.64896221649333e-22 6.29280791506200e-23 
8.39884299934591e+00 6.50313430861851e-22 5.35317286786158e-23 
8.40740014962543e+00 5.52743267934784e-22 4.55257565352701e-23 
8.41595729990495e+00 4.69683011356154e-22 3.87063581734992e-23 
8.42451445018446e+00 3.98994597435563e-22 3.28993117545957e-23 
8.43307160046398e+00 3.38852016084811e-22 2.79557277678012e-23 
8.44162875074350e+00 2.87696216488958e-22 2.37484028639987e-23 
8.45018590102301e+00 2.44196462134335e-22 2.01686929625622e-23 
8.45874305130253e+00 2.07217222732457e-22 1.71238324929767e-23 
8.46730020158205e+00 1.75789818222457e-22 1.45346368154188e-23 
8.47585735186157e+00 1.49088140032789e-22 1.23335336465552e-23 
8.48441450214108e+00 1.26407869544748e-22 1.04628768885704e-23 
8.49297165242060e+00 1.07148695310224e-22 8.87350278554714e-24 
8.50152880270012e+00 9.07991008370838e-23 7.52349395439203e-24 
8.51008595297963e+00 7.69233552267379e-23 6.37712168091361e-24 
8.51864310325915e+00 6.51503909772227e-23 5.40394104218207e-24 
8.52720025353867e+00 5.51642980161748e-23 4.57801700625907e-24 
8.53575740381818e+00 4.66962015070732e-23 3.87726274960902e-24 
8.54431455409770e+00 3.95173240477930e-23 3.28287408998265e-24 
8.55287170437722e+00 3.34330613026012e-23 3.00856473388526e-24 
