Energy(eV)           EEDF(eV^-(3/2))      Anisotropy(eV^-(3/2))
4.90641316409976e-02 4.92568566999079e-02 1.01374194056206e-03 
1.47192394922993e-01 4.92273420063275e-02 5.93628151808204e-03 
2.45320658204988e-01 4.92198773474484e-02 5.99936561590808e-03 
3.43448921486983e-01 4.92113620312602e-02 6.07419915736029e-03 
4.41577184768978e-01 4.91958873398417e-02 6.15464322697782e-03 
5.39705448050973e-01 4.91728115288211e-02 6.24131028977967e-03 
6.37833711332969e-01 4.91420854188043e-02 6.32907961786723e-03 
7.35961974614964e-01 4.91034888502188e-02 6.41607297938259e-03 
8.34090237896959e-01 4.90568625352264e-02 6.50136619255248e-03 
9.32218501178954e-01 4.90020154348163e-02 6.58421365939884e-03 
1.03034676446095e+00 4.89387623982036e-02 6.66395919482221e-03 
1.12847502774294e+00 4.88681612136515e-02 6.74085683006113e-03 
1.22660329102494e+00 4.87903809436386e-02 6.81464954182853e-03 
1.32473155430693e+00 4.87045949139786e-02 6.88536094056042e-03 
1.42285981758893e+00 4.86111710205983e-02 6.95377450115885e-03 
1.52098808087093e+00 4.85102368820739e-02 7.01986664569351e-03 
1.61911634415292e+00 4.84030601319037e-02 7.08427548891485e-03 
1.71724460743492e+00 4.82901187703502e-02 7.14692565811810e-03 
1.81537287071691e+00 4.81713571338411e-02 7.20727974862481e-03 
1.91350113399891e+00 4.80467334886877e-02 7.26509972648916e-03 
2.01162939728090e+00 4.79146371117116e-02 7.31974343259094e-03 
2.10975766056290e+00 4.77741239388491e-02 7.37056908611775e-03 
2.20788592384489e+00 4.76266683905752e-02 7.41742233011940e-03 
2.30601418712689e+00 4.74723137445340e-02 7.45983642176359e-03 
2.40414245040888e+00 4.73103752599110e-02 7.49750025670447e-03 
2.50227071369088e+00 4.71408867540125e-02 7.53014490520700e-03 
2.60039897697287e+00 4.69630146422971e-02 7.55706791391889e-03 
2.69852724025487e+00 4.67760281663698e-02 7.57789364077675e-03 
2.79665550353686e+00 4.65800292767782e-02 7.59290628478594e-03 
2.89478376681886e+00 4.63755273525728e-02 7.60262003658382e-03 
2.99291203010085e+00 4.61630968585719e-02 7.60750075039717e-03 
3.09104029338285e+00 4.59432245767995e-02 7.60795430420186e-03 
3.18916855666484e+00 4.57165245178041e-02 7.60426239595173e-03 
3.28729681994684e+00 4.54831232858792e-02 7.59656197169910e-03 
3.38542508322883e+00 4.52431560749980e-02 7.58491174319028e-03 
3.48355334651083e+00 4.49967675657751e-02 7.56934955772526e-03 
3.58168160979282e+00 4.47441119732455e-02 7.54983492647980e-03 
3.67980987307482e+00 4.44854919383961e-02 7.52634495323167e-03 
3.77793813635681e+00 4.42213761086120e-02 7.49908489881547e-03 
3.87606639963881e+00 4.39519362767841e-02 7.46839279934243e-03 
3.97419466292080e+00 4.36773422259877e-02 7.43454641838111e-03 
4.07232292620280e+00 4.33975830032964e-02 7.39779479926437e-03 
4.17045118948479e+00 4.31122530273619e-02 7.35836920853366e-03 
4.26857945276679e+00 4.28215281229490e-02 7.31637626833892e-03 
4.36670771604879e+00 4.25255874505124e-02 7.27193383024207e-03 
4.46483597933078e+00 4.22246118398956e-02 7.22520971456649e-03 
4.56296424261278e+00 4.19189194141982e-02 7.17638449700949e-03 
4.66109250589477e+00 4.16095226185954e-02 7.12553795714856e-03 
4.75922076917677e+00 4.12965866124093e-02 7.07287494904825e-03 
4.85734903245876e+00 4.09802729352911e-02 7.01856888916611e-03 
4.95547729574076e+00 4.06607399438158e-02 6.96275969832793e-03 
5.05360555902275e+00 4.03381005520069e-02 6.90553873211581e-03 
5.15173382230475e+00 4.00116182054745e-02 6.84711032680357e-03 
5.24986208558674e+00 3.96814601253758e-02 6.78756314033880e-03 
5.34799034886874e+00 3.93477902018885e-02 6.72702897855244e-03 
5.44611861215073e+00 3.90107689187886e-02 6.66564299309289e-03 
5.54424687543273e+00 3.86705520857403e-02 6.60353769357333e-03 
5.64237513871472e+00 3.83272913508765e-02 6.54082088689847e-03 
5.74050340199672e+00 3.79811352834741e-02 6.47758785687813e-03 
5.83863166527871e+00 3.76322288143994e-02 6.41393430749866e-03 
5.93675992856071e+00 3.72807130243787e-02 6.34994976231479e-03 
6.03488819184270e+00 3.69267253138447e-02 6.28570907207571e-03 
6.13301645512470e+00 3.65700348959535e-02 6.22133195685219e-03 
6.23114471840669e+00 3.62107170620342e-02 6.15688842609290e-03 
6.32927298168869e+00 3.58489046129221e-02 6.09245468728223e-03 
6.42740124497068e+00 3.54847258651614e-02 6.02810855781091e-03 
6.52552950825268e+00 3.51183041423183e-02 5.96392865017073e-03 
6.62365777153467e+00 3.47497575510155e-02 5.89998939669566e-03 
6.72178603481667e+00 3.43791990874358e-02 5.83635716629065e-03 
6.81991429809866e+00 3.40067369503230e-02 5.77308775222501e-03 
6.91804256138066e+00 3.36324750545651e-02 5.71022781591294e-03 
7.01617082466265e+00 3.32565132622301e-02 5.64778340104512e-03 
7.11429908794465e+00 3.28774218475588e-02 5.58590445515763e-03 
7.21242735122665e+00 3.24945649452558e-02 5.52460013785296e-03 
7.31055561450864e+00 3.21080795824663e-02 5.46385943350449e-03 
7.40868387779064e+00 3.17180981933328e-02 5.40371287298604e-03 
7.50681214107263e+00 3.13247485651207e-02 5.34418910355715e-03 
7.60494040435463e+00 3.09281538217682e-02 5.28531442242359e-03 
7.70306866763662e+00 3.05284324671683e-02 5.22711204178577e-03 
7.80119693091862e+00 3.01256985150783e-02 5.16960076218739e-03 
7.89932519420061e+00 2.97200617838614e-02 5.11279499520238e-03 
7.99745345748261e+00 2.93116280857139e-02 5.05671667514040e-03 
8.09558172076460e+00 2.89012304396526e-02 5.00133607526861e-03 
8.19370998404660e+00 2.84897533787616e-02 4.94664691269593e-03 
8.29183824732859e+00 2.80772583223187e-02 4.89269872188331e-03 
8.38996651061059e+00 2.76638037814866e-02 4.83949650084292e-03 
8.48809477389258e+00 2.72494453444642e-02 4.78704453671531e-03 
8.58622303717458e+00 2.68342357694556e-02 4.73534567165838e-03 
8.68435130045657e+00 2.64182251066614e-02 4.68440126533420e-03 
8.78247956373857e+00 2.60014608141194e-02 4.63421120802687e-03 
8.88060782702056e+00 2.55839878939565e-02 4.58477391562545e-03 
8.97873609030256e+00 2.51658490256188e-02 4.53608665075621e-03 
9.07686435358455e+00 2.47470846594054e-02 4.48814589103589e-03 
9.17499261686655e+00 2.43277330938637e-02 4.44094728174862e-03 
9.27312088014854e+00 2.39078305870714e-02 4.39448551520833e-03 
9.37124914343054e+00 2.34874114664359e-02 4.34875467222302e-03 
9.46937740671253e+00 2.30665081846032e-02 4.30374844142861e-03 
9.56750566999453e+00 2.26451513931924e-02 4.25945999866773e-03 
9.66563393327652e+00 2.22233700269833e-02 4.21588203307906e-03 
9.76376219655852e+00 2.18011913781827e-02 4.17300680634236e-03 
9.86189045984051e+00 2.13786411740796e-02 4.13082614295748e-03 
9.96001872312251e+00 2.09557436580971e-02 4.08933305337117e-03 
1.00581469864045e+01 2.05330098847116e-02 4.04851003888646e-03 
1.01562752496865e+01 2.01151902628226e-02 4.00814437545119e-03 
1.02544035129685e+01 1.97022013269418e-02 3.96844562965477e-03 
1.03525317762505e+01 1.92939610168479e-02 3.92940355836233e-03 
1.04506600395325e+01 1.88903886662386e-02 3.89100795539356e-03 
1.05487883028145e+01 1.84914049924094e-02 3.85324860780925e-03 
1.06469165660965e+01 1.80969320939755e-02 3.81611528598128e-03 
1.07450448293785e+01 1.77068934425852e-02 3.77959774052187e-03 
1.08431730926605e+01 1.73212138812481e-02 3.74368564407005e-03 
1.09413013559425e+01 1.69398196279473e-02 3.70836861905190e-03 
1.10394296192245e+01 1.65626382681603e-02 3.67363635026943e-03 
1.11375578825065e+01 1.61895987353978e-02 3.63947859567602e-03 
1.12356861457884e+01 1.58206313016370e-02 3.60588510491074e-03 
1.13338144090704e+01 1.54556675745697e-02 3.57284569079587e-03 
1.14319426723524e+01 1.50946404734976e-02 3.54035035307492e-03 
1.15300709356344e+01 1.47374842015896e-02 3.50833602005465e-03 
1.16281991989164e+01 1.43841281463973e-02 3.47652394629015e-03 
1.17263274621984e+01 1.40345097323671e-02 3.44449137568128e-03 
1.18244557254804e+01 1.36886455412199e-02 3.41195992714694e-03 
1.19225839887624e+01 1.33465685467839e-02 3.37879300260382e-03 
1.20207122520444e+01 1.30083245047388e-02 3.34491619888124e-03 
1.21188405153264e+01 1.26740037881128e-02 3.31034959100970e-03 
1.22169687786084e+01 1.23436730464935e-02 3.27516039680644e-03 
1.23150970418904e+01 1.20173810347623e-02 3.23941369533048e-03 
1.24132253051724e+01 1.16951698839176e-02 3.20317219572855e-03 
1.25113535684544e+01 1.13770753225084e-02 3.16649676053708e-03 
1.26094818317364e+01 1.10631268975642e-02 3.12944641167294e-03 
1.27076100950184e+01 1.07533481921155e-02 3.09207835178169e-03 
1.28057383583004e+01 1.04477570391646e-02 3.05444799152404e-03 
1.29038666215824e+01 1.01463657311055e-02 3.01660065146787e-03 
1.30019948848644e+01 9.84917959965691e-03 2.97848270490127e-03 
1.31001231481464e+01 9.55618548470314e-03 2.93986759315500e-03 
1.31982514114284e+01 9.26739604599072e-03 2.90051731774502e-03 
1.32963796747103e+01 8.98287149449594e-03 2.86035710190370e-03 
1.33945079379923e+01 8.70267509637412e-03 2.81942321040335e-03 
1.34926362012743e+01 8.42686717829746e-03 2.77777777594540e-03 
1.35907644645563e+01 8.15550148784436e-03 2.73549402952200e-03 
1.36888927278383e+01 7.88862559514574e-03 2.69265638114214e-03 
1.37870209911203e+01 7.62628005005633e-03 2.64935943171513e-03 
1.38851492544023e+01 7.36849564719381e-03 2.60561042161799e-03 
1.39832775176843e+01 7.11527009350578e-03 2.56126183919733e-03 
1.40814057809663e+01 6.86662761067495e-03 2.51616093390189e-03 
1.41795340442483e+01 6.62262377461439e-03 2.47026852951458e-03 
1.42776623075303e+01 6.38331307180788e-03 2.42359126207945e-03 
1.43757905708123e+01 6.14874645765327e-03 2.37615584348656e-03 
1.44739188340943e+01 5.91898464602558e-03 2.32803916798176e-03 
1.45720470973763e+01 5.69407813796654e-03 2.27932483413091e-03 
1.46701753606583e+01 5.47406083014418e-03 2.23008330158248e-03 
1.47683036239403e+01 5.25897318600976e-03 2.18040616566291e-03 
1.48664318872223e+01 5.04884143076990e-03 2.13040201526409e-03 
1.49645601505043e+01 4.84368529961377e-03 2.08019703183763e-03 
1.50626884137863e+01 4.64372578090610e-03 2.02996671463608e-03 
1.51608166770683e+01 4.45022840617491e-03 1.97970160252679e-03 
1.52589449403502e+01 4.26310213398808e-03 1.92961469366574e-03 
1.53570732036322e+01 4.08224707067325e-03 1.87979872390837e-03 
1.54552014669142e+01 3.90755546991820e-03 1.83033916267836e-03 
1.55533297301962e+01 3.73891267528875e-03 1.78131451483512e-03 
1.56514579934782e+01 3.57619800695348e-03 1.73279662322911e-03 
1.57495862567602e+01 3.41928559402704e-03 1.68484800301572e-03 
1.58477145200422e+01 3.26800767852395e-03 1.63697197719678e-03 
1.59458427833242e+01 3.12227751943417e-03 1.58925230997652e-03 
1.60439710466062e+01 2.98195669276976e-03 1.54183235730772e-03 
1.61420993098882e+01 2.84700768594760e-03 1.49481860833375e-03 
1.62402275731702e+01 2.71727391657839e-03 1.44833151942299e-03 
1.63383558364522e+01 2.59268230989090e-03 1.40241970733037e-03 
1.64364840997342e+01 2.47306928147057e-03 1.35716518922688e-03 
1.65346123630162e+01 2.35835012911958e-03 1.31255262118288e-03 
1.66327406262982e+01 2.24833601235148e-03 1.26855804072111e-03 
1.67308688895802e+01 2.14294708091878e-03 1.22517037660798e-03 
1.68289971528622e+01 2.04203134466397e-03 1.18244446963461e-03 
1.69271254161442e+01 1.94550768494709e-03 1.14041579087826e-03 
1.70252536794262e+01 1.85322104438735e-03 1.09907745891354e-03 
1.71233819427082e+01 1.76465889776694e-03 1.05850747285245e-03 
1.72215102059902e+01 1.67957027099660e-03 1.01871054503149e-03 
1.73196384692721e+01 1.59791032791930e-03 9.79695597820544e-04 
1.74177667325541e+01 1.51956701363182e-03 9.41509071271603e-04 
1.75158949958361e+01 1.44448878470097e-03 9.04168709043553e-04 
1.76140232591181e+01 1.37256161265898e-03 8.67712453761498e-04 
1.77121515224001e+01 1.30372872983513e-03 8.32147081824686e-04 
1.78102797856821e+01 1.23787598348885e-03 7.97502232471570e-04 
1.79084080489641e+01 1.17494279955123e-03 7.63775848426692e-04 
1.80065363122461e+01 1.11481636926597e-03 7.31014499153593e-04 
1.81046645755281e+01 1.05744906267815e-03 6.99262174542430e-04 
1.82027928388101e+01 1.00273375534642e-03 6.68575228559179e-04 
1.83009211020921e+01 9.50592916548779e-04 6.38942151209218e-04 
1.83990493653741e+01 9.00907873498514e-04 6.10356694163804e-04 
1.84971776286561e+01 8.53603543893601e-04 5.82786371675372e-04 
1.85953058919381e+01 8.08567849052502e-04 5.56222150164984e-04 
1.86934341552201e+01 7.65728535846909e-04 5.30630340637240e-04 
1.87915624185021e+01 7.24980221968210e-04 5.05999563409626e-04 
1.88896906817841e+01 6.86253784608331e-04 4.82295516046583e-04 
1.89878189450661e+01 6.49450540619473e-04 4.59513231727957e-04 
1.90859472083481e+01 6.14510299683242e-04 4.37642442514751e-04 
1.91840754716301e+01 5.81347144278183e-04 4.16691179931765e-04 
1.92822037349121e+01 5.49892198592703e-04 3.96630879723518e-04 
1.93803319981940e+01 5.20054029255547e-04 3.77438161304463e-04 
1.94784602614760e+01 4.91768804208006e-04 3.59072684801650e-04 
1.95765885247580e+01 4.64952685805111e-04 3.41511712885352e-04 
1.96747167880400e+01 4.39546658895442e-04 3.24717100850462e-04 
1.97728450513220e+01 4.15474001320262e-04 3.08666845652942e-04 
1.98709733146040e+01 3.92680280158360e-04 2.93324999500527e-04 
1.99691015778860e+01 3.71095417722180e-04 2.78671579104164e-04 
2.00672298411680e+01 3.50666546719700e-04 2.64681682768877e-04 
2.01653581044500e+01 3.31317988848172e-04 2.51351896900543e-04 
2.02634863677320e+01 3.13002795366548e-04 2.38652308593868e-04 
2.03616146310140e+01 2.95662047634921e-04 2.26560808020038e-04 
2.04597428942960e+01 2.79252921167642e-04 2.15045257739883e-04 
2.05578711575780e+01 2.63722072088450e-04 2.04085052337555e-04 
2.06559994208600e+01 2.49030486446717e-04 1.93650650886022e-04 
2.07541276841420e+01 2.35129913997312e-04 1.83722885370007e-04 
2.08522559474240e+01 2.21984855519734e-04 1.74274634153280e-04 
2.09503842107060e+01 2.09551709159508e-04 1.65288097282728e-04 
2.10485124739880e+01 1.97798212378406e-04 1.56739829399876e-04 
2.11466407372700e+01 1.86686060284451e-04 1.48615033554141e-04 
2.12447690005520e+01 1.76185529842642e-04 1.40891870158680e-04 
2.13428972638340e+01 1.66260722816561e-04 1.33554557129797e-04 
2.14410255271159e+01 1.56884738723743e-04 1.26581777108803e-04 
2.15391537903979e+01 1.48025277700206e-04 1.19959004325860e-04 
2.16372820536799e+01 1.39658023479709e-04 1.13666811422532e-04 
2.17354103169619e+01 1.31753935600710e-04 1.07691850958518e-04 
2.18335385802439e+01 1.24291054227051e-04 1.02016432257242e-04 
2.19316668435259e+01 1.17243288776235e-04 9.66283035128276e-05 
2.20297951068079e+01 1.10590825913124e-04 9.15136964428005e-05 
2.21279233700899e+01 1.04312037463788e-04 8.66646132525047e-05 
2.22260516333719e+01 9.83887644454861e-05 8.20684920008161e-05 
2.23241798966539e+01 9.27992201924400e-05 7.77146333686274e-05 
2.24223081599359e+01 8.75266117585246e-05 7.35887192169178e-05 
2.25204364232179e+01 8.25515194605298e-05 6.96805532477458e-05 
2.26185646864999e+01 7.78589160569720e-05 6.59772694773973e-05 
2.27166929497819e+01 7.34314956618122e-05 6.24696487470767e-05 
2.28148212130639e+01 6.92558161839712e-05 5.91461320942735e-05 
2.29129494763459e+01 6.53164589853884e-05 5.59983875476885e-05 
2.30110777396279e+01 6.16014043910770e-05 5.30160953802264e-05 
2.31092060029099e+01 5.80969688195573e-05 5.01918347322029e-05 
2.32073342661919e+01 5.47924200075584e-05 4.75163629304363e-05 
2.33054625294739e+01 5.16754998572201e-05 4.49828854147566e-05 
2.34035907927558e+01 4.87365842743900e-05 4.25829950265984e-05 
2.35017190560378e+01 4.59647628480853e-05 4.03105262865568e-05 
2.35998473193198e+01 4.33514423168571e-05 3.81579350732206e-05 
2.36979755826018e+01 4.08869138148868e-05 3.61196612189777e-05 
2.37961038458838e+01 3.85635070375164e-05 3.41889357412463e-05 
2.38942321091658e+01 3.63725841905858e-05 3.23607455700201e-05 
2.39923603724478e+01 3.43073010996554e-05 3.06291081340089e-05 
2.40904886357298e+01 3.23600489378123e-05 2.89897179300633e-05 
2.41886168990118e+01 3.05247929230722e-05 2.74373040989733e-05 
2.42867451622938e+01 2.87946448374787e-05 2.59678459234991e-05 
2.43848734255758e+01 2.71641106301366e-05 2.45763813594973e-05 
2.44830016888578e+01 2.56270735939481e-05 2.32591834609767e-05 
2.45811299521398e+01 2.41786421307180e-05 2.20118103116570e-05 
2.46792582154218e+01 2.28133854725565e-05 2.08309110141862e-05 
2.47773864787038e+01 2.15269496561813e-05 1.97125089832425e-05 
2.48755147419858e+01 2.03145137566552e-05 1.86535914187241e-05 
2.49736430052678e+01 1.91722035548717e-05 1.76504785044196e-05 
2.50717712685498e+01 1.80951529045035e-05 1.67003773441593e-05 
2.51698995318318e+01 1.70781300225683e-05 1.58009246238252e-05 
2.52680277951138e+01 1.61175797723980e-05 1.49493306946805e-05 
2.53661560583958e+01 1.52106555334873e-05 1.41428358302563e-05 
2.54642843216777e+01 1.43541800459156e-05 1.33793202463562e-05 
2.55624125849597e+01 1.35456023279728e-05 1.26563042178327e-05 
2.56605408482417e+01 1.27820834733629e-05 1.19718757344149e-05 
2.57586691115237e+01 1.20613381353909e-05 1.13238070957692e-05 
2.58567973748057e+01 1.13808303080379e-05 1.07103742064314e-05 
2.59549256380877e+01 1.07385132487471e-05 1.01295811726715e-05 
2.60530539013697e+01 1.01321263626922e-05 9.57999136927119e-06 
2.61511821646517e+01 9.55993178444919e-06 9.05991588473611e-06 
2.62493104279337e+01 9.01987533072784e-06 8.56803057379349e-06 
2.63474386912157e+01 8.51028811651555e-06 8.10267891784722e-06 
2.64455669544977e+01 8.02934038309292e-06 7.66256533083260e-06 
2.65436952177797e+01 7.57554192296141e-06 7.24620776120217e-06 
2.66418234810617e+01 7.14726301006512e-06 6.85244324087634e-06 
2.67399517443437e+01 6.74317317389979e-06 6.47994590229366e-06 
2.68380800076257e+01 6.36182096494576e-06 6.12767199112460e-06 
2.69362082709077e+01 6.00201869250831e-06 5.79443544233688e-06 
2.70343365341897e+01 5.66247378067151e-06 5.47929964161818e-06 
2.71324647974717e+01 5.34212614045400e-06 5.18120365195478e-06 
2.72305930607537e+01 5.03982476707067e-06 4.89930712569961e-06 
2.73287213240357e+01 4.75462359072445e-06 4.63266111188165e-06 
2.74268495873177e+01 4.48549774968249e-06 4.38051174375553e-06 
2.75249778505996e+01 4.23160304093015e-06 4.14201028747104e-06 
2.76231061138816e+01 3.99202699025325e-06 3.91648055265176e-06 
2.77212343771636e+01 3.76601639051755e-06 3.70316348585712e-06 
2.78193626404456e+01 3.55275889157424e-06 3.50145265100926e-06 
2.79174909037276e+01 3.35158255958641e-06 3.31066923809518e-06 
2.80156191670096e+01 3.16176423647871e-06 3.13026327395389e-06 
2.81137474302916e+01 2.98269912692466e-06 2.95961941261123e-06 
2.82118756935736e+01 2.81374248895010e-06 2.79824312944020e-06 
2.83100039568556e+01 2.65436204217377e-06 2.64559187630602e-06 
2.84081322201376e+01 2.50398679617690e-06 2.50123126283306e-06 
2.85062604834196e+01 2.36214184762518e-06 2.36467864708780e-06 
2.86043887467016e+01 2.22831876825593e-06 2.23554431237875e-06 
2.87025170099836e+01 2.10209391864631e-06 2.11339638767902e-06 
2.88006452732656e+01 1.98301463265878e-06 1.99788526994530e-06 
2.88987735365476e+01 1.87070306752327e-06 1.88862453513872e-06 
2.89969017998296e+01 1.76475625490659e-06 1.78530059432614e-06 
2.90950300631116e+01 1.66483725977283e-06 1.68756770299395e-06 
2.91931583263936e+01 1.57058740371146e-06 1.59514459763524e-06 
2.92912865896756e+01 1.48170628871061e-06 1.50772193838618e-06 
2.93894148529576e+01 1.39787470474690e-06 1.42504746818973e-06 
2.94875431162396e+01 1.31882488442075e-06 1.34684442054012e-06 
2.95856713795215e+01 1.24427278805526e-06 1.27288655942373e-06 
2.96837996428035e+01 1.17397978831847e-06 1.20292625801396e-06 
2.97819279060855e+01 1.10769318519117e-06 1.13676061625125e-06 
2.98800561693675e+01 1.04520037329843e-06 1.07416806977333e-06 
2.99781844326495e+01 9.86276578785695e-07 1.01496341403772e-06 
3.00763126959315e+01 9.30708545803042e-07 9.58958252838260e-07 
3.01744409592135e+01 8.78239684804578e-07 9.06029230273264e-07 
3.02725692224955e+01 8.28708111080945e-07 8.55989300039923e-07 
3.03706974857775e+01 7.81942109579399e-07 8.08692390956686e-07 
3.04688257490595e+01 7.37796919181277e-07 7.63980141676335e-07 
3.05669540123415e+01 6.96119281687487e-07 7.21721557937373e-07 
3.06650822756235e+01 6.56779769375193e-07 6.81774960017892e-07 
3.07632105389055e+01 6.19641613595283e-07 6.44022894683550e-07 
3.08613388021875e+01 5.84589114603941e-07 6.08338621381230e-07 
3.09594670654695e+01 5.51500233936082e-07 5.74616846157518e-07 
3.10575953287515e+01 5.20271560389575e-07 5.42744205719340e-07 
3.11557235920335e+01 4.90794212453134e-07 5.12626322628800e-07 
3.12538518553155e+01 4.62975777086367e-07 4.84161810806900e-07 
3.13519801185975e+01 4.36719123117044e-07 4.57266091715932e-07 
3.14501083818795e+01 4.11941679128840e-07 4.31848501687375e-07 
3.15482366451614e+01 3.88556806797505e-07 4.07833256250945e-07 
3.16463649084434e+01 3.66490739945548e-07 3.85139289661121e-07 
3.17444931717254e+01 3.45666209056719e-07 3.63698708276676e-07 
3.18426214350074e+01 3.26017324647065e-07 3.43439036699086e-07 
3.19407496982894e+01 3.07475181378448e-07 3.24299460369183e-07 
3.20388779615714e+01 2.89980934684331e-07 3.06215191438895e-07 
3.21370062248534e+01 2.73473145617560e-07 2.89131764894295e-07 
3.22351344881354e+01 2.57899269588214e-07 2.72991271607100e-07 
3.23332627514174e+01 2.43204531840850e-07 2.57744940797740e-07 
3.24313910146994e+01 2.29342020703650e-07 2.43341017653259e-07 
3.25295192779814e+01 2.16262908904628e-07 2.29735837034250e-07 
3.26276475412634e+01 2.03925320478330e-07 2.16883149624923e-07 
3.27257758045454e+01 1.92285735390947e-07 2.04743867345528e-07 
3.28239040678274e+01 1.81306778801290e-07 1.93276665313335e-07 
3.29220323311094e+01 1.70949666050017e-07 1.82446557875193e-07 
3.30201605943914e+01 1.61181044989798e-07 1.72216624257963e-07 
3.31182888576734e+01 1.51966355618824e-07 1.62555555140452e-07 
3.32164171209554e+01 1.43275840385636e-07 1.53430367984373e-07 
3.33145453842374e+01 1.35078707899536e-07 1.44813047345037e-07 
3.34126736475194e+01 1.27348412215476e-07 1.36674131847166e-07 
3.35108019108013e+01 1.20057523381355e-07 1.28988556718397e-07 
3.36089301740833e+01 1.13182364486407e-07 1.21730008425414e-07 
3.37070584373653e+01 1.06698503529423e-07 1.14876064878808e-07 
3.38051867006473e+01 1.00584826276201e-07 1.08403226120915e-07 
3.39033149639293e+01 9.48195742466231e-08 1.02291436379037e-07 
3.40014432272113e+01 8.93839219710287e-08 9.65206833319913e-08 
3.40995714904933e+01 8.42594031811891e-08 9.10746111634512e-08 
3.41976997537753e+01 7.94297946054551e-08 8.59357597122793e-08 
3.42958280170573e+01 7.48774079384294e-08 8.10883724547418e-08 
3.43939562803393e+01 7.05868938274551e-08 7.65151202616453e-08 
3.44920845436213e+01 6.65425582228313e-08 7.22011632993276e-08 
3.45902128069033e+01 6.27307667208471e-08 6.81311013794029e-08 
3.46883410701853e+01 5.91375938883896e-08 6.42917285011790e-08 
3.47864693334673e+01 5.57509282173742e-08 6.06693580272561e-08 
3.48845975967493e+01 5.25584128531692e-08 5.72522376911264e-08 
3.49827258600313e+01 4.95492886593142e-08 5.40281099669896e-08 
3.50808541233133e+01 4.67125024337900e-08 5.09862663033080e-08 
3.51789823865953e+01 4.40383471441792e-08 4.81157015310724e-08 
3.52771106498773e+01 4.15171584039223e-08 4.54070127040630e-08 
3.53752389131593e+01 3.91405041173441e-08 4.28506791646501e-08 
3.54733671764413e+01 3.68997995649546e-08 4.04384953268758e-08 
3.55714954397233e+01 3.47875465417843e-08 3.81619883046175e-08 
3.56696237030052e+01 3.27961193282307e-08 3.60138459366275e-08 
3.57677519662872e+01 3.09188502784820e-08 3.39865277108588e-08 
3.58658802295692e+01 2.91489654981108e-08 3.20735177151111e-08 
3.59640084928512e+01 2.74805359885152e-08 3.02681051319657e-08 
3.60621367561332e+01 2.59075444889341e-08 2.85644836845971e-08 
3.61602650194152e+01 2.44247188947475e-08 2.69566808993765e-08 
3.62583932826972e+01 2.30267140287708e-08 2.54395229344120e-08 
3.63565215459792e+01 2.17088419642490e-08 2.40076943610419e-08 
3.64546498092612e+01 2.04663545101918e-08 2.26565849361673e-08 
3.65527780725432e+01 1.92950832436486e-08 2.13814639328293e-08 
3.66509063358252e+01 1.81908102581539e-08 2.01782233724607e-08 
3.67490345991072e+01 1.71498291123566e-08 1.90426528712946e-08 
3.68471628623892e+01 1.61683929378665e-08 1.79710920469540e-08 
3.69452911256712e+01 1.52432061148636e-08 1.69597935861066e-08 
3.70434193889532e+01 1.43709401885345e-08 1.60054959708618e-08 
3.71415476522352e+01 1.35486648606224e-08 1.51048639858812e-08 
3.72396759155172e+01 1.27734233477435e-08 1.42549915461447e-08 
3.73378041787992e+01 1.20426102078798e-08 1.34529101821369e-08 
3.74359324420812e+01 1.13535988108909e-08 1.26960305301366e-08 
3.75340607053632e+01 1.07040725843344e-08 1.19817105025984e-08 
3.76321889686451e+01 1.00916981736681e-08 1.13076429624319e-08 
3.77303172319271e+01 9.51441587238379e-09 1.06714762933934e-08 
3.78284454952091e+01 8.97015284472973e-09 1.00711548420117e-08 
3.79265737584911e+01 8.45707778933278e-09 9.50458550211603e-09 
3.80247020217731e+01 7.97334929306203e-09 8.96993670452119e-09 
3.81228302850551e+01 7.51733915016619e-09 8.46534541049891e-09 
3.82209585483371e+01 7.08741152541294e-09 7.98917971809526e-09 
3.83190868116191e+01 6.68211880191419e-09 7.53978134582104e-09 
3.84172150749011e+01 6.30000776547708e-09 7.11569629886604e-09 
3.85153433381831e+01 5.93979137415098e-09 6.71544852421094e-09 
3.86134716014651e+01 5.60017864347773e-09 6.33774254036590e-09 
3.87115998647471e+01 5.28002530985262e-09 5.98126447623466e-09 
3.88097281280291e+01 4.97818450578202e-09 5.64486008394986e-09 
3.89078563913111e+01 4.69363892114978e-09 5.32735983434586e-09 
3.90059846545931e+01 4.42536971650306e-09 5.02773531519298e-09 
3.91041129178751e+01 4.17247246389062e-09 4.74494546195009e-09 
3.92022411811571e+01 3.93404206069929e-09 4.47807397560213e-09 
3.93003694444391e+01 3.70927444941991e-09 4.22619412489787e-09 
3.93984977077211e+01 3.49736557001617e-09 3.98848949564965e-09 
3.94966259710031e+01 3.29760061072318e-09 3.76413511286094e-09 
3.95947542342850e+01 3.10926527835790e-09 3.55240355029920e-09 
3.96928824975670e+01 2.93172411572559e-09 3.35256039527378e-09 
3.97910107608490e+01 2.76434258086332e-09 3.16395749915175e-09 
3.98891390241310e+01 2.60655577697807e-09 2.98594104832858e-09 
3.99872672874130e+01 2.45780001705536e-09 2.81794825604156e-09 
4.00853955506950e+01 2.31758734583739e-09 2.65942978203444e-09 
4.01835238139770e+01 2.18543624868341e-09 2.50989617933734e-09 
4.02816520772590e+01 2.06089140344563e-09 2.36884042289462e-09 
4.03797803405410e+01 1.94350015195101e-09 2.23579221628463e-09 
4.04779086038230e+01 1.83285872011213e-09 2.11027928396456e-09 
4.05760368671050e+01 1.72856593447137e-09 1.99188388516515e-09 
4.06741651303870e+01 1.63026369287704e-09 1.88018682098558e-09 
4.07722933936690e+01 1.53759640659436e-09 1.77481699040281e-09 
4.08704216569510e+01 1.45024644355847e-09 1.67540225781190e-09 
4.09685499202330e+01 1.36789858087077e-09 1.58161291658545e-09 
4.10666781835150e+01 1.29027105111641e-09 1.49311856773528e-09 
4.11648064467970e+01 1.21708438025677e-09 1.40962624772191e-09 
4.12629347100790e+01 1.14808858768513e-09 1.33084257514255e-09 
4.13610629733610e+01 1.08303586323547e-09 1.25650720455389e-09 
4.14591912366430e+01 1.02170440203441e-09 1.18635959089859e-09 
4.15573194999250e+01 9.63874443048665e-10 1.12016834819791e-09 
4.16554477632070e+01 9.09349159058652e-10 1.05770206252690e-09 
4.17535760264889e+01 8.57933639146863e-10 9.98755062017900e-10 
4.18517042897709e+01 8.09453201124484e-10 9.43121780075734e-10 
4.19498325530529e+01 7.63734952738046e-10 8.90619379867198e-10 
4.20479608163349e+01 7.20623847630242e-10 8.41065231432320e-10 
4.21460890796169e+01 6.79966505785941e-10 7.94296778551482e-10 
4.22442173428989e+01 6.41625293735745e-10 7.50151747589713e-10 
4.23423456061809e+01 6.05464124722296e-10 7.08485596314995e-10 
4.24404738694629e+01 5.71360808606235e-10 6.69154119697503e-10 
4.25386021327449e+01 5.39194587147964e-10 6.32028778013289e-10 
4.26367303960269e+01 5.08856968294292e-10 5.96981406270519e-10 
4.27348586593089e+01 4.80240782482462e-10 5.63897681999930e-10 
4.28329869225909e+01 4.53249689100464e-10 5.32663681246024e-10 
4.29311151858729e+01 4.27788566389636e-10 5.03177714146310e-10 
4.30292434491549e+01 4.03771854384676e-10 4.75338502162085e-10 
4.31273717124369e+01 3.81115114306821e-10 4.49055581295225e-10 
4.32254999757189e+01 3.59742351767539e-10 4.24238903012101e-10 
4.33236282390009e+01 3.39578601931884e-10 4.00807980227881e-10 
4.34217565022829e+01 3.20556358834957e-10 3.78682738696618e-10 
4.35198847655649e+01 3.02609060425692e-10 3.57791559262020e-10 
4.36180130288469e+01 2.85676734168323e-10 3.38063227782122e-10 
4.37161412921288e+01 2.69700271674282e-10 3.19434008212819e-10 
4.38142695554108e+01 2.54626387055154e-10 3.01840557786505e-10 
4.39123978186928e+01 2.40402584496884e-10 2.85226148920340e-10 
4.40105260819748e+01 2.26981513845975e-10 2.69534432706585e-10 
4.41086543452568e+01 2.14316546422083e-10 2.54714913124966e-10 
4.42067826085388e+01 2.02365601837445e-10 2.40717456217707e-10 
4.43049108718208e+01 1.91087257796101e-10 2.27497107375509e-10 
4.44030391351028e+01 1.80444112977495e-10 2.15009256115722e-10 
4.45011673983848e+01 1.70399365720595e-10 2.03213876077761e-10 
4.45992956616668e+01 1.60919769780430e-10 1.92071266318605e-10 
4.46974239249488e+01 1.51972624807025e-10 1.81545783899503e-10 
4.47955521882308e+01 1.43528374763548e-10 1.71602092254443e-10 
4.48936804515128e+01 1.35557960126065e-10 1.62208447702149e-10 
4.49918087147948e+01 1.28035102607657e-10 1.53333752476437e-10 
4.50899369780768e+01 1.20934330533763e-10 1.44950408137704e-10 
4.51880652413588e+01 1.14232665114223e-10 1.37030921525377e-10 
4.52861935046408e+01 1.07906967069601e-10 1.29550329968001e-10 
4.53843217679228e+01 1.01936294149710e-10 1.22483440476159e-10 
4.54824500312048e+01 9.63000958964276e-11 1.15807593011410e-10 
4.55805782944868e+01 9.09797638198319e-11 1.09500379407756e-10 
4.56787065577687e+01 8.59570435621491e-11 1.03541632944928e-10 
4.57768348210507e+01 8.12153976423726e-11 9.79114189445458e-11 
4.58749630843327e+01 7.67386085219142e-11 9.25917866478719e-11 
4.59730913476147e+01 7.25119768542006e-11 8.75649987126537e-11 
4.60712196108967e+01 6.85210922205415e-11 8.28150741627330e-11 
4.61693478741787e+01 6.47528869813747e-11 7.83262280186675e-11 
4.62674761374607e+01 6.11945543108260e-11 7.40842305486589e-11 
4.63656044007427e+01 5.78344752632600e-11 7.00750317476465e-11 
4.64637326640247e+01 5.46612662412550e-11 6.62859590487803e-11 
4.65618609273067e+01 5.16645947169950e-11 6.27045045026193e-11 
4.66599891905887e+01 4.88343404575216e-11 5.93193804019947e-11 
4.67581174538707e+01 4.61613134378133e-11 5.61194496433744e-11 
4.68562457171527e+01 4.36365150702878e-11 5.30946563311745e-11 
4.69543739804347e+01 4.12517701822354e-11 5.02350822032924e-11 
4.70525022437167e+01 3.89990761783117e-11 4.75317672164161e-11 
4.71506305069987e+01 3.68711594967086e-11 4.49758769846595e-11 
4.72487587702807e+01 3.48609021076344e-11 4.25594265215553e-11 
4.73468870335627e+01 3.29618315857725e-11 4.02745454607575e-11 
4.74450152968447e+01 3.11676156398499e-11 3.81141165322728e-11 
4.75431435601267e+01 2.94724938204602e-11 3.60711269314366e-11 
4.76412718234087e+01 2.78708319085322e-11 3.41392317050026e-11 
4.77394000866907e+01 2.63575022976247e-11 3.23121810366629e-11 
4.78375283499726e+01 2.49274910623053e-11 3.05843174885085e-11 
4.79356566132546e+01 2.35762331952168e-11 2.89500702023877e-11 
4.80337848765366e+01 2.22992660474403e-11 2.74043938626642e-11 
4.81319131398186e+01 2.10925248478410e-11 2.59423218938026e-11 
4.82300414031006e+01 1.99520369716055e-11 2.45593540626351e-11 
4.83281696663826e+01 1.88741825093645e-11 2.32510617022247e-11 
4.84262979296646e+01 1.78554244905419e-11 2.20134300397053e-11 
4.85244261929466e+01 1.68925386909626e-11 2.08425093108512e-11 
4.86225544562286e+01 1.59823755260401e-11 1.97347171687062e-11 
4.87206827195106e+01 1.51220627779051e-11 1.86865302865948e-11 
4.88188109827926e+01 1.43087953899430e-11 1.76947515607469e-11 
4.89169392460746e+01 1.35400143490860e-11 1.67562374440613e-11 
4.90150675093566e+01 1.28132210666788e-11 1.58681340917954e-11 
4.91131957726386e+01 1.21261352607441e-11 1.50276362351430e-11 
4.92113240359206e+01 1.14765310063747e-11 1.42321959232520e-11 
4.93094522992026e+01 1.08623761197515e-11 1.34793092441074e-11 
4.94075805624846e+01 1.02816873110419e-11 1.27667008802799e-11 
4.95057088257666e+01 9.73265327080932e-12 1.20921354230553e-11 
4.96038370890486e+01 9.21350666569397e-12 1.14535805760583e-11 
4.97019653523306e+01 8.72263286343847e-12 1.08490401943464e-11 
4.98000936156125e+01 8.25845678165353e-12 1.02766986329744e-11 
4.98982218788945e+01 7.81953895546528e-12 9.73477298228788e-12 
4.99963501421765e+01 7.40447548699595e-12 9.22156243093345e-12 
5.00944784054585e+01 7.01176039390166e-12 8.73552074589233e-12 
5.01926066687405e+01 6.63992214274481e-12 8.27527153966244e-12 
5.02907349320225e+01 6.28786551098658e-12 7.83932929476995e-12 
5.03888631953045e+01 5.95451866315373e-12 7.42642942507241e-12 
5.04869914585865e+01 5.63890020045817e-12 7.03532907426662e-12 
5.05851197218685e+01 5.34004998320087e-12 6.66489425052193e-12 
5.06832479851505e+01 5.05708857892168e-12 6.31401085435203e-12 
5.07813762484325e+01 4.78915587233260e-12 5.98166196869939e-12 
5.08795045117145e+01 4.53546377798940e-12 5.66684887384623e-12 
5.09776327749965e+01 4.29524175654894e-12 5.36865961092795e-12 
5.10757610382785e+01 4.06778355880521e-12 5.08619885675307e-12 
5.11738893015605e+01 3.85239886730555e-12 4.81864875109390e-12 
5.12720175648425e+01 3.64845475085422e-12 4.56520663219777e-12 
5.13701458281245e+01 3.45533273929826e-12 4.32513900522338e-12 
5.14682740914065e+01 3.27246558995219e-12 4.09772625253944e-12 
5.15664023546885e+01 3.09929918199441e-12 3.88231052065257e-12 
5.16645306179705e+01 2.93532512754043e-12 3.67824661978103e-12 
5.17626588812525e+01 2.78004694174096e-12 3.48494451806114e-12 
5.18607871445344e+01 2.63300897039753e-12 3.30182573383529e-12 
5.19589154078164e+01 2.49376635355511e-12 3.12836104750756e-12 
5.20570436710984e+01 2.36191068770192e-12 2.96403176880681e-12 
5.21551719343804e+01 2.23704335531430e-12 2.80836320722140e-12 
5.22533001976624e+01 2.11879829200678e-12 2.66089026635067e-12 
5.23514284609444e+01 2.00681830292202e-12 2.52118715234898e-12 
5.24495567242264e+01 1.90077526298589e-12 2.38883680938923e-12 
5.25476849875084e+01 1.80034908395413e-12 2.26345729107591e-12 
5.26458132507904e+01 1.70524563855049e-12 2.14467460591962e-12 
5.27439415140724e+01 1.61517808001664e-12 2.03214612842928e-12 
5.28420697773544e+01 1.52988274781291e-12 1.92553647214183e-12 
5.29401980406364e+01 1.44910257522680e-12 1.82453827436092e-12 
5.30383263039184e+01 1.37260120500366e-12 1.72885075741152e-12 
5.31364545672004e+01 1.30014825044724e-12 1.63819818312473e-12 
5.32345828304824e+01 1.23153182338585e-12 1.55231080122327e-12 
5.33327110937644e+01 1.16654544068322e-12 1.47094123610021e-12 
5.34308393570464e+01 1.10499914395011e-12 1.39384755514543e-12 
5.35289676203284e+01 1.04670786686229e-12 1.32080782063582e-12 
5.36270958836104e+01 9.91501305657255e-13 1.25160504087842e-12 
5.37252241468924e+01 9.39213583472226e-13 1.18604009368333e-12 
5.38233524101744e+01 8.89692012619141e-13 1.12391834986330e-12 
5.39214806734563e+01 8.42787910612218e-13 1.06506115141076e-12 
5.40196089367383e+01 7.98364379225831e-13 1.00929392054344e-12 
5.41177372000203e+01 7.56288143247224e-13 9.56456355011453e-13 
5.42158654633023e+01 7.16436457155095e-13 9.06391856856119e-13 
5.43139937265843e+01 6.78689852146703e-13 8.58956588930188e-13 
5.44121219898663e+01 6.42938268721277e-13 8.14010076149179e-13 
5.45102502531483e+01 6.09074610402479e-13 7.71423251037948e-13 
5.46083785164303e+01 5.77000189386324e-13 7.31070096752617e-13 
5.47065067797123e+01 5.46618996797606e-13 6.92834795059140e-13 
5.48046350429943e+01 5.17842538701980e-13 6.56604295070252e-13 
5.49027633062763e+01 4.90584742861373e-13 6.22274664274573e-13 
5.50008915695583e+01 4.64766253670872e-13 5.89744479918522e-13 
5.50990198328403e+01 4.40309904362364e-13 5.58920472368204e-13 
5.51971480961223e+01 4.17144531680643e-13 5.29711647604653e-13 
5.52952763594043e+01 3.95200950454924e-13 5.02034302150304e-13 
5.53934046226863e+01 3.74415341961602e-13 4.75806795382719e-13 
5.54915328859683e+01 3.54725674855097e-13 4.50954006342952e-13 
5.55896611492503e+01 3.36074715076806e-13 4.27402683658905e-13 
5.56877894125323e+01 3.18406843411782e-13 4.05085406646620e-13 
5.57859176758143e+01 3.01670729405736e-13 3.83936448700368e-13 
5.58840459390962e+01 2.85816501382515e-13 3.63895298085274e-13 
5.59821742023782e+01 2.70798122044927e-13 3.44902977810636e-13 
5.60803024656602e+01 2.56570871729839e-13 3.26905175290284e-13 
5.61784307289422e+01 2.43093459124591e-13 3.09848968070886e-13 
5.62765589922242e+01 2.30325782922787e-13 2.93685606018291e-13 
5.63746872555062e+01 2.18230807324258e-13 2.78367597917988e-13 
5.64728155187882e+01 2.06772571147810e-13 2.63851184949069e-13 
5.65709437820702e+01 1.95917854444612e-13 2.50093748184205e-13 
5.66690720453522e+01 1.85634407580184e-13 2.37056007767953e-13 
5.67672003086342e+01 1.75892432330339e-13 2.24699715793880e-13 
5.68653285719162e+01 1.66663006512810e-13 2.12989611748295e-13 
5.69634568351982e+01 1.57919400308633e-13 2.01891369194280e-13 
5.70615850984802e+01 1.49635674747788e-13 1.91373334620922e-13 
5.71597133617622e+01 1.41787851669120e-13 1.81404699873801e-13 
5.72578416250442e+01 1.34352666783052e-13 1.71957048513236e-13 
5.73559698883262e+01 1.27308609616250e-13 1.63002729049452e-13 
5.74540981516082e+01 1.20634814022101e-13 1.54516230218533e-13 
5.75522264148902e+01 1.14311982622497e-13 1.46472732849602e-13 
5.76503546781722e+01 1.08321399544029e-13 1.38849333074532e-13 
5.77484829414542e+01 1.02645752242112e-13 1.31623753115108e-13 
5.78466112047362e+01 9.72682529347088e-14 1.24775429318915e-13 
5.79447394680181e+01 9.21733692501339e-14 1.18284364340519e-13 
5.80428677313001e+01 8.73460423345801e-14 1.12132095010639e-13 
5.81409959945821e+01 8.27723364836011e-14 1.06300670327854e-13 
5.82391242578641e+01 7.84387432360407e-14 1.00773512494202e-13 
5.83372525211461e+01 7.43327590119935e-14 9.55345068602968e-14 
5.84353807844281e+01 7.04422656928195e-14 9.05687679742649e-14 
5.85335090477101e+01 6.67560442790368e-14 8.58618291558000e-14 
5.86316373109921e+01 6.32632235107890e-14 8.14003240850612e-14 
5.87297655742741e+01 5.99537366632360e-14 7.71712650462406e-14 
5.88278938375561e+01 5.68178306987508e-14 7.31626494116247e-14 
5.89260221008381e+01 5.38464725220426e-14 6.93628168059973e-14 
5.90241503641201e+01 5.10309119878983e-14 6.57609887996920e-14 
5.91222786274021e+01 4.83630432322404e-14 6.23466963222175e-14 
5.92204068906841e+01 4.58350155990216e-14 5.91102599535077e-14 
5.93185351539661e+01 4.34395550365864e-14 5.60422798727471e-14 
5.94166634172481e+01 4.11696176647468e-14 5.31340633158310e-14 
5.95147916805301e+01 3.90186756692503e-14 5.03771701966449e-14 
5.96129199438121e+01 3.69804088143292e-14 4.77637935690746e-14 
5.97110482070941e+01 3.50489587738828e-14 4.52863548146798e-14 
5.98091764703761e+01 3.32186544140949e-14 4.29378422995170e-14 
5.99073047336581e+01 3.14842380610771e-14 4.07114506952547e-14 
6.00054329969400e+01 2.98406208397300e-14 3.86008854084867e-14 
6.01035612602220e+01 2.82830870260552e-14 3.66000387556810e-14 
6.02016895235040e+01 2.68070717564089e-14 3.47032574701991e-14 
6.02998177867860e+01 2.54083387844056e-14 3.29050542759626e-14 
6.03979460500680e+01 2.40827892117417e-14 3.12003470835835e-14 
6.04960743133500e+01 2.28266208540458e-14 2.95842060062886e-14 
6.05942025766320e+01 2.16361553572215e-14 2.80520662018523e-14 
6.06923308399140e+01 2.05079800057068e-14 2.65995003041314e-14 
6.07904591031960e+01 1.94387937216013e-14 2.52224079295404e-14 
6.08885873664780e+01 1.84255332581024e-14 2.39168128597985e-14 
6.09867156297600e+01 1.74652360094615e-14 2.26790317830161e-14 
6.10848438930420e+01 1.65551523164577e-14 2.15054935227815e-14 
6.11829721563240e+01 1.56926232436240e-14 2.03928892999260e-14 
6.12811004196060e+01 1.48751805317836e-14 1.93380115998708e-14 
6.13792286828880e+01 1.41004377021082e-14 1.83378879877913e-14 
6.14773569461700e+01 1.33661790203537e-14 1.73896374704604e-14 
6.15754852094520e+01 1.26702624679487e-14 1.64905896731782e-14 
6.16736134727340e+01 1.20106989311519e-14 1.56381567875429e-14 
6.17717417360160e+01 1.13855657400175e-14 1.48299397187167e-14 
6.18698699992980e+01 1.07930771611614e-14 1.40636139198849e-14 
6.19679982625799e+01 1.02315073483275e-14 1.33370239408475e-14 
6.20661265258619e+01 9.69925309789954e-15 1.26480816359975e-14 
6.21642547891439e+01 9.19476518189014e-15 1.19948503874761e-14 
6.22623830524259e+01 8.71660421908158e-15 1.13754543392062e-14 
6.23605113157079e+01 8.26337947432099e-15 1.07881534272096e-14 
6.24586395789899e+01 7.83379860376094e-15 1.02312624395870e-14 
6.25567678422719e+01 7.42661310493291e-15 9.70321786193579e-15 
6.26548961055539e+01 7.04066261063307e-15 9.20250569450881e-15 
6.27530243688359e+01 6.67482626373223e-15 8.72772100963367e-15 
6.28511526321179e+01 6.32806215965409e-15 8.27750357408201e-15 
6.29492808953999e+01 5.99936399950241e-15 7.85059091666431e-15 
6.30474091586819e+01 5.68779621476700e-15 7.44576090781325e-15 
6.31455374219639e+01 5.39245532319947e-15 7.06187904771136e-15 
6.32436656852459e+01 5.11250121043186e-15 6.69784724766430e-15 
6.33417939485279e+01 4.84712267608171e-15 6.35264597090436e-15 
6.34399222118099e+01 4.59556529456721e-15 6.02528854271077e-15 
6.35380504750919e+01 4.35710069503593e-15 5.71485870697344e-15 
6.36361787383739e+01 4.13105137703690e-15 5.42046986554054e-15 
6.37343070016559e+01 3.91676331779833e-15 5.14129855124386e-15 
6.38324352649379e+01 3.71362807700454e-15 4.87654806209555e-15 
6.39305635282199e+01 3.52105836940593e-15 4.62547829677894e-15 
6.40286917915018e+01 3.33850775610200e-15 4.38737330760802e-15 
6.41268200547838e+01 3.16544886003292e-15 4.16156789556701e-15 
6.42249483180658e+01 3.00139090840170e-15 3.94741865777296e-15 
6.43230765813478e+01 2.84586030381811e-15 3.74432769559252e-15 
6.44212048446298e+01 2.69841625335202e-15 3.55171677849959e-15 
6.45193331079118e+01 2.55863343945660e-15 3.36904848000768e-15 
6.46174613711938e+01 2.42611594523056e-15 3.19580312086173e-15 
6.47155896344758e+01 2.30048179716994e-15 3.03149761311993e-15 
6.48137178977578e+01 2.18137537316118e-15 2.87566488233435e-15 
6.49118461610398e+01 2.06845361396531e-15 2.72787066939662e-15 
6.50099744243218e+01 1.96139707995787e-15 2.58769516391240e-15 
6.51081026876038e+01 1.85989765038597e-15 2.45474798610105e-15 
6.52062309508858e+01 1.76366837663063e-15 2.32865179264288e-15 
6.53043592141678e+01 1.67243250798947e-15 2.20905563667148e-15 
6.54024874774498e+01 1.58593227300499e-15 2.09562033330292e-15 
6.55006157407318e+01 1.50391908807791e-15 1.98803037409069e-15 
6.55987440040138e+01 1.42616138396528e-15 1.88598086244939e-15 
6.56968722672958e+01 1.35243586916747e-15 1.78918813960251e-15 
6.57950005305778e+01 1.28253450585822e-15 1.69737812065344e-15 
6.58931287938598e+01 1.21625671391865e-15 1.61029577201828e-15 
6.59912570571418e+01 1.15341558912605e-15 1.52769469742387e-15 
6.60893853204237e+01 1.09383094610072e-15 1.44934559158212e-15 
6.61875135837057e+01 1.03733486140137e-15 1.37502694149815e-15 
6.62856418469877e+01 9.83765464706811e-16 1.30453256728701e-15 
6.63837701102697e+01 9.32971880427109e-16 1.23766331857037e-15 
6.64818983735517e+01 8.84808686304874e-16 1.17423380161717e-15 
6.65800266368337e+01 8.39140319077770e-16 1.11406496422056e-15 
6.66781549001157e+01 7.95836128421792e-16 1.05699009728957e-15 
6.67762831633977e+01 7.54774305034732e-16 1.00284821250267e-15 
6.68744114266797e+01 7.15837465678325e-16 9.51489396929887e-16 
6.69725396899617e+01 6.78916155669998e-16 9.02768898298051e-16 
6.70706679532437e+01 6.43904907745174e-16 8.56551902685815e-16 
6.71687962165257e+01 6.10705365262342e-16 8.12708251483991e-16 
6.72669244798077e+01 5.79222763808305e-16 7.71116704610120e-16 
6.73650527430897e+01 5.49368716361362e-16 7.31660221293293e-16 
6.74631810063717e+01 5.21058072100278e-16 6.94229764430978e-16 
6.75613092696537e+01 4.94211400268169e-16 6.58720084952336e-16 
6.76594375329357e+01 4.68752185557067e-16 6.25033116968475e-16 
6.77575657962177e+01 4.44609043401050e-16 5.93074211568346e-16 
6.78556940594997e+01 4.21713215716568e-16 5.62755166923269e-16 
6.79538223227817e+01 4.00000546787118e-16 5.33990863426370e-16 
6.80519505860637e+01 3.79409247050805e-16 5.06701968185216e-16 
6.81500788493456e+01 3.59881655558110e-16 4.80811928540426e-16 
6.82482071126276e+01 3.41362242988764e-16 4.56249386131864e-16 
6.83463353759096e+01 3.23799183829410e-16 4.32945490468401e-16 
6.84444636391916e+01 3.07142572912444e-16 4.10836053733360e-16 
6.85425919024736e+01 2.91345827952090e-16 3.89859150138893e-16 
6.86407201657556e+01 2.76364096675643e-16 3.69957039629212e-16 
6.87388484290376e+01 2.62155508093319e-16 3.51074022486686e-16 
6.88369766923196e+01 2.48679749764857e-16 3.33158156730256e-16 
6.89351049556016e+01 2.35899184187450e-16 3.16159340779152e-16 
6.90332332188836e+01 2.23777577940520e-16 3.00030846779163e-16 
6.91313614821656e+01 2.12281097793124e-16 2.84727606899710e-16 
6.92294897454476e+01 2.01377175443055e-16 2.70207582392563e-16 
6.93276180087296e+01 1.91035396358708e-16 2.56430231820293e-16 
6.94257462720116e+01 1.81226485580338e-16 2.43357733525513e-16 
6.95238745352936e+01 1.71923100896973e-16 2.30953616390246e-16 
6.96220027985756e+01 1.63098926741798e-16 2.19183851477043e-16 
6.97201310618576e+01 1.54729382045121e-16 2.08015627997255e-16 
6.98182593251396e+01 1.46790810650883e-16 1.97418328183114e-16 
6.99163875884216e+01 1.39261113064469e-16 1.87362432997664e-16 
7.00145158517035e+01 1.32119023061603e-16 1.77820699733135e-16 
7.01126441149855e+01 1.25344991904488e-16 1.68766835006277e-16 
7.02107723782675e+01 1.18920005507804e-16 1.60176330609672e-16 
7.03089006415495e+01 1.12826113369376e-16 1.52025318661307e-16 
7.04070289048315e+01 1.07046050405354e-16 1.44291368449632e-16 
7.05051571681135e+01 1.01563685127705e-16 1.36952867425263e-16 
7.06032854313955e+01 9.63635030061755e-17 1.29989642768513e-16 
7.07014136946775e+01 9.14310064063448e-17 1.23382258906325e-16 
7.07995419579595e+01 8.67522530462026e-17 1.17112572562856e-16 
7.08976702212415e+01 8.23142129162465e-17 1.11163104812817e-16 
7.09957984845235e+01 7.81043559213056e-17 1.05517536774805e-16 
7.10939267478055e+01 7.41109704358671e-17 1.00160148245181e-16 
7.11920550110875e+01 7.03227948592226e-17 9.50762604187074e-17 
7.12901832743695e+01 6.67293019531007e-17 9.02517340013954e-17 
7.13883115376515e+01 6.33203696065121e-17 8.56733646522750e-17 
7.14864398009335e+01 6.00865346520047e-17 8.13284342356141e-17 
7.15845680642155e+01 5.70186986432690e-17 7.72050640620909e-17 
7.16826963274975e+01 5.41083544448428e-17 7.32918136205301e-17 
7.17808245907795e+01 5.13473232773296e-17 6.95779961480802e-17 
7.18789528540615e+01 4.87279570177406e-17 6.60533197880523e-17 
7.19770811173435e+01 4.62429031700583e-17 6.27081695296666e-17 
7.20752093806255e+01 4.38852854948028e-17 5.95332862796541e-17 
7.21733376439074e+01 4.16484939219632e-17 5.65200187762395e-17 
7.22714659071894e+01 3.95263458445239e-17 5.36600365449702e-17 
7.23695941704714e+01 3.75128983112313e-17 5.09455550029639e-17 
7.24677224337534e+01 3.56025920659060e-17 4.83690787002518e-17 
7.25658506970354e+01 3.37900836433371e-17 4.59236024837855e-17 
7.26639789603174e+01 3.20703740108502e-17 4.36023818101111e-17 
7.27621072235994e+01 3.04386584455828e-17 4.13991125297190e-17 
7.28602354868814e+01 2.88904414339512e-17 3.93077254000474e-17 
7.29583637501634e+01 2.74214024360145e-17 3.73225467752415e-17 
7.30564920134454e+01 2.60274985195043e-17 3.54381147548059e-17 
7.31546202767274e+01 2.47048443199134e-17 3.36493228181453e-17 
7.32527485400094e+01 2.34498037262331e-17 3.19512553176350e-17 
7.33508768032914e+01 2.22588825264658e-17 3.03393158781893e-17 
7.34490050665734e+01 2.11288103200255e-17 2.88090801876506e-17 
7.35471333298554e+01 2.00564444999405e-17 2.73564107861666e-17 
7.36452615931374e+01 1.90388434401240e-17 2.59773253247710e-17 
7.37433898564194e+01 1.80731806097125e-17 2.46680991950204e-17 
7.38415181197014e+01 1.71568099704166e-17 2.34251476212695e-17 
7.39396463829834e+01 1.62871891471163e-17 2.22451174254669e-17 
7.40377746462654e+01 1.54619378697595e-17 2.11247814924270e-17 
7.41359029095474e+01 1.46787692391818e-17 2.00611208259120e-17 
7.42340311728293e+01 1.39355419581961e-17 1.90512300814164e-17 
7.43321594361113e+01 1.32301988341176e-17 1.80923909458787e-17 
7.44302876993933e+01 1.25608134635874e-17 1.71819875711655e-17 
7.45284159626753e+01 1.19255352047925e-17 1.63175721991135e-17 
7.46265442259573e+01 1.13226309091491e-17 1.54967894525712e-17 
7.47246724892393e+01 1.07504356779097e-17 1.47174350290993e-17 
7.48228007525213e+01 1.02073901701237e-17 1.39773879173014e-17 
7.49209290158033e+01 9.69199653125240e-18 1.32746628943403e-17 
7.50190572790853e+01 9.20285175001395e-18 1.26073118814109e-17 
7.51171855423673e+01 8.73849217268839e-18 1.19736176722594e-17 
7.52153138056493e+01 8.29761823266187e-18 1.13718583358820e-17 
7.53134420689313e+01 7.87903241751002e-18 1.08004141696943e-17 
7.54115703322133e+01 7.48161226625622e-18 1.02577447251426e-17 
7.55096985954953e+01 7.10427884864039e-18 9.74240717973552e-18 
7.56078268587773e+01 6.74602076330944e-18 9.25301306012911e-18 
7.57059551220593e+01 6.40586589559842e-18 8.78826176049285e-18 
7.58040833853413e+01 6.08290289327059e-18 8.34690175762633e-18 
7.59022116486233e+01 5.77625586065039e-18 7.92776061559323e-18 
7.60003399119053e+01 5.48510357786865e-18 7.52971022495355e-18 
7.60984681751873e+01 5.20865682502056e-18 7.15169366312957e-18 
7.61965964384693e+01 4.94617558274745e-18 6.79269403877040e-18 
7.62947247017512e+01 4.69694871215918e-18 6.45175853842645e-18 
7.63928529650332e+01 4.46030934943679e-18 6.12797050085786e-18 
7.64909812283152e+01 4.23561669595549e-18 5.82047094570360e-18 
7.65891094915972e+01 4.02226979711421e-18 5.52843354173649e-18 
7.66872377548792e+01 3.81969122277868e-18 5.25108388204077e-18 
7.67853660181612e+01 3.62733940044866e-18 4.98767704517799e-18 
7.68834942814432e+01 3.44469398913699e-18 4.73751485347384e-18 
7.69816225447252e+01 3.27126691902265e-18 4.49992575771108e-18 
7.70797508080072e+01 3.10658928244736e-18 4.27428029033784e-18 
7.71778790712892e+01 2.95022121613284e-18 4.05997303225669e-18 
7.72760073345712e+01 2.80174015139666e-18 3.85643645021921e-18 
7.73741355978532e+01 2.66074966066206e-18 3.66312472925543e-18 
7.74722638611352e+01 2.52686892549909e-18 3.47952616380738e-18 
7.75703921244172e+01 2.39974065630852e-18 3.30514866235766e-18 
7.76685203876992e+01 2.27902165153492e-18 3.13953084394770e-18 
7.77666486509812e+01 2.16438988792402e-18 2.98222904134536e-18 
7.78647769142632e+01 2.05553605747897e-18 2.83282723861560e-18 
7.79629051775452e+01 1.95216991542483e-18 2.69092541739864e-18 
7.80610334408272e+01 1.85401269330826e-18 2.55614845695913e-18 
7.81591617041092e+01 1.76080278262103e-18 2.42813568430329e-18 
7.82572899673911e+01 1.67228893303597e-18 2.30654884543524e-18 
7.83554182306731e+01 1.58823534142529e-18 2.19106273454454e-18 
7.84535464939551e+01 1.50841555370935e-18 2.08137233344291e-18 
7.85516747572371e+01 1.43261702168230e-18 1.97718440799120e-18 
7.86498030205191e+01 1.36063563544530e-18 1.87822390312444e-18 
7.87479312838011e+01 1.29227980385577e-18 1.78422640634264e-18 
7.88460595470831e+01 1.22736555212163e-18 1.69494387599872e-18 
7.89441878103651e+01 1.16572017583261e-18 1.61013788215140e-18 
7.90423160736471e+01 1.10717784509745e-18 1.52958473786569e-18 
7.91404443369291e+01 1.05158287685918e-18 1.45306943691969e-18 
7.92385726002111e+01 9.98785793061245e-19 1.38039025052355e-18 
7.93367008634931e+01 9.48646251248650e-19 1.31135328981529e-18 
7.94348291267751e+01 9.01029509709548e-19 1.24577662386044e-18 
7.95329573900571e+01 8.55809052159680e-19 1.18348540233318e-18 
7.96310856533391e+01 8.12863417698175e-19 1.12431554479952e-18 
7.97292139166211e+01 7.72078551611823e-19 1.06810936568366e-18 
7.98273421799031e+01 7.33344962365523e-19 1.01471887959718e-18 
7.99254704431851e+01 6.96559827198504e-19 9.64001876696263e-19 
8.00235987064671e+01 6.61624442294615e-19 9.15826739457902e-19 
8.01217269697491e+01 6.28448063361680e-19 8.70066377630968e-19 
8.02198552330311e+01 5.96942006037905e-19 8.26601971404842e-19 
8.03179834963130e+01 5.67022260006346e-19 7.85317787526295e-19 
8.04161117595950e+01 5.38608215976032e-19 7.46104608341803e-19 
8.05142400228770e+01 5.11624174034982e-19 7.08857532112703e-19 
8.06123682861590e+01 4.85997501547193e-19 6.73478107509743e-19 
8.07104965494410e+01 4.61659983814416e-19 6.39871777668484e-19 
8.08086248127230e+01 4.38546172507004e-19 6.07949792152122e-19 
8.09067530760050e+01 4.16594595196454e-19 5.77626914800978e-19 
8.10048813392870e+01 3.95746274517934e-19 5.48823136473667e-19 
8.11030096025690e+01 3.75945811388095e-19 5.21461619330719e-19 
8.12011378658510e+01 3.57140057165047e-19 4.95470231210849e-19 
8.12992661291330e+01 3.39279083803701e-19 4.70779701840426e-19 
8.13973943924150e+01 3.22314993129889e-19 4.47324997507716e-19 
8.14955226556970e+01 3.06202785788758e-19 4.25043667242916e-19 
8.15936509189790e+01 2.90899293406564e-19 4.03877074491224e-19 
8.16917791822610e+01 2.76363956938771e-19 3.83768913593861e-19 
8.17899074455430e+01 2.62557868976240e-19 3.64666313406038e-19 
8.18880357088250e+01 2.49444470982989e-19 3.46518506456036e-19 
8.19861639721070e+01 2.36988694331277e-19 3.29277817884570e-19 
8.20842922353890e+01 2.25157584920423e-19 3.12898471491607e-19 
8.21824204986710e+01 2.13919532714078e-19 2.97337475969669e-19 
8.22805487619530e+01 2.03244831338455e-19 2.82553553689184e-19 
8.23786770252349e+01 1.93104986959482e-19 2.68507934942382e-19 
8.24768052885169e+01 1.83473219660144e-19 2.55163429099958e-19 
8.25749335517989e+01 1.74323841069958e-19 2.42485104218862e-19 
8.26730618150809e+01 1.65632705983746e-19 2.30439392395046e-19 
8.27711900783629e+01 1.57376656133172e-19 2.18994760221613e-19 
8.28693183416449e+01 1.49533922728281e-19 2.08120934841241e-19 
8.29674466049269e+01 1.42083627412462e-19 1.97789475868552e-19 
8.30655748682089e+01 1.35006142989590e-19 1.87973080827146e-19 
8.31637031314909e+01 1.28282645655384e-19 1.78646097839426e-19 
8.32618313947729e+01 1.21895438273479e-19 1.69783864975498e-19 
8.33599596580549e+01 1.15827551324824e-19 1.61363234128297e-19 
8.34580879213369e+01 1.10063027921266e-19 1.53361962380424e-19 
8.35562161846189e+01 1.04586569598596e-19 1.45759180344229e-19 
8.36543444479009e+01 9.93837871556736e-20 1.38534904745066e-19 
8.37524727111829e+01 9.44408823547878e-20 1.31670300606519e-19 
8.38506009744649e+01 8.97448797037212e-20 1.25147313358936e-19 
8.39487292377469e+01 8.52833352527008e-20 1.18948882746589e-19 
8.40468575010289e+01 8.10445528504868e-20 1.13058637853860e-19 
8.41449857643109e+01 7.70173153915663e-20 1.07461304335664e-19 
8.42431140275929e+01 7.31910714169790e-20 1.02142235504508e-19 
8.43412422908748e+01 6.95557007846729e-20 9.70876376096831e-20 
8.44393705541568e+01 6.61016849167839e-20 9.22842457499881e-20 
8.45374988174388e+01 6.28198962561068e-20 8.77195913358407e-20 
8.46356270807208e+01 5.97017490808669e-20 8.33817016873996e-20 
8.47337553440028e+01 5.67390109913502e-20 7.92592835337105e-20 
8.48318836072848e+01 5.39239404242387e-20 7.53415343940194e-20 
8.49300118705668e+01 5.12491119876860e-20 7.16182819896651e-20 
8.50281401338488e+01 4.87075438968504e-20 6.80797428419566e-20 
8.51262683971308e+01 4.62925409811798e-20 6.47167655078097e-20 
8.52243966604128e+01 4.39978044783033e-20 6.15205899459606e-20 
8.53225249236948e+01 4.18172926430770e-20 5.84829738124199e-20 
8.54206531869768e+01 3.97453214182758e-20 5.55959793118577e-20 
8.55187814502588e+01 3.77764406153520e-20 5.28521505221947e-20 
8.56169097135408e+01 3.59055217489889e-20 5.02443241288711e-20 
8.57150379768228e+01 3.41276480365684e-20 4.77657629990962e-20 
8.58131662401048e+01 3.24381925814979e-20 4.54100024961169e-20 
8.59112945033868e+01 3.08327195895292e-20 4.31709621472114e-20 
8.60094227666688e+01 2.93070544948119e-20 4.10428075910206e-20 
8.61075510299508e+01 2.78571952437944e-20 3.90200507740954e-20 
8.62056792932328e+01 2.64793751981182e-20 3.70974259332487e-20 
8.63038075565148e+01 2.51699834551492e-20 3.52699795048516e-20 
8.64019358197967e+01 2.39256212750684e-20 3.35328606303989e-20 
8.65000640830787e+01 2.27430376115655e-20 3.18815976122959e-20 
8.65981923463607e+01 2.16191655546789e-20 3.03119701820540e-20 
8.66963206096427e+01 2.05510671565079e-20 2.88199406313245e-20 
8.67944488729247e+01 1.95359748907387e-20 2.74016631236952e-20 
8.68925771362067e+01 1.85712358336108e-20 2.60534934315064e-20 
8.69907053994887e+01 1.76543524497181e-20 2.47719347787598e-20 
8.70888336627707e+01 1.67829307135963e-20 2.35536967010162e-20 
8.71869619260527e+01 1.59547166708485e-20 2.23956224185650e-20 
8.72850901893347e+01 1.51675498299564e-20 2.12947411868866e-20 
8.73832184526167e+01 1.44193959695543e-20 2.02482030294270e-20 
8.74813467158987e+01 1.37083052624940e-20 1.92533257297773e-20 
8.75794749791807e+01 1.30324417164939e-20 1.83075361746605e-20 
8.76776032424627e+01 1.23900455476617e-20 1.74084125388198e-20 
8.77757315057447e+01 1.17794596016222e-20 1.65536315655071e-20 
8.78738597690267e+01 1.11990955431881e-20 1.57410064381427e-20 
8.79719880323087e+01 1.06474575691231e-20 1.49684393943899e-20 
8.80701162955907e+01 1.01231120250423e-20 1.42339557276300e-20 
8.81682445588727e+01 9.62470868875954e-21 1.35356611924357e-20 
8.82663728221547e+01 9.15095346532086e-21 1.28717725331777e-20 
8.83645010854367e+01 8.70062749102686e-21 1.22405791940978e-20 
8.84626293487187e+01 8.27256259322690e-21 1.16404707313759e-20 
8.85607576120006e+01 7.86565843924903e-21 1.10699023907069e-20 
8.86588858752826e+01 7.47886047963366e-21 1.05274197224192e-20 
8.87570141385646e+01 7.11117534303131e-21 1.00116276340634e-20 
8.88551424018466e+01 6.76165101031157e-21 9.52121249523893e-21 
8.89532706651286e+01 6.42939063572277e-21 9.05491431273189e-21 
8.90513989284106e+01 6.11353472511535e-21 8.61154658218449e-21 
8.91495271916926e+01 5.81327354504617e-21 8.18997126924689e-21 
8.92476554549746e+01 5.52783110150982e-21 7.78911663875176e-21 
8.93457837182566e+01 5.25647628198968e-21 7.40795475759693e-21 
8.94439119815386e+01 4.99850845186885e-21 7.04551750835365e-21 
8.95420402448206e+01 4.75326745947883e-21 6.70087635854347e-21 
8.96401685081026e+01 4.52012068600924e-21 6.37315674432860e-21 
8.97382967713846e+01 4.29847203020301e-21 6.06151987683366e-21 
8.98364250346666e+01 4.08775026432001e-21 5.76517566248353e-21 
8.99345532979486e+01 3.88741710311372e-21 5.48336634035036e-21 
9.00326815612306e+01 3.69695673342530e-21 5.21538484035118e-21 
9.01308098245126e+01 3.51589022302852e-21 4.96054961972445e-21 
9.02289380877946e+01 3.34375190094056e-21 4.71822114996796e-21 
9.03270663510766e+01 3.18010142838341e-21 4.48778003091689e-21 
9.04251946143585e+01 3.02451694824548e-21 4.26864152123636e-21 
9.05233228776405e+01 2.87660091819143e-21 4.06024494420513e-21 
9.06214511409225e+01 2.73597248727829e-21 3.86206210808953e-21 
9.07195794042045e+01 2.60227273507400e-21 3.67358656143772e-21 
9.08177076674865e+01 2.47515781668124e-21 3.49434115708704e-21 
9.09158359307685e+01 2.35430366881376e-21 3.32386838898777e-21 
9.10139641940505e+01 2.23939984523562e-21 3.16173718726824e-21 
9.11120924573325e+01 2.13015374446788e-21 3.00753422722363e-21 
9.12102207206145e+01 2.02628506560229e-21 2.86087003387119e-21 
9.13083489838965e+01 1.92752960668513e-21 2.72137116487472e-21 
9.14064772471785e+01 1.83363427799974e-21 2.58868569495893e-21 
9.15046055104605e+01 1.74436051513198e-21 2.46247618453635e-21 
9.16027337737425e+01 1.65947979321934e-21 2.34242460711870e-21 
9.17008620370245e+01 1.57877669418270e-21 2.22822602438722e-21 
9.17989903003065e+01 1.50204487118650e-21 2.11959301325291e-21 
9.18971185635885e+01 1.42908980547014e-21 2.01624997616912e-21 
9.19952468268705e+01 1.35972517542156e-21 1.91793711867436e-21 
9.20933750901525e+01 1.29377533480965e-21 1.82440533098178e-21 
9.21915033534345e+01 1.23107204550310e-21 1.73541976161870e-21 
9.22896316167165e+01 1.17145670564954e-21 1.65075521282520e-21 
9.23877598799985e+01 1.11477740922705e-21 1.57019935122178e-21 
9.24858881432804e+01 1.06089094979685e-21 1.49354856538509e-21 
9.25840164065624e+01 1.00966017380504e-21 1.42061085027279e-21 
9.26821446698444e+01 9.60955782919278e-22 1.35120208058629e-21 
9.27802729331264e+01 9.14653951346630e-22 1.28514860191073e-21 
9.28784011964084e+01 8.70637947419057e-22 1.22228387818336e-21 
9.29765294596904e+01 8.28795988199087e-22 1.16245081912142e-21 
9.30746577229724e+01 7.89022698876343e-22 1.10549876434549e-21 
9.31727859862544e+01 7.51217180630966e-22 1.05128557362903e-21 
9.32709142495364e+01 7.15284324518676e-22 9.99674914027336e-22 
9.33690425128184e+01 6.81133070984095e-22 9.50538136753687e-22 
9.34671707761004e+01 6.48677593222523e-22 9.03751837080993e-22 
9.35652990393824e+01 6.17835728909647e-22 8.59199539198550e-22 
9.36634273026644e+01 5.88530046514292e-22 8.16769501723997e-22 
9.37615555659464e+01 5.60686431762729e-22 7.76356229693133e-22 
9.38596838292284e+01 5.34235049020092e-22 7.37858501280172e-22 
9.39578120925104e+01 5.09109066759347e-22 7.01180724094602e-22 
9.40559403557924e+01 4.85245524913775e-22 6.66231161189904e-22 
9.41540686190744e+01 4.62584185192891e-22 6.32923147062834e-22 
9.42521968823564e+01 4.41068314219950e-22 6.01173493263125e-22 
9.43503251456384e+01 4.20643645948020e-22 5.70903577891307e-22 
9.44484534089204e+01 4.01259089421957e-22 5.42037913130168e-22 
9.45465816722024e+01 3.82865791813690e-22 5.14505120598202e-22 
9.46447099354843e+01 3.65417778776050e-22 4.88236644930851e-22 
9.47428381987663e+01 3.48871107751806e-22 4.63167626051418e-22 
9.48409664620483e+01 3.33184448106735e-22 4.39235744556908e-22 
9.49390947253303e+01 3.18318315385185e-22 4.16382000801505e-22 
9.50372229886123e+01 3.04235597712617e-22 3.94549679306979e-22 
9.51353512518943e+01 2.90900862583238e-22 3.73685043501990e-22 
9.52334795151763e+01 2.78280835399683e-22 3.53736407697098e-22 
9.53316077784583e+01 2.66343771196074e-22 3.34654755374219e-22 
9.54297360417403e+01 2.55059890627155e-22 3.16392908456380e-22 
9.55278643050223e+01 2.44400809762460e-22 2.98906076184384e-22 
9.56259925683043e+01 2.34339938342510e-22 2.82151112485105e-22 
9.57241208315863e+01 2.24851961435018e-22 2.66087001697217e-22 
9.58222490948683e+01 2.15913204335820e-22 2.50674195811086e-22 
9.59203773581503e+01 2.07501160463827e-22 2.35875042603242e-22 
9.60185056214323e+01 1.99594826893939e-22 2.21653195396922e-22 
9.61166338847143e+01 1.92174273390517e-22 2.07973988527674e-22 
9.62147621479963e+01 1.85220952213985e-22 1.94803913066185e-22 
9.63128904112783e+01 1.78717303658984e-22 1.82110943957932e-22 
9.64110186745603e+01 1.72647043471575e-22 1.69864075867826e-22 
9.65091469378422e+01 1.66994800673337e-22 1.58033605808589e-22 
9.66072752011242e+01 1.61746385658365e-22 1.46590723918171e-22 
9.67054034644062e+01 1.56888456453231e-22 1.35507754908395e-22 
9.68035317276882e+01 1.52408770329092e-22 1.24757799178344e-22 
9.69016599909702e+01 1.48295874973905e-22 1.14314935971546e-22 
9.69997882542522e+01 1.44539346252050e-22 1.04153910767990e-22 
9.70979165175342e+01 1.41129501053337e-22 9.42503026297520e-23 
9.71960447808162e+01 1.38057623658122e-22 8.45802543071103e-23 
9.72941730440982e+01 1.35315697280774e-22 7.51206058744778e-23 
9.73923013073802e+01 1.32896621350141e-22 6.58486644375478e-23 
9.74904295706622e+01 1.30793958986319e-22 5.67423058096890e-23 
9.75885578339442e+01 1.29002147382586e-22 4.77797811221245e-23 
9.76866860972262e+01 1.27516258646133e-22 3.89397879616358e-23 
9.77848143605082e+01 1.26332205366637e-22 3.02013115690105e-23 
9.78829426237902e+01 1.25446512416375e-22 2.15436665485461e-23 
9.79810708870722e+01 1.24856519711069e-22 1.29463706953872e-23 
9.80791991503542e+01 1.24560162704574e-22 8.66174514254430e-24 
