Energy(eV)           EEDF(eV^-(3/2))      Anisotropy(eV^-(3/2))
1.52132127677570e-02 6.59659873747630e-02 8.81415535101065e-05 
4.56396383032709e-02 6.59609482577821e-02 1.96038645563585e-04 
7.60660638387849e-02 6.59572614790618e-02 2.58685292569179e-04 
1.06492489374299e-01 6.59545720878796e-02 3.45776371327533e-04 
1.36918914909813e-01 6.59527556035643e-02 4.40022698145726e-04 
1.67345340445327e-01 6.59514817008353e-02 5.34795103105157e-04 
1.97771765980841e-01 6.59505570086526e-02 6.31423970661413e-04 
2.28198191516355e-01 6.59497731519942e-02 7.27962761624019e-04 
2.58624617051868e-01 6.59489505756279e-02 8.25108370756421e-04 
2.89051042587382e-01 6.59477570216897e-02 9.13245195520383e-04 
3.19477468122896e-01 6.59460139430689e-02 9.98861013393287e-04 
3.49903893658410e-01 6.59435229845577e-02 1.08191137436784e-03 
3.80330319193924e-01 6.59401423625925e-02 1.16329557878185e-03 
4.10756744729438e-01 6.59357220947191e-02 1.24252787037924e-03 
4.41183170264952e-01 6.59302014954441e-02 1.32011883348260e-03 
4.71609595800466e-01 6.59234973522033e-02 1.39584432912125e-03 
5.02036021335980e-01 6.59155241204782e-02 1.46960992087245e-03 
5.32462446871494e-01 6.59062148973952e-02 1.54144001867946e-03 
5.62888872407008e-01 6.58955049608888e-02 1.61133421096561e-03 
5.93315297942522e-01 6.58833223766683e-02 1.67927086984897e-03 
6.23741723478036e-01 6.58695987491924e-02 1.74525841153701e-03 
6.54168149013550e-01 6.58542691679438e-02 1.80930850595907e-03 
6.84594574549064e-01 6.58372721619722e-02 1.87143500538724e-03 
7.15021000084578e-01 6.58185496467688e-02 1.93164529465689e-03 
7.45447425620091e-01 6.57980581913606e-02 1.98997456217370e-03 
7.75873851155605e-01 6.57757470495891e-02 2.04643297421151e-03 
8.06300276691119e-01 6.57515685818754e-02 2.10104100946094e-03 
8.36726702226633e-01 6.57254782627408e-02 2.15382026669342e-03 
8.67153127762147e-01 6.56974346170531e-02 2.20479326989857e-03 
8.97579553297661e-01 6.56673991550247e-02 2.25398335109896e-03 
9.28005978833175e-01 6.56353363060974e-02 2.30141455138353e-03 
9.58432404368689e-01 6.56012133519045e-02 2.34711153539766e-03 
9.88858829904203e-01 6.55650003584331e-02 2.39108754338106e-03 
1.01928525543972e+00 6.55267076595908e-02 2.43331755802013e-03 
1.04971168097523e+00 6.54865592115535e-02 2.47395046093333e-03 
1.08013810651074e+00 6.54445422966988e-02 2.51295062683614e-03 
1.11056453204626e+00 6.54006461429895e-02 2.55034496512765e-03 
1.14099095758177e+00 6.53548618668277e-02 2.58616063634138e-03 
1.17141738311729e+00 6.53071824160813e-02 2.62042500748706e-03 
1.20184380865280e+00 6.52576025133703e-02 2.65318603245472e-03 
1.23227023418831e+00 6.52060141383173e-02 2.68453193174395e-03 
1.26269665972383e+00 6.51523270656483e-02 2.71467306051004e-03 
1.29312308525934e+00 6.50965289189611e-02 2.74377604756473e-03 
1.32354951079486e+00 6.50386602693079e-02 2.77185744812460e-03 
1.35397593633037e+00 6.49788534021424e-02 2.79892427114050e-03 
1.38440236186588e+00 6.49171041461366e-02 2.82494792032105e-03 
1.41482878740140e+00 6.48534101644040e-02 2.84991640483689e-03 
1.44525521293691e+00 6.47877708839581e-02 2.87382177142964e-03 
1.47568163847243e+00 6.47201874258915e-02 2.89665965589751e-03 
1.50610806400794e+00 6.46506625363617e-02 2.91839450347699e-03 
1.53653448954345e+00 6.45794872981365e-02 2.93905791108025e-03 
1.56696091507897e+00 6.45067948064993e-02 2.95866086592768e-03 
1.59738734061448e+00 6.44325975645309e-02 2.97720598143604e-03 
1.62781376615000e+00 6.43569089950627e-02 2.99470170936128e-03 
1.65824019168551e+00 6.42797433820104e-02 3.01115826934619e-03 
1.68866661722102e+00 6.42011158140066e-02 3.02658744609136e-03 
1.71909304275654e+00 6.41210421302073e-02 3.04100240653609e-03 
1.74951946829205e+00 6.40395388681832e-02 3.05441753473521e-03 
1.77994589382757e+00 6.39566232137979e-02 3.06684828245513e-03 
1.81037231936308e+00 6.38723129530028e-02 3.07831103374807e-03 
1.84079874489859e+00 6.37866264254728e-02 3.08882298203301e-03 
1.87122517043411e+00 6.36995824800257e-02 3.09840201835643e-03 
1.90165159596962e+00 6.36112004317632e-02 3.10708950874650e-03 
1.93207802150514e+00 6.35211985766024e-02 3.11490792192779e-03 
1.96250444704065e+00 6.34293525696264e-02 3.12185885113955e-03 
1.99293087257616e+00 6.33356806076326e-02 3.12795515536632e-03 
2.02335729811168e+00 6.32402016373489e-02 3.13321682858084e-03 
2.05378372364719e+00 6.31429353064883e-02 3.13766407172428e-03 
2.08421014918270e+00 6.30439019161208e-02 3.14131723385138e-03 
2.11463657471822e+00 6.29431223743892e-02 3.14416240361014e-03 
2.14506300025373e+00 6.28411579299992e-02 3.14622664542484e-03 
2.17548942578925e+00 6.27380416976949e-02 3.14755615506203e-03 
2.20591585132476e+00 6.26337964733042e-02 3.14818731678819e-03 
2.23634227686027e+00 6.25281901045006e-02 3.14817311659298e-03 
2.26676870239579e+00 6.24211315214526e-02 3.14757776906837e-03 
2.29719512793130e+00 6.23126398523994e-02 3.14644914782714e-03 
2.32762155346682e+00 6.22027340904587e-02 3.14480363994278e-03 
2.35804797900233e+00 6.20914336981630e-02 3.14264891361847e-03 
2.38847440453784e+00 6.19787585633901e-02 3.13999344169058e-03 
2.41890083007336e+00 6.18647289568299e-02 3.13684640854769e-03 
2.44932725560887e+00 6.17493654909823e-02 3.13321762420412e-03 
2.47975368114439e+00 6.16326890806807e-02 3.12911744497379e-03 
2.51018010667990e+00 6.15147209051313e-02 3.12457410383526e-03 
2.54060653221541e+00 6.13951780816707e-02 3.11960822779077e-03 
2.57103295775093e+00 6.12740229298922e-02 3.11421005206807e-03 
2.60145938328644e+00 6.11512784756680e-02 3.10838685909587e-03 
2.63188580882196e+00 6.10269680167068e-02 3.10215072629387e-03 
2.66231223435747e+00 6.09011150863150e-02 3.09551391470968e-03 
2.69273865989298e+00 6.07737434184870e-02 3.08848882405400e-03 
2.72316508542850e+00 6.06448769143307e-02 3.08108795133699e-03 
2.75359151096401e+00 6.05145396098313e-02 3.07332385285328e-03 
2.78401793649953e+00 6.03827556449542e-02 3.06520910928274e-03 
2.81444436203504e+00 6.02495492340816e-02 3.05674599250439e-03 
2.84487078757055e+00 6.01151186224292e-02 3.04794123249486e-03 
2.87529721310607e+00 5.99794916196156e-02 3.03882261427948e-03 
2.90572363864158e+00 5.98426914530524e-02 3.02940293768454e-03 
2.93615006417710e+00 5.97047412690043e-02 3.01969448662178e-03 
2.96657648971261e+00 5.95656641123496e-02 3.00970941443719e-03 
2.99700291524812e+00 5.94254829075565e-02 2.99945536227947e-03 
3.02742934078364e+00 5.92842908075931e-02 2.98893505640785e-03 
3.05785576631915e+00 5.91422145039300e-02 2.97816304896761e-03 
3.08828219185466e+00 5.89992752332673e-02 2.96716103541145e-03 
3.11870861739018e+00 5.88554940086888e-02 2.95594028420879e-03 
3.14913504292569e+00 5.87108916088780e-02 2.94451184744772e-03 
3.17956146846121e+00 5.85654885683194e-02 2.93288655141309e-03 
3.20998789399672e+00 5.84193051684566e-02 2.92107498830831e-03 
3.24041431953223e+00 5.82723614297742e-02 2.90910422929659e-03 
3.27084074506775e+00 5.81246754113713e-02 2.89701757174630e-03 
3.30126717060326e+00 5.79762631522951e-02 2.88484017965268e-03 
3.33169359613878e+00 5.78271404394652e-02 2.87257706802944e-03 
3.36212002167429e+00 5.76773230430357e-02 2.86023104507537e-03 
3.39254644720980e+00 5.75268266940958e-02 2.84780522847076e-03 
3.42297287274532e+00 5.73756670637465e-02 2.83530300649445e-03 
3.45339929828083e+00 5.72238597435180e-02 2.82272800184592e-03 
3.48382572381635e+00 5.70714202270884e-02 2.81008403802043e-03 
3.51425214935186e+00 5.69183638932671e-02 2.79737510809153e-03 
3.54467857488737e+00 5.67647059902031e-02 2.78460534676773e-03 
3.57510500042289e+00 5.66104616206699e-02 2.77177913247113e-03 
3.60553142595840e+00 5.64556457142340e-02 2.75889672313535e-03 
3.63595785149392e+00 5.63003281367855e-02 2.74595844121796e-03 
3.66638427702943e+00 5.61445485485075e-02 2.73297441670477e-03 
3.69681070256494e+00 5.59883205578616e-02 2.71995239111565e-03 
3.72723712810046e+00 5.58316575553483e-02 2.70689704662432e-03 
3.75766355363597e+00 5.56745727060740e-02 2.69381304529755e-03 
3.78808997917149e+00 5.55170789432122e-02 2.68070501498139e-03 
3.81851640470700e+00 5.53591889623187e-02 2.66757753649913e-03 
3.84894283024251e+00 5.52009152164601e-02 2.65443513207898e-03 
3.87936925577803e+00 5.50422699121143e-02 2.64128225493123e-03 
3.90979568131354e+00 5.48832650058082e-02 2.62812327989764e-03 
3.94022210684906e+00 5.47239122014522e-02 2.61496249510217e-03 
3.97064853238457e+00 5.45642229483372e-02 2.60180409453615e-03 
4.00107495792008e+00 5.44042084397582e-02 2.58865893496507e-03 
4.03150138345560e+00 5.42438063238384e-02 2.57553989413505e-03 
4.06192780899111e+00 5.40829646862898e-02 2.56244376082732e-03 
4.09235423452663e+00 5.39216952797998e-02 2.54936590305090e-03 
4.12278066006214e+00 5.37600095981777e-02 2.53630995324460e-03 
4.15320708559765e+00 5.35979188769014e-02 2.52327942142718e-03 
4.18363351113317e+00 5.34354340941383e-02 2.51027769268467e-03 
4.21405993666868e+00 5.32725659722143e-02 2.49730802516133e-03 
4.24448636220419e+00 5.31093249795069e-02 2.48437354850990e-03 
4.27491278773971e+00 5.29457213327379e-02 2.47147726276002e-03 
4.30533921327522e+00 5.27817649996430e-02 2.45862203757030e-03 
4.33576563881074e+00 5.26174657019971e-02 2.44581061182830e-03 
4.36619206434625e+00 5.24528329189738e-02 2.43304557890546e-03 
4.39661848988176e+00 5.22878758928060e-02 2.42032944012274e-03 
4.42704491541728e+00 5.21226036255613e-02 2.40766571143983e-03 
4.45747134095279e+00 5.19570247331745e-02 2.39506010601291e-03 
4.48789776648831e+00 5.17911472736160e-02 2.38251613755279e-03 
4.51832419202382e+00 5.16249961842739e-02 2.37001878000851e-03 
4.54875061755933e+00 5.14587295038619e-02 2.35756615329316e-03 
4.57917704309485e+00 5.12923528922775e-02 2.34518173334696e-03 
4.60960346863036e+00 5.11258718422608e-02 2.33286665501932e-03 
4.64002989416588e+00 5.09592916805224e-02 2.32062204927366e-03 
4.67045631970139e+00 5.07926175633766e-02 2.30844903703629e-03 
4.70088274523690e+00 5.06258544787736e-02 2.29634872118626e-03 
4.73130917077242e+00 5.04590072431383e-02 2.28432218194964e-03 
4.76173559630793e+00 5.02920805041513e-02 2.27237047021193e-03 
4.79216202184345e+00 5.01250787386653e-02 2.26049460419123e-03 
4.82258844737896e+00 4.99580062560999e-02 2.24869556397639e-03 
4.85301487291447e+00 4.97908671973067e-02 2.23697428928020e-03 
4.88344129844999e+00 4.96236655384597e-02 2.22533167508591e-03 
4.91386772398550e+00 4.94564050907431e-02 2.21376857031547e-03 
4.94429414952102e+00 4.92890895046303e-02 2.20228577446330e-03 
4.97472057505653e+00 4.91217222702759e-02 2.19088403703830e-03 
5.00514700059204e+00 4.89543067220868e-02 2.17957777202460e-03 
5.03557342612756e+00 4.87867422620943e-02 2.16837731777480e-03 
5.06599985166307e+00 4.86189819474427e-02 2.15726676157749e-03 
5.09642627719859e+00 4.84510303264330e-02 2.14623756624531e-03 
5.12685270273410e+00 4.82828917961942e-02 2.13529031521792e-03 
5.15727912826961e+00 4.81145705748882e-02 2.12442570881395e-03 
5.18770555380513e+00 4.79460707086967e-02 2.11364436070514e-03 
5.21813197934064e+00 4.77773960759228e-02 2.10294680191494e-03 
5.24855840487615e+00 4.76085503937581e-02 2.09233348309899e-03 
5.27898483041167e+00 4.74395372224204e-02 2.08180477844951e-03 
5.30941125594718e+00 4.72703599716785e-02 2.07136098802040e-03 
5.33983768148270e+00 4.71010219049823e-02 2.06100234150778e-03 
5.37026410701821e+00 4.69315261457287e-02 2.05072900058095e-03 
5.40069053255372e+00 4.67618756813492e-02 2.04054106251544e-03 
5.43111695808924e+00 4.65920733693031e-02 2.03043856249882e-03 
5.46154338362475e+00 4.64221219410939e-02 2.02042147709667e-03 
5.49196980916027e+00 4.62520240079819e-02 2.01048972650724e-03 
5.52239623469578e+00 4.60817820649051e-02 2.00064317784736e-03 
5.55282266023129e+00 4.59113984959075e-02 1.99088164994241e-03 
5.58324908576681e+00 4.57408755774983e-02 1.98120492308149e-03 
5.61367551130232e+00 4.55702154826365e-02 1.97161273916257e-03 
5.64410193683784e+00 4.53994202842529e-02 1.96210479843222e-03 
5.67452836237335e+00 4.52284919599893e-02 1.95268076136952e-03 
5.70495478790886e+00 4.50574323955945e-02 1.94334025121501e-03 
5.73538121344438e+00 4.48862433894119e-02 1.93408285578147e-03 
5.76580763897989e+00 4.47149266556366e-02 1.92490812985523e-03 
5.79623406451541e+00 4.45434838285479e-02 1.91581559692251e-03 
5.82666049005092e+00 4.43719164656190e-02 1.90680475143093e-03 
5.85708691558643e+00 4.42002260514950e-02 1.89787506042437e-03 
5.88751334112195e+00 4.40284140009482e-02 1.88902596565932e-03 
5.91793976665746e+00 4.38564816626047e-02 1.88025688514132e-03 
5.94836619219298e+00 4.36844303217422e-02 1.87156721509382e-03 
5.97879261772849e+00 4.35122612037704e-02 1.86295633139283e-03 
6.00921904326400e+00 4.33399754768697e-02 1.85443276715603e-03 
6.03964546879952e+00 4.31675206478164e-02 1.84599934802089e-03 
6.07007189433503e+00 4.29948851336602e-02 1.83764529074000e-03 
6.10049831987055e+00 4.28220705015220e-02 1.82936735593962e-03 
6.13092474540606e+00 4.26490782653670e-02 1.82116482873117e-03 
6.16135117094157e+00 4.24759098894109e-02 1.81303698060971e-03 
6.19177759647709e+00 4.23025667903060e-02 1.80498307398531e-03 
6.22220402201260e+00 4.21290503397482e-02 1.79700236310180e-03 
6.25263044754811e+00 4.19553618665325e-02 1.78909409519712e-03 
6.28305687308363e+00 4.17815026589778e-02 1.78125751134420e-03 
6.31348329861914e+00 4.16074739668547e-02 1.77349184750413e-03 
6.34390972415466e+00 4.14332770036352e-02 1.76579633529078e-03 
6.37433614969017e+00 4.12589129482972e-02 1.75817020292132e-03 
6.40476257522568e+00 4.10843829474079e-02 1.75061267590600e-03 
6.43518900076120e+00 4.09096881168080e-02 1.74312297790130e-03 
6.46561542629671e+00 4.07348295435386e-02 1.73570033132950e-03 
6.49604185183223e+00 4.05598082874106e-02 1.72834395813899e-03 
6.52646827736774e+00 4.03846253827833e-02 1.72105308035617e-03 
6.55689470290325e+00 4.02092818400240e-02 1.71382692075059e-03 
6.58732112843877e+00 4.00337786471504e-02 1.70666470332486e-03 
6.61774755397428e+00 3.98581167711852e-02 1.69956565394960e-03 
6.64817397950980e+00 3.96822971596607e-02 1.69252900081672e-03 
6.67860040504531e+00 3.95063207418697e-02 1.68555397495059e-03 
6.70902683058082e+00 3.93301884302509e-02 1.67863981057407e-03 
6.73945325611634e+00 3.91539011215485e-02 1.67178574555338e-03 
6.76987968165185e+00 3.89774596980865e-02 1.66499102171329e-03 
6.80030610718737e+00 3.88008650288428e-02 1.65825488522187e-03 
6.83073253272288e+00 3.86241179706207e-02 1.65157658685965e-03 
6.86115895825839e+00 3.84472193690427e-02 1.64495538234852e-03 
6.89158538379391e+00 3.82701700596272e-02 1.63839053257859e-03 
6.92201180932942e+00 3.80929708687071e-02 1.63188130388646e-03 
6.95243823486494e+00 3.79156226144195e-02 1.62542696824333e-03 
6.98286466040045e+00 3.77381261075542e-02 1.61902680348765e-03 
7.01329108593596e+00 3.75604821524634e-02 1.61274663066516e-03 
7.04371751147148e+00 3.73823609200288e-02 1.60659500628589e-03 
7.07414393700699e+00 3.72037433339796e-02 1.60049934795155e-03 
7.10457036254250e+00 3.70246326658953e-02 1.59445406172652e-03 
7.13499678807802e+00 3.68450321585078e-02 1.58845841938610e-03 
7.16542321361353e+00 3.66649450270769e-02 1.58251169915512e-03 
7.19584963914905e+00 3.64843744608094e-02 1.57661318572657e-03 
7.22627606468456e+00 3.63033236241824e-02 1.57076217037778e-03 
7.25670249022007e+00 3.61217956582888e-02 1.56495795103786e-03 
7.28712891575559e+00 3.59397936820967e-02 1.55919983237313e-03 
7.31755534129110e+00 3.57573207937259e-02 1.55348712583122e-03 
7.34798176682662e+00 3.55743800716482e-02 1.54781914970012e-03 
7.37840819236213e+00 3.53909745758997e-02 1.54219522913165e-03 
7.40883461789764e+00 3.52071073492256e-02 1.53661469617852e-03 
7.43926104343316e+00 3.50227814182338e-02 1.53107688979924e-03 
7.46968746896867e+00 3.48379997944873e-02 1.52558115587572e-03 
7.50011389450419e+00 3.46527654756036e-02 1.52012684720377e-03 
7.53054032003970e+00 3.44670814462985e-02 1.51471332349349e-03 
7.56096674557521e+00 3.42809506794347e-02 1.50933995134620e-03 
7.59139317111073e+00 3.40943761370209e-02 1.50400610424130e-03 
7.62181959664624e+00 3.39073607712128e-02 1.49871116250254e-03 
7.65224602218176e+00 3.37199075252710e-02 1.49345451327210e-03 
7.68267244771727e+00 3.35320193345179e-02 1.48823555046820e-03 
7.71309887325278e+00 3.33436991272562e-02 1.48305367474938e-03 
7.74352529878830e+00 3.31549498256861e-02 1.47790829346415e-03 
7.77395172432381e+00 3.29657743467866e-02 1.47279882060707e-03 
7.80437814985933e+00 3.27761756031952e-02 1.46772467676246e-03 
7.83480457539484e+00 3.25861565040554e-02 1.46268528905352e-03 
7.86523100093035e+00 3.23957199558609e-02 1.45768009108134e-03 
7.89565742646587e+00 3.22048688632716e-02 1.45270852286858e-03 
7.92608385200138e+00 3.20136061299253e-02 1.44777003079446e-03 
7.95651027753689e+00 3.18219346592234e-02 1.44286406753454e-03 
7.98693670307241e+00 3.16298573551125e-02 1.43798644861331e-03 
8.01736312860792e+00 3.14373940338394e-02 1.43308871535493e-03 
8.04778955414344e+00 3.12447692332177e-02 1.42817235646692e-03 
8.07821597967895e+00 3.10519843135124e-02 1.42328764829879e-03 
8.10864240521446e+00 3.08590406463025e-02 1.41843410529685e-03 
8.13906883074998e+00 3.06659396147886e-02 1.41361124782876e-03 
8.16949525628549e+00 3.04726826141010e-02 1.40881860210903e-03 
8.19992168182101e+00 3.02792710515937e-02 1.40405570012795e-03 
8.23034810735652e+00 3.00857063471379e-02 1.39932207957679e-03 
8.26077453289203e+00 2.98919899334042e-02 1.39461728377592e-03 
8.29120095842755e+00 2.96981232561430e-02 1.38994086160048e-03 
8.32162738396306e+00 2.95041077744550e-02 1.38529236740875e-03 
8.35205380949858e+00 2.93099449610595e-02 1.38067136096788e-03 
8.38248023503409e+00 2.91156363025550e-02 1.37607740738281e-03 
8.41290666056960e+00 2.89211832996758e-02 1.37151007702326e-03 
8.44333308610512e+00 2.87265874675427e-02 1.36696894540828e-03 
8.47375951164063e+00 2.85318503359227e-02 1.36245359314491e-03 
8.50418593717615e+00 2.83369734494669e-02 1.35796360594976e-03 
8.53461236271166e+00 2.81419583679353e-02 1.35349857456804e-03 
8.56503878824717e+00 2.79468066664282e-02 1.34905809464436e-03 
8.59546521378269e+00 2.77515199356202e-02 1.34464176664894e-03 
8.62589163931820e+00 2.75560997819841e-02 1.34024919582486e-03 
8.65631806485372e+00 2.73605478280126e-02 1.33587999212655e-03 
8.68674449038923e+00 2.71648657124337e-02 1.33153377015433e-03 
8.71717091592474e+00 2.69690550904232e-02 1.32721014908861e-03 
8.74759734146026e+00 2.67731176338136e-02 1.32290875262575e-03 
8.77802376699577e+00 2.65770550312994e-02 1.31862920891439e-03 
8.80845019253129e+00 2.63808689886383e-02 1.31437115049305e-03 
8.83887661806680e+00 2.61845612288502e-02 1.31013421422841e-03 
8.86930304360231e+00 2.59881334924113e-02 1.30591804125503e-03 
8.89972946913783e+00 2.57915875374463e-02 1.30172227691519e-03 
8.93015589467334e+00 2.55949251399166e-02 1.29754657070053e-03 
8.96058232020886e+00 2.53981480938052e-02 1.29339057619433e-03 
8.99100874574437e+00 2.52012582112992e-02 1.28925395101469e-03 
9.02143517127988e+00 2.50042573229685e-02 1.28513635675878e-03 
9.05186159681540e+00 2.48071472779421e-02 1.28103745894817e-03 
9.08228802235091e+00 2.46099299440807e-02 1.27695692697475e-03 
9.11271444788643e+00 2.44126072081468e-02 1.27289443404823e-03 
9.14314087342194e+00 2.42151809759720e-02 1.26884965714400e-03 
9.17356729895745e+00 2.40176531726213e-02 1.26482227695231e-03 
9.20399372449297e+00 2.38200257425539e-02 1.26081197782834e-03 
9.23442015002848e+00 2.36223006497823e-02 1.25681844774304e-03 
9.26484657556400e+00 2.34244798780280e-02 1.25284137823506e-03 
9.29527300109951e+00 2.32265654308738e-02 1.24888046436377e-03 
9.32569942663502e+00 2.30285593319148e-02 1.24493540466275e-03 
9.35612585217054e+00 2.28304636249052e-02 1.24100590109457e-03 
9.38655227770605e+00 2.26322803739031e-02 1.23709165900633e-03 
9.41697870324156e+00 2.24340116634126e-02 1.23319238708625e-03 
9.44740512877708e+00 2.22356595985226e-02 1.22930779732071e-03 
9.47783155431259e+00 2.20372263050437e-02 1.22543760495252e-03 
9.50825797984811e+00 2.18387139296417e-02 1.22158152844007e-03 
9.53868440538362e+00 2.16401246399689e-02 1.21773928941710e-03 
9.56911083091913e+00 2.14414606247921e-02 1.21391061265344e-03 
9.59953725645465e+00 2.12427240941186e-02 1.21009522601647e-03 
9.62996368199016e+00 2.10439172793193e-02 1.20629286043356e-03 
9.66039010752568e+00 2.08450424332484e-02 1.20250324985505e-03 
9.69081653306119e+00 2.06461018303615e-02 1.19872613121814e-03 
9.72124295859670e+00 2.04470977668303e-02 1.19496124441176e-03 
9.75166938413222e+00 2.02480325606549e-02 1.19120833224184e-03 
9.78209580966773e+00 2.00489085517730e-02 1.18746714039749e-03 
9.81252223520324e+00 1.98497281021669e-02 1.18373741741786e-03 
9.84294866073876e+00 1.96504935959672e-02 1.18001891465984e-03 
9.87337508627427e+00 1.94512074395547e-02 1.17631138626636e-03 
9.90380151180979e+00 1.92518720616583e-02 1.17261458913537e-03 
9.93422793734530e+00 1.90524899134510e-02 1.16892828288958e-03 
9.96465436288081e+00 1.88530634686433e-02 1.16525222984683e-03 
9.99508078841633e+00 1.86535952235729e-02 1.16154187434668e-03 
1.00255072139518e+01 1.84543172223591e-02 1.15771053133579e-03 
1.00559336394874e+01 1.82556775702443e-02 1.15380398007029e-03 
1.00863600650229e+01 1.80576735923907e-02 1.14991426248271e-03 
1.01167864905584e+01 1.78603026409249e-02 1.14604121401961e-03 
1.01472129160939e+01 1.76635620945907e-02 1.14218467224164e-03 
1.01776393416294e+01 1.74674493584077e-02 1.13834447679221e-03 
1.02080657671649e+01 1.72719618633352e-02 1.13452046936674e-03 
1.02384921927004e+01 1.70770970659408e-02 1.13071249368232e-03 
1.02689186182360e+01 1.68828524480733e-02 1.12692039544799e-03 
1.02993450437715e+01 1.66892255165414e-02 1.12314402233544e-03 
1.03297714693070e+01 1.64962138027966e-02 1.11938322395037e-03 
1.03601978948425e+01 1.63038148626202e-02 1.11563785180406e-03 
1.03906243203780e+01 1.61120262758161e-02 1.11190775928584e-03 
1.04210507459135e+01 1.59208456459067e-02 1.10819280163566e-03 
1.04514771714490e+01 1.57302705998339e-02 1.10449283591731e-03 
1.04819035969846e+01 1.55402987876647e-02 1.10080772099210e-03 
1.05123300225201e+01 1.53509278823001e-02 1.09713731749294e-03 
1.05427564480556e+01 1.51621555791888e-02 1.09348148779885e-03 
1.05731828735911e+01 1.49739795960453e-02 1.08984009600994e-03 
1.06036092991266e+01 1.47863976725711e-02 1.08621300792282e-03 
1.06340357246621e+01 1.45994075701804e-02 1.08260009100642e-03 
1.06644621501976e+01 1.44130070717299e-02 1.07900121437816e-03 
1.06948885757331e+01 1.42271939812521e-02 1.07541624878061e-03 
1.07253150012687e+01 1.40419661236921e-02 1.07184506655843e-03 
1.07557414268042e+01 1.38573213446489e-02 1.06828754163576e-03 
1.07861678523397e+01 1.36732575101195e-02 1.06474354949407e-03 
1.08165942778752e+01 1.34897725062467e-02 1.06121296715048e-03 
1.08470207034107e+01 1.33068642390713e-02 1.05769567313620e-03 
1.08774471289462e+01 1.31245306342864e-02 1.05419154747535e-03 
1.09078735544817e+01 1.29427696369959e-02 1.05070047166411e-03 
1.09382999800173e+01 1.27615792114765e-02 1.04722232865032e-03 
1.09687264055528e+01 1.25809573409422e-02 1.04375700281339e-03 
1.09991528310883e+01 1.24009020273130e-02 1.04030437994452e-03 
1.10295792566238e+01 1.22214112909860e-02 1.03686434722726e-03 
1.10600056821593e+01 1.20424831706099e-02 1.03343679321838e-03 
1.10904321076948e+01 1.18641157228626e-02 1.03002160782909e-03 
1.11208585332303e+01 1.16863070222321e-02 1.02661868230652e-03 
1.11512849587659e+01 1.15090551607997e-02 1.02322790921553e-03 
1.11817113843014e+01 1.13323582480265e-02 1.01984918242077e-03 
1.12121378098369e+01 1.11562144105431e-02 1.01648239706910e-03 
1.12425642353724e+01 1.09806217919416e-02 1.01312744957223e-03 
1.12729906609079e+01 1.08055785525707e-02 1.00978423758966e-03 
1.13034170864434e+01 1.06310828693333e-02 1.00645266001191e-03 
1.13338435119789e+01 1.04571329354870e-02 1.00313261694407e-03 
1.13642699375145e+01 1.02837269604473e-02 9.99824009689442e-04 
1.13946963630500e+01 1.01108631695931e-02 9.96526740733579e-04 
1.14251227885855e+01 9.93853980407528e-03 9.93240713728581e-04 
1.14555492141210e+01 9.76675512062713e-03 9.89965833477586e-04 
1.14859756396565e+01 9.59550739137795e-03 9.86696296408938e-04 
1.15164020651920e+01 9.42479609855052e-03 9.83283007216563e-04 
1.15468284907275e+01 9.25465199133938e-03 9.79453533646144e-04 
1.15772549162631e+01 9.08517003930715e-03 9.75089675556408e-04 
1.16076813417986e+01 8.91644139204470e-03 9.70213817317408e-04 
1.16381077673341e+01 8.74855341348207e-03 9.64848109566021e-04 
1.16685341928696e+01 8.58158971972274e-03 9.59014449826277e-04 
1.16989606184051e+01 8.41563022019926e-03 9.52734464316590e-04 
1.17293870439406e+01 8.25075116195184e-03 9.46029490923652e-04 
1.17598134694761e+01 8.08702517683397e-03 9.38920563321843e-04 
1.17902398950117e+01 7.92452133145318e-03 9.31428396215866e-04 
1.18206663205472e+01 7.76330517965810e-03 9.23573371683241e-04 
1.18510927460827e+01 7.60343881738701e-03 9.15375526592461e-04 
1.18815191716182e+01 7.44498093969699e-03 9.06854541071932e-04 
1.19119455971537e+01 7.28798689979656e-03 8.98029728003948e-04 
1.19423720226892e+01 7.13250876990910e-03 8.88920023517305e-04 
1.19727984482247e+01 6.97859540379860e-03 8.79543978451831e-04 
1.20032248737602e+01 6.82629250079353e-03 8.69909619796369e-04 
1.20336512992958e+01 6.67574376916819e-03 8.60025899365479e-04 
1.20640777248313e+01 6.52705126039555e-03 8.49922414037950e-04 
1.20945041503668e+01 6.38024743244400e-03 8.39624836920062e-04 
1.21249305759023e+01 6.23536180046943e-03 8.29149424059993e-04 
1.21553570014378e+01 6.09242102220851e-03 8.18511989801547e-04 
1.21857834269733e+01 5.95144898335150e-03 8.07727905558086e-04 
1.22162098525088e+01 5.81246688276423e-03 7.96812099313728e-04 
1.22466362780444e+01 5.67549331743573e-03 7.85779055818542e-04 
1.22770627035799e+01 5.54054436703417e-03 7.74642817445035e-04 
1.23074891291154e+01 5.40763367795998e-03 7.63416985673738e-04 
1.23379155546509e+01 5.27677254679139e-03 7.52114723175953e-04 
1.23683419801864e+01 5.14797000302336e-03 7.40748756462354e-04 
1.23987684057219e+01 5.02123289100706e-03 7.29331379066915e-04 
1.24291948312574e+01 4.89656595100260e-03 7.17874455235936e-04 
1.24596212567930e+01 4.77397189926337e-03 7.06389424092681e-04 
1.24900476823285e+01 4.65345150707598e-03 6.94887304248956e-04 
1.25204741078640e+01 4.53500367868490e-03 6.83378698835378e-04 
1.25509005333995e+01 4.41862552803624e-03 6.71873800923045e-04 
1.25813269589350e+01 4.30431245427996e-03 6.60382399309795e-04 
1.26117533844705e+01 4.19205821597498e-03 6.48913884645162e-04 
1.26421798100060e+01 4.08185500394598e-03 6.37477255868878e-04 
1.26726062355416e+01 3.97369351274553e-03 6.26081126938475e-04 
1.27030326610771e+01 3.86756301067954e-03 6.14726026604563e-04 
1.27334590866126e+01 3.76345241678073e-03 6.03400218964675e-04 
1.27638855121481e+01 3.66135406665339e-03 5.92095515356414e-04 
1.27943119376836e+01 3.56126141632931e-03 5.80816691003595e-04 
1.28247383632191e+01 3.46316627500587e-03 5.69573222839203e-04 
1.28551647887546e+01 3.36705888771999e-03 5.58374136626976e-04 
1.28855912142902e+01 3.27292801628688e-03 5.47228015561036e-04 
1.29160176398257e+01 3.18076101845725e-03 5.36143009159039e-04 
1.29464440653612e+01 3.09054392525286e-03 5.25126842418007e-04 
1.29768704908967e+01 3.00226151644539e-03 5.14186825203136e-04 
1.30072969164322e+01 2.91589739414864e-03 5.03329861841012e-04 
1.30377233419677e+01 2.83143405449948e-03 4.92562460889902e-04 
1.30681497675032e+01 2.74885295740720e-03 4.81890745060814e-04 
1.30985761930388e+01 2.66813459435562e-03 4.71320461264254e-04 
1.31290026185743e+01 2.58925855424676e-03 4.60856990758705e-04 
1.31594290441098e+01 2.51220358727854e-03 4.50505359377986e-04 
1.31898554696453e+01 2.43694766685320e-03 4.40270247815753e-04 
1.32202818951808e+01 2.36346804951662e-03 4.30156001946507e-04 
1.32507083207163e+01 2.29174133293203e-03 4.20166643163521e-04 
1.32811347462518e+01 2.22174351189508e-03 4.10305878715222e-04 
1.33115611717873e+01 2.15345003240010e-03 4.00577112022505e-04 
1.33419875973229e+01 2.08683584377030e-03 3.90983452960594e-04 
1.33724140228584e+01 2.02187544886722e-03 3.81527728089988e-04 
1.34028404483939e+01 1.95854295239741e-03 3.72212490822004e-04 
1.34332668739294e+01 1.89681210733632e-03 3.63040031505428e-04 
1.34636932994649e+01 1.83665635949188e-03 3.54012387421676e-04 
1.34941197250004e+01 1.77804889023171e-03 3.45131352676805e-04 
1.35245461505359e+01 1.72096265740033e-03 3.36398487979536e-04 
1.35549725760715e+01 1.66537043445370e-03 3.27815130295374e-04 
1.35853990016070e+01 1.61124484784043e-03 3.19382402367714e-04 
1.36158254271425e+01 1.55855841266007e-03 3.11101222097585e-04 
1.36462518526780e+01 1.50728356663015e-03 3.02972311774492e-04 
1.36766782782135e+01 1.45739270239470e-03 2.94996207151610e-04 
1.37071047037490e+01 1.40885819820799e-03 2.87168904147584e-04 
1.37375311292845e+01 1.36165272665894e-03 2.79480975980174e-04 
1.37679575548201e+01 1.31575160188051e-03 2.71926277711819e-04 
1.37983839803556e+01 1.27113088817761e-03 2.64504637677885e-04 
1.38288104058911e+01 1.22776648348510e-03 2.57217242462378e-04 
1.38592368314266e+01 1.18563415748554e-03 2.50065058196083e-04 
1.38896632569621e+01 1.14470958789952e-03 2.43048840629173e-04 
1.39200896824976e+01 1.10496839498490e-03 2.36169145024976e-04 
1.39505161080331e+01 1.06638617428293e-03 2.29426335866227e-04 
1.39809425335687e+01 1.02893852765038e-03 2.22820596366146e-04 
1.40113689591042e+01 9.92601092617705e-04 2.16351937777522e-04 
1.40417953846397e+01 9.57349570114238e-04 2.10020208493825e-04 
1.40722218101752e+01 9.23159750602261e-04 2.03825102937232e-04 
1.41026482357107e+01 8.90007538662129e-04 1.97766170229196e-04 
1.41330746612462e+01 8.57868976071332e-04 1.91842822639938e-04 
1.41635010867817e+01 8.26720263420615e-04 1.86054343813957e-04 
1.41939275123173e+01 7.96537780310512e-04 1.80399896769344e-04 
1.42243539378528e+01 7.67298104171790e-04 1.74878531669270e-04 
1.42547803633883e+01 7.38978027753295e-04 1.69489193364677e-04 
1.42852067889238e+01 7.11554575320603e-04 1.64230728707758e-04 
1.43156332144593e+01 6.85005017608725e-04 1.59101893636333e-04 
1.43460596399948e+01 6.59306885571824e-04 1.54101360029749e-04 
1.43764860655303e+01 6.34437982972571e-04 1.49227722337420e-04 
1.44069124910658e+01 6.10376397853357e-04 1.44479503981544e-04 
1.44373389166014e+01 5.87100512931076e-04 1.39855163535978e-04 
1.44677653421369e+01 5.64589014956644e-04 1.35353100683616e-04 
1.44981917676724e+01 5.42820903079819e-04 1.30971661955018e-04 
1.45286181932079e+01 5.21775496259208e-04 1.26709146251324e-04 
1.45590446187434e+01 5.01432439756634e-04 1.22563810154842e-04 
1.45894710442789e+01 4.81771710754278e-04 1.18533873030962e-04 
1.46198974698144e+01 4.62773623132209e-04 1.14617521925331e-04 
1.46503238953500e+01 4.44418831443056e-04 1.10812916260451e-04 
1.46807503208855e+01 4.26688334119733e-04 1.07118192336093e-04 
1.47111767464210e+01 4.09563475951192e-04 1.03527723986624e-04 
1.47416031719565e+01 3.93025925625945e-04 1.00032300389906e-04 
1.47720295974920e+01 3.77060040909927e-04 9.66263170430152e-05 
1.48024560230275e+01 3.61650677970761e-04 9.33085824668175e-05 
1.48328824485630e+01 3.46782830733559e-04 9.00783835505547e-05 
1.48633088740986e+01 3.32441645462941e-04 8.69349188321590e-05 
1.48937352996341e+01 3.18612434176184e-04 8.38773052803824e-05 
1.49241617251696e+01 3.05280686930853e-04 8.09045848377255e-05 
1.49545881507051e+01 2.92432083030008e-04 7.80157307246216e-05 
1.49850145762406e+01 2.80052501187830e-04 7.52096529940846e-05 
1.50154410017761e+01 2.68128080063499e-04 7.24851397463859e-05 
1.50458674273116e+01 2.56651681223078e-04 6.98402650246014e-05 
1.50762938528472e+01 2.45609350356768e-04 6.72746003913879e-05 
1.51067202783827e+01 2.34987395831139e-04 6.47867964766282e-05 
1.51371467039182e+01 2.24772393374953e-04 6.23754704164259e-05 
1.51675731294537e+01 2.14951189970541e-04 6.00392104619848e-05 
1.51979995549892e+01 2.05510906993339e-04 5.77765803611806e-05 
1.52284259805247e+01 1.96438942640995e-04 5.55861235181878e-05 
1.52588524060602e+01 1.87722973692265e-04 5.34663669367598e-05 
1.52892788315958e+01 1.79350956634724e-04 5.14158249529723e-05 
1.53197052571313e+01 1.71311128199042e-04 4.94330027634130e-05 
1.53501316826668e+01 1.63592005336315e-04 4.75163997549461e-05 
1.53805581082023e+01 1.56182384673712e-04 4.56645126423089e-05 
1.54109845337378e+01 1.49071341482356e-04 4.38758384198948e-05 
1.54414109592733e+01 1.42248228190137e-04 4.21488771341510e-05 
1.54718373848088e+01 1.35702672470814e-04 4.04821344830780e-05 
1.55022638103444e+01 1.29424574939546e-04 3.88741242493505e-05 
1.55326902358799e+01 1.23404106483657e-04 3.73233705735998e-05 
1.55631166614154e+01 1.17631705256220e-04 3.58284100744007e-05 
1.55935430869509e+01 1.12098073358776e-04 3.43877938214882e-05 
1.56239695124864e+01 1.06794173238264e-04 3.30000891687065e-05 
1.56543959380219e+01 1.01711223822022e-04 3.16638814531548e-05 
1.56848223635574e+01 9.68406964134990e-05 3.03777755669404e-05 
1.57152487890929e+01 9.21743103701612e-05 2.91403974078928e-05 
1.57456752146285e+01 8.77040285838703e-05 2.79503952155242e-05 
1.57761016401640e+01 8.34220527829005e-05 2.68064407984513e-05 
1.58065280656995e+01 7.93208186736193e-05 2.57071844850411e-05 
1.58369544912350e+01 7.53923587099742e-05 2.46434820429045e-05 
1.58673809167705e+01 7.16318477305136e-05 2.36144758329803e-05 
1.58978073423060e+01 6.80323285356293e-05 2.26197761038070e-05 
1.59282337678415e+01 6.45892554211412e-05 2.16575527445452e-05 
1.59586601933771e+01 6.12961192082667e-05 2.07267455340773e-05 
1.59890866189126e+01 5.81488981250663e-05 1.98262554616473e-05 
1.60195130444481e+01 5.51416208866574e-05 1.89558336527405e-05 
1.60499394699836e+01 5.22702997518799e-05 1.81145034647375e-05 
1.60803658955191e+01 4.95293162292278e-05 1.73019786903443e-05 
1.61107923210546e+01 4.69148730381190e-05 1.65176189727902e-05 
1.61412187465901e+01 4.44215753687368e-05 1.57612313144976e-05 
1.61716451721257e+01 4.20457106575264e-05 1.50320949943248e-05 
1.62020715976612e+01 3.97821314568578e-05 1.43299433433222e-05 
1.62324980231967e+01 3.76272317072387e-05 1.36540051938946e-05 
1.62629244487322e+01 3.55761255550441e-05 1.30039486613254e-05 
1.62933508742677e+01 3.36253324316096e-05 1.23789720921586e-05 
1.63237772998032e+01 3.17702360093141e-05 1.17786892872815e-05 
1.63542037253387e+01 3.00074966859818e-05 1.12022829846594e-05 
1.63846301508743e+01 2.83327709150724e-05 1.06493238544100e-05 
1.64150565764098e+01 2.67428719813209e-05 1.01189907257360e-05 
1.64454830019453e+01 2.52337287202833e-05 9.61082173242658e-06 
1.64759094274808e+01 2.38023158893734e-05 9.12400120701814e-06 
1.65063358530163e+01 2.24448313931862e-05 8.65820344353658e-06 
1.65367622785518e+01 2.11584468376682e-05 8.21295121728960e-06 
1.65671887040873e+01 1.99395429794393e-05 7.78794722897895e-06 
1.65976151296229e+01 1.87853141034984e-05 7.38238452190797e-06 
1.66280415551584e+01 1.76923739094810e-05 6.99567801251870e-06 
1.66584679806939e+01 1.66581134028430e-05 6.62699804157120e-06 
1.66888944062294e+01 1.56794165389265e-05 6.27577665456192e-06 
1.67193208317649e+01 1.47538640998196e-05 5.94122841071766e-06 
1.67497472573004e+01 1.38785950061119e-05 5.62280562835151e-06 
1.67801736828359e+01 1.30513720022813e-05 5.31976773910666e-06 
1.68106001083714e+01 1.22695736053644e-05 5.03158978640172e-06 
1.68410265339070e+01 1.15311360562486e-05 4.75757616148949e-06 
1.68714529594425e+01 1.08336621966042e-05 4.49722646841917e-06 
1.69018793849780e+01 1.01752528391623e-05 4.24988967628258e-06 
1.69323058105135e+01 9.55372011866731e-06 4.01509124339808e-06 
1.69627322360490e+01 8.96732020452836e-06 3.79222395150395e-06 
1.69931586615845e+01 8.41405984863010e-06 3.58081492340502e-06 
1.70235850871201e+01 7.89243157443869e-06 3.38017363684487e-06 
1.70540115126556e+01 7.40085239587744e-06 3.18970253434206e-06 
1.70844379381911e+01 6.93788311445112e-06 3.00888383816617e-06 
1.71148643637266e+01 6.50189215530330e-06 2.83735140967185e-06 
1.71452907892621e+01 6.09156374096727e-06 2.67465637406232e-06 
1.71757172147976e+01 5.70541363669557e-06 2.52045312561914e-06 
1.72061436403331e+01 5.34224182250304e-06 2.37432120928124e-06 
1.72365700658686e+01 5.00070135845666e-06 2.23593574597828e-06 
1.72669964914042e+01 4.67970037347360e-06 2.10490459180587e-06 
1.72974229169397e+01 4.37801933739743e-06 1.98092355078363e-06 
1.73278493424752e+01 4.09466704520847e-06 1.86362832481059e-06 
1.73582757680107e+01 3.82854175639445e-06 1.75273514923518e-06 
1.73887021935462e+01 3.57874563530726e-06 1.64790682832955e-06 
1.74191286190817e+01 3.34428545514199e-06 1.54887959930085e-06 
1.74495550446172e+01 3.12434968900641e-06 1.45534241321083e-06 
1.74799814701528e+01 2.91804475028160e-06 1.36705093215693e-06 
1.75104078956883e+01 2.72463863611477e-06 1.28371273965551e-06 
1.75408343212238e+01 2.54332707070527e-06 1.20509119515702e-06 
1.75712607467593e+01 2.37345433107347e-06 1.13091866772873e-06 
1.76016871722948e+01 2.21430499916303e-06 1.06098959277089e-06 
1.76321135978303e+01 2.06529022146067e-06 9.95067167343373e-07 
1.76625400233658e+01 1.92576940302273e-06 9.32963280729575e-07 
1.76929664489014e+01 1.79521395970205e-06 8.74461548822512e-07 
1.77233928744369e+01 1.67305137289205e-06 8.19389344818004e-07 
1.77538192999724e+01 1.55880809145354e-06 7.67549478508749e-07 
1.77842457255079e+01 1.45197337077458e-06 7.18783989990906e-07 
1.78146721510434e+01 1.35212377158308e-06 6.72913644209740e-07 
1.78450985765789e+01 1.25880446279921e-06 6.29794301078043e-07 
1.78755250021144e+01 1.17163751435742e-06 5.89263447580144e-07 
1.79059514276500e+01 1.09021858189304e-06 5.51189902238257e-07 
1.79363778531855e+01 1.01421095892316e-06 5.15426662214822e-07 
1.79668042787210e+01 9.43255781948704e-07 4.81854642765720e-07 
1.79972307042565e+01 8.77053594164246e-07 4.50340363902780e-07 
1.80276571297920e+01 8.15286128318504e-07 4.20773652068090e-07 
1.80580835553275e+01 7.57687575364997e-07 3.93033008113592e-07 
1.80885099808630e+01 7.03977576245013e-07 3.67020685088288e-07 
1.81189364063986e+01 6.53921319190043e-07 3.42630186550069e-07 
1.81493628319341e+01 6.07270982836561e-07 3.19774324724368e-07 
1.81797892574696e+01 5.63818648821069e-07 2.98357440439672e-07 
1.82102156830051e+01 5.23345605352225e-07 2.78300999259007e-07 
1.82406421085406e+01 4.85668051820014e-07 2.59519252533936e-07 
1.82710685340761e+01 4.50593266370214e-07 2.41941613119096e-07 
1.83014949596116e+01 4.17959031268071e-07 2.25491367799928e-07 
1.83319213851471e+01 3.87595784015962e-07 2.10105204389382e-07 
1.83623478106827e+01 3.59360581953145e-07 1.95714623499953e-07 
1.83927742362182e+01 3.33104460791453e-07 1.82262951742465e-07 
1.84232006617537e+01 3.08701658093791e-07 1.69689136125449e-07 
1.84536270872892e+01 2.86021496587302e-07 1.57942543568477e-07 
1.84840535128247e+01 2.64953497885918e-07 1.46968853994513e-07 
1.85144799383602e+01 2.45383191412175e-07 1.36724190764142e-07 
1.85449063638957e+01 2.27214182545322e-07 1.27162153032916e-07 
1.85753327894313e+01 2.10345671045553e-07 1.18243284227158e-07 
1.86057592149668e+01 1.94692187107651e-07 1.09924230707373e-07 
1.86361856405023e+01 1.80165759608965e-07 1.02168765053756e-07 
1.86666120660378e+01 1.66691731005145e-07 9.49385777683781e-08 
1.86970384915733e+01 1.54193440859826e-07 8.82016239335212e-08 
1.87274649171088e+01 1.42605756333966e-07 8.19241243760717e-08 
1.87578913426443e+01 1.31861951481160e-07 7.60777761997196e-08 
1.87883177681799e+01 1.21905271518880e-07 7.06328364146898e-08 
1.88187441937154e+01 1.12677704093642e-07 6.55643436045310e-08 
1.88491706192509e+01 1.04129853234335e-07 6.08461443622807e-08 
1.88795970447864e+01 9.62113389426934e-08 5.64562555267873e-08 
1.89100234703219e+01 8.88792197086791e-08 5.23717106261816e-08 
1.89404498958574e+01 8.20897919502323e-08 4.85731762301225e-08 
1.89708763213929e+01 7.58057676245658e-08 4.50405106271462e-08 
1.90013027469285e+01 6.99892757883104e-08 4.17567337178030e-08 
1.90317291724640e+01 6.46079736281416e-08 3.87042035070012e-08 
1.90621555979995e+01 5.96290792468227e-08 3.58680264453628e-08 
1.90925820235350e+01 5.50245698759390e-08 3.32327691568243e-08 
1.91230084490705e+01 5.07660983736196e-08 3.07853850668852e-08 
1.91534348746060e+01 4.68294110347400e-08 2.85123892566315e-08 
1.91838613001415e+01 4.31900206242474e-08 2.64023674517117e-08 
1.92142877256771e+01 3.98269576752485e-08 2.44435511342052e-08 
1.92447141512126e+01 3.67190905465351e-08 2.26259663702502e-08 
1.92751405767481e+01 3.38483080479711e-08 2.09393544484361e-08 
1.93055670022836e+01 3.11963923308123e-08 1.93750104725509e-08 
1.93359934278191e+01 2.87477167928890e-08 1.79240019470040e-08 
1.93664198533546e+01 2.64865908779853e-08 1.65787404401053e-08 
1.93968462788901e+01 2.43995452158078e-08 1.53314568110378e-08 
1.94272727044257e+01 2.24730788812320e-08 1.41755434544630e-08 
1.94576991299612e+01 2.06955933731474e-08 1.31042503577622e-08 
1.94881255554967e+01 1.90554827949994e-08 1.21118303752980e-08 
1.95185519810322e+01 1.75427693582146e-08 1.11924251078458e-08 
1.95489784065677e+01 1.61474854943393e-08 1.03410412394082e-08 
1.95794048321032e+01 1.48610558945609e-08 9.55259942310910e-09 
1.96098312576387e+01 1.36749279288090e-08 8.82276586849801e-09 
1.96402576831742e+01 1.25817386376158e-08 8.14714107174716e-09 
1.96706841087098e+01 1.15741561710549e-08 7.52196749829545e-09 
1.97011105342453e+01 1.06458644880930e-08 6.94343817453013e-09 
1.97315369597808e+01 9.79058397512253e-09 6.40829840814306e-09 
1.97619633853163e+01 9.00290175454647e-09 5.91325702125333e-09 
1.97923898108518e+01 8.27744431868310e-09 5.45549753442425e-09 
1.98228162363873e+01 7.60957719324971e-09 5.03217721874338e-09 
1.98532426619228e+01 6.99470643213765e-09 4.64086099063613e-09 
1.98836690874584e+01 6.42886782664756e-09 4.27909553836659e-09 
1.99140955129939e+01 5.90813754116295e-09 3.94479896056133e-09 
1.99445219385294e+01 5.42913939397314e-09 3.63588372551679e-09 
1.99749483640649e+01 4.98851467777095e-09 3.35054627363633e-09 
2.00053747896004e+01 4.58336209801014e-09 3.08692587290631e-09 
2.00358012151359e+01 4.21049898932659e-09 2.84357700093561e-09 
2.00662276406714e+01 3.86735337594109e-09 2.61893737571867e-09 
2.00966540662070e+01 3.55154253029169e-09 2.41163633610125e-09 
2.01270804917425e+01 3.26100604288106e-09 2.22032744698465e-09 
2.01575069172780e+01 2.99370916216438e-09 2.04385195196029e-09 
2.01879333428135e+01 2.74789133319684e-09 1.88105274354830e-09 
2.02183597683490e+01 2.52181638109319e-09 1.73093322690587e-09 
2.02487861938845e+01 2.31398122727978e-09 1.59249988309283e-09 
2.02792126194200e+01 2.12290565946146e-09 1.46489637067757e-09 
2.03096390449556e+01 1.94730748417724e-09 1.34727038088982e-09 
2.03400654704911e+01 1.78592572691056e-09 1.23888675382789e-09 
2.03704918960266e+01 1.63766751681417e-09 1.13901495586221e-09 
2.04009183215621e+01 1.50145949828261e-09 1.04702442501534e-09 
2.04313447470976e+01 1.37637092549003e-09 9.62289542297106e-10 
2.04617711726331e+01 1.26148886490618e-09 8.84269940071376e-10 
2.04921975981686e+01 1.15602128254440e-09 8.12430302605767e-10 
2.05226240237042e+01 1.05919229575977e-09 7.46307960450335e-10 
2.05530504492397e+01 9.70328446691658e-10 6.85445252183953e-10 
2.05834768747752e+01 8.88770838609207e-10 6.29446377142627e-10 
2.06139033003107e+01 8.13947289395578e-10 5.77920389503233e-10 
2.06443297258462e+01 7.45298677621775e-10 5.30528982585990e-10 
2.06747561513817e+01 6.82339246730413e-10 4.86938476133993e-10 
2.07051825769172e+01 6.24594901721947e-10 4.46859950515618e-10 
2.07356090024527e+01 5.71653576547912e-10 4.10008835333594e-10 
2.07660354279883e+01 5.23113574754108e-10 3.76138594822493e-10 
2.07964618535238e+01 4.78625609733399e-10 3.45006736795918e-10 
2.08268882790593e+01 4.37849581281063e-10 3.16403065905357e-10 
2.08573147045948e+01 4.00489642454535e-10 2.90121111618532e-10 
2.08877411301303e+01 3.66258056792668e-10 2.65981809075744e-10 
2.09181675556658e+01 3.34904429474275e-10 2.43809497774783e-10 
2.09485939812013e+01 3.06185503803860e-10 2.23451756486754e-10 
2.09790204067369e+01 2.79889512090523e-10 2.04759254466201e-10 
2.10094468322724e+01 2.55810950773210e-10 1.87602353799227e-10 
2.10398732578079e+01 2.33770852792611e-10 1.71854205582753e-10 
2.10702996833434e+01 2.13595733423724e-10 1.57404637196047e-10 
2.11007261088789e+01 1.95134456491114e-10 1.44145979853070e-10 
2.11311525344144e+01 1.78240671861818e-10 1.31984677062885e-10 
2.11615789599499e+01 1.62786838921910e-10 1.20829409701895e-10 
2.11920053854855e+01 1.48649585392358e-10 1.10600793174728e-10 
2.12224318110210e+01 1.35721359867735e-10 1.01221433777517e-10 
2.12528582365565e+01 1.23898233244001e-10 9.26240239207949e-11 
2.12832846620920e+01 1.13089575123842e-10 8.47430208583905e-11 
2.13137110876275e+01 1.03207896318165e-10 7.75214001914444e-11 
2.13441375131630e+01 9.41768792618292e-11 7.09036965582852e-11 
2.13745639386985e+01 8.59229250039784e-11 6.48416341414758e-11 
2.14049903642341e+01 7.83818135166626e-11 5.92883099672984e-11 
2.14354167897696e+01 7.14916732195809e-11 5.42028851238358e-11 
2.14658432153051e+01 6.51985015630630e-11 4.95457260278179e-11 
2.14962696408406e+01 5.94503210491030e-11 4.52823105411774e-11 
2.15266960663761e+01 5.42017523428101e-11 4.13791718866957e-11 
2.15571224919116e+01 4.94091593171979e-11 3.78071489805448e-11 
2.15875489174471e+01 4.50344350216662e-11 3.45380024339027e-11 
2.16179753429827e+01 4.10409706475428e-11 3.15471174830089e-11 
2.16484017685182e+01 3.73967879687771e-11 2.88106823981575e-11 
2.16788281940537e+01 3.40711942757813e-11 2.63079347817671e-11 
2.17092546195892e+01 3.10373725672914e-11 2.40188103117301e-11 
2.17396810451247e+01 2.82696072577640e-11 2.19258083749405e-11 
2.17701074706602e+01 2.57454247362889e-11 2.00120339030844e-11 
2.18005338961957e+01 2.34432937156615e-11 1.82627458754454e-11 
2.18309603217313e+01 2.13443931912659e-11 1.66637274903407e-11 
2.18613867472668e+01 1.94307072572240e-11 1.52025706351809e-11 
2.18918131728023e+01 1.76864844961225e-11 1.38673201397040e-11 
2.19222395983378e+01 1.60966604364365e-11 1.26475385585046e-11 
2.19526660238733e+01 1.46480615630018e-11 1.15331790816560e-11 
2.19830924494088e+01 1.33280997492515e-11 1.05154676389770e-11 
2.20135188749443e+01 1.21257650456067e-11 9.58605400353049e-12 
2.20439453004798e+01 1.10306013851446e-11 8.73766520011045e-12 
2.20743717260154e+01 1.00333738065038e-11 7.96326577734606e-12 
2.21047981515509e+01 9.12527364766843e-12 7.25662645653744e-12 
2.21352245770864e+01 8.29859575300921e-12 6.61176768720026e-12 
2.21656510026219e+01 7.54600106745427e-12 6.02346669295623e-12 
2.21960774281574e+01 6.86106857017248e-12 5.48675453538530e-12 
2.22265038536929e+01 6.23771028214966e-12 4.99735121129378e-12 
2.22569302792284e+01 5.67059683535394e-12 4.55114473274542e-12 
2.22873567047640e+01 5.15460153792776e-12 4.14448439771190e-12 
2.23177831302995e+01 4.68523961907203e-12 3.77382646539771e-12 
2.23482095558350e+01 4.25825391114239e-12 3.43607546380306e-12 
2.23786359813705e+01 3.86991947662921e-12 3.12827780905097e-12 
2.24090624069060e+01 3.51670244281945e-12 2.84785286056948e-12 
2.24394888324415e+01 3.19551007823378e-12 2.59233981342823e-12 
2.24699152579770e+01 2.90340994453805e-12 2.35958803569587e-12 
2.25003416835126e+01 2.63783512838282e-12 2.14754803220674e-12 
2.25307681090481e+01 2.39635311253311e-12 1.95442819090925e-12 
2.25611945345836e+01 2.17683415374961e-12 1.77852219471142e-12 
2.25916209601191e+01 1.97726112511343e-12 1.61833806514874e-12 
2.26220473856546e+01 1.79586761627662e-12 1.47245570848860e-12 
2.26524738111901e+01 1.63098152823937e-12 1.33963312016081e-12 
2.26829002367256e+01 1.48113830655673e-12 1.21868883752560e-12 
2.27133266622612e+01 1.34495233358117e-12 1.10858932067938e-12 
2.27437530877967e+01 1.22120974467744e-12 1.00835198499476e-12 
2.27741795133322e+01 1.10876270694593e-12 9.17117072790985e-13 
2.28046059388677e+01 1.00660547731108e-12 8.34067685381646e-13 
2.28350323644032e+01 9.13787518932347e-13 7.58488880495494e-13 
2.28654587899387e+01 8.29475808551985e-13 6.89701742274858e-13 
2.28958852154742e+01 7.52883453620938e-13 6.27111960349131e-13 
2.29263116410098e+01 6.83320720027432e-13 5.70155488767158e-13 
2.29567380665453e+01 6.20136400457409e-13 5.18338466927875e-13 
2.29871644920808e+01 5.62759592345072e-13 4.71192442885420e-13 
2.30175909176163e+01 5.10651552717856e-13 4.28307169557370e-13 
2.30480173431518e+01 4.63339893208694e-13 3.89293719239119e-13 
2.30784437686873e+01 4.20379056455889e-13 3.53811418727968e-13 
2.31088701942228e+01 3.81378296505498e-13 3.21537472706454e-13 
2.31392966197584e+01 3.45969241520073e-13 2.92189078771248e-13 
2.31697230452939e+01 3.13828782500278e-13 2.65498417960289e-13 
2.32001494708294e+01 2.84652458824452e-13 2.41230806985042e-13 
2.32305758963649e+01 2.58173176546238e-13 2.19164113189707e-13 
2.32610023219004e+01 2.34139377245908e-13 1.99103649786605e-13 
2.32914287474359e+01 2.12330341476745e-13 1.80865237089225e-13 
2.33218551729714e+01 1.92538285914398e-13 1.64287421642534e-13 
2.33522815985069e+01 1.74580871450061e-13 1.49217541590376e-13 
2.33827080240425e+01 1.58286525580964e-13 1.35521747641458e-13 
2.34131344495780e+01 1.43504662926839e-13 1.23073542829462e-13 
2.34435608751135e+01 1.30093654917924e-13 1.11761998428946e-13 
2.34739873006490e+01 1.17929178813092e-13 1.01482331217328e-13 
2.35044137261845e+01 1.06894359723202e-13 9.21426375844685e-14 
2.35348401517200e+01 9.68865889693292e-14 8.36561480857909e-14 
2.35652665772555e+01 8.78094482192533e-14 7.59467454561672e-14 
2.35956930027911e+01 7.95782763076566e-14 6.89425995502021e-14 
2.36261194283266e+01 7.21135549729503e-14 6.25806876117085e-14 
2.36565458538621e+01 6.53454526530898e-14 5.68015649474544e-14 
2.36869722793976e+01 5.92084086383076e-14 5.15530668310769e-14 
2.37173987049331e+01 5.36448408696939e-14 4.67860133687563e-14 
2.37478251304686e+01 4.86007124561937e-14 4.24572793890709e-14 
2.37782515560041e+01 4.40285839001813e-14 3.85262723309231e-14 
2.38086779815397e+01 3.98839449370140e-14 3.49573491506094e-14 
2.38391044070752e+01 3.61276418827402e-14 3.17168804640559e-14 
2.38695308326107e+01 3.27229680255429e-14 2.87752999612439e-14 
2.38999572581462e+01 2.96376730895987e-14 2.61047760386038e-14 
2.39303836836817e+01 2.68415347306551e-14 2.36808733759880e-14 
2.39608101092172e+01 2.43079961100601e-14 2.14806004993612e-14 
2.39912365347527e+01 2.20121803956052e-14 1.94837682948493e-14 
2.40216629602883e+01 1.99322249550234e-14 1.76713888965778e-14 
2.40520893858238e+01 1.80476584036285e-14 1.60267861470316e-14 
2.40825158113593e+01 1.63404873669537e-14 1.45342828856068e-14 
2.41129422368948e+01 1.47938701619692e-14 1.31801084303953e-14 
2.41433686624303e+01 1.33930018097726e-14 1.19513225581681e-14 
2.41737950879658e+01 1.21240303656942e-14 1.08365569329561e-14 
2.42042215135013e+01 1.09747774694387e-14 9.82513329475267e-15 
2.42346479390369e+01 9.93385311952622e-15 8.90766907618143e-15 
2.42650743645724e+01 8.99124218938563e-15 8.07535490588398e-15 
2.42955007901079e+01 8.13758145830665e-15 7.32044917402494e-15 
2.43259272156434e+01 7.36463691859086e-15 6.63568619631593e-15 
2.43563536411789e+01 6.66471344485471e-15 6.01467999658180e-15 
2.43867800667144e+01 6.03104314084319e-15 5.45143960709081e-15 
2.44172064922499e+01 5.45730341142376e-15 4.94069865474566e-15 
2.44476329177854e+01 4.93793286084235e-15 4.47751848935548e-15 
2.44780593433210e+01 4.46773794054759e-15 4.05755714364175e-15 
2.45084857688565e+01 4.04214986025707e-15 3.67674444522917e-15 
2.45389121943920e+01 3.65690359512479e-15 3.33150144998021e-15 
2.45693386199275e+01 3.30824678155327e-15 3.01847453918849e-15 
2.45997650454630e+01 2.99267782304876e-15 2.73471440255870e-15 
2.46301914709985e+01 2.70711571163154e-15 2.47745845921473e-15 
2.46606178965340e+01 2.44868639109614e-15 2.24427681027927e-15 
2.46910443220696e+01 2.21486078819141e-15 2.03289802680212e-15 
2.47214707476051e+01 2.00328336646239e-15 1.84133703763543e-15 
2.47518971731406e+01 1.81188676263162e-15 1.66773347077889e-15 
2.47823235986761e+01 1.63872894874072e-15 1.51044342040644e-15 
2.48127500242116e+01 1.48210127322205e-15 1.36791634417050e-15 
2.48431764497471e+01 1.34041237402104e-15 1.23878844362432e-15 
2.48736028752826e+01 1.21226200105216e-15 1.12178504598091e-15 
2.49040293008182e+01 1.09634640695597e-15 1.01578480394397e-15 
2.49344557263537e+01 9.91518332090004e-16 9.19739930455742e-16 
2.49648821518892e+01 8.96709905087984e-16 8.32728497792417e-16 
2.49953085774247e+01 8.10981383424904e-16 7.53886322168551e-16 
2.50257350029602e+01 7.33436746249349e-16 6.82464360384063e-16 
2.50561614284957e+01 6.63272796640474e-16 6.17774605935337e-16 
2.50865878540312e+01 5.99781994279153e-16 5.59187530260368e-16 
2.51170142795668e+01 5.42341043736877e-16 5.06123051504793e-16 
2.51474407051023e+01 4.90369369248680e-16 4.58070348219856e-16 
2.51778671306378e+01 4.43355475109083e-16 4.14552515557577e-16 
2.52082935561733e+01 4.00823084534913e-16 3.75149545367720e-16 
2.52387199817088e+01 3.62352552643866e-16 3.39469456739632e-16 
2.52691464072443e+01 3.27553260691125e-16 3.07166997823425e-16 
2.52995728327798e+01 2.96081006082641e-16 2.77920069752061e-16 
2.53299992583154e+01 2.67615501112828e-16 2.51444943079449e-16 
2.53604256838509e+01 2.41874492504699e-16 2.27477008598754e-16 
2.53908521093864e+01 2.18595424628526e-16 2.05783155023693e-16 
2.54212785349219e+01 1.97546900940337e-16 1.86146055921175e-16 
2.54517049604574e+01 1.78513744049347e-16 1.68374235849973e-16 
2.54821313859929e+01 1.61306297277554e-16 1.52289246527518e-16 
2.55125578115284e+01 1.45748254852957e-16 1.37733851175785e-16 
2.55429842370640e+01 1.31684208844730e-16 1.24561560872839e-16 
2.55734106625995e+01 1.18969737912739e-16 1.12643287324674e-16 
2.56038370881350e+01 1.07477529173284e-16 1.01858806813916e-16 
2.56342635136705e+01 9.70893080203383e-17 9.21021667346664e-17 
2.56646899392060e+01 8.77008028534710e-17 8.32747235015004e-17 
2.56951163647415e+01 7.92151753405422e-17 7.52895352666553e-17 
2.57255427902770e+01 7.15470457868353e-17 6.80656847567103e-17 
2.57559692158125e+01 6.46171459746305e-17 6.15318474421069e-17 
2.57863956413481e+01 5.83555821454795e-17 5.56216631220179e-17 
2.58168220668836e+01 5.26974838006582e-17 5.02766336405675e-17 
2.58472484924191e+01 4.75856480734744e-17 4.54423502703505e-17 
2.58776749179546e+01 4.29669997103596e-17 4.10708464013172e-17 
2.59081013434901e+01 3.87947336136868e-17 3.71175231245602e-17 
2.59385277690256e+01 3.50254353676683e-17 3.35430589605363e-17 
2.59689541945611e+01 3.16208167821809e-17 3.03109049467274e-17 
2.59993806200967e+01 2.85453741887122e-17 2.73888344430976e-17 
2.60298070456322e+01 2.57677939731129e-17 2.47469026514259e-17 
2.60602334711677e+01 2.32590485959628e-17 2.23587040385886e-17 
2.60906598967032e+01 2.09935346018802e-17 2.01997105213260e-17 
2.61210863222387e+01 1.89475248571784e-17 1.82482914297551e-17 
2.61515127477742e+01 1.71000897421065e-17 1.64843603649717e-17 
2.61819391733097e+01 1.54318392159368e-17 1.48902023537302e-17 
2.62123655988453e+01 1.39256683287292e-17 1.34493722710923e-17 
2.62427920243808e+01 1.25657350487718e-17 1.21473654780365e-17 
2.62732184499163e+01 1.13380634588912e-17 1.09707212241390e-17 
2.63036448754518e+01 1.02297133271631e-17 9.90756625861386e-18 
2.63340713009873e+01 9.22926804304835e-18 8.94688521990069e-18 
2.63644977265228e+01 8.32616009908460e-18 8.07896117826870e-18 
2.63949241520583e+01 7.51106570047479e-18 7.29478203299036e-18 
2.64253505775939e+01 6.77535699573074e-18 6.58639744551101e-18 
2.64557770031294e+01 6.11142113705387e-18 5.94643598922941e-18 
2.64862034286649e+01 5.51221553140409e-18 5.36839427424972e-18 
2.65166298542004e+01 4.97152575693853e-18 4.84624426572857e-18 
2.65470562797359e+01 4.48360453109952e-18 4.37466742783967e-18 
2.65774827052714e+01 4.04338015320248e-18 3.94873543721919e-18 
2.66079091308069e+01 3.64616348925673e-18 3.56409975743733e-18 
2.66383355563425e+01 3.28781639275383e-18 3.21673208209348e-18 
2.66687619818780e+01 2.96451393912978e-18 2.90307778790921e-18 
2.66991884074135e+01 2.67288047855567e-18 2.61984497648319e-18 
2.67296148329490e+01 2.40979674027575e-18 2.36412865948978e-18 
2.67600412584845e+01 2.17250971364195e-18 2.13323933441046e-18 
2.67904676840200e+01 1.95847618519777e-18 1.92480346035710e-18 
2.68208941095555e+01 1.76545146306523e-18 1.73662418737271e-18 
2.68513205350911e+01 1.59136249008989e-18 1.56676263003082e-18 
2.68817469606266e+01 1.43437946979047e-18 1.41342474248812e-18 
2.69121733861621e+01 1.29281298439234e-18 1.27502704361375e-18 
2.69425998116976e+01 1.16517180550600e-18 1.15010474832848e-18 
2.69730262372331e+01 1.05007949127227e-18 1.03736490546957e-18 
2.70034526627686e+01 9.46321037341863e-19 9.35618336138275e-19 
2.70338790883041e+01 8.52780395048576e-19 8.43818034702687e-19 
2.70643055138396e+01 7.68467861401138e-19 7.60993954123644e-19 
2.70947319393752e+01 6.92466429503996e-19 6.86283057154141e-19 
2.71251583649107e+01 6.23966931294885e-19 6.18884557697899e-19 
2.71555847904462e+01 5.62223513202956e-19 5.58091914242707e-19 
2.71860112159817e+01 5.06577991039082e-19 5.03252779666311e-19 
2.72164376415172e+01 4.56423796387217e-19 4.53791541388085e-19 
2.72468640670527e+01 4.11225624549767e-19 4.09176843562857e-19 
2.72772904925882e+01 3.70490243239163e-19 3.68939800509686e-19 
2.73077169181238e+01 3.33782341292642e-19 3.32647662402882e-19 
2.73381433436593e+01 3.00700896037469e-19 2.99918530690455e-19 
2.73685697691948e+01 2.70891955827050e-19 2.70400007472820e-19 
2.73989961947303e+01 2.44029509614234e-19 2.43781083253177e-19 
2.74294226202658e+01 2.19825795231269e-19 2.19774828708702e-19 
2.74598490458013e+01 1.98015815100583e-19 1.98127996940919e-19 
2.74902754713368e+01 1.78365648161533e-19 1.78606993774260e-19 
2.75207018968724e+01 1.60659918107523e-19 1.61005632952320e-19 
2.75511283224079e+01 1.44708494757021e-19 1.45133765152698e-19 
2.75815547479434e+01 1.30336352896389e-19 1.30823540650955e-19 
2.76119811734789e+01 1.17388974499086e-19 1.17920194183722e-19 
2.76424075990144e+01 1.05724142990742e-19 1.06287101705983e-19 
2.76728340245499e+01 9.52162976404664e-20 9.57983131581339e-20 
2.77032604500854e+01 8.57498945671835e-20 8.63426350198720e-20 
2.77336868756210e+01 7.72229161127843e-20 7.78175800787097e-20 
2.77641133011565e+01 6.95415000047731e-20 7.01326630618373e-20 
2.77945397266920e+01 6.26227673511286e-20 6.32044990251283e-20 
2.78249661522275e+01 5.63904781693323e-20 5.69594634199494e-20 
2.78553925777630e+01 5.07773100214867e-20 5.13297214539540e-20 
2.78858190032985e+01 4.57213441326738e-20 4.62553749011115e-20 
2.79162454288340e+01 4.11679011606328e-20 4.16812459470631e-20 
2.79466718543696e+01 3.70666993999717e-20 3.75586095646555e-20 
2.79770982799051e+01 3.33733335805422e-20 3.38425887491772e-20 
2.80075247054406e+01 3.00469768448673e-20 3.04935522955742e-20 
2.80379511309761e+01 2.70515718454323e-20 2.74750054158465e-20 
2.80683775565116e+01 2.43539726340017e-20 2.47547174076756e-20 
2.80988039820471e+01 2.19249039145670e-20 2.23030136159198e-20 
2.81292304075826e+01 1.97374587839929e-20 2.00936850794206e-20 
2.81596568331181e+01 1.77678711756830e-20 1.81026056157178e-20 
2.81900832586537e+01 1.59943014240052e-20 1.63084655100245e-20 
2.82205096841892e+01 1.43974582041552e-20 1.46916519502641e-20 
2.82509361097247e+01 1.29596168736058e-20 1.32348407238613e-20 
2.82813625352602e+01 1.16651201725957e-20 1.19220899448252e-20 
2.83117889607957e+01 1.04995848043542e-20 1.07393171814065e-20 
2.83422153863312e+01 9.45030448222304e-21 9.67356591430179e-21 
2.83726418118667e+01 8.50560871658582e-21 8.71339023316922e-21 
2.84030682374023e+01 7.65518721570583e-21 7.84826116395045e-21 
2.84334946629378e+01 6.88957173193658e-21 7.06887680353868e-21 
2.84639210884733e+01 6.20039713150109e-21 6.36668189458737e-21 
2.84943475140088e+01 5.57998272419589e-21 5.73411782026302e-21 
2.85247739395443e+01 5.02154234106440e-21 5.16423386251396e-21 
2.85552003650798e+01 4.51884608036993e-21 4.65088869512445e-21 
2.85856267906153e+01 4.06638933302483e-21 4.18843585999202e-21 
2.86160532161509e+01 3.65911952554919e-21 3.77188614915115e-21 
2.86464796416864e+01 3.29257209951660e-21 3.39665315465354e-21 
2.86769060672219e+01 2.96264978350555e-21 3.05868411580054e-21 
2.87073324927574e+01 2.66573197458646e-21 2.75425408895648e-21 
2.87377589182929e+01 2.39849645870363e-21 2.48007137163390e-21 
2.87681853438284e+01 2.15800738664276e-21 2.23311101839462e-21 
2.87986117693639e+01 1.94157129337954e-21 2.01069977136408e-21 
2.88290381948995e+01 1.74680784937500e-21 1.81038141411400e-21 
2.88594646204350e+01 1.57153359125376e-21 1.62998518425709e-21 
2.88898910459705e+01 1.41381881436196e-21 1.46751688737096e-21 
2.89203174715060e+01 1.27189369017638e-21 1.32121399760215e-21 
2.89507438970415e+01 1.14419400966884e-21 1.18945761193837e-21 
2.89811703225770e+01 1.02928538415171e-21 1.07081682373562e-21 
2.90115967481125e+01 9.25900020352511e-22 9.63977535578810e-22 
2.90420231736481e+01 8.32875527152106e-22 8.67778189667056e-22 
2.90724495991836e+01 7.49184477574356e-22 7.81152216950268e-22 
2.91028760247191e+01 6.73885011444656e-22 7.03156804210119e-22 
2.91333024502546e+01 6.06144596740133e-22 6.32926372026056e-22 
2.91637288757901e+01 5.45200157832840e-22 5.69695732473922e-22 
2.91941553013256e+01 4.90377172703490e-22 5.12762486234544e-22 
2.92245817268611e+01 4.41057492607233e-22 4.61505662000459e-22 
2.92550081523967e+01 3.96694689533820e-22 4.15355325958611e-22 
2.92854345779322e+01 3.56788085643575e-22 3.73807582058479e-22 
2.93158610034677e+01 3.20895086587490e-22 3.36400013217531e-22 
2.93462874290032e+01 2.88610223923371e-22 3.02723750720962e-22 
2.93767138545387e+01 2.59575066053208e-22 2.72403630430017e-22 
2.94071402800742e+01 2.33461306999949e-22 2.45107901811589e-22 
2.94375667056097e+01 2.09978730979257e-22 2.20532196015425e-22 
2.94679931311452e+01 1.88861566873931e-22 1.98407333959895e-22 
2.94984195566808e+01 1.69874889357914e-22 1.78486375975152e-22 
2.95288459822163e+01 1.52803608621354e-22 1.60550898825254e-22 
2.95592724077518e+01 1.37457616097447e-22 1.44400536458694e-22 
2.95896988332873e+01 1.23662900317746e-22 1.29858023650591e-22 
2.96201252588228e+01 1.11265685107583e-22 1.16760750551125e-22 
2.96505516843583e+01 1.00125260427357e-22 1.04964812414128e-22 
2.96809781098938e+01 9.01173125430031e-23 9.43381921830831e-23 
2.97114045354294e+01 8.11281378117601e-23 8.47640088133373e-23 
2.97418309609649e+01 7.30573255023233e-23 7.61350162108071e-23 
2.97722573865004e+01 6.58130863311151e-23 6.83562047572907e-23 
2.98026838120359e+01 5.93144174545971e-23 6.13403648607414e-23 
2.98331102375714e+01 5.34873290775988e-23 5.50101656820280e-23 
2.98635366631069e+01 4.82665961835720e-23 4.92945800742918e-23 
2.98939630886424e+01 4.35927080809880e-23 4.41305397501881e-23 
2.99243895141780e+01 3.94132914853234e-23 3.94600576741659e-23 
2.99548159397135e+01 3.56806413488579e-23 3.52315388402317e-23 
2.99852423652490e+01 3.23528840074014e-23 3.13974688678304e-23 
3.00156687907845e+01 2.93919567659114e-23 2.79155131378396e-23 
3.00460952163200e+01 2.67635618474988e-23 2.47477376593992e-23 
3.00765216418555e+01 2.44377106090410e-23 2.18588883726841e-23 
3.01069480673910e+01 2.23883540072677e-23 1.92163716386397e-23 
3.01373744929266e+01 2.05920537295151e-23 1.67907951465162e-23 
3.01678009184621e+01 1.90286662116068e-23 1.45547919841666e-23 
3.01982273439976e+01 1.76802495501030e-23 1.24834595645303e-23 
3.02286537695331e+01 1.65316600573947e-23 1.05534353854094e-23 
3.02590801950686e+01 1.55696444206666e-23 8.74319454970650e-24 
3.02895066206041e+01 1.47833770186872e-23 7.03233412826478e-24 
3.03199330461396e+01 1.41636954581355e-23 5.40174436563098e-24 
3.03503594716752e+01 1.37036038522604e-23 3.83306810801012e-24 
3.03807858972107e+01 1.33976166091689e-23 2.30875487646957e-24 
3.04112123227462e+01 1.32422510291140e-23 1.55525297401034e-24 
