Energy(eV)           EEDF(eV^-(3/2))      Anisotropy(eV^-(3/2))
1.02969012241353e-02 7.37548373858797e-02 3.58279880813972e-05 
3.08907036724059e-02 7.37502965003171e-02 9.00088544248616e-05 
5.14845061206765e-02 7.37437178390728e-02 1.74307935334307e-04 
7.20783085689471e-02 7.37363111217318e-02 2.62720869601741e-04 
9.26721110172177e-02 7.37295110475870e-02 3.49970808042377e-04 
1.13265913465488e-01 7.37241378245417e-02 4.38168139614840e-04 
1.33859715913759e-01 7.37197420005222e-02 5.22371512473912e-04 
1.54453518362030e-01 7.37161857361305e-02 6.02785977466074e-04 
1.75047320810300e-01 7.37134408084840e-02 6.82121627616367e-04 
1.95641123258571e-01 7.37111914742414e-02 7.57976702377549e-04 
2.16234925706841e-01 7.37092694880536e-02 8.33338225859671e-04 
2.36828728155112e-01 7.37072805138760e-02 9.01999852218254e-04 
2.57422530603383e-01 7.37052474088734e-02 9.71971382139743e-04 
2.78016333051653e-01 7.37025703807720e-02 1.03461960343650e-03 
2.98610135499924e-01 7.36990867433048e-02 1.09431455013632e-03 
3.19203937948194e-01 7.36946385993369e-02 1.15132100224263e-03 
3.39797740396465e-01 7.36890278001754e-02 1.20531710365886e-03 
3.60391542844736e-01 7.36821794310068e-02 1.25701174933493e-03 
3.80985345293006e-01 7.36738637300676e-02 1.30585619726860e-03 
4.01579147741277e-01 7.36640064407720e-02 1.35217367735536e-03 
4.22172950189547e-01 7.36525786794902e-02 1.39605952866586e-03 
4.42766752637818e-01 7.36395510758958e-02 1.43756472155211e-03 
4.63360555086089e-01 7.36248727172340e-02 1.47671328007684e-03 
4.83954357534359e-01 7.36084983539036e-02 1.51356286957768e-03 
5.04548159982630e-01 7.35903881699870e-02 1.54816037287224e-03 
5.25141962430900e-01 7.35705350812782e-02 1.58058832853927e-03 
5.45735764879171e-01 7.35489214287167e-02 1.61090615341469e-03 
5.66329567327442e-01 7.35255236815148e-02 1.63917471356417e-03 
5.86923369775712e-01 7.35003226432468e-02 1.66545920738065e-03 
6.07517172223983e-01 7.34733032310292e-02 1.68982462138269e-03 
6.28110974672254e-01 7.34444542582592e-02 1.71233556632291e-03 
6.48704777120524e-01 7.34137682213011e-02 1.73305613908746e-03 
6.69298579568795e-01 7.33812410904685e-02 1.75204980428990e-03 
6.89892382017065e-01 7.33468721056170e-02 1.76937926848714e-03 
7.10486184465336e-01 7.33106637097063e-02 1.78510418302954e-03 
7.31079986913607e-01 7.32726355597206e-02 1.79928860383738e-03 
7.51673789361877e-01 7.32327957512424e-02 1.81199164566957e-03 
7.72267591810148e-01 7.31911548476976e-02 1.82327230533329e-03 
7.92861394258418e-01 7.31477257044008e-02 1.83318848853693e-03 
8.13455196706689e-01 7.31025232983489e-02 1.84179696261545e-03 
8.34048999154960e-01 7.30555645638533e-02 1.84915331534923e-03 
8.54642801603230e-01 7.30068682340851e-02 1.85531191941823e-03 
8.75236604051501e-01 7.29564546885768e-02 1.86032590208625e-03 
8.95830406499771e-01 7.29043458067070e-02 1.86424711975751e-03 
9.16424208948042e-01 7.28505648271745e-02 1.86712613707692e-03 
9.37018011396313e-01 7.27951362134466e-02 1.86901221027295e-03 
9.57611813844583e-01 7.27380855251531e-02 1.86995327447441e-03 
9.78205616292854e-01 7.26794392953788e-02 1.86999593472719e-03 
9.98799418741124e-01 7.26192249137943e-02 1.86917550659116e-03 
1.01939322118940e+00 7.25576053603194e-02 1.86752252551611e-03 
1.03998702363767e+00 7.24947794702644e-02 1.86508725314338e-03 
1.06058082608594e+00 7.24307757382772e-02 1.86192473091122e-03 
1.08117462853421e+00 7.23656227669676e-02 1.85807491876785e-03 
1.10176843098248e+00 7.22993492033159e-02 1.85357645600465e-03 
1.12236223343075e+00 7.22319836792477e-02 1.84846667209554e-03 
1.14295603587902e+00 7.21635547562607e-02 1.84278159951513e-03 
1.16354983832729e+00 7.20940908739827e-02 1.83655598836968e-03 
1.18414364077556e+00 7.20236203025379e-02 1.82982332267937e-03 
1.20473744322383e+00 7.19521710985958e-02 1.82263171340148e-03 
1.22533124567210e+00 7.18796400474948e-02 1.81504810824276e-03 
1.24592504812037e+00 7.18060055451001e-02 1.80711793029318e-03 
1.26651885056864e+00 7.17312933274970e-02 1.79886811421743e-03 
1.28711265301691e+00 7.16555291446327e-02 1.79031657389002e-03 
1.30770645546518e+00 7.15787387024003e-02 1.78146944044797e-03 
1.32830025791345e+00 7.15011005125036e-02 1.77233386735560e-03 
1.34889406036172e+00 7.14226604377303e-02 1.76294605958520e-03 
1.36948786281000e+00 7.13434419722360e-02 1.75332636894420e-03 
1.39008166525827e+00 7.12634683104037e-02 1.74349196413866e-03 
1.41067546770654e+00 7.11827623139157e-02 1.73345968154247e-03 
1.43126927015481e+00 7.11013464819989e-02 1.72324598375722e-03 
1.45186307260308e+00 7.10192429246984e-02 1.71286692470257e-03 
1.47245687505135e+00 7.09364733390347e-02 1.70233812057449e-03 
1.49305067749962e+00 7.08530589879016e-02 1.69166966088645e-03 
1.51364447994789e+00 7.07690748180320e-02 1.68084624341063e-03 
1.53423828239616e+00 7.06848177224593e-02 1.66987211232177e-03 
1.55483208484443e+00 7.06003034711868e-02 1.65880396377654e-03 
1.57542588729270e+00 7.05155472928033e-02 1.64765497340471e-03 
1.59601968974097e+00 7.04305638750406e-02 1.63643779814295e-03 
1.61661349218924e+00 7.03453673667595e-02 1.62516457430718e-03 
1.63720729463751e+00 7.02599713812393e-02 1.61384691804857e-03 
1.65780109708578e+00 7.01743890006539e-02 1.60249592791737e-03 
1.67839489953405e+00 7.00886327816235e-02 1.59112218928706e-03 
1.69898870198233e+00 7.00027147617375e-02 1.57973578040556e-03 
1.71958250443060e+00 6.99166464669495e-02 1.56834627987062e-03 
1.74017630687887e+00 6.98304389197520e-02 1.55696277533627e-03 
1.76077010932714e+00 6.97441026480431e-02 1.54559387327840e-03 
1.78136391177541e+00 6.96576476946033e-02 1.53424770966709e-03 
1.80195771422368e+00 6.95710836271045e-02 1.52293196140292e-03 
1.82255151667195e+00 6.94844195485808e-02 1.51165385838112e-03 
1.84314531912022e+00 6.93976641082921e-02 1.50042019607653e-03 
1.86373912156849e+00 6.93108255129177e-02 1.48923734854042e-03 
1.88433292401676e+00 6.92239115380226e-02 1.47811128170840e-03 
1.90492672646503e+00 6.91369295397405e-02 1.46708702796805e-03 
1.92552052891330e+00 6.90496173703168e-02 1.45620112952059e-03 
1.94611433136157e+00 6.89618910224749e-02 1.44540931645424e-03 
1.96670813380984e+00 6.88737616323042e-02 1.43469656902532e-03 
1.98730193625811e+00 6.87852399021840e-02 1.42406699747575e-03 
2.00789573870638e+00 6.86963361091215e-02 1.41352438614402e-03 
2.02848954115465e+00 6.86070601134447e-02 1.40307220700140e-03 
2.04908334360293e+00 6.85174213677978e-02 1.39271363302029e-03 
2.06967714605120e+00 6.84274289263942e-02 1.38245155133894e-03 
2.09027094849947e+00 6.83370914544823e-02 1.37228690056392e-03 
2.11086475094774e+00 6.82464266845285e-02 1.36216179286946e-03 
2.13145855339601e+00 6.81557733197733e-02 1.35206194330729e-03 
2.15205235584428e+00 6.80651343688573e-02 1.34206539790544e-03 
2.17264615829255e+00 6.79745125702197e-02 1.33217382341576e-03 
2.19323996074082e+00 6.78839104035251e-02 1.32239603123835e-03 
2.21383376318909e+00 6.77932921779950e-02 1.31277196757871e-03 
2.23442756563736e+00 6.77024786037144e-02 1.30330461197902e-03 
2.25502136808563e+00 6.76114741113223e-02 1.29395112756535e-03 
2.27561517053390e+00 6.75202828575125e-02 1.28471197616755e-03 
2.29620897298217e+00 6.74289087630908e-02 1.27558729223376e-03 
2.31680277543044e+00 6.73373555194642e-02 1.26657711518789e-03 
2.33739657787871e+00 6.72456265952031e-02 1.25768139285452e-03 
2.35799038032698e+00 6.71537252426481e-02 1.24889998504102e-03 
2.37858418277525e+00 6.70616545045401e-02 1.24023266723817e-03 
2.39917798522353e+00 6.69694172206496e-02 1.23167913440573e-03 
2.41977178767180e+00 6.68770160343873e-02 1.22323900481606e-03 
2.44036559012007e+00 6.67844533993758e-02 1.21491182392686e-03 
2.46095939256834e+00 6.66917315859683e-02 1.20669706825986e-03 
2.48155319501661e+00 6.65988526876972e-02 1.19859414926617e-03 
2.50214699746488e+00 6.65058186276409e-02 1.19063275768604e-03 
2.52274079991315e+00 6.64125094811556e-02 1.18283738110228e-03 
2.54333460236142e+00 6.63188489691973e-02 1.17517580791672e-03 
2.56392840480969e+00 6.62248407578598e-02 1.16762441760613e-03 
2.58452220725796e+00 6.61304883125030e-02 1.16018233722712e-03 
2.60511600970623e+00 6.60357949041915e-02 1.15284865069221e-03 
2.62570981215450e+00 6.59407636160319e-02 1.14562240214084e-03 
2.64630361460277e+00 6.58453973494016e-02 1.13850259920195e-03 
2.66689741705104e+00 6.57496988300616e-02 1.13148821614856e-03 
2.68749121949931e+00 6.56536706141481e-02 1.12457819693736e-03 
2.70808502194758e+00 6.55573150940358e-02 1.11777145813078e-03 
2.72867882439586e+00 6.54606345040712e-02 1.11106689170182e-03 
2.74927262684413e+00 6.53636309261704e-02 1.10446336771848e-03 
2.76986642929240e+00 6.52663062952789e-02 1.09795973690941e-03 
2.79046023174067e+00 6.51686624046922e-02 1.09155379593132e-03 
2.81105403418894e+00 6.50707043585307e-02 1.08521689737461e-03 
2.83164783663721e+00 6.49725235496785e-02 1.07894617836456e-03 
2.85224163908548e+00 6.48741205158967e-02 1.07277002931694e-03 
2.87283544153375e+00 6.47754956967165e-02 1.06668724699135e-03 
2.89342924398202e+00 6.46766494376240e-02 1.06069662179754e-03 
2.91402304643029e+00 6.45775819941009e-02 1.05479693955781e-03 
2.93461684887856e+00 6.44782935355242e-02 1.04898698316296e-03 
2.95521065132683e+00 6.43787841489267e-02 1.04326553412662e-03 
2.97580445377510e+00 6.42790538426212e-02 1.03763137403983e-03 
2.99639825622337e+00 6.41791025496916e-02 1.03207348152281e-03 
3.01699205867164e+00 6.40789593010485e-02 1.02656939617878e-03 
3.03758586111991e+00 6.39786839524549e-02 1.02112672095516e-03 
3.05817966356818e+00 6.38782755007371e-02 1.01576594892662e-03 
3.07877346601646e+00 6.37777329003542e-02 1.01048588882186e-03 
3.09936726846473e+00 6.36770550658539e-02 1.00528535633528e-03 
3.11996107091300e+00 6.35762408742166e-02 1.00016317498242e-03 
3.14055487336127e+00 6.34752891670933e-02 9.95118176882925e-04 
3.16114867580954e+00 6.33741987529400e-02 9.90149203475009e-04 
3.18174247825781e+00 6.32729684090537e-02 9.85255106164772e-04 
3.20233628070608e+00 6.31715968835125e-02 9.80434756581534e-04 
3.22293008315435e+00 6.30700828950248e-02 9.75687081712717e-04 
3.24352388560262e+00 6.29684251274220e-02 9.71011035126792e-04 
3.26411768805089e+00 6.28666222351764e-02 9.66405524769355e-04 
3.28471149049916e+00 6.27646728529454e-02 9.61869434996253e-04 
3.30530529294743e+00 6.26625755967117e-02 9.57401666821097e-04 
3.32589909539570e+00 6.25603290648900e-02 9.53001137739964e-04 
3.34649289784397e+00 6.24579318393976e-02 9.48666781564132e-04 
3.36708670029224e+00 6.23553824866890e-02 9.44397548257352e-04 
3.38768050274051e+00 6.22526795587564e-02 9.40192403777276e-04 
3.40827430518879e+00 6.21498215940943e-02 9.36050329919414e-04 
3.42886810763706e+00 6.20468071186293e-02 9.31970324162652e-04 
3.44946191008533e+00 6.19436346466167e-02 9.27951399515338e-04 
3.47005571253360e+00 6.18403026815025e-02 9.23992584359805e-04 
3.49064951498187e+00 6.17368097167534e-02 9.20092922296445e-04 
3.51124331743014e+00 6.16331542366545e-02 9.16251471985989e-04 
3.53183711987841e+00 6.15293347170758e-02 9.12467307081468e-04 
3.55243092232668e+00 6.14253496261875e-02 9.08739516102867e-04 
3.57302472477495e+00 6.13211974251577e-02 9.05067202160821e-04 
3.59361852722322e+00 6.12168765688347e-02 9.01446144942487e-04 
3.61421232967149e+00 6.11123932439157e-02 8.97861075875256e-04 
3.63480613211976e+00 6.10077787266122e-02 8.94314044884118e-04 
3.65539993456803e+00 6.09030312422943e-02 8.90818836093399e-04 
3.67599373701630e+00 6.07981490186319e-02 8.87374627129101e-04 
3.69658753946457e+00 6.06931302860000e-02 8.83980609160479e-04 
3.71718134191284e+00 6.05879732778636e-02 8.80635986719544e-04 
3.73777514436112e+00 6.04826762311433e-02 8.77339977517357e-04 
3.75836894680939e+00 6.03772373865630e-02 8.74091812258256e-04 
3.77896274925766e+00 6.02716549889800e-02 8.70890734453090e-04 
3.79955655170593e+00 6.01659272876987e-02 8.67736000229507e-04 
3.82015035415420e+00 6.00600525367692e-02 8.64626878139707e-04 
3.84074415660247e+00 5.99540289952706e-02 8.61562648968899e-04 
3.86133795905074e+00 5.98478549275818e-02 8.58542605541084e-04 
3.88193176149901e+00 5.97415286036379e-02 8.55566052524701e-04 
3.90252556394728e+00 5.96350482991759e-02 8.52632306238117e-04 
3.92311936639555e+00 5.95284122959678e-02 8.49740694453506e-04 
3.94371316884382e+00 5.94216188820443e-02 8.46890556201550e-04 
3.96430697129209e+00 5.93146663519075e-02 8.44081241576024e-04 
3.98490077374036e+00 5.92075530067354e-02 8.41312111539229e-04 
4.00549457618863e+00 5.91002771545771e-02 8.38608756654696e-04 
4.02608837863690e+00 5.89927833628386e-02 8.35979141391735e-04 
4.04668218108517e+00 5.88850538337650e-02 8.33396258478390e-04 
4.06727598353344e+00 5.87770871470312e-02 8.30851401770601e-04 
4.08786978598172e+00 5.86688818822245e-02 8.28343975033717e-04 
4.10846358842999e+00 5.85604366192080e-02 8.25873391688283e-04 
4.12905739087826e+00 5.84517499384752e-02 8.23439074623407e-04 
4.14965119332653e+00 5.83428204214965e-02 8.21040456011480e-04 
4.17024499577480e+00 5.82336466510584e-02 8.18676977124435e-04 
4.19083879822307e+00 5.81242272115957e-02 8.16348088152542e-04 
4.21143260067134e+00 5.80145606895173e-02 8.14053248025656e-04 
4.23202640311961e+00 5.79046456735257e-02 8.11791924236108e-04 
4.25262020556788e+00 5.77944807549311e-02 8.09563592664142e-04 
4.27321400801615e+00 5.76840645279601e-02 8.07367737405896e-04 
4.29380781046442e+00 5.75733955900594e-02 8.05203850603542e-04 
4.31440161291269e+00 5.74624725421956e-02 8.03071432278113e-04 
4.33499541536096e+00 5.73512939891499e-02 8.00969990162292e-04 
4.35558921780923e+00 5.72398585398105e-02 7.98899039562313e-04 
4.37618302025750e+00 5.71281648074534e-02 7.96858103199476e-04 
4.39677682270577e+00 5.70162114100275e-02 7.94846711048525e-04 
4.41737062515404e+00 5.69039969704308e-02 7.92864400349741e-04 
4.43796442760232e+00 5.67915201167416e-02 7.90910715413661e-04 
4.45855823005059e+00 5.66787794825016e-02 7.88985207128264e-04 
4.47915203249886e+00 5.65657737070395e-02 7.87087432848207e-04 
4.49974583494713e+00 5.64525014357407e-02 7.85193020614312e-04 
4.52033963739540e+00 5.63390055765549e-02 7.83276070459764e-04 
4.54093343984367e+00 5.62253311409101e-02 7.81359950243458e-04 
4.56152724229194e+00 5.61114765948920e-02 7.79469617558429e-04 
4.58212104474021e+00 5.59974404178080e-02 7.77604673680887e-04 
4.60271484718848e+00 5.58832211022476e-02 7.75764725810354e-04 
4.62330864963675e+00 5.57688171541431e-02 7.73949386942658e-04 
4.64390245208502e+00 5.56542270928329e-02 7.72158275744346e-04 
4.66449625453329e+00 5.55394494511249e-02 7.70391016431116e-04 
4.68509005698156e+00 5.54244827753633e-02 7.68647238647906e-04 
4.70568385942983e+00 5.53093256254958e-02 7.66926577352952e-04 
4.72627766187810e+00 5.51939765751430e-02 7.65228672703725e-04 
4.74687146432637e+00 5.50784342116688e-02 7.63553169946255e-04 
4.76746526677465e+00 5.49626971362536e-02 7.61899719306073e-04 
4.78805906922292e+00 5.48467639639673e-02 7.60267975882409e-04 
4.80865287167119e+00 5.47306333238459e-02 7.58657599544434e-04 
4.82924667411946e+00 5.46143038589681e-02 7.57068254830251e-04 
4.84984047656773e+00 5.44977742265349e-02 7.55499610847869e-04 
4.87043427901600e+00 5.43810430979493e-02 7.53951341179270e-04 
4.89102808146427e+00 5.42641091588987e-02 7.52423123785289e-04 
4.91162188391254e+00 5.41469711094385e-02 7.50914640913641e-04 
4.93221568636081e+00 5.40296276640776e-02 7.49425579009241e-04 
4.95280948880908e+00 5.39120775518644e-02 7.47955628626148e-04 
4.97340329125735e+00 5.37943195164760e-02 7.46504484341840e-04 
4.99399709370562e+00 5.36763523163073e-02 7.45082652441477e-04 
5.01459089615389e+00 5.35581561482186e-02 7.43731014052733e-04 
5.03518469860216e+00 5.34396593375385e-02 7.42438624654607e-04 
5.05577850105043e+00 5.33208608007276e-02 7.41163943818316e-04 
5.07637230349870e+00 5.32017594662778e-02 7.39906671066954e-04 
5.09696610594697e+00 5.30823542749735e-02 7.38666509385404e-04 
5.11755990839525e+00 5.29626441801510e-02 7.37443165146575e-04 
5.13815371084352e+00 5.28426281479592e-02 7.36236348040934e-04 
5.15874751329179e+00 5.27223051576199e-02 7.35045771007667e-04 
5.17934131574006e+00 5.26016742016881e-02 7.33871150166806e-04 
5.19993511818833e+00 5.24807342863122e-02 7.32712204753968e-04 
5.22052892063660e+00 5.23594844314942e-02 7.31568657056153e-04 
5.24112272308487e+00 5.22379236713504e-02 7.30440232349072e-04 
5.26171652553314e+00 5.21160510543712e-02 7.29326658836010e-04 
5.28231032798141e+00 5.19938656436819e-02 7.28227667588179e-04 
5.30290413042968e+00 5.18713665173027e-02 7.27142992486627e-04 
5.32349793287795e+00 5.17485527684094e-02 7.26072370165319e-04 
5.34409173532622e+00 5.16254235055938e-02 7.25015539955861e-04 
5.36468553777449e+00 5.15019778531240e-02 7.23972243833179e-04 
5.38527934022276e+00 5.13782149512050e-02 7.22942226363067e-04 
5.40587314267103e+00 5.12541339562391e-02 7.21925234650739e-04 
5.42646694511931e+00 5.11297340410867e-02 7.20921018290423e-04 
5.44706074756758e+00 5.10050143953261e-02 7.19929329316717e-04 
5.46765455001585e+00 5.08799742255149e-02 7.18949922156743e-04 
5.48824835246412e+00 5.07546127554498e-02 7.17982553583353e-04 
5.50884215491239e+00 5.06289292264271e-02 7.17026982669943e-04 
5.52943595736066e+00 5.05029228975033e-02 7.16082970746300e-04 
5.55002975980893e+00 5.03765930457556e-02 7.15150281355216e-04 
5.57062356225720e+00 5.02499389665414e-02 7.14228680210568e-04 
5.59121736470547e+00 5.01229599737594e-02 7.13317935156270e-04 
5.61181116715374e+00 4.99956554001087e-02 7.12417816126122e-04 
5.63240496960201e+00 4.98680245973497e-02 7.11528095104999e-04 
5.65299877205028e+00 4.97400669365631e-02 7.10648546090946e-04 
5.67359257449855e+00 4.96117818084098e-02 7.09778945057836e-04 
5.69418637694682e+00 4.94831686233905e-02 7.08919069919449e-04 
5.71478017939509e+00 4.93542268121048e-02 7.08068700494506e-04 
5.73537398184336e+00 4.92249558255103e-02 7.07227618472339e-04 
5.75596778429163e+00 4.90953551351809e-02 7.06395607379380e-04 
5.77656158673990e+00 4.89654242335662e-02 7.05572452546896e-04 
5.79715538918818e+00 4.88351626342488e-02 7.04757941079042e-04 
5.81774919163645e+00 4.87045698722029e-02 7.03951861822274e-04 
5.83834299408472e+00 4.85736455040512e-02 7.03154005335516e-04 
5.85893679653299e+00 4.84423891083226e-02 7.02364163860649e-04 
5.87953059898126e+00 4.83108002857089e-02 7.01582131294101e-04 
5.90012440142953e+00 4.81788786593210e-02 7.00807703159588e-04 
5.92071820387780e+00 4.80466238749446e-02 7.00040676580879e-04 
5.94131200632607e+00 4.79140356012964e-02 6.99280850255424e-04 
5.96190580877434e+00 4.77811135302780e-02 6.98528024429398e-04 
5.98249961122261e+00 4.76478573772313e-02 6.97782000872744e-04 
6.00309341367088e+00 4.75142668811916e-02 6.97060500553550e-04 
6.02368721611915e+00 4.73803128279792e-02 6.96372919357632e-04 
6.04428101856742e+00 4.72459794251783e-02 6.95701067250801e-04 
6.06487482101569e+00 4.71112665047127e-02 6.95035077944435e-04 
6.08546862346396e+00 4.69761739244199e-02 6.94374751575480e-04 
6.10606242591223e+00 4.68407015683717e-02 6.93719889630905e-04 
6.12665622836051e+00 4.67048493471950e-02 6.93070294928064e-04 
6.14725003080878e+00 4.65686171983902e-02 6.92425771596001e-04 
6.16784383325705e+00 4.64320050866498e-02 6.91786125057410e-04 
6.18843763570532e+00 4.62950130041746e-02 6.91151162010735e-04 
6.20903143815359e+00 4.61576409709891e-02 6.90520690413095e-04 
6.22962524060186e+00 4.60198890352559e-02 6.89894519463889e-04 
6.25021904305013e+00 4.58817572735883e-02 6.89272459588655e-04 
6.27081284549840e+00 4.57432457913621e-02 6.88654322424026e-04 
6.29140664794667e+00 4.56043547230251e-02 6.88039920802736e-04 
6.31200045039494e+00 4.54650842324061e-02 6.87429068739154e-04 
6.33259425284321e+00 4.53254345130220e-02 6.86821581415781e-04 
6.35318805529148e+00 4.51854057883831e-02 6.86217275169742e-04 
6.37378185773975e+00 4.50449983122973e-02 6.85615967480149e-04 
6.39437566018802e+00 4.49042123691723e-02 6.85017476955935e-04 
6.41496946263629e+00 4.47630482743166e-02 6.84421623323957e-04 
6.43556326508456e+00 4.46215063742377e-02 6.83828227417592e-04 
6.45615706753283e+00 4.44795870469404e-02 6.83237111166122e-04 
6.47675086998111e+00 4.43372907022209e-02 6.82648097584327e-04 
6.49734467242938e+00 4.41946177819613e-02 6.82061010762538e-04 
6.51793847487765e+00 4.40515687604208e-02 6.81475675857104e-04 
6.53853227732592e+00 4.39081441445250e-02 6.80891919081550e-04 
6.55912607977419e+00 4.37643444741539e-02 6.80309567697909e-04 
6.57971988222246e+00 4.36201703224273e-02 6.79728450008539e-04 
6.60031368467073e+00 4.34756222959879e-02 6.79148395348542e-04 
6.62090748711900e+00 4.33307010352829e-02 6.78569234078211e-04 
6.64150128956727e+00 4.31854072148424e-02 6.77990797576337e-04 
6.66209509201554e+00 4.30397415435566e-02 6.77412918233550e-04 
6.68268889446381e+00 4.28937047649498e-02 6.76835429446093e-04 
6.70328269691208e+00 4.27472976574522e-02 6.76258165610376e-04 
6.72387649936035e+00 4.26005210346698e-02 6.75680962117572e-04 
6.74447030180862e+00 4.24533757456506e-02 6.75103655348289e-04 
6.76506410425689e+00 4.23058626751495e-02 6.74526082668236e-04 
6.78565790670516e+00 4.21579827438899e-02 6.73948082424094e-04 
6.80625170915344e+00 4.20097369088223e-02 6.73369493939355e-04 
6.82684551160171e+00 4.18611261633812e-02 6.72790157510852e-04 
6.84743931404998e+00 4.17121515377378e-02 6.72209914405563e-04 
6.86803311649825e+00 4.15628140990510e-02 6.71628606857817e-04 
6.88862691894652e+00 4.14131149517151e-02 6.71046078066655e-04 
6.90922072139479e+00 4.12630552376038e-02 6.70462172193663e-04 
6.92981452384306e+00 4.11126361363123e-02 6.69876734361270e-04 
6.95040832629133e+00 4.09618588653955e-02 6.69289610650898e-04 
6.97100212873960e+00 4.08107246806031e-02 6.68700648101865e-04 
6.99159593118787e+00 4.06592348761117e-02 6.68124778013879e-04 
7.01218973363614e+00 4.05073659701558e-02 6.67710704466958e-04 
7.03278353608441e+00 4.03548741039605e-02 6.67441680204182e-04 
7.05337733853268e+00 4.02017609108222e-02 6.67167809136227e-04 
7.07397114098095e+00 4.00480280885227e-02 6.66888875054870e-04 
7.09456494342922e+00 3.98936774000190e-02 6.66604662612751e-04 
7.11515874587749e+00 3.97387106741252e-02 6.66314957336824e-04 
7.13575254832577e+00 3.95831298061873e-02 6.66019545641784e-04 
7.15634635077404e+00 3.94269367587499e-02 6.65718214844202e-04 
7.17694015322231e+00 3.92701335622150e-02 6.65410753177092e-04 
7.19753395567058e+00 3.91127223154929e-02 6.65096949804869e-04 
7.21812775811885e+00 3.89547051866440e-02 6.64776594839020e-04 
7.23872156056712e+00 3.87960844135135e-02 6.64449479353962e-04 
7.25931536301539e+00 3.86368623043554e-02 6.64115395403377e-04 
7.27990916546366e+00 3.84770412384492e-02 6.63774136037227e-04 
7.30050296791193e+00 3.83166236667064e-02 6.63425495319137e-04 
7.32109677036020e+00 3.81556121122682e-02 6.63069268344049e-04 
7.34169057280847e+00 3.79940091710930e-02 6.62705251256334e-04 
7.36228437525674e+00 3.78318175125345e-02 6.62333241268560e-04 
7.38287817770501e+00 3.76690398799096e-02 6.61953036680503e-04 
7.40347198015328e+00 3.75056790910564e-02 6.61564436898676e-04 
7.42406578260155e+00 3.73417380388806e-02 6.61167242456021e-04 
7.44465958504982e+00 3.71772196918926e-02 6.60761255032211e-04 
7.46525338749809e+00 3.70121270947330e-02 6.60346277474473e-04 
7.48584718994636e+00 3.68464633686866e-02 6.59922113818566e-04 
7.50644099239464e+00 3.66802317121855e-02 6.59488569310280e-04 
7.52703479484291e+00 3.65134354013006e-02 6.59045450427139e-04 
7.54762859729118e+00 3.63460777902209e-02 6.58592564900790e-04 
7.56822239973945e+00 3.61781623117210e-02 6.58129721739459e-04 
7.58881620218772e+00 3.60096924776163e-02 6.57656731250819e-04 
7.60941000463599e+00 3.58406718792057e-02 6.57173405065291e-04 
7.63000380708426e+00 3.56711041877010e-02 6.56679556159766e-04 
7.65059760953253e+00 3.55009931546442e-02 6.56174998881448e-04 
7.67119141198080e+00 3.53303426123110e-02 6.55659548972161e-04 
7.69178521442907e+00 3.51591564741006e-02 6.55133023593027e-04 
7.71237901687734e+00 3.49874387349128e-02 6.54595241349208e-04 
7.73297281932561e+00 3.48151934715100e-02 6.54046022315334e-04 
7.75356662177388e+00 3.46424248428655e-02 6.53485188060938e-04 
7.77416042422215e+00 3.44691370904978e-02 6.52912561676243e-04 
7.79475422667042e+00 3.42953345387900e-02 6.52327967798297e-04 
7.81534802911870e+00 3.41210215952937e-02 6.51731232637321e-04 
7.83594183156697e+00 3.39462027510189e-02 6.51122184003339e-04 
7.85653563401524e+00 3.37708825807078e-02 6.50500651333141e-04 
7.87712943646351e+00 3.35950657430931e-02 6.49866465717333e-04 
7.89772323891178e+00 3.34187569811410e-02 6.49219459927694e-04 
7.91831704136005e+00 3.32419611222778e-02 6.48559468444881e-04 
7.93891084380832e+00 3.30646830786000e-02 6.47886327486323e-04 
7.95950464625659e+00 3.28869278470682e-02 6.47199875034116e-04 
7.98009844870486e+00 3.27087005096846e-02 6.46499950863292e-04 
8.00069225115313e+00 3.25300062336530e-02 6.45726772434209e-04 
8.02128605360140e+00 3.23509589191635e-02 6.44829159998000e-04 
8.04187985604967e+00 3.21716583237746e-02 6.43868160238831e-04 
8.06247365849794e+00 3.19921089889786e-02 6.42896346111920e-04 
8.08306746094621e+00 3.18123155106661e-02 6.41913616867659e-04 
8.10366126339448e+00 3.16322825390103e-02 6.40919873338234e-04 
8.12425506584275e+00 3.14520147783419e-02 6.39915017951176e-04 
8.14484886829102e+00 3.12715169870132e-02 6.38898954743009e-04 
8.16544267073930e+00 3.10907939772521e-02 6.37871589373123e-04 
8.18603647318757e+00 3.09098506150057e-02 6.36832829137517e-04 
8.20663027563584e+00 3.07286918197737e-02 6.35782582982440e-04 
8.22722407808411e+00 3.05473225644305e-02 6.34720761518232e-04 
8.24781788053238e+00 3.03657478750373e-02 6.33647277033213e-04 
8.26841168298065e+00 3.01839728306435e-02 6.32562043507410e-04 
8.28900548542892e+00 3.00020025630770e-02 6.31464976626363e-04 
8.30959928787719e+00 2.98198422567242e-02 6.30355993794960e-04 
8.33019309032546e+00 2.96374971482983e-02 6.29235014151258e-04 
8.35078689277373e+00 2.94549725265976e-02 6.28101958580250e-04 
8.37138069522200e+00 2.92722737322522e-02 6.26956749727467e-04 
8.39197449767027e+00 2.90894061574597e-02 6.25799312012826e-04 
8.41256830011854e+00 2.89063752457098e-02 6.24629571644398e-04 
8.43316210256681e+00 2.87231864914982e-02 6.23447456631853e-04 
8.45375590501508e+00 2.85398454400282e-02 6.22252896800104e-04 
8.47434970746335e+00 2.83563576869024e-02 6.21045823802867e-04 
8.49494350991163e+00 2.81727288778017e-02 6.19826171136158e-04 
8.51553731235990e+00 2.79889647081542e-02 6.18593874151612e-04 
8.53613111480817e+00 2.78050709227914e-02 6.17348870069779e-04 
8.55672491725644e+00 2.76210533155943e-02 6.16091097993421e-04 
8.57731871970471e+00 2.74369177291269e-02 6.14820498920705e-04 
8.59791252215298e+00 2.72526700542587e-02 6.13537015758168e-04 
8.61850632460125e+00 2.70683162297756e-02 6.12240593333710e-04 
8.63910012704952e+00 2.68838622419790e-02 6.10931178409455e-04 
8.65969392949779e+00 2.66993141242737e-02 6.09608719694422e-04 
8.68028773194606e+00 2.65146779567435e-02 6.08273167857201e-04 
8.70088153439433e+00 2.63299598657157e-02 6.06924475538433e-04 
8.72147533684260e+00 2.61451660233137e-02 6.05562597363104e-04 
8.74206913929087e+00 2.59603026469979e-02 6.04187489952809e-04 
8.76266294173914e+00 2.57753759990949e-02 6.02799111937805e-04 
8.78325674418741e+00 2.55903923863147e-02 6.01397423968899e-04 
8.80385054663568e+00 2.54053581592566e-02 5.99982388729260e-04 
8.82444434908395e+00 2.52202797119030e-02 5.98553970945938e-04 
8.84503815153223e+00 2.50351634811018e-02 5.97112137401303e-04 
8.86563195398050e+00 2.48500159460362e-02 5.95656856944298e-04 
8.88622575642877e+00 2.46648436276841e-02 5.94188100501454e-04 
8.90681955887704e+00 2.44796530882644e-02 5.92705841087750e-04 
8.92741336132531e+00 2.42944509306725e-02 5.91210053817293e-04 
8.94800716377358e+00 2.41092437979034e-02 5.89700715913781e-04 
8.96860096622185e+00 2.39240383724636e-02 5.88177806720723e-04 
8.98919476867012e+00 2.37388413757710e-02 5.86641307711473e-04 
9.00978857111839e+00 2.35536595675432e-02 5.85091202499006e-04 
9.03038237356666e+00 2.33684997451740e-02 5.83527476845505e-04 
9.05097617601493e+00 2.31833687430988e-02 5.81950118671725e-04 
9.07156997846320e+00 2.29982734321474e-02 5.80359118066017e-04 
9.09216378091147e+00 2.28132207188867e-02 5.78754467293218e-04 
9.11275758335974e+00 2.26282175449499e-02 5.77136160803217e-04 
9.13335138580801e+00 2.24432708863564e-02 5.75504195239247e-04 
9.15394518825628e+00 2.22583877528186e-02 5.73858569446003e-04 
9.17453899070455e+00 2.20735751870379e-02 5.72199284477317e-04 
9.19513279315283e+00 2.18888402639898e-02 5.70526343603720e-04 
9.21572659560110e+00 2.17041900901967e-02 5.68839752319685e-04 
9.23632039804937e+00 2.15196318029903e-02 5.67139518350430e-04 
9.25691420049764e+00 2.13351725697628e-02 5.65425651658605e-04 
9.27750800294591e+00 2.11508195872065e-02 5.63698164450594e-04 
9.29810180539418e+00 2.09665800805427e-02 5.61957071182519e-04 
9.31869560784245e+00 2.07824613027396e-02 5.60202388565917e-04 
9.33928941029072e+00 2.05984705337194e-02 5.58434135573016e-04 
9.35988321273899e+00 2.04146150795547e-02 5.56652333441815e-04 
9.38047701518726e+00 2.02309022716534e-02 5.54857005680793e-04 
9.40107081763553e+00 2.00473394659345e-02 5.53048178073212e-04 
9.42166462008380e+00 1.98639340419916e-02 5.51225878681145e-04 
9.44225842253207e+00 1.96806934022475e-02 5.49390137849138e-04 
9.46285222498034e+00 1.94976249710974e-02 5.47540988207455e-04 
9.48344602742861e+00 1.93147361940423e-02 5.45678464674984e-04 
9.50403982987688e+00 1.91320345368127e-02 5.43802604461831e-04 
9.52463363232516e+00 1.89495274844811e-02 5.41913447071525e-04 
9.54522743477343e+00 1.87672225405662e-02 5.40011034302758e-04 
9.56582123722170e+00 1.85851272261258e-02 5.38095410250842e-04 
9.58641503966997e+00 1.84032490788410e-02 5.36166621308712e-04 
9.60700884211824e+00 1.82215956520905e-02 5.34224716167527e-04 
9.62760264456651e+00 1.80401745140160e-02 5.32269745816935e-04 
9.64819644701478e+00 1.78589932465775e-02 5.30301763544919e-04 
9.66879024946305e+00 1.76780594446002e-02 5.28320824937159e-04 
9.68938405191132e+00 1.74973807148119e-02 5.26326987876043e-04 
9.70997785435959e+00 1.73169646748722e-02 5.24320312539261e-04 
9.73057165680786e+00 1.71368189523927e-02 5.22300861397926e-04 
9.75116545925613e+00 1.69569511839483e-02 5.20268699214338e-04 
9.77175926170440e+00 1.67773690140806e-02 5.18223893039252e-04 
9.79235306415267e+00 1.65980800942931e-02 5.16166512208720e-04 
9.81294686660094e+00 1.64190920820385e-02 5.14096628340526e-04 
9.83354066904921e+00 1.62404126396974e-02 5.12014315330175e-04 
9.85413447149748e+00 1.60620494335501e-02 5.09919649346359e-04 
9.87472827394576e+00 1.58840101327406e-02 5.07812708826072e-04 
9.89532207639403e+00 1.57063024082332e-02 5.05693574469182e-04 
9.91591587884230e+00 1.55289339317623e-02 5.03562329232619e-04 
9.93650968129057e+00 1.53519123747747e-02 5.01419058324040e-04 
9.95710348373884e+00 1.51752454073654e-02 4.99263849195050e-04 
9.97769728618711e+00 1.49989406972071e-02 4.97096791533986e-04 
9.99829108863538e+00 1.48230059084733e-02 4.94829534542438e-04 
1.00188848910836e+01 1.46476674759428e-02 4.92342448629735e-04 
1.00394786935319e+01 1.44732332863082e-02 4.89731507195386e-04 
1.00600724959802e+01 1.42997019727934e-02 4.87125152803877e-04 
1.00806662984285e+01 1.41270721517839e-02 4.84523430838936e-04 
1.01012601008767e+01 1.39553424229064e-02 4.81926386433329e-04 
1.01218539033250e+01 1.37845113691100e-02 4.79334064466077e-04 
1.01424477057733e+01 1.36145775567479e-02 4.76746509559746e-04 
1.01630415082215e+01 1.34455395356604e-02 4.74163766077794e-04 
1.01836353106698e+01 1.32773958392588e-02 4.71585878121939e-04 
1.02042291131181e+01 1.31101449846103e-02 4.69012889529564e-04 
1.02248229155664e+01 1.29437854725239e-02 4.66444843871154e-04 
1.02454167180146e+01 1.27783157876375e-02 4.63881784447807e-04 
1.02660105204629e+01 1.26137343985051e-02 4.61323754288766e-04 
1.02866043229112e+01 1.24500397576863e-02 4.58770796149019e-04 
1.03071981253594e+01 1.22872303018355e-02 4.56222952506919e-04 
1.03277919278077e+01 1.21253044517925e-02 4.53680265561800e-04 
1.03483857302560e+01 1.19642606126742e-02 4.51142777231749e-04 
1.03689795327042e+01 1.18040971739665e-02 4.48610529151336e-04 
1.03895733351525e+01 1.16448125096182e-02 4.46083562669343e-04 
1.04101671376008e+01 1.14864049781342e-02 4.43561918846653e-04 
1.04307609400491e+01 1.13288729226712e-02 4.41045638454110e-04 
1.04513547424973e+01 1.11722146711328e-02 4.38534761970392e-04 
1.04719485449456e+01 1.10164285362664e-02 4.36029329579990e-04 
1.04925423473939e+01 1.08615128157605e-02 4.33529381171179e-04 
1.05131361498421e+01 1.07074657923424e-02 4.31034956334065e-04 
1.05337299522904e+01 1.05542857338776e-02 4.28546094358634e-04 
1.05543237547387e+01 1.04019708934692e-02 4.26062834232881e-04 
1.05749175571870e+01 1.02505195095581e-02 4.23585214640923e-04 
1.05955113596352e+01 1.00999298060244e-02 4.21113273961192e-04 
1.06161051620835e+01 9.95019999228909e-03 4.18647050264689e-04 
1.06366989645318e+01 9.80132826341640e-03 4.16186581313210e-04 
1.06572927669800e+01 9.65331280021722e-03 4.13731904557677e-04 
1.06778865694283e+01 9.50615176935288e-03 4.11283057136444e-04 
1.06984803718766e+01 9.35984332343971e-03 4.08840075873708e-04 
1.07190741743249e+01 9.21438560115416e-03 4.06402997277907e-04 
1.07396679767731e+01 9.06977672733873e-03 4.03971857540178e-04 
1.07602617792214e+01 8.92601481310831e-03 4.01546692532851e-04 
1.07808555816697e+01 8.78309795595727e-03 3.99127537807956e-04 
1.08014493841179e+01 8.64102423986713e-03 3.96714428595820e-04 
1.08220431865662e+01 8.49979173541476e-03 3.94307399803652e-04 
1.08426369890145e+01 8.35939849988118e-03 3.91906486014191e-04 
1.08632307914627e+01 8.21984257736096e-03 3.89511721484371e-04 
1.08838245939110e+01 8.08112199887209e-03 3.87123140144048e-04 
1.09044183963593e+01 7.94323478246642e-03 3.84740775594736e-04 
1.09250121988076e+01 7.80617893334064e-03 3.82364661108405e-04 
1.09456060012558e+01 7.66995244394774e-03 3.79994829626294e-04 
1.09661998037041e+01 7.53455329410895e-03 3.77631313757770e-04 
1.09867936061524e+01 7.39997945112622e-03 3.75274145779242e-04 
1.10073874086006e+01 7.26622886989512e-03 3.72923357633052e-04 
1.10279812110489e+01 7.13329949301820e-03 3.70578980926464e-04 
1.10485750134972e+01 7.00118925091882e-03 3.68241046930658e-04 
1.10691688159455e+01 6.86989606195543e-03 3.65909586579764e-04 
1.10897626183937e+01 6.73941783253619e-03 3.63584630469931e-04 
1.11103564208420e+01 6.60975245723409e-03 3.61266208858430e-04 
1.11309502232903e+01 6.48089781890243e-03 3.58954351662791e-04 
1.11515440257385e+01 6.35285178879066e-03 3.56649088459980e-04 
1.11721378281868e+01 6.22561222666066e-03 3.54350448485599e-04 
1.11927316306351e+01 6.09917698090328e-03 3.52058460633123e-04 
1.12133254330833e+01 5.97354388865537e-03 3.49773153453182e-04 
1.12339192355316e+01 5.84871077591699e-03 3.47494555152867e-04 
1.12545130379799e+01 5.72467545766907e-03 3.45222693595076e-04 
1.12751068404282e+01 5.60143573799130e-03 3.42957596297865e-04 
1.12957006428764e+01 5.47898941018041e-03 3.40699290433863e-04 
1.13162944453247e+01 5.35733425686865e-03 3.38447802829724e-04 
1.13368882477730e+01 5.23646805014262e-03 3.36203159965588e-04 
1.13574820502212e+01 5.11638855166229e-03 3.33965387974592e-04 
1.13780758526695e+01 4.99709351278039e-03 3.31734512642389e-04 
1.13986696551178e+01 4.87858067466193e-03 3.29510559406736e-04 
1.14192634575661e+01 4.76084776840402e-03 3.27293553357068e-04 
1.14398572600143e+01 4.64389251515594e-03 3.25083519234149e-04 
1.14604510624626e+01 4.52771262623930e-03 3.22880481429738e-04 
1.14810448649109e+01 4.41230580326853e-03 3.20684463986267e-04 
1.15016386673591e+01 4.29766973827152e-03 3.18442842896041e-04 
1.15222324698074e+01 4.18383463606018e-03 3.16017963499863e-04 
1.15428262722557e+01 4.07089331609626e-03 3.13297286735888e-04 
1.15634200747039e+01 3.95896221124959e-03 3.10264010181733e-04 
1.15840138771522e+01 3.84815014892001e-03 3.06939306262108e-04 
1.16046076796005e+01 3.73855850351574e-03 3.03343888701498e-04 
1.16252014820488e+01 3.63028136034734e-03 2.99497982880736e-04 
1.16457952844970e+01 3.52340568975531e-03 2.95421299468259e-04 
1.16663890869453e+01 3.41801153032797e-03 2.91133011211053e-04 
1.16869828893936e+01 3.31417218010645e-03 2.86651732766063e-04 
1.17075766918418e+01 3.21195439471591e-03 2.81995503449387e-04 
1.17281704942901e+01 3.11141859140470e-03 2.77181772777728e-04 
1.17487642967384e+01 3.01261905801758e-03 2.72227388674600e-04 
1.17693580991867e+01 2.91560416597360e-03 2.67148588212251e-04 
1.17899519016349e+01 2.82041658636461e-03 2.61960990759568e-04 
1.18105457040832e+01 2.72709350833564e-03 2.56679593405903e-04 
1.18311395065315e+01 2.63566685895401e-03 2.51318768531101e-04 
1.18517333089797e+01 2.54616352381960e-03 2.45892263392786e-04 
1.18723271114280e+01 2.45860556771347e-03 2.40413201603248e-04 
1.18929209138763e+01 2.37301045462703e-03 2.34894086369903e-04 
1.19135147163245e+01 2.28939126655777e-03 2.29346805375386e-04 
1.19341085187728e+01 2.20775692050116e-03 2.23782637175728e-04 
1.19547023212211e+01 2.12811238311044e-03 2.18212258997790e-04 
1.19752961236694e+01 2.05045888253800e-03 2.12645755820139e-04 
1.19958899261176e+01 1.97479411701216e-03 2.07090105674177e-04 
1.20164837285659e+01 1.90112843780917e-03 2.01548402264790e-04 
1.20370775310142e+01 1.82948825503420e-03 1.96031878346335e-04 
1.20576713334624e+01 1.75985864746587e-03 1.90555818682584e-04 
1.20782651359107e+01 1.69222207043980e-03 1.85127291512298e-04 
1.20988589383590e+01 1.62655854978266e-03 1.79752846472081e-04 
1.21194527408073e+01 1.56284586964100e-03 1.74438530683159e-04 
1.21400465432555e+01 1.50105975406200e-03 1.69189905234573e-04 
1.21606403457038e+01 1.44117404221309e-03 1.64012061982359e-04 
1.21812341481521e+01 1.38316085715592e-03 1.58909640588970e-04 
1.22018279506003e+01 1.32699076811695e-03 1.53886845731712e-04 
1.22224217530486e+01 1.27263294622178e-03 1.48947464413513e-04 
1.22430155554969e+01 1.22005531368362e-03 1.44094883313796e-04 
1.22636093579451e+01 1.16922468645796e-03 1.39332106121550e-04 
1.22842031603934e+01 1.12010691039548e-03 1.34661770796983e-04 
1.23047969628417e+01 1.07266699094360e-03 1.30086166712248e-04 
1.23253907652900e+01 1.02686921646415e-03 1.25607251625808e-04 
1.23459845677382e+01 9.82677275249752e-04 1.21226668448855e-04 
1.23665783701865e+01 9.40054366335822e-04 1.16945761766020e-04 
1.23871721726348e+01 8.98963304217514e-04 1.12765594076193e-04 
1.24077659750830e+01 8.59366617592294e-04 1.08686961722817e-04 
1.24283597775313e+01 8.21226642258882e-04 1.04710410486319e-04 
1.24489535799796e+01 7.84505608312106e-04 1.00836250814567e-04 
1.24695473824279e+01 7.49165721780936e-04 9.70645726702963e-05 
1.24901411848761e+01 7.15169240863527e-04 9.33952599773383e-05 
1.25107349873244e+01 6.82478546918685e-04 8.98280046502430e-05 
1.25313287897727e+01 6.51056210377761e-04 8.63623201944940e-05 
1.25519225922209e+01 6.20865051744629e-04 8.29975548669764e-05 
1.25725163946692e+01 5.91868197854221e-04 7.97329043886596e-05 
1.25931101971175e+01 5.64029133562092e-04 7.65674242036396e-05 
1.26137039995657e+01 5.37311749038702e-04 7.35000412807043e-05 
1.26342978020140e+01 5.11680382842682e-04 7.05295654554868e-05 
1.26548916044623e+01 4.87099860947171e-04 6.76547003130260e-05 
1.26754854069106e+01 4.63535531892655e-04 6.48740536121789e-05 
1.26960792093588e+01 4.40953298238415e-04 6.21855171067331e-05 
1.27166730118071e+01 4.19319973615135e-04 5.95850526533255e-05 
1.27372668142554e+01 3.98604174517681e-04 5.70681980853268e-05 
1.27578606167036e+01 3.78776119342054e-04 5.46326425345911e-05 
1.27784544191519e+01 3.59806403157721e-04 5.22773687474998e-05 
1.27990482216002e+01 3.41666036803818e-04 5.00012531085471e-05 
1.28196420240485e+01 3.24326482092009e-04 4.78030761439702e-05 
1.28402358264967e+01 3.07759683299197e-04 4.56815325362731e-05 
1.28608296289450e+01 2.91938095131841e-04 4.36352406531989e-05 
1.28814234313933e+01 2.76834707341580e-04 4.16627515962547e-05 
1.29020172338415e+01 2.62423066169302e-04 3.97625577752957e-05 
1.29226110362898e+01 2.48677292791788e-04 3.79331010169289e-05 
1.29432048387381e+01 2.35572098941631e-04 3.61727802156190e-05 
1.29637986411863e+01 2.23082799867314e-04 3.44799585373820e-05 
1.29843924436346e+01 2.11185324796253e-04 3.28529701868117e-05 
1.30049862460829e+01 1.99856225059175e-04 3.12901267489490e-05 
1.30255800485312e+01 1.89072680029620e-04 2.97897231181505e-05 
1.30461738509794e+01 1.78812501027508e-04 2.83500430266535e-05 
1.30667676534277e+01 1.69054133330743e-04 2.69693641859876e-05 
1.30873614558760e+01 1.59776656433713e-04 2.56459630547379e-05 
1.31079552583242e+01 1.50959782686347e-04 2.43781192464388e-05 
1.31285490607725e+01 1.42583854442121e-04 2.31641195915771e-05 
1.31491428632208e+01 1.34629839838083e-04 2.20022618678022e-05 
1.31697366656691e+01 1.27079327324661e-04 2.08908582125027e-05 
1.31903304681173e+01 1.19914519057688e-04 1.98282382319037e-05 
1.32109242705656e+01 1.13118223259789e-04 1.88127518207785e-05 
1.32315180730139e+01 1.06673845653043e-04 1.78427717067622e-05 
1.32521118754621e+01 1.00565380059627e-04 1.69166957330958e-05 
1.32727056779104e+01 9.47773982620834e-05 1.60329488934345e-05 
1.32932994803587e+01 8.92950392098183e-05 1.51899851321186e-05 
1.33138932828069e+01 8.41039976535252e-05 1.43862889230429e-05 
1.33344870852552e+01 7.91905122844683e-05 1.36203766399616e-05 
1.33550808877035e+01 7.45413534508563e-05 1.28907977307511e-05 
1.33756746901518e+01 7.01438105190221e-05 1.21961357078078e-05 
1.33962684926000e+01 6.59856789427101e-05 1.15350089664039e-05 
1.34168622950483e+01 6.20552470995204e-05 1.09060714424494e-05 
1.34374560974966e+01 5.83412829494430e-05 1.03080131207214e-05 
1.34580498999448e+01 5.48330205664541e-05 9.73956040423109e-06 
1.34786437023931e+01 5.15201465903359e-05 9.19947635499639e-06 
1.34992375048414e+01 4.83927866422210e-05 8.68656081608116e-06 
1.35198313072897e+01 4.54414917438642e-05 8.19965042435683e-06 
1.35404251097379e+01 4.26572247772882e-05 7.73761852303364e-06 
1.35610189121862e+01 4.00313470182601e-05 7.29937498260090e-06 
1.35816127146345e+01 3.75556047740044e-05 6.88386593841416e-06 
1.36022065170827e+01 3.52221161526694e-05 6.49007345276736e-06 
1.36228003195310e+01 3.30233579893113e-05 6.11701510889506e-06 
1.36433941219793e+01 3.09521529505621e-05 5.76374354396435e-06 
1.36639879244275e+01 2.90016568376842e-05 5.42934592773802e-06 
1.36845817268758e+01 2.71653461053937e-05 5.11294339322125e-06 
1.37051755293241e+01 2.54370056116436e-05 4.81357830962954e-06 
1.37257693317724e+01 2.38107665285545e-05 4.53020632650995e-06 
1.37463631342206e+01 2.22811521454748e-05 4.26192282123943e-06 
1.37669569366689e+01 2.08429683689995e-05 4.00800927593661e-06 
1.37875507391172e+01 1.94912603188969e-05 3.76780665469378e-06 
1.38081445415654e+01 1.82213042210090e-05 3.54067812293143e-06 
1.38287383440137e+01 1.70285993535959e-05 3.32600890783273e-06 
1.38493321464620e+01 1.59088600675460e-05 3.12320610264093e-06 
1.38699259489103e+01 1.48580078988176e-05 2.93169842042551e-06 
1.38905197513585e+01 1.38721637895303e-05 2.75093590261478e-06 
1.39111135538068e+01 1.29476404322969e-05 2.58038958729042e-06 
1.39317073562551e+01 1.20809347506607e-05 2.41955114194379e-06 
1.39523011587033e+01 1.12687205268895e-05 2.26793246510590e-06 
1.39728949611516e+01 1.05078411868648e-05 2.12506526098209e-06 
1.39934887635999e+01 9.79530275039264e-06 1.99050059095180e-06 
1.40140825660481e+01 9.12826695394811e-06 1.86380840553029e-06 
1.40346763684964e+01 8.50404455164330e-06 1.74457706013675e-06 
1.40552701709447e+01 7.92008879907792e-06 1.63241281776868e-06 
1.40758639733930e+01 7.37398912368513e-06 1.52693934144972e-06 
1.40964577758412e+01 6.86346498422279e-06 1.42779717909319e-06 
1.41170515782895e+01 6.38635992117557e-06 1.33464324321047e-06 
1.41376453807378e+01 5.94063579902397e-06 1.24715028768912e-06 
1.41582391831860e+01 5.52436724059802e-06 1.16500638367213e-06 
1.41788329856343e+01 5.13573625306282e-06 1.08791439638529e-06 
1.41994267880826e+01 4.77302704447617e-06 1.01559146458602e-06 
1.42200205905309e+01 4.43462102931220e-06 9.47768484142044e-07 
1.42406143929791e+01 4.11899202085529e-06 8.84189597093434e-07 
1.42612081954274e+01 3.82470160793249e-06 8.24611687405446e-07 
1.42818019978757e+01 3.55039471306653e-06 7.68803884482896e-07 
1.43023958003239e+01 3.29479532879250e-06 7.16547075388347e-07 
1.43229896027722e+01 3.05670242858574e-06 6.67633426586772e-07 
1.43435834052205e+01 2.83498604859419e-06 6.21865915927724e-07 
1.43641772076687e+01 2.62858353615140e-06 5.79057875472284e-07 
1.43847710101170e+01 2.43649596086504e-06 5.39032545675840e-07 
1.44053648125653e+01 2.25778468392629e-06 5.01622641348794e-07 
1.44259586150136e+01 2.09156808116638e-06 4.66669929735326e-07 
1.44465524174618e+01 1.93701841529440e-06 4.34024820974876e-07 
1.44671462199101e+01 1.79335885268385e-06 4.03545971141946e-07 
1.44877400223584e+01 1.65986062003148e-06 3.75099897996674e-07 
1.45083338248066e+01 1.53584029618883e-06 3.48560609521270e-07 
1.45289276272549e+01 1.42065723446285e-06 3.23809245265292e-07 
1.45495214297032e+01 1.31371111069466e-06 3.00733730475863e-07 
1.45701152321515e+01 1.21443959245363e-06 2.79228442946724e-07 
1.45907090345997e+01 1.12231612472554e-06 2.59193892482431e-07 
1.46113028370480e+01 1.03684782752739e-06 2.40536412840577e-07 
1.46318966394963e+01 9.57573500945636e-07 2.23167865985560e-07 
1.46524904419445e+01 8.84061733168105e-07 2.07005358461704e-07 
1.46730842443928e+01 8.15909107161487e-07 1.91970969671388e-07 
1.46936780468411e+01 7.52738501734439e-07 1.77989362991050e-07 
1.47142718492893e+01 6.94198274031223e-07 1.64979989509263e-07 
1.47348656517376e+01 6.39964792685271e-07 1.52863452481394e-07 
1.47554594541859e+01 5.89742722766926e-07 1.41576380109168e-07 
1.47760532566342e+01 5.43255126787710e-07 1.31067191107063e-07 
1.47966470590824e+01 5.00242474923134e-07 1.21287074749122e-07 
1.48172408615307e+01 4.60461695248568e-07 1.12189879009753e-07 
1.48378346639790e+01 4.23685263535940e-07 1.03731999976777e-07 
1.48584284664272e+01 3.89700332038550e-07 9.58722728708933e-08 
1.48790222688755e+01 3.58307896585944e-07 8.85718649636004e-08 
1.48996160713238e+01 3.29322001219714e-07 8.17941706464351e-08 
1.49202098737721e+01 3.02568979522959e-07 7.55047088681155e-08 
1.49408036762203e+01 2.77886731730240e-07 6.96710231226661e-08 
1.49613974786686e+01 2.55124036649992e-07 6.42625841407459e-08 
1.49819912811169e+01 2.34139897386767e-07 5.92506954080895e-08 
1.50025850835651e+01 2.14802919815380e-07 5.46083506253606e-08 
1.50231788860134e+01 1.96992978285867e-07 5.03099747705969e-08 
1.50437726884617e+01 1.80597030868955e-07 4.63320308051594e-08 
1.50643664909099e+01 1.65508573200560e-07 4.26524042767819e-08 
1.50849602933582e+01 1.51628603393451e-07 3.92501813875512e-08 
1.51055540958065e+01 1.38865139429427e-07 3.61057862828439e-08 
1.51261478982548e+01 1.27132763586549e-07 3.32009066205382e-08 
1.51467417007030e+01 1.16352192737153e-07 3.05184223094991e-08 
1.51673355031513e+01 1.06449873370456e-07 2.80423373712070e-08 
1.51879293055996e+01 9.73576002147989e-08 2.57577148693017e-08 
1.52085231080478e+01 8.90121573586737e-08 2.36506148439972e-08 
1.52291169104961e+01 8.13549807960735e-08 2.17080351816749e-08 
1.52497107129444e+01 7.43318413500922e-08 1.99178553443942e-08 
1.52703045153927e+01 6.78925469586642e-08 1.82687828794822e-08 
1.52908983178409e+01 6.19906633375900e-08 1.67503026256809e-08 
1.53114921202892e+01 5.65832520682190e-08 1.53526285294722e-08 
1.53320859227375e+01 5.16306251900952e-08 1.40666579830814e-08 
1.53526797251857e+01 4.70961154122763e-08 1.28839285942080e-08 
1.53732735276340e+01 4.29458610906937e-08 1.17965772966894e-08 
1.53938673300823e+01 3.91486051526328e-08 1.07973017109863e-08 
1.54144611325305e+01 3.56755071830123e-08 9.87932366355137e-09 
1.54350549349788e+01 3.24999679204796e-08 9.03635477473274e-09 
1.54556487374271e+01 2.95974654442729e-08 8.26256402582840e-09 
1.54762425398754e+01 2.69454023652271e-08 7.55254721719523e-09 
1.54968363423236e+01 2.45229633661093e-08 6.90129823088833e-09 
1.55174301447719e+01 2.23109824675854e-08 6.30418201311837e-09 
1.55380239472202e+01 2.02918194264577e-08 5.75690919383069e-09 
1.55586177496684e+01 1.84492447023301e-08 5.25551226289901e-09 
1.55792115521167e+01 1.67683324574903e-08 4.79632322475585e-09 
1.55998053545650e+01 1.52353610825153e-08 4.37595265572315e-09 
1.56203991570133e+01 1.38377207668798e-08 3.99127009083856e-09 
1.56409929594615e+01 1.25638276596491e-08 3.63938566956879e-09 
1.56615867619098e+01 1.14030441901577e-08 3.31763297244425e-09 
1.56821805643581e+01 1.03456051424089e-08 3.02355298331970e-09 
1.57027743668063e+01 9.38254909976384e-09 2.75487911464879e-09 
1.57233681692546e+01 8.50565489834289e-09 2.50952323584198e-09 
1.57439619717029e+01 7.70738274842245e-09 2.28556264744515e-09 
1.57645557741511e+01 6.98081970300814e-09 2.08122794652092e-09 
1.57851495765994e+01 6.31962917169905e-09 1.89489173122658e-09 
1.58057433790477e+01 5.71800419595252e-09 1.72505230920437e-09 
1.58263371814960e+01 5.17056190016281e-09 1.56958988326939e-09 
1.58469309839442e+01 4.67292529893956e-09 1.42731451524622e-09 
1.58675247863925e+01 4.22059318747370e-09 1.29726738426290e-09 
1.58881185888408e+01 3.80985577419572e-09 1.17842299009758e-09 
1.59087123912890e+01 3.43690358833585e-09 1.06990314365471e-09 
1.59293061937373e+01 3.09860029283805e-09 9.70747195020152e-10 
1.59498999961856e+01 2.79178689512948e-09 8.80214590499159e-10 
1.59704937986339e+01 2.51384710026584e-09 7.97576849643410e-10 
1.59910876010821e+01 2.26211316946208e-09 7.22241571632003e-10 
1.60116814035304e+01 2.03436715250004e-09 6.53573762179170e-10 
1.60322752059787e+01 1.82836397005829e-09 5.91044366652382e-10 
1.60528690084269e+01 1.64224260268015e-09 5.34116000209664e-10 
1.60734628108752e+01 1.47412252792968e-09 4.82351111117604e-10 
1.60940566133235e+01 1.32243642733442e-09 4.35296576553515e-10 
1.61146504157717e+01 1.18560742526645e-09 3.92576507180497e-10 
1.61352442182200e+01 1.06232028809994e-09 3.53803194202835e-10 
1.61558380206683e+01 9.51257732037901e-10 3.18655040876197e-10 
1.61764318231166e+01 8.51320006571713e-10 2.86801985737723e-10 
1.61970256255648e+01 7.61410638787329e-10 2.57970045253413e-10 
1.62176194280131e+01 6.80613297909714e-10 2.31879530381719e-10 
1.62382132304614e+01 6.08018470410919e-10 2.08298004973562e-10 
1.62588070329096e+01 5.42865296922116e-10 1.86989487420934e-10 
1.62794008353579e+01 4.84401880128423e-10 1.67757604348396e-10 
1.62999946378062e+01 4.31998598717646e-10 1.50404065521810e-10 
1.63205884402545e+01 3.85035891652469e-10 1.34763634000610e-10 
1.63411822427027e+01 3.42994474164461e-10 1.20670341526285e-10 
1.63617760451510e+01 3.05365463093005e-10 1.07985694726177e-10 
1.63823698475993e+01 2.71721975495168e-10 9.65712991499837e-11 
1.64029636500475e+01 2.41647346162674e-10 8.63115161134407e-11 
1.64235574524958e+01 2.14791782115283e-10 7.70913593678081e-11 
1.64441512549441e+01 1.90815178875935e-10 6.88146260962929e-11 
1.64647450573923e+01 1.69431824406288e-10 6.13861093194855e-11 
1.64853388598406e+01 1.50364956579890e-10 5.47260562087987e-11 
1.65059326622889e+01 1.33381944009948e-10 4.87573611909664e-11 
1.65265264647372e+01 1.18257980660500e-10 4.34166609079531e-11 
1.65471202671854e+01 1.04802530372996e-10 3.86402862644561e-11 
1.65677140696337e+01 9.28323137366028e-11 3.43731441223742e-11 
1.65883078720820e+01 8.21932708817687e-11 3.05612946708472e-11 
1.66089016745302e+01 7.27379700425175e-11 2.71594928258178e-11 
1.66294954769785e+01 6.43424303919503e-11 2.41238992591957e-11 
1.66500892794268e+01 5.68883303923476e-11 2.14177175259087e-11 
1.66706830818751e+01 5.02761301472659e-11 1.90054087919346e-11 
1.66912768843233e+01 4.44110866399015e-11 1.68571260018598e-11 
1.67118706867716e+01 3.92134676881868e-11 1.49441317997208e-11 
1.67324644892199e+01 3.46075801855116e-11 1.32422783612924e-11 
1.67530582916681e+01 3.05297035052886e-11 1.17283857247165e-11 
1.67736520941164e+01 2.69194975183927e-11 1.03829665074876e-11 
1.67942458965647e+01 2.37261518064213e-11 9.18736906944524e-12 
1.68148396990129e+01 2.09016695519003e-11 8.12590625988794e-12 
1.68354335014612e+01 1.84056239746813e-11 7.18360629255136e-12 
1.68560273039095e+01 1.61999180033705e-11 6.34787228764251e-12 
1.68766211063578e+01 1.42524558310321e-11 5.60671495962836e-12 
1.68972149088060e+01 1.25330613962125e-11 4.95004364870250e-12 
1.69178087112543e+01 1.10163066707150e-11 4.36828018783422e-12 
1.69384025137026e+01 9.67833836689169e-12 3.85336119890998e-12 
1.69589963161508e+01 8.49905210364893e-12 3.39765289021848e-12 
1.69795901185991e+01 7.45962965658461e-12 2.99472766007217e-12 
1.70001839210474e+01 6.54420672308249e-12 2.63846361615861e-12 
1.70207777234957e+01 5.73809995785715e-12 2.32359156766930e-12 
1.70413715259439e+01 5.02896644959718e-12 2.04520877830310e-12 
1.70619653283922e+01 4.40521401073110e-12 1.79929321111434e-12 
1.70825591308405e+01 3.85706593016765e-12 1.58209261629467e-12 
1.71031529332887e+01 3.37541134948384e-12 1.39043602549198e-12 
1.71237467357370e+01 2.95257075494305e-12 1.22134432874922e-12 
1.71443405381853e+01 2.58140068442356e-12 1.07230174412652e-12 
1.71649343406336e+01 2.25588322587955e-12 9.40949243441312e-13 
1.71855281430818e+01 1.97043071302484e-12 8.25296005548240e-13 
1.72061219455301e+01 1.72033832250195e-12 7.23478855162264e-13 
1.72267157479784e+01 1.50124551266673e-12 6.33926389916993e-13 
1.72473095504266e+01 1.30948250310066e-12 5.55170802130447e-13 
1.72679033528749e+01 1.14165418220035e-12 4.85974847084225e-13 
1.72884971553232e+01 9.94904605565858e-13 4.25185073921220e-13 
1.73090909577714e+01 8.66596311420215e-13 3.71829735357187e-13 
1.73296847602197e+01 7.54511686577208e-13 3.25004636624865e-13 
1.73502785626680e+01 6.56606399676579e-13 2.83948406791954e-13 
1.73708723651163e+01 5.71162298480544e-13 2.47953955241954e-13 
1.73914661675645e+01 4.96598267010095e-13 2.16426169232302e-13 
1.74120599700128e+01 4.31586021394582e-13 1.88813410691843e-13 
1.74326537724611e+01 3.74905342164624e-13 1.64651617912004e-13 
1.74532475749093e+01 3.25531550485175e-13 1.43511438714987e-13 
1.74738413773576e+01 2.82524946680573e-13 1.25031847925739e-13 
1.74944351798059e+01 2.45096729247289e-13 1.08879227219522e-13 
1.75150289822542e+01 2.12524756158419e-13 9.47724270912598e-14 
1.75356227847024e+01 1.84203351446962e-13 8.24522396449677e-14 
1.75562165871507e+01 1.59579535042276e-13 7.17016756153649e-14 
1.75768103895990e+01 1.38189381840551e-13 6.23216165912277e-14 
1.75974041920472e+01 1.19609453625439e-13 5.41447827365455e-14 
1.76179979944955e+01 1.03484649140224e-13 4.70174446374824e-14 
1.76385917969438e+01 8.94914129804150e-14 4.08105069943672e-14 
1.76591855993920e+01 7.73585165207602e-14 3.54055521309929e-14 
1.76797794018403e+01 6.68392440990895e-14 3.07031784785585e-14 
1.77003732042886e+01 5.77268631319181e-14 2.66123729172241e-14 
1.77209670067369e+01 4.98336385818662e-14 2.30567685086621e-14 
1.77415608091851e+01 4.30023231143178e-14 1.99665688990944e-14 
1.77621546116334e+01 3.70903542285464e-14 1.72832331405179e-14 
1.77827484140817e+01 3.19783690592201e-14 1.49533520945173e-14 
1.78033422165299e+01 2.75583269525577e-14 1.29321473400289e-14 
1.78239360189782e+01 2.37398052603819e-14 1.11788372254834e-14 
1.78445298214265e+01 2.04410890489611e-14 9.65924393131289e-15 
1.78651236238748e+01 1.75938158653775e-14 8.34229381591819e-15 
1.78857174263230e+01 1.51363037236685e-14 7.20195546537986e-15 
1.79063112287713e+01 1.30169702944346e-14 6.21460187938332e-15 
1.79269050312196e+01 1.11893460285928e-14 5.36044790335992e-15 
1.79474988336678e+01 9.61458566948777e-15 4.62156585535313e-15 
1.79680926361161e+01 8.25774761769043e-15 3.98294926052297e-15 
1.79886864385644e+01 7.08963472217576e-15 3.43102288249476e-15 
1.80092802410126e+01 6.08402331238043e-15 2.95440986953511e-15 
1.80298740434609e+01 5.21901009880554e-15 2.54282763785359e-15 
1.80504678459092e+01 4.47497014581535e-15 2.18769146756044e-15 
1.80710616483575e+01 3.83551671125437e-15 1.88127771243054e-15 
1.80916554508057e+01 3.28597163674081e-15 1.61712764624668e-15 
1.81122492532540e+01 2.81408361094763e-15 1.38942462123813e-15 
1.81328430557023e+01 2.40889471661028e-15 1.19330624826179e-15 
1.81534368581505e+01 2.06126297612924e-15 1.02440033290800e-15 
1.81740306605988e+01 1.76302330900002e-15 8.79053650060462e-16 
1.81946244630471e+01 1.50736686240573e-15 7.53986306780965e-16 
1.82152182654954e+01 1.28822099847369e-15 6.46459018323527e-16 
1.82358120679436e+01 1.10052406491856e-15 5.54016152111683e-16 
1.82564058703919e+01 9.39768030231876e-16 4.74607764619713e-16 
1.82769996728402e+01 8.02197087078935e-16 4.06398921815082e-16 
1.82975934752884e+01 6.84470846615881e-16 3.47858534739586e-16 
1.83181872777367e+01 5.83807580890239e-16 2.97618116537689e-16 
1.83387810801850e+01 4.97736617878118e-16 2.54536307304543e-16 
1.83593748826332e+01 4.24201434600473e-16 2.17594436503611e-16 
1.83799686850815e+01 3.61377933617971e-16 1.85943287383916e-16 
1.84005624875298e+01 3.07748482945845e-16 1.58826009604675e-16 
1.84211562899781e+01 2.61968765425978e-16 1.35611937765316e-16 
1.84417500924263e+01 2.22920841113725e-16 1.15739790578513e-16 
1.84623438948746e+01 1.89615746044883e-16 9.87420738769267e-17 
1.84829376973229e+01 1.61231441397572e-16 8.42032996512539e-17 
1.85035314997711e+01 1.37041678335303e-16 7.17782367007717e-17 
1.85241253022194e+01 1.16443094851595e-16 6.11609856512966e-17 
1.85447191046677e+01 9.89026152434234e-17 5.20965066117028e-17 
1.85653129071160e+01 8.39773630415588e-17 4.43579014998348e-17 
1.85859067095642e+01 7.12772227128086e-17 3.77562690122769e-17 
1.86065005120125e+01 6.04784795193524e-17 3.21245182087501e-17 
1.86270943144608e+01 5.12963114325386e-17 2.73238002345738e-17 
1.86476881169090e+01 4.34944748087854e-17 2.32314460803498e-17 
1.86682819193573e+01 3.68653456960737e-17 1.97455635361618e-17 
1.86888757218056e+01 3.12367841957161e-17 1.67762412467317e-17 
1.87094695242538e+01 2.64576742067548e-17 1.42488278698325e-17 
1.87300633267021e+01 2.24027787570348e-17 1.20975275592517e-17 
1.87506571291504e+01 1.89622784141990e-17 1.02677345219406e-17 
1.87712509315987e+01 1.60451988335996e-17 8.71137666321232e-18 
1.87918447340469e+01 1.35718528311634e-17 7.38857439593594e-18 
1.88124385364952e+01 1.14762552381342e-17 6.26426024310443e-18 
1.88330323389435e+01 9.70067039073267e-18 5.30935519022479e-18 
1.88536261413917e+01 8.19731012855093e-18 4.49831816944262e-18 
1.88742199438400e+01 6.92440567863298e-18 3.80997863981847e-18 
1.88948137462883e+01 5.84739921972402e-18 3.22576271972007e-18 
1.89154075487366e+01 4.93611788842943e-18 2.73028129924966e-18 
1.89360013511848e+01 4.16560827819445e-18 2.31004781443424e-18 
1.89565951536331e+01 3.51410612984671e-18 1.95389285486102e-18 
1.89771889560814e+01 2.96361958268987e-18 1.65203862834378e-18 
1.89977827585296e+01 2.49847250089868e-18 1.39639067224976e-18 
1.90183765609779e+01 2.10571129034877e-18 1.17987072103771e-18 
1.90389703634262e+01 1.77406119782035e-18 9.96621541117193e-19 
1.90595641658744e+01 1.49420948077552e-18 8.41526725500672e-19 
1.90801579683227e+01 1.25805860068802e-18 7.10354237342659e-19 
1.91007517707710e+01 1.05892291622840e-18 5.99411232106518e-19 
1.91213455732193e+01 8.90995024888591e-19 5.05644446606303e-19 
1.91419393756675e+01 7.49482100243032e-19 4.26392419829260e-19 
1.91625331781158e+01 6.30225049014189e-19 3.59455558477197e-19 
1.91831269805641e+01 5.29792810608558e-19 3.02918514613456e-19 
1.92037207830123e+01 4.45210925595429e-19 2.55198986771037e-19 
1.92243145854606e+01 3.74026617500593e-19 2.14920561239200e-19 
1.92449083879089e+01 3.14115591192182e-19 1.80946631779561e-19 
1.92655021903572e+01 2.63726850399781e-19 1.52289488924001e-19 
1.92860959928054e+01 2.21345356299429e-19 1.28133846674746e-19 
1.93066897952537e+01 1.85722820779715e-19 1.07771932914200e-19 
1.93272835977020e+01 1.55780199236562e-19 9.06197727489148e-20 
1.93478774001502e+01 1.30628799314060e-19 7.61709043710936e-20 
1.93684712025985e+01 1.09501142337040e-19 6.40076247411888e-20 
1.93890650050468e+01 9.17653992125823e-20 5.37680294235904e-20 
1.94096588074950e+01 7.68764287284573e-20 4.51537620523804e-20 
1.94302526099433e+01 6.43856261403650e-20 3.79065728670548e-20 
1.94508464123916e+01 5.39062934503876e-20 3.18136469490189e-20 
1.94714402148399e+01 4.51203416858857e-20 2.66909539038038e-20 
1.94920340172881e+01 3.77538283500609e-20 2.23869029742971e-20 
1.95126278197364e+01 3.15815068402407e-20 1.87705314906195e-20 
1.95332216221847e+01 2.64095673361587e-20 1.57340063734565e-20 
1.95538154246329e+01 2.20787166954149e-20 1.31842557436859e-20 
1.95744092270812e+01 1.84520165122835e-20 1.10446768075251e-20 
1.95950030295295e+01 1.54169624300807e-20 9.24921435783191e-21 
1.96155968319778e+01 1.28769244367364e-20 7.74352394808426e-21 
1.96361906344260e+01 1.07525466401242e-20 6.48078704180257e-21 
1.96567844368743e+01 8.97573013417876e-21 5.42250119321549e-21 
1.96773782393226e+01 7.49057249806061e-21 4.53552618154371e-21 
1.96979720417708e+01 6.24914306375731e-21 3.79261939635714e-21 
1.97185658442191e+01 5.21211151142764e-21 3.17035342009459e-21 
1.97391596466674e+01 4.34578514726026e-21 2.64947778921166e-21 
1.97597534491156e+01 3.62252809431083e-21 2.21345272128134e-21 
1.97803472515639e+01 3.01868605219040e-21 1.84869286365590e-21 
1.98009410540122e+01 2.51486487023156e-21 1.54353611141313e-21 
1.98215348564605e+01 2.09447865237486e-21 1.28840735177158e-21 
1.98421286589087e+01 1.74393420269829e-21 1.07509414018151e-21 
1.98627224613570e+01 1.45161642450615e-21 8.96856352569443e-22 
1.98833162638053e+01 1.20800997030166e-21 7.47918013774578e-22 
1.99039100662535e+01 1.00499104730508e-21 6.23544118811440e-22 
1.99245038687018e+01 8.35907824768018e-22 5.19682465727005e-22 
1.99450976711501e+01 6.95082243670058e-22 4.33007378365904e-22 
1.99656914735984e+01 5.77865824470007e-22 3.60669568912951e-22 
1.99862852760466e+01 4.80297391679222e-22 3.00332533215618e-22 
2.00068790784949e+01 3.99136685283818e-22 2.49997031188756e-22 
2.00274728809432e+01 3.31588501295227e-22 2.08043739883207e-22 
2.00480666833914e+01 2.75400073165951e-22 1.73073132438958e-22 
2.00686604858397e+01 2.28659754132451e-22 1.43940909376682e-22 
2.00892542882880e+01 1.89803823753275e-22 1.19671419735084e-22 
2.01098480907362e+01 1.57501645759774e-22 9.94657396957455e-23 
2.01304418931845e+01 1.30665239637670e-22 8.26426213792837e-23 
2.01510356956328e+01 1.08369589357487e-22 6.86444319929023e-23 
2.01716294980811e+01 8.98587137957573e-23 5.69960632483738e-23 
2.01922233005293e+01 7.44904311354305e-23 4.73087546867614e-23 
2.02128171029776e+01 6.17401774923892e-23 3.92515348534166e-23 
2.02334109054259e+01 5.11627657750295e-23 3.25536613301109e-23 
2.02540047078741e+01 4.23947687490457e-23 2.69847953520477e-23 
2.02745985103224e+01 3.51280734472071e-23 2.23565406593084e-23 
2.02951923127707e+01 2.91113600147016e-23 1.85086973093231e-23 
2.03157861152190e+01 2.41318333872445e-23 1.53102144120022e-23 
2.03363799176672e+01 2.00161432065132e-23 1.26496706276428e-23 
2.03569737201155e+01 1.66177774887308e-23 1.04358444926361e-23 
2.03775675225638e+01 1.38176486990372e-23 8.59113023526348e-24 
2.03981613250120e+01 1.15154028988868e-23 7.05185494922177e-24 
2.04187551274603e+01 9.62982086937710e-24 5.76373061784773e-24 
2.04393489299086e+01 8.09283138610221e-24 4.68199707013090e-24 
2.04599427323568e+01 6.84982980846783e-24 3.76828495285278e-24 
2.04805365348051e+01 5.85555622850322e-24 2.99062842768632e-24 
2.05011303372534e+01 5.07440812117746e-24 2.32130474659586e-24 
2.05217241397017e+01 4.47760254851295e-24 1.73673484305169e-24 
2.05423179421499e+01 4.04354887663614e-24 1.21599803900172e-24 
2.05629117445982e+01 3.75589355521598e-24 7.40617481380003e-25 
2.05835055470465e+01 3.60402083475561e-24 5.11863020192181e-25 
