Energy(eV)           EEDF(eV^-(3/2))      Anisotropy(eV^-(3/2))
3.04070347138523e-03 6.15498219372875e-01 6.60503438688430e-05 
9.12211041415570e-03 6.15383273398185e-01 9.18605521162218e-05 
1.52035173569262e-02 6.15257513360618e-01 1.23672275680400e-04 
2.12849242996966e-02 6.15133957645364e-01 1.45755295615403e-04 
2.73663312424671e-02 6.15013819373577e-01 1.60303994552513e-04 
3.34477381852376e-02 6.14905771428717e-01 1.70645773322131e-04 
3.95291451280080e-02 6.14803146494911e-01 1.79851236807356e-04 
4.56105520707785e-02 6.14708065698224e-01 1.86135282402550e-04 
5.16919590135489e-02 6.14619841049263e-01 1.89671499474032e-04 
5.77733659563194e-02 6.14540238809462e-01 1.88931985902324e-04 
6.38547728990899e-02 6.14470950655768e-01 1.83527026963146e-04 
6.99361798418603e-02 6.14413236678618e-01 1.75887680626763e-04 
7.60175867846308e-02 6.14364475980863e-01 1.69888964902182e-04 
8.20989937274013e-02 6.14321850772751e-01 1.63911157604005e-04 
8.81804006701717e-02 6.14285752388047e-01 1.55047120924842e-04 
9.42618076129422e-02 6.14256320311271e-01 1.43309649817977e-04 
1.00343214555713e-01 6.14233442176165e-01 1.31543534400005e-04 
1.06424621498483e-01 6.14214890174771e-01 1.23293161536546e-04 
1.12506028441254e-01 6.14199105004206e-01 1.16169891360781e-04 
1.18587435384024e-01 6.14186070447823e-01 1.08268933085901e-04 
1.24668842326795e-01 6.14175360766620e-01 1.01992437552573e-04 
1.30750249269565e-01 6.14166011574535e-01 9.71319065188569e-05 
1.36831656212335e-01 6.14158020161624e-01 9.13611672896008e-05 
1.42913063155106e-01 6.14151358841816e-01 8.46830953853099e-05 
1.48994470097876e-01 6.14145974952116e-01 7.77497532865519e-05 
1.55075877040647e-01 6.14141620248647e-01 7.21297360214119e-05 
1.61157283983417e-01 6.14137915085023e-01 6.74713674458018e-05 
1.67238690926188e-01 6.14134837031048e-01 6.23274469469825e-05 
1.73320097868958e-01 6.14132340147718e-01 5.83519272634252e-05 
1.79401504811729e-01 6.14130115273982e-01 5.58684574723650e-05 
1.85482911754499e-01 6.14128159226796e-01 5.30789317933215e-05 
1.91564318697270e-01 6.14126466014517e-01 4.99838532667056e-05 
1.97645725640040e-01 6.14125026836881e-01 4.68123866458049e-05 
2.03727132582811e-01 6.14123803116448e-01 4.55553590971714e-05 
2.09808539525581e-01 6.14122577851131e-01 4.62447188241496e-05 
2.15889946468351e-01 6.14121352608325e-01 4.68951963824700e-05 
2.21971353411122e-01 6.14120128910592e-01 4.75067922607843e-05 
2.28052760353892e-01 6.14118908235667e-01 4.80795069620452e-05 
2.34134167296663e-01 6.14117692016451e-01 4.86133409823661e-05 
2.40215574239433e-01 6.14116481641020e-01 4.91082948375930e-05 
2.46296981182204e-01 6.14115278452617e-01 4.95643690625773e-05 
2.52378388124974e-01 6.14114083749660e-01 5.23114023481905e-05 
2.58459795067745e-01 6.14112677413481e-01 5.75834758499942e-05 
2.64541202010515e-01 6.14111006806663e-01 6.33006932846901e-05 
2.70622608953286e-01 6.14109043651138e-01 6.92191854922779e-05 
2.76704015896056e-01 6.14106758473569e-01 7.53388445931465e-05 
2.82785422838827e-01 6.14104120605573e-01 8.16595805627874e-05 
2.88866829781597e-01 6.14101098183972e-01 8.81813155681079e-05 
2.94948236724368e-01 6.14097658151082e-01 9.49039799912106e-05 
3.01029643667138e-01 6.14093766255024e-01 1.02403630091810e-04 
3.07111050609908e-01 6.14089296362877e-01 1.10923592435424e-04 
3.13192457552679e-01 6.14084149792697e-01 1.19952523428532e-04 
3.19273864495449e-01 6.14078267266229e-01 1.29247099252323e-04 
3.25355271438220e-01 6.14071587419348e-01 1.38807182111578e-04 
3.31436678380990e-01 6.14064046803176e-01 1.48632639288389e-04 
3.37518085323761e-01 6.14055579885315e-01 1.58723339714938e-04 
3.43599492266531e-01 6.14046119051215e-01 1.69079151338641e-04 
3.49680899209302e-01 6.14035594605677e-01 1.79987317401944e-04 
3.55762306152072e-01 6.14023865769127e-01 1.91789480029634e-04 
3.61843713094843e-01 6.14010759475049e-01 2.04210977820407e-04 
3.67925120037613e-01 6.13996179835837e-01 2.16939020796456e-04 
3.74006526980384e-01 6.13980028181304e-01 2.29973386277763e-04 
3.80087933923154e-01 6.13962203062117e-01 2.43313840261263e-04 
3.86169340865924e-01 6.13942600253524e-01 2.56960135603393e-04 
3.92250747808695e-01 6.13921112759418e-01 2.70912010386928e-04 
3.98332154751465e-01 6.13897630816742e-01 2.85106356714337e-04 
4.04413561694236e-01 6.13872063015630e-01 2.99327936522961e-04 
4.10494968637006e-01 6.13844372158881e-01 3.13643112452340e-04 
4.16576375579777e-01 6.13814449662943e-01 3.28246613146738e-04 
4.22657782522547e-01 6.13782184480585e-01 3.43138113975912e-04 
4.28739189465318e-01 6.13747463106490e-01 3.58317269965872e-04 
4.34820596408088e-01 6.13710169583231e-01 3.73783714811537e-04 
4.40902003350859e-01 6.13670185507658e-01 3.89537059887053e-04 
4.46983410293629e-01 6.13627390037699e-01 4.05576893247085e-04 
4.53064817236400e-01 6.13581659899608e-01 4.21902778630120e-04 
4.59146224179170e-01 6.13532869395665e-01 4.38514254469720e-04 
4.65227631121941e-01 6.13480890412343e-01 4.55410832881247e-04 
4.71309038064711e-01 6.13425592428984e-01 4.72591998647946e-04 
4.77390445007481e-01 6.13366842526966e-01 4.90057208202441e-04 
4.83471851950252e-01 6.13304505399418e-01 5.07805888592541e-04 
4.89553258893022e-01 6.13238443361467e-01 5.25837436438922e-04 
4.95634665835793e-01 6.13168516361066e-01 5.44151216880082e-04 
5.01716072778563e-01 6.13094581990403e-01 5.62612027485389e-04 
5.07797479721334e-01 6.13016567067014e-01 5.81185312551565e-04 
5.13878886664104e-01 6.12934349796884e-01 5.99995819073502e-04 
5.19960293606875e-01 6.12847786911055e-01 6.19077892828625e-04 
5.26041700549645e-01 6.12756732964511e-01 6.38430759305414e-04 
5.32123107492416e-01 6.12661040349871e-01 6.58053608116583e-04 
5.38204514435186e-01 6.12560559311747e-01 6.77945591963546e-04 
5.44285921377957e-01 6.12455137961763e-01 6.98105825580272e-04 
5.50367328320727e-01 6.12344622294270e-01 7.18533384659100e-04 
5.56448735263497e-01 6.12228856202766e-01 7.39227304790855e-04 
5.62530142206268e-01 6.12107681497046e-01 7.60186580369191e-04 
5.68611549149038e-01 6.11980937921106e-01 7.81410163501907e-04 
5.74692956091809e-01 6.11848463171803e-01 8.02896962923786e-04 
5.80774363034579e-01 6.11710092918311e-01 8.24645842875520e-04 
5.86855769977350e-01 6.11565660822384e-01 8.46655621992653e-04 
5.92937176920120e-01 6.11414998559445e-01 8.68925072196558e-04 
5.99018583862891e-01 6.11257935840517e-01 8.91452917562513e-04 
6.05099990805661e-01 6.11094300435029e-01 9.14237833183758e-04 
6.11181397748432e-01 6.10923918194504e-01 9.37278444036754e-04 
6.17262804691202e-01 6.10746613077158e-01 9.60573323841303e-04 
6.23344211633973e-01 6.10562207173418e-01 9.84120993918112e-04 
6.29425618576743e-01 6.10370520732398e-01 1.00791992203547e-03 
6.35507025519514e-01 6.10171372189331e-01 1.03196852125765e-03 
6.41588432462284e-01 6.09964578193994e-01 1.05626514879333e-03 
6.47669839405054e-01 6.09749953640139e-01 1.08080810483555e-03 
6.53751246347825e-01 6.09527311695949e-01 1.10559563140948e-03 
6.59832653290595e-01 6.09296463835537e-01 1.13062591121367e-03 
6.65914060233366e-01 6.09057219871515e-01 1.15589706646259e-03 
6.71995467176136e-01 6.08809387988646e-01 1.18140715773271e-03 
6.78076874118907e-01 6.08552774778596e-01 1.20715418280663e-03 
6.84158281061677e-01 6.08287185275814e-01 1.23313607552278e-03 
6.90239688004448e-01 6.08012422994546e-01 1.25935070463019e-03 
6.96321094947218e-01 6.07728289967018e-01 1.28579587264202e-03 
7.02402501889989e-01 6.07434586782788e-01 1.31239936278444e-03 
7.08483908832759e-01 6.07131175800379e-01 1.33915181133434e-03 
7.14565315775530e-01 6.06817864927458e-01 1.36611766292677e-03 
7.20646722718300e-01 6.06494453522051e-01 1.39330235942005e-03 
7.26728129661070e-01 6.06160739697332e-01 1.42070338915657e-03 
7.32809536603841e-01 6.05816520366152e-01 1.44831816890496e-03 
7.38890943546611e-01 6.05461591286817e-01 1.47614404279827e-03 
7.44972350489382e-01 6.05095747110127e-01 1.50417828128142e-03 
7.51053757432152e-01 6.04718781427684e-01 1.53241808007377e-03 
7.57135164374923e-01 6.04330486821492e-01 1.56086055914266e-03 
7.63216571317693e-01 6.03930654914864e-01 1.58950276169042e-03 
7.69297978260464e-01 6.03519076424638e-01 1.61834165315773e-03 
7.75379385203234e-01 6.03095541214724e-01 1.64737412024436e-03 
7.81460792146005e-01 6.02659838350995e-01 1.67659696994610e-03 
7.87542199088775e-01 6.02211756157525e-01 1.70600692860670e-03 
7.93623606031546e-01 6.01751082274194e-01 1.73560064099474e-03 
7.99705012974316e-01 6.01277603715664e-01 1.76537466940064e-03 
8.05786419917087e-01 6.00791106931738e-01 1.79532549275141e-03 
8.11867826859857e-01 6.00291377869109e-01 1.82544950575098e-03 
8.17949233802627e-01 5.99778202034512e-01 1.85574301804379e-03 
8.24030640745398e-01 5.99251364559278e-01 1.88620225340550e-03 
8.30112047688168e-01 5.98710650265303e-01 1.91682334895943e-03 
8.36193454630939e-01 5.98155843732434e-01 1.94760235441823e-03 
8.42274861573709e-01 5.97586729367280e-01 1.97853523135802e-03 
8.48356268516480e-01 5.97003091473448e-01 2.00961785252250e-03 
8.54437675459250e-01 5.96404714323206e-01 2.04084600115618e-03 
8.60519082402021e-01 5.95791382230581e-01 2.07221537037204e-03 
8.66600489344791e-01 5.95162879625886e-01 2.10372156255493e-03 
8.72681896287562e-01 5.94518991131679e-01 2.13536008879866e-03 
8.78763303230332e-01 5.93859501640149e-01 2.16712636837813e-03 
8.84844710173103e-01 5.93184196391938e-01 2.19901572826281e-03 
8.90926117115873e-01 5.92492861056375e-01 2.23102340267153e-03 
8.97007524058643e-01 5.91785281813135e-01 2.26314453266094e-03 
9.03088931001414e-01 5.91061245435312e-01 2.29537416576270e-03 
9.09170337944184e-01 5.90320539373897e-01 2.32770725566472e-03 
9.15251744886955e-01 5.89562951843643e-01 2.36013866193152e-03 
9.21333151829725e-01 5.88788271910334e-01 2.39266314977408e-03 
9.27414558772496e-01 5.87996289579414e-01 2.42527538987047e-03 
9.33495965715266e-01 5.87186795885987e-01 2.45796995823314e-03 
9.39577372658037e-01 5.86359582986165e-01 2.49074133612426e-03 
9.45658779600807e-01 5.85514444249746e-01 2.52358391002906e-03 
9.51740186543578e-01 5.84651174354212e-01 2.55649197167712e-03 
9.57821593486348e-01 5.83769569380020e-01 2.58945971811994e-03 
9.63903000429119e-01 5.82869426907178e-01 2.62248125186655e-03 
9.69984407371889e-01 5.81950546113073e-01 2.65555058107442e-03 
9.76065814314660e-01 5.81012727871527e-01 2.68866161980151e-03 
9.82147221257430e-01 5.80055774853075e-01 2.72180818831610e-03 
9.88228628200200e-01 5.79079491626409e-01 2.75498401347070e-03 
9.94310035142971e-01 5.78083684760988e-01 2.78818272913548e-03 
1.00039144208574e+00 5.77068162930768e-01 2.82023573541957e-03 
1.00647284902851e+00 5.76034431181092e-01 2.85025405707328e-03 
1.01255425597128e+00 5.74983658141657e-01 2.87937972917034e-03 
1.01863566291405e+00 5.73915718521094e-01 2.90848849257700e-03 
1.02471706985682e+00 5.72830489011000e-01 2.93757523854036e-03 
1.03079847679959e+00 5.71727848352327e-01 2.96663480285700e-03 
1.03687988374236e+00 5.70607677402145e-01 2.99566196653994e-03 
1.04296129068513e+00 5.69469859200765e-01 3.02465145652612e-03 
1.04904269762791e+00 5.68314279039198e-01 3.05359794641988e-03 
1.05512410457068e+00 5.67140824526922e-01 3.08249605727958e-03 
1.06120551151345e+00 5.65949385659934e-01 3.11134035844710e-03 
1.06728691845622e+00 5.64739854889050e-01 3.14012536841705e-03 
1.07336832539899e+00 5.63512127188446e-01 3.16884555574981e-03 
1.07944973234176e+00 5.62266100124386e-01 3.19749534002689e-03 
1.08553113928453e+00 5.61001673924128e-01 3.22606909284718e-03 
1.09161254622730e+00 5.59718751544965e-01 3.25456113887075e-03 
1.09769395317007e+00 5.58417238743376e-01 3.28296575690541e-03 
1.10377536011284e+00 5.57097044144255e-01 3.31127718103304e-03 
1.10985676705561e+00 5.55758079310181e-01 3.33948960178496e-03 
1.11593817399838e+00 5.54400258810703e-01 3.36759716736098e-03 
1.12201958094115e+00 5.53023500291596e-01 3.39559398489192e-03 
1.12810098788392e+00 5.51627724544062e-01 3.42347412174926e-03 
1.13418239482669e+00 5.50212855573834e-01 3.45123160689803e-03 
1.14026380176946e+00 5.48778820670149e-01 3.47886043229586e-03 
1.14634520871223e+00 5.47325550474552e-01 3.50635455433947e-03 
1.15242661565500e+00 5.45852979049493e-01 3.53370789535498e-03 
1.15850802259777e+00 5.44361043946677e-01 3.56091434513247e-03 
1.16458942954054e+00 5.42849686275129e-01 3.58796776250955e-03 
1.17067083648331e+00 5.41318850768931e-01 3.61486197699928e-03 
1.17675224342608e+00 5.39768485854597e-01 3.64159079046331e-03 
1.18283365036886e+00 5.38198543718029e-01 3.66814797883164e-03 
1.18891505731163e+00 5.36608980371030e-01 3.69452729386756e-03 
1.19499646425440e+00 5.34999755717315e-01 3.72072246497715e-03 
1.20107787119717e+00 5.33370833617995e-01 3.74763518185608e-03 
1.20715927813994e+00 5.31720575023153e-01 3.77567744843110e-03 
1.21324068508271e+00 5.30048163451605e-01 3.80393498262360e-03 
1.21932209202548e+00 5.28353550230963e-01 3.83197090389818e-03 
1.22540349896825e+00 5.26636691803003e-01 3.85977749303168e-03 
1.23148490591102e+00 5.24897549812989e-01 3.88734700913199e-03 
1.23756631285379e+00 5.23136091198046e-01 3.91467169241867e-03 
1.24364771979656e+00 5.21352288274515e-01 3.94174376707094e-03 
1.24972912673933e+00 5.19546118824220e-01 3.96855544414053e-03 
1.25581053368210e+00 5.17717566179565e-01 3.99509892452934e-03 
1.26189194062487e+00 5.15866619307397e-01 4.02136640202932e-03 
1.26797334756764e+00 5.13993272891545e-01 4.04735006642704e-03 
1.27405475451041e+00 5.12097527413974e-01 4.07304210666925e-03 
1.28013616145318e+00 5.10179389234464e-01 4.09843471409030e-03 
1.28621756839595e+00 5.08238870668746e-01 4.12352008569915e-03 
1.29229897533872e+00 5.06275990065010e-01 4.14829042752483e-03 
1.29838038228149e+00 5.04290771878707e-01 4.17242218476576e-03 
1.30446178922426e+00 5.02283861078508e-01 4.19487887728821e-03 
1.31054319616704e+00 5.00257323334040e-01 4.21598776617219e-03 
1.31662460310981e+00 4.98211217393750e-01 4.23677524901327e-03 
1.32270601005258e+00 4.96145607182797e-01 4.25723509785672e-03 
1.32878741699535e+00 4.94060561843866e-01 4.27736111717065e-03 
1.33486882393812e+00 4.91956155776272e-01 4.29714714662448e-03 
1.34095023088089e+00 4.89832468673306e-01 4.31658706389510e-03 
1.34703163782366e+00 4.87689585557779e-01 4.33567478749942e-03 
1.35311304476643e+00 4.85527596815706e-01 4.35440427965224e-03 
1.35919445170920e+00 4.83346598228080e-01 4.37276954914663e-03 
1.36527585865197e+00 4.81146691000692e-01 4.39076465425668e-03 
1.37135726559474e+00 4.78927981791944e-01 4.40838370566142e-03 
1.37743867253751e+00 4.76690582738598e-01 4.42562086938662e-03 
1.38352007948028e+00 4.74434611479432e-01 4.44247036976434e-03 
1.38960148642305e+00 4.72160191176731e-01 4.45892649240824e-03 
1.39568289336582e+00 4.69867450535584e-01 4.47498358720193e-03 
1.40176430030859e+00 4.67556523820932e-01 4.49063607129998e-03 
1.40784570725136e+00 4.65227550872322e-01 4.50587843213979e-03 
1.41392711419413e+00 4.62880677116319e-01 4.52070523046075e-03 
1.42000852113690e+00 4.60516053576544e-01 4.53511110333052e-03 
1.42608992807967e+00 4.58133836881270e-01 4.54909076717669e-03 
1.43217133502244e+00 4.55734189268566e-01 4.56263902081887e-03 
1.43825274196521e+00 4.53317278588913e-01 4.57575074850341e-03 
1.44433414890799e+00 4.50883278305280e-01 4.58842092293611e-03 
1.45041555585076e+00 4.48432367490604e-01 4.60064460831101e-03 
1.45649696279353e+00 4.45964730822639e-01 4.61241696333395e-03 
1.46257836973630e+00 4.43480558576142e-01 4.62373324423772e-03 
1.46865977667907e+00 4.40980046612354e-01 4.63458880778780e-03 
1.47474118362184e+00 4.38463396365745e-01 4.64497911427474e-03 
1.48082259056461e+00 4.35930814827988e-01 4.65489973049316e-03 
1.48690399750738e+00 4.33382514529133e-01 4.66434633270264e-03 
1.49298540445015e+00 4.30818713515951e-01 4.67331470957003e-03 
1.49906681139292e+00 4.28239635327414e-01 4.68091313337348e-03 
1.50514821833569e+00 4.25647528557984e-01 4.68549142100505e-03 
1.51122962527846e+00 4.23046429646408e-01 4.68798385318707e-03 
1.51731103222123e+00 4.20436550119728e-01 4.69008006312529e-03 
1.52339243916400e+00 4.17818104183790e-01 4.69177869851305e-03 
1.52947384610677e+00 4.15191308683409e-01 4.69307849469734e-03 
1.53555525304954e+00 4.12556383061245e-01 4.69397827570964e-03 
1.54163665999231e+00 4.09913549315411e-01 4.69447695526961e-03 
1.54771806693508e+00 4.07263031955797e-01 4.69457353775981e-03 
1.55379947387785e+00 4.04605057959140e-01 4.69426711917145e-03 
1.55988088082062e+00 4.01939856722821e-01 4.69355688802191e-03 
1.56596228776339e+00 3.99267660017430e-01 4.69244212624026e-03 
1.57204369470617e+00 3.96588701938069e-01 4.69092221002044e-03 
1.57812510164894e+00 3.93903218854444e-01 4.68899661064365e-03 
1.58420650859171e+00 3.91211449359723e-01 4.68666489526750e-03 
1.59028791553448e+00 3.88513634218188e-01 4.68392672768086e-03 
1.59636932247725e+00 3.85810016311695e-01 4.68078186902391e-03 
1.60245072942002e+00 3.83100840584945e-01 4.67723017847256e-03 
1.60853213636279e+00 3.80386353989590e-01 4.67327161388722e-03 
1.61461354330556e+00 3.77666805427183e-01 4.66890623242555e-03 
1.62069495024833e+00 3.74942445690985e-01 4.66413419111539e-03 
1.62677635719110e+00 3.72213527406660e-01 4.65895574739045e-03 
1.63285776413387e+00 3.69480304971855e-01 4.65337125958780e-03 
1.63893917107664e+00 3.66743034494697e-01 4.64738118740362e-03 
1.64502057801941e+00 3.64001973731228e-01 4.64098609231066e-03 
1.65110198496218e+00 3.61257382021782e-01 4.63418663793335e-03 
1.65718339190495e+00 3.58509520226346e-01 4.62698359038142e-03 
1.66326479884772e+00 3.55758650658905e-01 4.61937781854240e-03 
1.66934620579049e+00 3.53005037020814e-01 4.61137029432963e-03 
1.67542761273326e+00 3.50248944333203e-01 4.60296209288830e-03 
1.68150901967603e+00 3.47490638868452e-01 4.59415439275662e-03 
1.68759042661880e+00 3.44730388080749e-01 4.58494847598286e-03 
1.69367183356157e+00 3.41968460535765e-01 4.57534572819780e-03 
1.69975324050434e+00 3.39205125839475e-01 4.56534763864157e-03 
1.70583464744712e+00 3.36440654566140e-01 4.55495580014511e-03 
1.71191605438989e+00 3.33675318185488e-01 4.54417190906474e-03 
1.71799746133266e+00 3.30909388989118e-01 4.53299776517033e-03 
1.72407886827543e+00 3.28143140016163e-01 4.52143527148673e-03 
1.73016027521820e+00 3.25376844978235e-01 4.50948643408814e-03 
1.73624168216097e+00 3.22610778183679e-01 4.49715336184467e-03 
1.74232308910374e+00 3.19845214461183e-01 4.48443826612052e-03 
1.74840449604651e+00 3.17080429082764e-01 4.47134346042460e-03 
1.75448590298928e+00 3.14316697686165e-01 4.45787136001321e-03 
1.76056730993205e+00 3.11554296196695e-01 4.44402448144402e-03 
1.76664871687482e+00 3.08793500748556e-01 4.42980544208070e-03 
1.77273012381759e+00 3.06034587605679e-01 4.41521695954946e-03 
1.77881153076036e+00 3.03277833082111e-01 4.40026185114704e-03 
1.78489293770313e+00 3.00523513461995e-01 4.38494303319931e-03 
1.79097434464590e+00 2.97771904919159e-01 4.36926352037087e-03 
1.79705575158867e+00 2.95023283436382e-01 4.35322642492597e-03 
1.80313715853144e+00 2.92277924724346e-01 4.33683495594125e-03 
1.80921856547421e+00 2.89536104140332e-01 4.32009241846866e-03 
1.81529997241698e+00 2.86798096606681e-01 4.30300221265002e-03 
1.82138137935975e+00 2.84064176529083e-01 4.28556783278355e-03 
1.82746278630252e+00 2.81334617714707e-01 4.26779286634197e-03 
1.83354419324529e+00 2.78609693290235e-01 4.24968099294208e-03 
1.83962560018807e+00 2.75889675619821e-01 4.23123598326713e-03 
1.84570700713084e+00 2.73174836223033e-01 4.21246169794133e-03 
1.85178841407361e+00 2.70465445692808e-01 4.19336208635668e-03 
1.85786982101638e+00 2.67761773613462e-01 4.17394118545391e-03 
1.86395122795915e+00 2.65064088478806e-01 4.15420311845705e-03 
1.87003263490192e+00 2.62372657610395e-01 4.13415209356084e-03 
1.87611404184469e+00 2.59687747075968e-01 4.11379240257341e-03 
1.88219544878746e+00 2.57009621608107e-01 4.09312841951434e-03 
1.88827685573023e+00 2.54338544523173e-01 4.07216459916760e-03 
1.89435826267300e+00 2.51674777640543e-01 4.05090547559057e-03 
1.90043966961577e+00 2.49018581202207e-01 4.03060922927931e-03 
1.90652107655854e+00 2.46366717059592e-01 4.01216220931558e-03 
1.91260248350131e+00 2.43716918253290e-01 3.99422484141154e-03 
1.91868389044408e+00 2.41069573114280e-01 3.97583342972359e-03 
1.92476529738685e+00 2.38425069944054e-01 3.95699304060179e-03 
1.93084670432962e+00 2.35783796847952e-01 3.93770891703895e-03 
1.93692811127239e+00 2.33146141567683e-01 3.91798647665516e-03 
1.94300951821516e+00 2.30512491313142e-01 3.89783130955216e-03 
1.94909092515793e+00 2.27883232593622e-01 3.87724917603781e-03 
1.95517233210070e+00 2.25258751048577e-01 3.85624600422083e-03 
1.96125373904347e+00 2.22639431278022e-01 3.83482788747801e-03 
1.96733514598625e+00 2.20025656672716e-01 3.81300108179388e-03 
1.97341655292902e+00 2.17417809244239e-01 3.79077200297455e-03 
1.97949795987179e+00 2.14816269455099e-01 3.76814722373704e-03 
1.98557936681456e+00 2.12221416048987e-01 3.74513347067529e-03 
1.99166077375733e+00 2.09633625881311e-01 3.72173762110502e-03 
1.99774218070010e+00 2.07053273750137e-01 3.69796669978914e-03 
2.00382358764287e+00 2.04480732227671e-01 3.67382787554504e-03 
2.00990499458564e+00 2.01916371492401e-01 3.64932845773630e-03 
2.01598640152841e+00 1.99360559162037e-01 3.62447589265154e-03 
2.02206780847118e+00 1.96813660127383e-01 3.59927775977126e-03 
2.02814921541395e+00 1.94276036387260e-01 3.57374176792690e-03 
2.03423062235672e+00 1.91748046884623e-01 3.54787575135358e-03 
2.04031202929949e+00 1.89230047343992e-01 3.52168766563959e-03 
2.04639343624226e+00 1.86722390110338e-01 3.49518558357588e-03 
2.05247484318503e+00 1.84225423989545e-01 3.46837769090768e-03 
2.05855625012780e+00 1.81739494090581e-01 3.44127228199245e-03 
2.06463765707057e+00 1.79264941669510e-01 3.41387775536679e-03 
2.07071906401334e+00 1.76802103975464e-01 3.38620260922584e-03 
2.07680047095611e+00 1.74351314098714e-01 3.35825543681848e-03 
2.08288187789888e+00 1.71912900820952e-01 3.33004492176250e-03 
2.08896328484165e+00 1.69487188467923e-01 3.30157983328287e-03 
2.09504469178442e+00 1.67074496764517e-01 3.27286902137748e-03 
2.10112609872720e+00 1.64675140692450e-01 3.24289158306273e-03 
2.10720750566997e+00 1.62292728016261e-01 3.21124208912551e-03 
2.11328891261274e+00 1.59928949146681e-01 3.17905023235736e-03 
2.11937031955551e+00 1.57583936931287e-01 3.14682149631864e-03 
2.12545172649828e+00 1.55257819413311e-01 3.11456259342973e-03 
2.13153313344105e+00 1.52950719809197e-01 3.08228020710372e-03 
2.13761454038382e+00 1.50662756488314e-01 3.04998098914204e-03 
2.14369594732659e+00 1.48394042954873e-01 3.01767155715196e-03 
2.14977735426936e+00 1.46144687832018e-01 2.98535849198710e-03 
2.15585876121213e+00 1.43914794848123e-01 2.95304833521309e-03 
2.16194016815490e+00 1.41704462825283e-01 2.92074758659974e-03 
2.16802157509767e+00 1.39513785670022e-01 2.88846270164138e-03 
2.17410298204044e+00 1.37342852366199e-01 2.85620008910719e-03 
2.18018438898321e+00 1.35191746970127e-01 2.82396610862253e-03 
2.18626579592598e+00 1.33060548607895e-01 2.79176706828346e-03 
2.19234720286875e+00 1.30949331474901e-01 2.75960922230559e-03 
2.19842860981152e+00 1.28858164837580e-01 2.72769152669640e-03 
2.20451001675429e+00 1.26786467197902e-01 2.69660568637105e-03 
2.21059142369706e+00 1.24732321346279e-01 2.66611731025935e-03 
2.21667283063983e+00 1.22695889307273e-01 2.63559135044605e-03 
2.22275423758260e+00 1.20677327199153e-01 2.60503580223625e-03 
2.22883564452537e+00 1.18676785192505e-01 2.57445862392765e-03 
2.23491705146815e+00 1.16694407472344e-01 2.54386773280575e-03 
2.24099845841092e+00 1.14730332203729e-01 2.51327100117447e-03 
2.24707986535369e+00 1.12784691500919e-01 2.48267625242529e-03 
2.25316127229646e+00 1.10857611400086e-01 2.45209125714840e-03 
2.25924267923923e+00 1.08949211835594e-01 2.42152372928899e-03 
2.26532408618200e+00 1.07059606619868e-01 2.39098132235182e-03 
2.27140549312477e+00 1.05188903426856e-01 2.36047162565739e-03 
2.27748690006754e+00 1.03337203779086e-01 2.33000216065273e-03 
2.28356830701031e+00 1.01504603038333e-01 2.29958037727990e-03 
2.28964971395308e+00 9.96911903998844e-02 2.26921365040497e-03 
2.29573112089585e+00 9.78970488904105e-02 2.23890927631090e-03 
2.30181252783862e+00 9.61222553694220e-02 2.20867446925664e-03 
2.30789393478139e+00 9.43668805343164e-02 2.17851635810572e-03 
2.31397534172416e+00 9.26309889289915e-02 2.14844198302674e-03 
2.32005674866693e+00 9.09146389560152e-02 2.11845829226862e-03 
2.32613815560970e+00 8.92178828923287e-02 2.08857213901322e-03 
2.33221956255247e+00 8.75407669084616e-02 2.05879027830744e-03 
2.33830096949524e+00 8.58833310912337e-02 2.02911936407783e-03 
2.34438237643801e+00 8.42456094699134e-02 1.99956594622959e-03 
2.35046378338078e+00 8.26276300458010e-02 1.97013646783242e-03 
2.35654519032355e+00 8.10294148252015e-02 1.94083726239517e-03 
2.36262659726633e+00 7.94509798557492e-02 1.91167455123163e-03 
2.36870800420910e+00 7.78923352660419e-02 1.88265444091928e-03 
2.37478941115187e+00 7.63534853085415e-02 1.85378292085258e-03 
2.38087081809464e+00 7.48344284056931e-02 1.82506586089310e-03 
2.38695222503741e+00 7.33351571992134e-02 1.79650900911777e-03 
2.39303363198018e+00 7.18556586024951e-02 1.76811798966682e-03 
2.39911503892295e+00 7.03959138560718e-02 1.73989830069307e-03 
2.40519644586572e+00 6.89558985860863e-02 1.71185531241357e-03 
2.41127785280849e+00 6.75355828656998e-02 1.68399426526503e-03 
2.41735925975126e+00 6.61349312793812e-02 1.65632026816418e-03 
2.42344066669403e+00 6.47539029900085e-02 1.62883829687378e-03 
2.42952207363680e+00 6.33924518087164e-02 1.60155319247544e-03 
2.43560348057957e+00 6.20505262674174e-02 1.57446965994996e-03 
2.44168488752234e+00 6.07280696939270e-02 1.54759226686562e-03 
2.44776629446511e+00 5.94250202896159e-02 1.52092544217518e-03 
2.45384770140788e+00 5.81413112095134e-02 1.49447347512187e-03 
2.45992910835065e+00 5.68768706447841e-02 1.46824051425469e-03 
2.46601051529342e+00 5.56316219074971e-02 1.44223056655330e-03 
2.47209192223619e+00 5.44054835176051e-02 1.41644749666229e-03 
2.47817332917896e+00 5.31983692920508e-02 1.39089502623499e-03 
2.48425473612173e+00 5.20101884359147e-02 1.36557673338660e-03 
2.49033614306451e+00 5.08408456355175e-02 1.34049605225633e-03 
2.49641755000728e+00 4.96902411533898e-02 1.31565627267808e-03 
2.50249895695005e+00 4.85582709250191e-02 1.29133670290554e-03 
2.50858036389282e+00 4.74437186297502e-02 1.26754502808860e-03 
2.51466177083559e+00 4.63464345806191e-02 1.24397318092211e-03 
2.52074317777836e+00 4.52663762346378e-02 1.22059642317241e-03 
2.52682458472113e+00 4.42034952050256e-02 1.19741956555987e-03 
2.53290599166390e+00 4.31577373539434e-02 1.17444725370704e-03 
2.53898739860667e+00 4.21290428886870e-02 1.15168396678798e-03 
2.54506880554944e+00 4.11173464612196e-02 1.12913401633816e-03 
2.55115021249221e+00 4.01225772709210e-02 1.10680154522524e-03 
2.55723161943498e+00 3.91446591704279e-02 1.08469052678063e-03 
2.56331302637775e+00 3.81835107744355e-02 1.06280476409138e-03 
2.56939443332052e+00 3.72390455713312e-02 1.04114788945196e-03 
2.57547584026329e+00 3.63111720375247e-02 1.01972336397514e-03 
2.58155724720606e+00 3.53997937543405e-02 9.98534477361016e-04 
2.58763865414883e+00 3.45048095273333e-02 9.77584347823219e-04 
2.59372006109160e+00 3.36261135078881e-02 9.56875922170571e-04 
2.59980146803437e+00 3.27635953169630e-02 9.36411976042962e-04 
2.60588287497714e+00 3.19171401708315e-02 9.16195114299628e-04 
2.61196428191991e+00 3.10866290086822e-02 8.96227771557766e-04 
2.61804568886269e+00 3.02719386219294e-02 8.76512212879492e-04 
2.62412709580546e+00 2.94729417850901e-02 8.57050534604803e-04 
2.63020850274823e+00 2.86895073880810e-02 8.37844665328010e-04 
2.63628990969100e+00 2.79215005697888e-02 8.18896367015056e-04 
2.64237131663377e+00 2.71687828527690e-02 8.00207236258825e-04 
2.64845272357654e+00 2.64312122789236e-02 7.81778705669499e-04 
2.65453413051931e+00 2.57086435460156e-02 7.63612045396861e-04 
2.66061553746208e+00 2.50009281448715e-02 7.45708364781185e-04 
2.66669694440485e+00 2.43079144971287e-02 7.28068614129296e-04 
2.67277835134762e+00 2.36294480933836e-02 7.10693586612270e-04 
2.67885975829039e+00 2.29653716315975e-02 6.93583920281099e-04 
2.68494116523316e+00 2.23155251556188e-02 6.76740100196449e-04 
2.69102257217593e+00 2.16797461936819e-02 6.60162460668602e-04 
2.69710397911870e+00 2.10578698967441e-02 6.43851187603590e-04 
2.70318538606147e+00 2.04497291765252e-02 6.27806320951359e-04 
2.70926679300424e+00 1.98551548431139e-02 6.12027757251738e-04 
2.71534819994701e+00 1.92739757420104e-02 5.96515252273878e-04 
2.72142960688978e+00 1.87060188904751e-02 5.81268423744874e-04 
2.72751101383255e+00 1.81511096130563e-02 5.66286754163027e-04 
2.73359242077532e+00 1.76090716761725e-02 5.51569593691264e-04 
2.73967382771809e+00 1.70797274216276e-02 5.37116163126192e-04 
2.74575523466086e+00 1.65628978989418e-02 5.22925556938147e-04 
2.75183664160364e+00 1.60584029963809e-02 5.08996746377593e-04 
2.75791804854641e+00 1.55660615705741e-02 4.95328582643236e-04 
2.76399945548918e+00 1.50856915746095e-02 4.81919800107171e-04 
2.77008086243195e+00 1.46171101845045e-02 4.68769019592297e-04 
2.77616226937472e+00 1.41601339239478e-02 4.55874751697407e-04 
2.78224367631749e+00 1.37145787872163e-02 4.43235400165171e-04 
2.78832508326026e+00 1.32802603601722e-02 4.30849265288359e-04 
2.79440649020303e+00 1.28569939392510e-02 4.18714547349653e-04 
2.80048789714580e+00 1.24445946483542e-02 4.06808299060997e-04 
2.80656930408857e+00 1.20429826601908e-02 3.95116114879064e-04 
2.81265071103134e+00 1.16520371694101e-02 3.83662391395997e-04 
2.81873211797411e+00 1.12715573856551e-02 3.72461973407916e-04 
2.82481352491688e+00 1.09013435839642e-02 3.61511957458596e-04 
2.83089493185965e+00 1.05411971900994e-02 3.50809384697302e-04 
2.83697633880242e+00 1.01909208631756e-02 3.40351244204914e-04 
2.84305774574519e+00 9.85031857556807e-03 3.30134476293943e-04 
2.84913915268796e+00 9.51919569007703e-03 3.20155975779351e-04 
2.85522055963073e+00 9.19735903433549e-03 3.10412595217246e-04 
2.86130196657350e+00 8.88461697244593e-03 3.00901148108544e-04 
2.86738337351627e+00 8.58077947383776e-03 2.91618412064866e-04 
2.87346478045904e+00 8.28565817933965e-03 2.82561131934021e-04 
2.87954618740181e+00 7.99906646446432e-03 2.73726022882477e-04 
2.88562759434459e+00 7.72081949990690e-03 2.65109773432428e-04 
2.89170900128736e+00 7.45073430926088e-03 2.56709048451074e-04 
2.89779040823013e+00 7.18862982395913e-03 2.48520492089922e-04 
2.90387181517290e+00 6.93432693545023e-03 2.40540730671984e-04 
2.90995322211567e+00 6.68764854462377e-03 2.32766375524867e-04 
2.91603462905844e+00 6.44841960850061e-03 2.25194025757874e-04 
2.92211603600121e+00 6.21646718420759e-03 2.17820270981348e-04 
2.92819744294398e+00 5.99162047025848e-03 2.10641693966601e-04 
2.93427884988675e+00 5.77371084516570e-03 2.03654873244888e-04 
2.94036025682952e+00 5.56257190341014e-03 1.96856385644007e-04 
2.94644166377229e+00 5.35803948879857e-03 1.90242808761195e-04 
2.95252307071506e+00 5.15995172524086e-03 1.83810723371148e-04 
2.95860447765783e+00 4.96814904498112e-03 1.77556715768071e-04 
2.96468588460060e+00 4.78247421431952e-03 1.71477380040797e-04 
2.97076729154337e+00 4.60277235686321e-03 1.65569320280099e-04 
2.97684869848614e+00 4.42889097434704e-03 1.59829152717482e-04 
2.98293010542891e+00 4.26067996506653e-03 1.54253507794794e-04 
2.98901151237168e+00 4.09799163996740e-03 1.48839032164130e-04 
2.99509291931445e+00 3.94068073643758e-03 1.43582390617621e-04 
3.00117432625722e+00 3.78860442984917e-03 1.38473131286494e-04 
3.00725573319999e+00 3.64166336345535e-03 1.33505847657642e-04 
3.01333714014276e+00 3.49973246738069e-03 1.28686446004117e-04 
3.01941854708554e+00 3.36266995324624e-03 1.24015204601024e-04 
3.02549995402831e+00 3.23033691352533e-03 1.19488612360938e-04 
3.03158136097108e+00 3.10259730433683e-03 1.15103202154495e-04 
3.03766276791385e+00 2.97931792674470e-03 1.10855551720758e-04 
3.04374417485662e+00 2.86036840662375e-03 1.06742284512405e-04 
3.04982558179939e+00 2.74562117315098e-03 1.02760070476753e-04 
3.05590698874216e+00 2.63495143598232e-03 9.89056267736837e-05 
3.06198839568493e+00 2.52823716117358e-03 9.51757184316059e-05 
3.06806980262770e+00 2.42535904590483e-03 9.15671589425862e-05 
3.07415120957047e+00 2.32620049206651e-03 8.80768107978722e-05 
3.08023261651324e+00 2.23064757876536e-03 8.47015859650354e-05 
3.08631402345601e+00 2.13858903380783e-03 8.14384463080148e-05 
3.09239543039878e+00 2.04991620421769e-03 7.82844039513796e-05 
3.09847683734155e+00 1.96452302584439e-03 7.52365215901383e-05 
3.10455824428432e+00 1.88230599211772e-03 7.22919127464693e-05 
3.11063965122709e+00 1.80316412200360e-03 6.94477419747658e-05 
3.11672105816986e+00 1.72699892721526e-03 6.67012250164119e-05 
3.12280246511263e+00 1.65371437873296e-03 6.40496289057202e-05 
3.12888387205540e+00 1.58321687268472e-03 6.14902720284840e-05 
3.13496527899817e+00 1.51541519563946e-03 5.90205241346144e-05 
3.14104668594094e+00 1.45022048936310e-03 5.66378063063305e-05 
3.14712809288372e+00 1.38754621508715e-03 5.43395908833946e-05 
3.15320949982649e+00 1.32730811733816e-03 5.21234013468871e-05 
3.15929090676926e+00 1.26942418737561e-03 4.99868121630124e-05 
3.16537231371203e+00 1.21381462628433e-03 4.79274485884406e-05 
3.17145372065480e+00 1.16040180776684e-03 4.59429864386774e-05 
3.17753512759757e+00 1.10911024067956e-03 4.40311518209651e-05 
3.18361653454034e+00 1.05986653135576e-03 4.21897208332040e-05 
3.18969794148311e+00 1.01259934575698e-03 4.04165192303758e-05 
3.19577934842588e+00 9.67239371493408e-04 3.87094220599490e-05 
3.20186075536865e+00 9.23719279752484e-04 3.70663532677330e-05 
3.20794216231142e+00 8.81973687173744e-04 3.54852852756314e-05 
3.21402356925419e+00 8.41939117706777e-04 3.39642385327355e-05 
3.22010497619696e+00 8.03553964487811e-04 3.25012810411822e-05 
3.22618638313973e+00 7.66758451769240e-04 3.10945278581829e-05 
3.23226779008250e+00 7.31494596935181e-04 2.97421405756099e-05 
3.23834919702527e+00 6.97706172634817e-04 2.84423267785099e-05 
3.24443060396804e+00 6.65338669064114e-04 2.71933394838887e-05 
3.25051201091081e+00 6.34339256425184e-04 2.59934765610918e-05 
3.25659341785358e+00 6.04656747591338e-04 2.48410801350799e-05 
3.26267482479635e+00 5.76241561004652e-04 2.37345359738741e-05 
3.26875623173912e+00 5.49045683831601e-04 2.26722728614173e-05 
3.27483763868190e+00 5.23022635401115e-04 2.16527619570759e-05 
3.28091904562467e+00 4.98127430948198e-04 2.06745161429742e-05 
3.28700045256744e+00 4.74316545685032e-04 1.97360893603247e-05 
3.29308185951021e+00 4.51547879220336e-04 1.88360759358928e-05 
3.29916326645298e+00 4.29780720346534e-04 1.79731098997002e-05 
3.30524467339575e+00 4.08975712213185e-04 1.71458642950419e-05 
3.31132608033852e+00 3.89094817903935e-04 1.63530504818617e-05 
3.31740748728129e+00 3.70101286433195e-04 1.55934174344995e-05 
3.32348889422406e+00 3.51959619177590e-04 1.48657510347896e-05 
3.32957030116683e+00 3.34635536756212e-04 1.41688733614621e-05 
3.33565170810960e+00 3.18095946372586e-04 1.35016419767623e-05 
3.34173311505237e+00 3.02308909630298e-04 1.28629492111731e-05 
3.34781452199514e+00 2.87243610833175e-04 1.22517214470931e-05 
3.35389592893791e+00 2.72870325779937e-04 1.16669184022904e-05 
3.35997733588068e+00 2.59160391062305e-04 1.11075324139186e-05 
3.36605874282345e+00 2.46086173874576e-04 1.05725877238498e-05 
3.37214014976622e+00 2.33621042341804e-04 1.00611397660489e-05 
3.37822155670899e+00 2.21739336372827e-04 9.57227445667881e-06 
3.38430296365176e+00 2.10416339043527e-04 9.10510748759543e-06 
3.39038437059453e+00 1.99628248514885e-04 8.65878362386040e-06 
3.39646577753730e+00 1.89352150489600e-04 8.23247600586787e-06 
3.40254718448007e+00 1.79565991210248e-04 7.82538545665039e-06 
3.40862859142285e+00 1.70248551001235e-04 7.43673979489943e-06 
3.41470999836562e+00 1.61379418356066e-04 7.06579315420538e-06 
3.42079140530839e+00 1.52938964570761e-04 6.71182530899267e-06 
3.42687281225116e+00 1.44908318923596e-04 6.37414100759681e-06 
3.43295421919393e+00 1.37269344400702e-04 6.05206931290128e-06 
3.43903562613670e+00 1.30004613966459e-04 5.74496295092463e-06 
3.44511703307947e+00 1.23097387377017e-04 5.45219766772093e-06 
3.45119844002224e+00 1.16531588534757e-04 5.17317159492970e-06 
3.45727984696501e+00 1.10291783380947e-04 4.90730462428565e-06 
3.46336125390778e+00 1.04363158323368e-04 4.65403779137300e-06 
3.46944266085055e+00 9.87314991951905e-05 4.41283266888449e-06 
3.47552406779332e+00 9.33831707409605e-05 4.18317076962133e-06 
3.48160547473609e+00 8.83050966251017e-05 3.96455295944650e-06 
3.48768688167886e+00 8.34847399579611e-05 3.75649888038161e-06 
3.49376828862163e+00 7.89100843340440e-05 3.55854638401547e-06 
3.49984969556440e+00 7.45696153767345e-05 3.37025097537111e-06 
3.50593110250717e+00 7.04523027834724e-05 3.19118526735774e-06 
3.51201250944994e+00 6.65475828650527e-05 3.02093844591440e-06 
3.51809391639271e+00 6.28453415724334e-05 2.85911574593273e-06 
3.52417532333548e+00 5.93358980041773e-05 2.70533793802830e-06 
3.53025673027825e+00 5.60099883874152e-05 2.55924082621242e-06 
3.53633813722102e+00 5.28587505250023e-05 2.42047475649912e-06 
3.54241954416380e+00 4.98737087013417e-05 2.28870413646628e-06 
3.54850095110657e+00 4.70467590391687e-05 2.16360696577450e-06 
3.55458235804934e+00 4.43701552994367e-05 2.04487437763240e-06 
3.56066376499211e+00 4.18364951162989e-05 1.93221019118327e-06 
3.56674517193488e+00 3.94387066590614e-05 1.82533047477460e-06 
3.57282657887765e+00 3.71700357128775e-05 1.72396312005972e-06 
3.57890798582042e+00 3.50240331698607e-05 1.62784742686859e-06 
3.58498939276319e+00 3.29945429222243e-05 1.53673369877375e-06 
3.59107079970596e+00 3.10756901489953e-05 1.45038284926676e-06 
3.59715220664873e+00 2.92618699878068e-05 1.36856511652777e-06 
3.60323361359150e+00 2.75477446999745e-05 1.29103587343698e-06 
3.60931502053427e+00 2.59284488112099e-05 1.21759186403325e-06 
3.61539642747704e+00 2.43990808609443e-05 1.14806982960792e-06 
3.62147783441981e+00 2.29549723707796e-05 1.08227581092773e-06 
3.62755924136258e+00 2.15916779157298e-05 1.02002454811629e-06 
3.63364064830535e+00 2.03049655573420e-05 9.61139139462988e-07 
3.63972205524812e+00 1.90908076286252e-05 9.05450711056812e-07 
3.64580346219089e+00 1.79453718608406e-05 8.52798097030233e-07 
3.65188486913366e+00 1.68650128423418e-05 8.03027530195762e-07 
3.65796627607643e+00 1.58462637997888e-05 7.55992342855982e-07 
3.66404768301920e+00 1.48858286922064e-05 7.11552677566386e-07 
3.67012908996198e+00 1.39805746085051e-05 6.69575207629331e-07 
3.67621049690475e+00 1.31275244592384e-05 6.29932867096591e-07 
3.68229190384752e+00 1.23238499535268e-05 5.92504590057802e-07 
3.68837331079029e+00 1.15668648522428e-05 5.57175058992118e-07 
3.69445471773306e+00 1.08540184887144e-05 5.23834461960660e-07 
3.70053612467583e+00 1.01828895483754e-05 4.92378258418109e-07 
3.70661753161860e+00 9.55118009895881e-06 4.62706953422693e-07 
3.71269893856137e+00 8.95670986300431e-06 4.34725880025110e-07 
3.71878034550414e+00 8.39741072462465e-06 4.08344989618387e-07 
3.72486175244691e+00 7.87132146265106e-06 3.83478650032444e-07 
3.73094315938968e+00 7.37658270245552e-06 3.60045451159084e-07 
3.73702456633245e+00 6.91143207892457e-06 3.37968017895351e-07 
3.74310597327522e+00 6.47419960323721e-06 3.17172830195531e-07 
3.74918738021799e+00 6.06330322627773e-06 2.97590050024665e-07 
3.75526878716076e+00 5.67724459169143e-06 2.79153355009175e-07 
3.76135019410353e+00 5.31460497176882e-06 2.61799778583058e-07 
3.76743160104630e+00 4.97404137952019e-06 2.45469556431170e-07 
3.77351300798907e+00 4.65428285047794e-06 2.30105979034238e-07 
3.77959441493184e+00 4.35412688793849e-06 2.15655250123527e-07 
3.78567582187461e+00 4.07243606552845e-06 2.02066350856448e-07 
3.79175722881738e+00 3.80813478115112e-06 1.89290909527859e-07 
3.79783863576015e+00 3.56020615653913e-06 1.77283076635356e-07 
3.80392004270293e+00 3.32768907680666e-06 1.65999405120464e-07 
3.81000144964570e+00 3.10967536456018e-06 1.55398735611292e-07 
3.81608285658847e+00 2.90530708329048e-06 1.45442086495968e-07 
3.82216426353124e+00 2.71377396492936e-06 1.36092548659904e-07 
3.82824567047401e+00 2.53431095661344e-06 1.27315184723757e-07 
3.83432707741678e+00 2.36619588185330e-06 1.19076932622750e-07 
3.84040848435955e+00 2.20874721145983e-06 1.11346513371874e-07 
3.84648989130232e+00 2.06132193973020e-06 1.04094342865304e-07 
3.85257129824509e+00 1.92331356154377e-06 9.72924475622419e-08 
3.85865270518786e+00 1.79415014616337e-06 9.09143839151971e-08 
3.86473411213063e+00 1.67329250367925e-06 8.49351614005682e-08 
3.87081551907340e+00 1.56023244017214e-06 7.93311690151904e-08 
3.87689692601617e+00 1.45449109780802e-06 7.40801051062888e-08 
3.88297833295894e+00 1.35561737620997e-06 6.91609104060472e-08 
3.88905973990171e+00 1.26318643158252e-06 6.45537041457116e-08 
3.89514114684448e+00 1.17679825019061e-06 6.02397231278414e-08 
3.90122255378725e+00 1.09607629291912e-06 5.62012636389629e-08 
3.90730396073002e+00 1.02066620775915e-06 5.24216260884747e-08 
3.91338536767279e+00 9.50234607185130e-07 4.88850622632087e-08 
3.91946677461556e+00 8.84467907500714e-07 4.55767250905420e-08 
3.92554818155833e+00 8.23071227342924e-07 4.24826208064010e-08 
3.93162958850111e+00 7.65767342642042e-07 3.95895634278855e-08 
3.93771099544388e+00 7.12295695439817e-07 3.68851314335578e-08 
3.94379240238665e+00 6.62411454070587e-07 3.43576265577149e-08 
3.94987380932942e+00 6.15884622308947e-07 3.19960346081567e-08 
3.95595521627219e+00 5.72499195183612e-07 2.97899882200959e-08 
3.96203662321496e+00 5.32052359250218e-07 2.77297314619272e-08 
3.96811803015773e+00 4.94353735206009e-07 2.58060862115740e-08 
3.97419943710050e+00 4.59224660816636e-07 2.40104202250591e-08 
3.98028084404327e+00 4.26497512209864e-07 2.23346168218137e-08 
3.98636225098604e+00 3.96015061672631e-07 2.07710461140274e-08 
3.99244365792881e+00 3.67629870166982e-07 1.93125377100698e-08 
3.99852506487158e+00 3.41203712856669e-07 1.79524590839216e-08 
4.00460647181435e+00 3.16605629724227e-07 1.66847345026913e-08 
4.01068787875712e+00 2.93710766471288e-07 1.55031775520445e-08 
4.01676928569989e+00 2.72406480036074e-07 1.44017534140424e-08 
4.02285069264266e+00 2.52587190634804e-07 1.33752911763755e-08 
4.02893209958543e+00 2.34153966088774e-07 1.24189346312462e-08 
4.03501350652820e+00 2.17014128767435e-07 1.15281244375039e-08 
4.04109491347097e+00 2.01080884037123e-07 1.06985812062204e-08 
4.04717632041374e+00 1.86272969152141e-07 9.92628946750358e-09 
4.05325772735651e+00 1.72514321570344e-07 9.20748247793227e-09 
4.05933913429929e+00 1.59733765719322e-07 8.53862782953931e-09 
4.06542054124206e+00 1.47864717281758e-07 7.91641382277591e-09 
4.07150194818483e+00 1.36844904109536e-07 7.33773656735814e-09 
4.07758335512760e+00 1.26616102915726e-07 6.79968777632348e-09 
4.08366476207037e+00 1.17123890931747e-07 6.29954322001245e-09 
4.08974616901314e+00 1.08317411753760e-07 5.83475180803959e-09 
4.09582757595591e+00 1.00149154637805e-07 5.40292526862685e-09 
4.10190898289868e+00 9.25747465372641e-08 5.00182839594231e-09 
4.10799038984145e+00 8.55527562090785e-08 4.62936983731801e-09 
4.11407179678422e+00 7.90445097467048e-08 4.28359339341375e-09 
4.12015320372699e+00 7.30139169281198e-08 3.96266980554726e-09 
4.12623461066976e+00 6.74273077963420e-08 3.66488900552838e-09 
4.13231601761253e+00 6.22532789179132e-08 3.38865280441412e-09 
4.13839742455530e+00 5.74625487916378e-08 3.13246799764416e-09 
4.14447883149807e+00 5.30278219056380e-08 2.89493986502307e-09 
4.15056023844084e+00 4.89236609654709e-08 2.67476604498698e-09 
4.15664164538361e+00 4.51263668397202e-08 2.47073076352869e-09 
4.16272305232638e+00 4.16138657921285e-08 2.28169939905727e-09 
4.16880445926915e+00 3.83656035910326e-08 2.10661336533770e-09 
4.17488586621192e+00 3.53624461076132e-08 1.94448529549190e-09 
4.18096727315469e+00 3.25865860343168e-08 1.79439451084676e-09 
4.18704868009746e+00 3.00214553737783e-08 1.65548275918817e-09 
4.19313008704024e+00 2.76516433666940e-08 1.52695020772256e-09 
4.19921149398301e+00 2.54628195443991e-08 1.40805167676067e-09 
4.20529290092578e+00 2.34416616084241e-08 1.29809310082238e-09 
4.21137430786855e+00 2.15757878550599e-08 1.19642820451803e-09 
4.21745571481132e+00 1.98536938779893e-08 1.10245538119023e-09 
4.22353712175409e+00 1.82646932963639e-08 1.01561476290320e-09 
4.22961852869686e+00 1.67988622693506e-08 9.35385470943467e-10 
4.23569993563963e+00 1.54469875711655e-08 8.61283036547764e-10 
4.24178134258240e+00 1.42005180129803e-08 7.92856982102337e-10 
4.24786274952517e+00 1.30515190098520e-08 7.29688553562522e-10 
4.25394415646794e+00 1.19926301020195e-08 6.71388595323850e-10 
4.26002556341071e+00 1.10170252505443e-08 6.17595559236514e-10 
4.26610697035348e+00 1.01183757373799e-08 5.67973639894744e-10 
4.27218837729625e+00 9.29081550955567e-09 5.22211028752033e-10 
4.27826978423902e+00 8.52890881626802e-09 4.80018280013032e-10 
4.28435119118179e+00 7.82761999632382e-09 4.41126781634138e-10 
4.29043259812456e+00 7.18228528157787e-09 4.05287325127855e-10 
4.29651400506733e+00 6.58858648978490e-09 3.72268768211645e-10 
4.30259541201010e+00 6.04252648765425e-09 3.41856784671008e-10 
4.30867681895287e+00 5.54040631187684e-09 3.13852696119435e-10 
4.31475822589564e+00 5.07880384250379e-09 2.88072380635337e-10 
4.32083963283841e+00 4.65455392931313e-09 2.64345253538834e-10 
4.32692103978119e+00 4.26472987772017e-09 2.42513315839762e-10 
4.33300244672396e+00 3.90662620638581e-09 2.22430266143261e-10 
4.33908385366673e+00 3.57774259396914e-09 2.03960672041230e-10 
4.34516526060950e+00 3.27576893747192e-09 1.86979197247412e-10 
4.35124666755227e+00 2.99857144934653e-09 1.71369880951512e-10 
4.35732807449504e+00 2.74417972499901e-09 1.57025466073897e-10 
4.36340948143781e+00 2.51077471652903e-09 1.43846773297794e-10 
4.36949088838058e+00 2.29667755251980e-09 1.31742117940838e-10 
4.37557229532335e+00 2.10033914743686e-09 1.20626766902866e-10 
4.38165370226612e+00 1.92033054772543e-09 1.10422433092415e-10 
4.38773510920889e+00 1.75533396502345e-09 1.01056804890999e-10 
4.39381651615166e+00 1.60413445004129e-09 9.24631083621983e-11 
4.39989792309443e+00 1.46561216361058e-09 8.45797000524464e-11 
4.40597933003720e+00 1.33873520418211e-09 7.73496883624272e-11 
4.41206073697997e+00 1.22255295366584e-09 7.07205815926464e-11 
4.41814214392274e+00 1.11618990596453e-09 6.46439608843591e-11 
4.42422355086551e+00 1.01883994486269e-09 5.90751763879636e-11 
4.43030495780828e+00 9.29761040104433e-10 5.39730650955535e-11 
4.43638636475105e+00 8.48270332533779e-10 4.92996888728825e-11 
4.44246777169382e+00 7.73739581086737e-10 4.50200913188354e-11 
4.44854917863659e+00 7.05590946222770e-10 4.11020721679227e-11 
4.45463058557937e+00 6.43293086070777e-10 3.75159780335981e-11 
4.46071199252214e+00 5.86357543147584e-10 3.42345083676158e-11 
4.46679339946491e+00 5.34335400991155e-10 3.12325355834525e-11 
4.47287480640768e+00 4.86814191441897e-10 2.84869383602618e-11 
4.47895621335045e+00 4.43415034608909e-10 2.59764472081482e-11 
4.48503762029322e+00 4.03789994778895e-10 2.36815014359657e-11 
4.49111902723599e+00 3.67619636668529e-10 2.15841167195719e-11 
4.49720043417876e+00 3.34610767490910e-10 1.96677553979474e-11 
4.50328184112153e+00 3.04494623871414e-10 1.79170760433046e-11 
4.50936324806430e+00 2.77030329626052e-10 1.63181960407971e-11 
4.51544465500707e+00 2.51989837959305e-10 1.48587792503064e-11 
4.52152606194984e+00 2.29164214989954e-10 1.35269580399462e-11 
4.52760746889261e+00 2.08362082396523e-10 1.23118477493835e-11 
4.53368887583538e+00 1.89408183063362e-10 1.12034676582145e-11 
4.53977028277815e+00 1.72142060345763e-10 1.01926681016315e-11 
4.54585168972092e+00 1.56416842260285e-10 9.27106327274838e-12 
4.55193309666369e+00 1.42098122546076e-10 8.43096928402504e-12 
4.55801450360646e+00 1.29062931137623e-10 7.66534709104069e-12 
4.56409591054923e+00 1.17198787142030e-10 6.96774991056569e-12 
4.57017731749200e+00 1.06402827927425e-10 6.33227479160348e-12 
4.57625872443477e+00 9.65810084060905e-11 5.75351802294868e-12 
4.58234013137754e+00 8.76473650388040e-11 5.22653408395451e-12 
4.58842153832031e+00 7.95233394980471e-11 4.74679786673504e-12 
4.59450294526309e+00 7.21371573093026e-11 4.31016991805278e-12 
4.60058435220586e+00 6.54232571436728e-11 3.91286446775847e-12 
4.60666575914863e+00 5.93217667633786e-11 3.55142002795208e-12 
4.61274716609140e+00 5.37780219261428e-11 3.22267236310946e-12 
4.61882857303417e+00 4.87421248366504e-11 2.92372964635039e-12 
4.62490997997694e+00 4.41685389947857e-11 2.65194963088765e-12 
4.63099138691971e+00 4.00157175325990e-11 2.40491867856605e-12 
4.63707279386248e+00 3.62457623563168e-11 2.18043249934265e-12 
4.64315420080525e+00 3.28241116174377e-11 1.97647846663790e-12 
4.64923560774802e+00 2.97192532292238e-11 1.79121938376161e-12 
4.65531701469079e+00 2.69024623228146e-11 1.62297858614298e-12 
4.66139842163356e+00 2.43475607017647e-11 1.47022627292254e-12 
4.66747982857633e+00 2.20306965060137e-11 1.33156696964368e-12 
4.67356123551910e+00 1.99301424370073e-11 1.20572803135859e-12 
4.67964264246187e+00 1.80261110257475e-11 1.09154910247946e-12 
4.68572404940464e+00 1.63005855457225e-11 9.87972456201080e-13 
4.69180545634741e+00 1.47371652836703e-11 8.94034142331664e-13 
4.69788686329018e+00 1.33209239836458e-11 8.08855877929632e-13 
4.70396827023295e+00 1.20382803744962e-11 7.31637620287616e-13 
4.71004967717572e+00 1.08768797781987e-11 6.61650766560296e-13 
4.71613108411850e+00 9.82548587710475e-12 5.98231928728622e-13 
4.72221249106127e+00 8.87388179247969e-12 5.40777236654900e-13 
4.72829389800404e+00 8.01277969527564e-12 4.88737125735685e-13 
4.73437530494681e+00 7.23373823328042e-12 4.41611569124956e-13 
4.74045671188958e+00 6.52908711702983e-12 3.98945717699512e-13 
4.74653811883235e+00 5.89185826054088e-12 3.60325913891702e-13 
4.75261952577512e+00 5.31572292235855e-12 3.25376048239410e-13 
4.75870093271789e+00 4.79493433793243e-12 2.93754230016779e-13 
4.76478233966066e+00 4.32427537624931e-12 2.65149745627118e-13 
4.77086374660343e+00 3.89901079221931e-12 2.39280280576307e-13 
4.77694515354620e+00 3.51484368180340e-12 2.15889382814504e-13 
4.78302656048897e+00 3.16787577951484e-12 1.94744147048608e-13 
4.78910796743174e+00 2.85457126794780e-12 1.75633101299364e-13 
4.79518937437451e+00 2.57172379658473e-12 1.58364278516180e-13 
4.80127078131728e+00 2.31642643249980e-12 1.42763457479676e-13 
4.80735218826005e+00 2.08604428888216e-12 1.28672558525950e-13 
4.81343359520282e+00 1.87818959871189e-12 1.15948180826390e-13 
4.81951500214559e+00 1.69069902058178e-12 1.04460269060346e-13 
4.82559640908836e+00 1.52161298170805e-12 9.40908983327728e-14 
4.83167781603113e+00 1.36915687973934e-12 8.47331671217175e-14 
4.83775922297390e+00 1.23172398017475e-12 7.62901888978664e-14 
4.84384062991667e+00 1.10785986014577e-12 6.86741738459373e-14 
4.84992203685945e+00 9.96248262104923e-13 6.18055928411567e-14 
4.85600344380222e+00 8.95698232688648e-13 5.56124164983243e-14 
4.86208485074499e+00 8.05132432768105e-13 5.00294227207585e-14 
4.86816625768776e+00 7.23576514548944e-13 4.49975667360268e-14 
4.87424766463053e+00 6.50149470602107e-13 4.04634081187945e-14 
4.88032907157330e+00 5.84054867969443e-13 3.63785897720367e-14 
4.88641047851607e+00 5.24572888052417e-13 3.26993642696695e-14 
4.89249188545884e+00 4.71053099916301e-13 2.93861633594929e-14 
4.89857329240161e+00 4.22907900978515e-13 2.64032067880988e-14 
4.90465469934438e+00 3.79606564846677e-13 2.37181469417598e-14 
4.91073610628715e+00 3.40669841373773e-13 2.13017461017297e-14 
4.91681751322992e+00 3.05665058845809e-13 1.91275833911422e-14 
4.92289892017269e+00 2.74201682648928e-13 1.71717887458753e-14 
4.92898032711546e+00 2.45927288813033e-13 1.54128014752801e-14 
4.93506173405823e+00 2.20523914529255e-13 1.38311511923463e-14 
4.94114314100100e+00 1.97704751118490e-13 1.24092590883137e-14 
4.94722454794377e+00 1.77211148014673e-13 1.11312577054567e-14 
4.95330595488654e+00 1.58809899144074e-13 9.98282752514558e-15 
4.95938736182931e+00 1.42290785653596e-13 8.95104883761137e-15 
4.96546876877208e+00 1.27464351287529e-13 8.02426749626633e-15 
4.97155017571485e+00 1.14159888852729e-13 7.19197328405706e-15 
4.97763158265762e+00 1.02223618164250e-13 6.44468973312896e-15 
4.98371298960040e+00 9.15170376432745e-14 5.77387434297798e-15 
4.98979439654317e+00 8.19154333613921e-14 5.17182823709240e-15 
4.99587580348594e+00 7.33065308036446e-14 4.63161438461322e-15 
5.00195721042871e+00 6.55892759694821e-14 4.14696590642551e-15 
5.00803861737148e+00 5.86717048360148e-14 3.71225533755757e-15 
5.01412002431425e+00 5.24721340324049e-14 3.32237560609919e-15 
5.02020143125702e+00 4.69172982614777e-14 2.97277459513935e-15 
5.02628283819979e+00 4.19412734216115e-14 2.65936348766299e-15 
5.03236424514256e+00 3.74847552524916e-14 2.37846080479820e-15 
5.03844565208533e+00 3.34944073827097e-14 2.12675263865444e-15 
5.04452705902810e+00 2.99222722532164e-14 1.90125668338772e-15 
5.05060846597087e+00 2.67252389891046e-14 1.69928971027619e-15 
5.05668987291364e+00 2.38645628372785e-14 1.51843816476775e-15 
5.06277127985641e+00 2.13054312838794e-14 1.35653159280084e-15 
5.06885268679918e+00 1.90165724171142e-14 1.21161863044139e-15 
5.07493409374195e+00 1.69699015122524e-14 1.08194531524677e-15 
5.08101550068472e+00 1.51402021895640e-14 9.65935499965572e-16 
5.08709690762749e+00 1.35048388361285e-14 8.62173169396256e-16 
5.09317831457026e+00 1.20434972917117e-14 7.69386479631496e-16 
5.09925972151303e+00 1.07379510800224e-14 6.86433355664149e-16 
5.10534112845580e+00 9.57185072210506e-15 6.12288498570429e-16 
5.11142253539858e+00 8.53053390067824e-15 5.46031667347436e-16 
5.11750394234135e+00 7.60085445497144e-15 4.86837113086762e-16 
5.12358534928412e+00 6.77102837695137e-15 4.33964054624133e-16 
5.12966675622689e+00 6.03049515349534e-15 3.86748095217995e-16 
5.13574816316966e+00 5.36979295665439e-15 3.44593489270298e-16 
5.14182957011243e+00 4.78044632710036e-15 3.06966176695037e-16 
5.14791097705520e+00 4.25486512549046e-15 2.73387510341841e-16 
5.15399238399797e+00 3.78625364401762e-15 2.43428608963566e-16 
5.16007379094074e+00 3.36852887694472e-15 2.16705274643218e-16 
5.16615519788351e+00 2.99624704544871e-15 1.92873419425462e-16 
5.17223660482628e+00 2.66453755954193e-15 1.71624951185212e-16 
5.17831801176905e+00 2.36904367902485e-15 1.52684073559696e-16 
5.18439941871182e+00 2.10586920711704e-15 1.35803959115462e-16 
5.19048082565459e+00 1.87153061530179e-15 1.20763758859153e-16 
5.19656223259736e+00 1.66291405663483e-15 1.07365914767600e-16 
5.20264363954013e+00 1.47723677788030e-15 9.54337452429488e-17 
5.20872504648290e+00 1.31201248887036e-15 8.48092763229618e-17 
5.21480645342567e+00 1.16502029091060e-15 7.53512941236027e-17 
5.22088786036844e+00 1.03427680530484e-15 6.69335963860940e-17 
5.22696926731121e+00 9.18011178539064e-16 5.94434231672183e-17 
5.23305067425398e+00 8.14642672704123e-16 5.27800486709592e-17 
5.23913208119675e+00 7.22760578670931e-16 4.68535179909619e-17 
5.24521348813953e+00 6.41106215655873e-16 4.15835141343203e-17 
5.25129489508230e+00 5.68556804393735e-16 3.68983421438465e-17 
5.25737630202507e+00 5.04111022412752e-16 3.27340184427542e-17 
5.26345770896784e+00 4.46876069101116e-16 2.90334547058069e-17 
5.26953911591061e+00 3.96056085565403e-16 2.57457266263971e-17 
5.27562052285338e+00 3.50941789889677e-16 2.28254189106336e-17 
5.28170192979615e+00 3.10901202473047e-16 2.02320386971892e-17 
5.28778333673892e+00 2.75371348801686e-16 1.79294903843477e-17 
5.29386474368169e+00 2.43850838433105e-16 1.58856055515352e-17 
5.29994615062446e+00 2.15893229257602e-16 1.40717222989781e-17 
5.30602755756723e+00 1.91101095364519e-16 1.24623089026910e-17 
5.31210896451000e+00 1.69120725178955e-16 1.10346271988121e-17 
5.31819037145277e+00 1.49637384038332e-16 9.76843157686075e-18 
5.32427177839554e+00 1.32371082129194e-16 8.64569988075920e-18 
5.33035318533831e+00 1.17072794776943e-16 7.65039289393705e-18 
5.33643459228108e+00 1.03521087541469e-16 6.76823942459621e-18 
5.34251599922385e+00 9.15191034803167e-17 5.98654431294281e-18 
5.34859740616662e+00 8.08918743526830e-17 5.29401695722098e-18 
5.35467881310939e+00 7.14839215014047e-17 4.68061820273172e-18 
5.36076022005216e+00 6.31571157107240e-17 4.13742366041031e-18 
5.36684162699494e+00 5.57887685351744e-17 3.65650172143467e-18 
5.37292303393771e+00 4.92699304656837e-17 3.23080471397009e-18 
5.37900444088048e+00 4.35038738756695e-17 2.85407180953348e-18 
5.38508584782325e+00 3.84047410020321e-17 2.52074243140098e-18 
5.39116725476602e+00 3.38963392901393e-17 2.22587904762311e-18 
5.39724866170879e+00 2.99110682921646e-17 1.96509834803441e-18 
5.40333006865156e+00 2.63889639761015e-17 1.73450990948273e-18 
5.40941147559433e+00 2.32768477979347e-17 1.53066154756228e-18 
5.41549288253710e+00 2.05275692293505e-17 1.35049063750021e-18 
5.42157428947987e+00 1.80993316338380e-17 1.19128076249740e-18 
5.42765569642264e+00 1.59550924592885e-17 1.05062311564269e-18 
5.43373710336541e+00 1.40620296780683e-17 9.26382142301504e-19 
5.43981851030818e+00 1.23910672675367e-17 8.16664964339226e-19 
5.44589991725095e+00 1.09164532954830e-17 7.19794176323152e-19 
5.45198132419372e+00 9.61538486528182e-18 6.34283647533132e-19 
5.45806273113649e+00 8.46767479310553e-18 5.58817002723485e-19 
5.46414413807926e+00 7.45545544181337e-18 4.92228489586530e-19 
5.47022554502203e+00 6.56291562993508e-18 4.33485972194118e-19 
5.47630695196480e+00 5.77606697556049e-18 3.81675817717585e-19 
5.48238835890757e+00 5.08253642939893e-18 3.35989468790273e-19 
5.48846976585034e+00 4.47138210368556e-18 2.95711516287030e-19 
5.49455117279311e+00 3.93292981838818e-18 2.60209107327688e-19 
5.50063257973588e+00 3.45862806725532e-18 2.28922541214063e-19 
5.50671398667866e+00 3.04091935718821e-18 2.01356922004928e-19 
5.51279539362143e+00 2.67312609839193e-18 1.77074750720271e-19 
5.51887680056420e+00 2.34934942261341e-18 1.55689352924096e-19 
5.52495820750697e+00 2.06437948505873e-18 1.36859048824797e-19 
5.53103961444974e+00 1.81361596458830e-18 1.20281983197809e-19 
5.53712102139251e+00 1.59299761856412e-18 1.05691541506164e-19 
5.54320242833528e+00 1.39893987510566e-18 9.28522866864730e-20 
5.54928383527805e+00 1.22827955814216e-18 8.15563582846816e-20 
5.55536524222082e+00 1.07822594100220e-18 7.16202820606361e-20 
5.56144664916359e+00 9.46317413670955e-19 6.28821439163721e-20 
5.56752805610636e+00 8.30383128451704e-19 5.51990871147609e-20 
5.57360946304913e+00 7.28509059642634e-19 4.84450963094293e-20 
5.57969086999190e+00 6.39007975926330e-19 4.25090359635186e-20 
5.58577227693467e+00 5.60392880308798e-19 3.72929143473370e-20 
5.59185368387744e+00 4.91353522390759e-19 3.27103475210992e-20 
5.59793509082021e+00 4.30735632178587e-19 2.86852005715308e-20 
5.60401649776298e+00 3.77522564146325e-19 2.51503859183655e-20 
5.61009790470575e+00 3.30819075380402e-19 2.20468007728574e-20 
5.61617931164852e+00 2.89836992853767e-19 1.93223878459130e-20 
5.62226071859129e+00 2.53882552613745e-19 1.69313051955711e-20 
5.62834212553406e+00 2.22345218309511e-19 1.48331926967088e-20 
5.63442353247684e+00 1.94687808370933e-19 1.29925240317531e-20 
5.64050493941961e+00 1.70437780584171e-19 1.13780343592509e-20 
5.64658634636238e+00 1.49179540061531e-19 9.96221493471317e-21 
5.65266775330515e+00 1.30547651914819e-19 8.72086695065332e-21 
5.65874916024792e+00 1.14220853527875e-19 7.63270774396181e-21 
5.66483056719069e+00 9.99167733765762e-20 6.67902330099098e-21 
5.67091197413346e+00 8.73872740340648e-20 5.84336168491404e-21 
5.67699338107623e+00 7.64143464771594e-20 5.11126262583113e-21 
5.68307478801900e+00 6.68064912121347e-20 4.47001906041940e-21 
5.68915619496177e+00 5.83955291846843e-20 3.90846689240775e-21 
5.69523760190454e+00 5.10337920370610e-20 3.41679967469651e-21 
5.70131900884731e+00 4.45916471203880e-20 2.98640529467826e-21 
5.70740041579008e+00 3.89553178467430e-20 2.60972208171225e-21 
5.71348182273285e+00 3.40249645491697e-20 2.28011205462287e-21 
5.71956322967562e+00 2.97129950752857e-20 1.99174929185819e-21 
5.72564463661839e+00 2.59425779311493e-20 1.73952164140391e-21 
5.73172604356116e+00 2.26463339694324e-20 1.51894419512041e-21 
5.73780745050393e+00 1.97651854267030e-20 1.32608313589580e-21 
5.74388885744670e+00 1.72473436004808e-20 1.15748872858792e-21 
5.74997026438947e+00 1.50474186547359e-20 1.01013636956189e-21 
5.75605167133224e+00 1.31256369855463e-20 8.81374736849050e-22 
5.76213307827502e+00 1.14471532958790e-20 7.68880195450933e-22 
5.76821448521779e+00 9.98144604582168e-21 6.70616711768252e-22 
5.77429589216056e+00 8.70178628501007e-21 5.84800619040703e-22 
5.78037729910333e+00 7.58477105784332e-21 5.09869653362810e-22 
5.78645870604610e+00 6.60991361740237e-21 4.44455748466965e-22 
5.79254011298887e+00 5.75928360678319e-21 3.87361138078763e-22 
5.79862151993164e+00 5.01719118100590e-21 3.37537368174561e-22 
5.80470292687441e+00 4.36990976131878e-21 2.94066868725084e-22 
5.81078433381718e+00 3.80543274770695e-21 2.56146776216871e-22 
5.81686574075995e+00 3.31326007458742e-21 2.23074735047913e-22 
5.82294714770272e+00 2.88421098774341e-21 1.94236438363887e-22 
5.82902855464549e+00 2.51025985523755e-21 1.69094697540906e-22 
5.83510996158826e+00 2.18439220817305e-21 1.47179854775788e-22 
5.84119136853103e+00 1.90047854478368e-21 1.28081375510279e-22 
5.84727277547380e+00 1.65316372876818e-21 1.11440477041030e-22 
5.85335418241657e+00 1.43777007476621e-21 9.69436669613865e-23 
5.85943558935934e+00 1.25021244457446e-21 8.43170803176980e-23 
5.86551699630211e+00 1.08692388081375e-21 7.33215177836712e-23 
5.87159840324488e+00 9.44790483539940e-22 6.37480989749522e-23 
5.87767981018765e+00 8.21094392623090e-22 5.54144554316050e-23 
5.88376121713042e+00 7.13463877143548e-22 4.81613969553222e-23 
5.88984262407319e+00 6.19829654815959e-22 4.18499930485489e-23 
5.89592403101596e+00 5.38386671534406e-22 3.63590182944515e-23 
5.90200543795874e+00 4.67560665283409e-22 3.15827167548247e-23 
5.90808684490151e+00 4.05978921423558e-22 2.74288459491012e-23 
5.91416825184428e+00 3.52444699098509e-22 2.38169658012320e-23 
5.92024965878705e+00 3.05914872422607e-22 2.06769421813744e-23 
5.92633106572982e+00 2.65480386254049e-22 1.79476383958146e-23 
5.93241247267259e+00 2.30349175670446e-22 1.55757712528617e-23 
5.93849387961536e+00 1.99831241564207e-22 1.35149112088134e-23 
5.94457528655813e+00 1.73325612789017e-22 1.17246086243207e-23 
5.95065669350090e+00 1.50308958653976e-22 1.01696303797021e-23 
5.95673810044367e+00 1.30325644840970e-22 8.81929304510170e-24 
5.96281950738644e+00 1.12979051508384e-22 7.64688051055512e-24 
5.96890091432921e+00 9.79239948761303e-23 6.62913548082650e-24 
5.97498232127198e+00 8.48601133465005e-23 5.74581555566568e-24 
5.98106372821475e+00 7.35260965400839e-23 4.97930577023645e-24 
5.98714513515752e+00 6.36946508125720e-23 4.31428048253142e-24 
5.99322654210029e+00 5.51681081278542e-23 3.73740838190373e-24 
5.99930794904306e+00 4.77745968248478e-23 3.23707982652970e-24 
6.00538935598583e+00 4.13645683182945e-23 2.80319801844444e-24 
6.01147076292860e+00 3.58080259801244e-23 2.42701468749365e-24 
6.01755216987137e+00 3.09922299107956e-23 2.10092450382481e-24 
6.02363357681415e+00 2.68192096756331e-23 1.81831051947564e-24 
6.02971498375692e+00 2.32038460411387e-23 1.57342253928900e-24 
6.03579639069969e+00 2.00721996257679e-23 1.36126457309382e-24 
6.04187779764246e+00 1.73600549801603e-23 1.17749676948672e-24 
6.04795920458523e+00 1.50116525872834e-23 1.01834998555048e-24 
6.05404061152800e+00 1.29785847516150e-23 8.80551379733920e-25 
6.06012201847077e+00 1.12188343897548e-23 7.61259618926383e-25 
6.06620342541354e+00 9.69593839663642e-24 6.58008469080877e-25 
6.07228483235631e+00 8.37825958911612e-24 5.68657694724694e-25 
6.07836623929908e+00 7.23835326365429e-24 5.26937540828891e-25 
