Energy(eV)           EEDF(eV^-(3/2))      Anisotropy(eV^-(3/2))
1.44887740645304e-02 6.76330812245089e-02 7.39810456310573e-05 
4.34663221935913e-02 6.76284055858668e-02 1.82572530091957e-04 
7.24438703226522e-02 6.76237646604208e-02 2.89100765527381e-04 
1.01421418451713e-01 6.76200045529300e-02 4.03270890907380e-04 
1.30398966580774e-01 6.76173700434494e-02 5.20609815267539e-04 
1.59376514709835e-01 6.76154471326462e-02 6.32933314808653e-04 
1.88354062838896e-01 6.76141015980575e-02 7.45790925510123e-04 
2.17331610967957e-01 6.76130614064994e-02 8.60774733378960e-04 
2.46309159097018e-01 6.76119666915666e-02 9.68028361334450e-04 
2.75286707226079e-01 6.76106353651759e-02 1.07301226738781e-03 
3.04264255355139e-01 6.76086724537407e-02 1.16917793226784e-03 
3.33241803484200e-01 6.76058819601575e-02 1.26205708937909e-03 
3.62219351613261e-01 6.76021015469215e-02 1.35248372613793e-03 
3.91196899742322e-01 6.75971099898260e-02 1.43960751097546e-03 
4.20174447871383e-01 6.75907970036496e-02 1.52399121428788e-03 
4.49151996000444e-01 6.75831041043434e-02 1.60584899550938e-03 
4.78129544129505e-01 6.75739375155787e-02 1.68500246156011e-03 
5.07107092258566e-01 6.75632087149972e-02 1.76143682934569e-03 
5.36084640387626e-01 6.75508585942014e-02 1.83527627828635e-03 
5.65062188516687e-01 6.75368190108670e-02 1.90656713415939e-03 
5.94039736645748e-01 6.75210182741672e-02 1.97534199263187e-03 
6.23017284774809e-01 6.75033892621649e-02 2.04163008185045e-03 
6.51994832903870e-01 6.74838693547103e-02 2.10546259521291e-03 
6.80972381032931e-01 6.74624003135529e-02 2.16687465371840e-03 
7.09949929161992e-01 6.74389281620383e-02 2.22590645312648e-03 
7.38927477291053e-01 6.74134143875671e-02 2.28263864954816e-03 
7.67905025420114e-01 6.73858152554682e-02 2.33713409203212e-03 
7.96882573549175e-01 6.73560885016773e-02 2.38943724064124e-03 
8.25860121678235e-01 6.73241955882779e-02 2.43958198420403e-03 
8.54837669807296e-01 6.72901016219622e-02 2.48761297732716e-03 
8.83815217936357e-01 6.72537749599979e-02 2.53359441141784e-03 
9.12792766065418e-01 6.72151868015137e-02 2.57758791582757e-03 
9.41770314194479e-01 6.71743113516549e-02 2.61964934641549e-03 
9.70747862323540e-01 6.71311255320609e-02 2.65983784624446e-03 
9.99725410452601e-01 6.70856088792334e-02 2.69815656905838e-03 
1.02870295858166e+00 6.70379056447148e-02 2.73465805739222e-03 
1.05768050671072e+00 6.69881758644682e-02 2.76939901845371e-03 
1.08665805483978e+00 6.69364162750184e-02 2.80237861703478e-03 
1.11563560296884e+00 6.68826257646153e-02 2.83363803473600e-03 
1.14461315109791e+00 6.68268048547095e-02 2.86322972337818e-03 
1.17359069922697e+00 6.67689556033981e-02 2.89123112349697e-03 
1.20256824735603e+00 6.67090804709627e-02 2.91781307624571e-03 
1.23154579548509e+00 6.66470543830764e-02 2.94311430059684e-03 
1.26052334361415e+00 6.65827869400261e-02 2.96717427724333e-03 
1.28950089174321e+00 6.65162771319851e-02 2.98999529214998e-03 
1.31847843987227e+00 6.64475559726369e-02 3.01158422391342e-03 
1.34745598800133e+00 6.63768158948641e-02 3.03199728021600e-03 
1.37643353613039e+00 6.63040636074466e-02 3.05124655624696e-03 
1.40541108425945e+00 6.62293071118563e-02 3.06937105084253e-03 
1.43438863238851e+00 6.61525547451736e-02 3.08641419671879e-03 
1.46336618051758e+00 6.60738157550297e-02 3.10242008055940e-03 
1.49234372864664e+00 6.59930995142372e-02 3.11748419690866e-03 
1.52132127677570e+00 6.59105203054765e-02 3.13169790719207e-03 
1.55029882490476e+00 6.58264349271006e-02 3.14511308683050e-03 
1.57927637303382e+00 6.57408553825232e-02 3.15770537521977e-03 
1.60825392116288e+00 6.56537951528785e-02 3.16945535910876e-03 
1.63723146929194e+00 6.55652691117194e-02 3.18034798745953e-03 
1.66620901742100e+00 6.54752934219348e-02 3.19037250576718e-03 
1.69518656555006e+00 6.53838854383259e-02 3.19952230383165e-03 
1.72416411367912e+00 6.52910635976718e-02 3.20779486525239e-03 
1.75314166180818e+00 6.51968473091869e-02 3.21519059673086e-03 
1.78211920993724e+00 6.51012568988173e-02 3.22171175831786e-03 
1.81109675806631e+00 6.50043135530028e-02 3.22736278583341e-03 
1.84007430619537e+00 6.49060392367348e-02 3.23215091559139e-03 
1.86905185432443e+00 6.48064565911664e-02 3.23608685374856e-03 
1.89802940245349e+00 6.47055888000300e-02 3.23919949265071e-03 
1.92700695058255e+00 6.46032042361634e-02 3.24151844739041e-03 
1.95598449871161e+00 6.44989908312088e-02 3.24304111121078e-03 
1.98496204684067e+00 6.43929728312934e-02 3.24376464114893e-03 
2.01393959496973e+00 6.42851753449820e-02 3.24370391501672e-03 
2.04291714309879e+00 6.41756242357562e-02 3.24287527882386e-03 
2.07189469122785e+00 6.40643460646611e-02 3.24129588893594e-03 
2.10087223935691e+00 6.39513680202939e-02 3.23896731771270e-03 
2.12984978748598e+00 6.38370310574112e-02 3.23589095193316e-03 
2.15882733561504e+00 6.37216401749726e-02 3.23210187204339e-03 
2.18780488374410e+00 6.36052225734708e-02 3.22763533771354e-03 
2.21678243187316e+00 6.34877746873711e-02 3.22252277968833e-03 
2.24575998000222e+00 6.33689635001850e-02 3.21678695961708e-03 
2.27473752813128e+00 6.32488181259798e-02 3.21042390760582e-03 
2.30371507626034e+00 6.31273677714160e-02 3.20345668302611e-03 
2.33269262438940e+00 6.30046416168280e-02 3.19590926508960e-03 
2.36167017251846e+00 6.28806687747338e-02 3.18780439259602e-03 
2.39064772064752e+00 6.27554783353062e-02 3.17914809076360e-03 
2.41962526877658e+00 6.26291005552965e-02 3.16993122635619e-03 
2.44860281690565e+00 6.25015668599422e-02 3.16016124157904e-03 
2.47758036503471e+00 6.23729085327110e-02 3.14984408193328e-03 
2.50655791316377e+00 6.22431581194897e-02 3.13898195723625e-03 
2.53553546129283e+00 6.21120720777837e-02 3.12760090770527e-03 
2.56451300942189e+00 6.19795816424299e-02 3.11571272125483e-03 
2.59349055755095e+00 6.18457224195670e-02 3.10334146520481e-03 
2.62246810568001e+00 6.17105294918202e-02 3.09051925614660e-03 
2.65144565380907e+00 6.15740373978729e-02 3.07727690890753e-03 
2.68042320193813e+00 6.14362801132569e-02 3.06364399320727e-03 
2.70940075006719e+00 6.12972910326926e-02 3.04964898673214e-03 
2.73837829819625e+00 6.11571029444096e-02 3.03531938686609e-03 
2.76735584632532e+00 6.10157480087384e-02 3.02068151922978e-03 
2.79633339445438e+00 6.08732577563605e-02 3.00575668590250e-03 
2.82531094258344e+00 6.07297314458095e-02 2.99055888329827e-03 
2.85428849071250e+00 6.05853127795448e-02 2.97511208384776e-03 
2.88326603884156e+00 6.04400295324321e-02 2.95945029211196e-03 
2.91224358697062e+00 6.02939087869969e-02 2.94359447221148e-03 
2.94122113509968e+00 6.01469769343201e-02 2.92756487769878e-03 
2.97019868322874e+00 5.99992596532165e-02 2.91138106863158e-03 
2.99917623135780e+00 5.98507819132682e-02 2.89505641723520e-03 
3.02815377948686e+00 5.97016512294846e-02 2.87859793737679e-03 
3.05713132761592e+00 5.95519830442457e-02 2.86202643313673e-03 
3.08610887574499e+00 5.94017983412035e-02 2.84536825484485e-03 
3.11508642387405e+00 5.92511174267847e-02 2.82863834876558e-03 
3.14406397200311e+00 5.90999599417939e-02 2.81185092091872e-03 
3.17304152013217e+00 5.89483448715690e-02 2.79501908997804e-03 
3.20201906826123e+00 5.87962905988826e-02 2.77815435218598e-03 
3.23099661639029e+00 5.86438149780214e-02 2.76126759630671e-03 
3.25997416451935e+00 5.84909352833124e-02 2.74437036227596e-03 
3.28895171264841e+00 5.83376681457377e-02 2.72747402456991e-03 
3.31792926077747e+00 5.81840295901953e-02 2.71058881527985e-03 
3.34690680890653e+00 5.80300350837902e-02 2.69372432745999e-03 
3.37588435703559e+00 5.78756995210178e-02 2.67688987262725e-03 
3.40486190516465e+00 5.77210372338844e-02 2.66009380298247e-03 
3.43383945329372e+00 5.75660620573496e-02 2.64334391126524e-03 
3.46281700142278e+00 5.74107872971655e-02 2.62664726305747e-03 
3.49179454955184e+00 5.72552258178747e-02 2.61000817345391e-03 
3.52077209768090e+00 5.70993902555754e-02 2.59343038717842e-03 
3.54974964580996e+00 5.69432928570289e-02 2.57692058112417e-03 
3.57872719393902e+00 5.67869452705154e-02 2.56048673503661e-03 
3.60770474206808e+00 5.66303585698603e-02 2.54413098452496e-03 
3.63668229019714e+00 5.64736029407981e-02 2.52785537669303e-03 
3.66565983832620e+00 5.63167057691986e-02 2.51167336636558e-03 
3.69463738645526e+00 5.61596755918274e-02 2.49559313070763e-03 
3.72361493458432e+00 5.60025204684749e-02 2.47961984543914e-03 
3.75259248271339e+00 5.58452480021496e-02 2.46375822046374e-03 
3.78157003084245e+00 5.56878653595627e-02 2.44801251443683e-03 
3.81054757897151e+00 5.55303792915645e-02 2.43238655910941e-03 
3.83952512710057e+00 5.53727961525254e-02 2.41688379052823e-03 
3.86850267522963e+00 5.52151219186427e-02 2.40150727306220e-03 
3.89748022335869e+00 5.50573622059635e-02 2.38625972264221e-03 
3.92645777148775e+00 5.48995222873066e-02 2.37114353815944e-03 
3.95543531961681e+00 5.47416071076875e-02 2.35616082805822e-03 
3.98441286774587e+00 5.45836212991150e-02 2.34131341959803e-03 
4.01339041587493e+00 5.44255691960864e-02 2.32661632345865e-03 
4.04236796400399e+00 5.42673309765197e-02 2.31207703669893e-03 
4.07134551213306e+00 5.41089070493811e-02 2.29767789402718e-03 
4.10032306026212e+00 5.39503024556557e-02 2.28341899524911e-03 
4.12930060839118e+00 5.37915219707697e-02 2.26930098454955e-03 
4.15827815652024e+00 5.36325701173108e-02 2.25532431851103e-03 
4.18725570464930e+00 5.34734511761432e-02 2.24148920102122e-03 
4.21623325277836e+00 5.33141692093288e-02 2.22779559785796e-03 
4.24521080090742e+00 5.31547280704416e-02 2.21424342304932e-03 
4.27418834903648e+00 5.29951314018487e-02 2.20083256103733e-03 
4.30316589716554e+00 5.28353826420723e-02 2.18756273678928e-03 
4.33214344529460e+00 5.26754850422010e-02 2.17443351339336e-03 
4.36112099342366e+00 5.25154416744162e-02 2.16144439381216e-03 
4.39009854155273e+00 5.23552554341523e-02 2.14859482077399e-03 
4.41907608968179e+00 5.21949290489456e-02 2.13588413587946e-03 
4.44805363781085e+00 5.20344650870423e-02 2.12331160400940e-03 
4.47703118593991e+00 5.18738659630715e-02 2.11087631766744e-03 
4.50600873406897e+00 5.17131339616053e-02 2.09856225021441e-03 
4.53498628219803e+00 5.15523814483135e-02 2.08635805649550e-03 
4.56396383032709e+00 5.13916545906465e-02 2.07428002635905e-03 
4.59294137845615e+00 5.12309536092299e-02 2.06233499243423e-03 
4.62191892658521e+00 5.10702786313706e-02 2.05052188630544e-03 
4.65089647471427e+00 5.09096296970553e-02 2.03883958608881e-03 
4.67987402284333e+00 5.07490067651054e-02 2.02728692157310e-03 
4.70885157097239e+00 5.05884097185946e-02 2.01586267905356e-03 
4.73782911910146e+00 5.04278383704441e-02 2.00456560565620e-03 
4.76680666723052e+00 5.02672924683368e-02 1.99339441487632e-03 
4.79578421535958e+00 5.01067716995920e-02 1.98234779145313e-03 
4.82476176348864e+00 4.99462756954365e-02 1.97142439495071e-03 
4.85373931161770e+00 4.97858040354218e-02 1.96062286258397e-03 
4.88271685974676e+00 4.96253562513425e-02 1.94994181239314e-03 
4.91169440787582e+00 4.94649318312285e-02 1.93937984656113e-03 
4.94067195600488e+00 4.93045302227984e-02 1.92893555332675e-03 
4.96964950413394e+00 4.91441508372026e-02 1.91860750966354e-03 
4.99862705226300e+00 4.89837930520895e-02 1.90840470809456e-03 
5.02760460039207e+00 4.88233916687615e-02 1.89834033717027e-03 
5.05658214852113e+00 4.86628689623432e-02 1.88840292821425e-03 
5.08555969665019e+00 4.85022256101633e-02 1.87857609829306e-03 
5.11453724477925e+00 4.83414622436213e-02 1.86885840247472e-03 
5.14351479290831e+00 4.81805794511027e-02 1.85924839800413e-03 
5.17249234103737e+00 4.80195777805692e-02 1.84974464384276e-03 
5.20146988916643e+00 4.78584577425429e-02 1.84034569790725e-03 
5.23044743729549e+00 4.76972198131721e-02 1.83105012321703e-03 
5.25942498542455e+00 4.75358644361370e-02 1.82185649759299e-03 
5.28840253355361e+00 4.73743920239709e-02 1.81276341129030e-03 
5.31738008168267e+00 4.72128029603133e-02 1.80376946211120e-03 
5.34635762981173e+00 4.70510976020431e-02 1.79487325802703e-03 
5.37533517794080e+00 4.68892762810204e-02 1.78607342034367e-03 
5.40431272606986e+00 4.67273393055950e-02 1.77736858281742e-03 
5.43329027419892e+00 4.65652869624410e-02 1.76875739108439e-03 
5.46226782232798e+00 4.64031195181065e-02 1.76023850371392e-03 
5.49124537045704e+00 4.62408372205937e-02 1.75181059116633e-03 
5.52022291858610e+00 4.60784403010361e-02 1.74347233690886e-03 
5.54920046671516e+00 4.59159289750097e-02 1.73522244083680e-03 
5.57817801484422e+00 4.57533034435033e-02 1.72705961932362e-03 
5.60715556297328e+00 4.55905638941369e-02 1.71898260408087e-03 
5.63613311110234e+00 4.54277105022636e-02 1.71099014233649e-03 
5.66511065923140e+00 4.52647434320761e-02 1.70308099693067e-03 
5.69408820736047e+00 4.51016628376115e-02 1.69525394645185e-03 
5.72306575548953e+00 4.49384688637519e-02 1.68750778529464e-03 
5.75204330361859e+00 4.47751616471380e-02 1.67984132376499e-03 
5.78102085174765e+00 4.46117413170693e-02 1.67225338817427e-03 
5.80999839987671e+00 4.44482079963173e-02 1.66474282087837e-03 
5.83897594800577e+00 4.42845618019372e-02 1.65730848022148e-03 
5.86795349613483e+00 4.41208028460107e-02 1.64994924050015e-03 
5.89693104426389e+00 4.39569312363831e-02 1.64266399190808e-03 
5.92590859239295e+00 4.37929470773363e-02 1.63545164048901e-03 
5.95488614052201e+00 4.36288504702539e-02 1.62831110803493e-03 
5.98386368865107e+00 4.34646415142346e-02 1.62124133202664e-03 
6.01284123678013e+00 4.33003203066892e-02 1.61425329672839e-03 
6.04181878490920e+00 4.31358291539399e-02 1.60734778360261e-03 
6.07079633303826e+00 4.29711651322997e-02 1.60051066535871e-03 
6.09977388116732e+00 4.28063288091270e-02 1.59374014141460e-03 
6.12875142929638e+00 4.26413207456905e-02 1.58703522024392e-03 
6.15772897742544e+00 4.24761414977840e-02 1.58039492517615e-03 
6.18670652555450e+00 4.23107916163297e-02 1.57381829400187e-03 
6.21568407368356e+00 4.21452716479948e-02 1.56730437882233e-03 
6.24466162181262e+00 4.19795821357476e-02 1.56085224634775e-03 
6.27363916994168e+00 4.18137236193327e-02 1.55446097772915e-03 
6.30261671807074e+00 4.16476966357836e-02 1.54812966806354e-03 
6.33159426619981e+00 4.14815017199253e-02 1.54185742616779e-03 
6.36057181432887e+00 4.13151394048594e-02 1.53564337446644e-03 
6.38954936245793e+00 4.11486102224163e-02 1.52948664878458e-03 
6.41852691058699e+00 4.09819147036114e-02 1.52338639811010e-03 
6.44750445871605e+00 4.08150533790762e-02 1.51734178443244e-03 
6.47648200684511e+00 4.06480267794781e-02 1.51135198260933e-03 
6.50545955497417e+00 4.04808354359102e-02 1.50541618014677e-03 
6.53443710310323e+00 4.03134798802898e-02 1.49953357684947e-03 
6.56341465123229e+00 4.01459606457575e-02 1.49370338461177e-03 
6.59239219936135e+00 3.99782782670552e-02 1.48792482729690e-03 
6.62136974749041e+00 3.98104332808866e-02 1.48219714055608e-03 
6.65034729561947e+00 3.96424262262714e-02 1.47651957163203e-03 
6.67932484374854e+00 3.94742576448854e-02 1.47089137916553e-03 
6.70830239187760e+00 3.93059280813964e-02 1.46531183299979e-03 
6.73727994000666e+00 3.91374380837874e-02 1.45978021398925e-03 
6.76625748813572e+00 3.89687882036746e-02 1.45429581380863e-03 
6.79523503626478e+00 3.87999789966154e-02 1.44885793476636e-03 
6.82421258439384e+00 3.86310110224113e-02 1.44346588961650e-03 
6.85319013252290e+00 3.84618848454014e-02 1.43811900137309e-03 
6.88216768065196e+00 3.82926010347522e-02 1.43281660312687e-03 
6.91114522878102e+00 3.81231601647386e-02 1.42755803786584e-03 
6.94012277691008e+00 3.79535628150211e-02 1.42234265829599e-03 
6.96910032503915e+00 3.77838095709160e-02 1.41716982666648e-03 
6.99807787316821e+00 3.76139010236613e-02 1.41207301283542e-03 
7.02705542129727e+00 3.74436960081282e-02 1.40709778861603e-03 
7.05603296942633e+00 3.72730114632889e-02 1.40220939784609e-03 
7.08501051755539e+00 3.71018500638186e-02 1.39736009154213e-03 
7.11398806568445e+00 3.69302144725426e-02 1.39254923694036e-03 
7.14296561381351e+00 3.67581073413265e-02 1.38777620972042e-03 
7.17194316194257e+00 3.65855313119532e-02 1.38304039384906e-03 
7.20092071007163e+00 3.64124890169875e-02 1.37834118142499e-03 
7.22989825820069e+00 3.62389830806284e-02 1.37367797253598e-03 
7.25887580632975e+00 3.60650161195483e-02 1.36905017512131e-03 
7.28785335445881e+00 3.58905907437194e-02 1.36445720482387e-03 
7.31683090258788e+00 3.57157095572301e-02 1.35989848484546e-03 
7.34580845071694e+00 3.55403751590908e-02 1.35537344580970e-03 
7.37478599884600e+00 3.53645901440275e-02 1.35088152562794e-03 
7.40376354697506e+00 3.51883571032660e-02 1.34642216936680e-03 
7.43274109510412e+00 3.50116786253048e-02 1.34199482911948e-03 
7.46171864323318e+00 3.48345572966784e-02 1.33759896388053e-03 
7.49069619136224e+00 3.46569957027097e-02 1.33323403942310e-03 
7.51967373949130e+00 3.44789964282537e-02 1.32889952817557e-03 
7.54865128762036e+00 3.43005620584309e-02 1.32459490909975e-03 
7.57762883574942e+00 3.41216951793532e-02 1.32031966757618e-03 
7.60660638387848e+00 3.39423983788387e-02 1.31607329529299e-03 
7.63558393200755e+00 3.37626742471185e-02 1.31185529013417e-03 
7.66456148013661e+00 3.35825253775344e-02 1.30766515607166e-03 
7.69353902826567e+00 3.34019543672280e-02 1.30350240305912e-03 
7.72251657639473e+00 3.32209638178216e-02 1.29936654692799e-03 
7.75149412452379e+00 3.30395563360902e-02 1.29525710928645e-03 
7.78047167265285e+00 3.28577345346262e-02 1.29117361742022e-03 
7.80944922078191e+00 3.26755010324953e-02 1.28711560419569e-03 
7.83842676891097e+00 3.24928584558852e-02 1.28308260796507e-03 
7.86740431704003e+00 3.23098094387459e-02 1.27907417247417e-03 
7.89638186516909e+00 3.21263566234230e-02 1.27508984677194e-03 
7.92535941329815e+00 3.19425026612830e-02 1.27112918512202e-03 
7.95433696142721e+00 3.17582502133315e-02 1.26719174691683e-03 
7.98331450955628e+00 3.15736019508239e-02 1.26327709659329e-03 
8.01229205768534e+00 3.13885605558693e-02 1.25933246722304e-03 
8.04126960581440e+00 3.12033344894420e-02 1.25535198007904e-03 
8.07024715394346e+00 3.10179420701064e-02 1.25138985799390e-03 
8.09922470207252e+00 3.08323846999051e-02 1.24745019635604e-03 
8.12820225020158e+00 3.06466637970400e-02 1.24353261580169e-03 
8.15717979833064e+00 3.04607807960945e-02 1.23963674156661e-03 
8.18615734645970e+00 3.02747371482519e-02 1.23576220341168e-03 
8.21513489458876e+00 3.00885343215117e-02 1.23190863555014e-03 
8.24411244271782e+00 2.99021738009034e-02 1.22807567657647e-03 
8.27308999084688e+00 2.97156570886974e-02 1.22426296939708e-03 
8.30206753897595e+00 2.95289857046135e-02 1.22047016116219e-03 
8.33104508710501e+00 2.93421611860275e-02 1.21669690319904e-03 
8.36002263523407e+00 2.91551850881740e-02 1.21294285094725e-03 
8.38900018336313e+00 2.89680589843480e-02 1.20920766389535e-03 
8.41797773149219e+00 2.87807844661032e-02 1.20549100551847e-03 
8.44695527962125e+00 2.85933631434482e-02 1.20179254321768e-03 
8.47593282775031e+00 2.84057966450400e-02 1.19811194826095e-03 
8.50491037587937e+00 2.82180866183751e-02 1.19444889572490e-03 
8.53388792400843e+00 2.80302347299779e-02 1.19080306443821e-03 
8.56286547213749e+00 2.78422426655874e-02 1.18717413692624e-03 
8.59184302026656e+00 2.76541121303401e-02 1.18356179935688e-03 
8.62082056839562e+00 2.74658448489521e-02 1.17996574148773e-03 
8.64979811652468e+00 2.72774425658967e-02 1.17638565661426e-03 
8.67877566465374e+00 2.70889070455817e-02 1.17282124151950e-03 
8.70775321278280e+00 2.69002400725222e-02 1.16927219642458e-03 
8.73673076091186e+00 2.67114434515125e-02 1.16573822494029e-03 
8.76570830904092e+00 2.65225190077946e-02 1.16221903402007e-03 
8.79468585716998e+00 2.63334685872243e-02 1.15871433391403e-03 
8.82366340529904e+00 2.61442940564351e-02 1.15522383812385e-03 
8.85264095342810e+00 2.59549973029996e-02 1.15174726335872e-03 
8.88161850155716e+00 2.57655802355876e-02 1.14828432949247e-03 
8.91059604968622e+00 2.55760447841231e-02 1.14483475952152e-03 
8.93957359781528e+00 2.53863928999371e-02 1.14139827952390e-03 
8.96855114594435e+00 2.51966265559193e-02 1.13797461861911e-03 
8.99752869407341e+00 2.50067477466662e-02 1.13456350892897e-03 
9.02650624220247e+00 2.48167584886274e-02 1.13116468553946e-03 
9.05548379033153e+00 2.46266608202486e-02 1.12777788646327e-03 
9.08446133846059e+00 2.44364568021125e-02 1.12440285260326e-03 
9.11343888658965e+00 2.42461485170773e-02 1.12103932771704e-03 
9.14241643471871e+00 2.40557380704116e-02 1.11768705838208e-03 
9.17139398284777e+00 2.38652275899277e-02 1.11434579396155e-03 
9.20037153097683e+00 2.36746192261119e-02 1.11101528657129e-03 
9.22934907910589e+00 2.34839151522516e-02 1.10769529104738e-03 
9.25832662723496e+00 2.32931175645609e-02 1.10438556491439e-03 
9.28730417536402e+00 2.31022286823023e-02 1.10108586835465e-03 
9.31628172349308e+00 2.29112507479062e-02 1.09779596417800e-03 
9.34525927162214e+00 2.27201860270881e-02 1.09451561779234e-03 
9.37423681975120e+00 2.25290368089620e-02 1.09124459717492e-03 
9.40321436788026e+00 2.23378054061520e-02 1.08798267284425e-03 
9.43219191600932e+00 2.21464941549008e-02 1.08472961783274e-03 
9.46116946413838e+00 2.19551054151753e-02 1.08148520765997e-03 
9.49014701226744e+00 2.17636415707693e-02 1.07824922030666e-03 
9.51912456039650e+00 2.15721050294037e-02 1.07502143618917e-03 
9.54810210852556e+00 2.13804982228237e-02 1.07180163813474e-03 
9.57707965665463e+00 2.11888236068928e-02 1.06858961135723e-03 
9.60605720478369e+00 2.09970836616844e-02 1.06538514343355e-03 
9.63503475291275e+00 2.08052808915702e-02 1.06218802428070e-03 
9.66401230104181e+00 2.06134178253058e-02 1.05899804613310e-03 
9.69298984917087e+00 2.04214970161131e-02 1.05581500352091e-03 
9.72196739729993e+00 2.02295210417600e-02 1.05263869324857e-03 
9.75094494542899e+00 2.00374925046372e-02 1.04946891437400e-03 
9.77992249355805e+00 1.98454140318312e-02 1.04630546818832e-03 
9.80890004168711e+00 1.96532882751953e-02 1.04314815819603e-03 
9.83787758981617e+00 1.94611179114171e-02 1.03999679009580e-03 
9.86685513794523e+00 1.92689056420825e-02 1.03685117176170e-03 
9.89583268607429e+00 1.90766541937372e-02 1.03371111322487e-03 
9.92481023420336e+00 1.88843663179447e-02 1.03057642665582e-03 
9.95378778233242e+00 1.86920447913416e-02 1.02744692634689e-03 
9.98276533046148e+00 1.84996924156889e-02 1.02432242869545e-03 
1.00117428785905e+01 1.83073120179209e-02 1.02104719314606e-03 
1.00407204267196e+01 1.81156034018210e-02 1.01760408637628e-03 
1.00696979748487e+01 1.79246365504255e-02 1.01415795501766e-03 
1.00986755229777e+01 1.77344081863824e-02 1.01072587022133e-03 
1.01276530711068e+01 1.75449150572450e-02 1.00730772054380e-03 
1.01566306192358e+01 1.73561539351677e-02 1.00390339593506e-03 
1.01856081673649e+01 1.71681216166067e-02 1.00051278771799e-03 
1.02145857154940e+01 1.69808149220242e-02 9.97135788567717e-04 
1.02435632636230e+01 1.67942306955978e-02 9.93772292491593e-04 
1.02725408117521e+01 1.66083658049342e-02 9.90422194809542e-04 
1.03015183598811e+01 1.64232171407866e-02 9.87085392134489e-04 
1.03304959080102e+01 1.62387816167769e-02 9.83761782353262e-04 
1.03594734561393e+01 1.60550561691218e-02 9.80451264607917e-04 
1.03884510042683e+01 1.58720377563628e-02 9.77153739277260e-04 
1.04174285523974e+01 1.56897233591007e-02 9.73869107958735e-04 
1.04464061005265e+01 1.55081099797333e-02 9.70597273450523e-04 
1.04753836486555e+01 1.53271946421972e-02 9.67338139734045e-04 
1.05043611967846e+01 1.51469743917141e-02 9.64091611956734e-04 
1.05333387449136e+01 1.49674462945394e-02 9.60857596415055e-04 
1.05623162930427e+01 1.47886074377162e-02 9.57636000537840e-04 
1.05912938411718e+01 1.46104549288311e-02 9.54426732869944e-04 
1.06202713893008e+01 1.44329858957748e-02 9.51229703056072e-04 
1.06492489374299e+01 1.42561974865059e-02 9.48044821824857e-04 
1.06782264855589e+01 1.40800868688179e-02 9.44872000973381e-04 
1.07072040336880e+01 1.39046512301097e-02 9.41711153351833e-04 
1.07361815818171e+01 1.37298877771593e-02 9.38562192848364e-04 
1.07651591299461e+01 1.35557937359008e-02 9.35425034374219e-04 
1.07941366780752e+01 1.33823663512050e-02 9.32299593849207e-04 
1.08231142262042e+01 1.32096028866624e-02 9.29185788187395e-04 
1.08520917743333e+01 1.30375006243698e-02 9.26083535282811e-04 
1.08810693224624e+01 1.28660568647200e-02 9.22992753995674e-04 
1.09100468705914e+01 1.26952689261941e-02 9.19913364138688e-04 
1.09390244187205e+01 1.25251341451572e-02 9.16845286463551e-04 
1.09680019668495e+01 1.23556498756566e-02 9.13788442647810e-04 
1.09969795149786e+01 1.21868134892233e-02 9.10742755281730e-04 
1.10259570631077e+01 1.20186223746756e-02 9.07708147855537e-04 
1.10549346112367e+01 1.18510739379265e-02 9.04684544746824e-04 
1.10839121593658e+01 1.16841656017925e-02 9.01671871208074e-04 
1.11128897074949e+01 1.15178948058066e-02 8.98670053354484e-04 
1.11418672556239e+01 1.13522590060326e-02 8.95679018151929e-04 
1.11708448037530e+01 1.11872556748826e-02 8.92698693405155e-04 
1.11998223518820e+01 1.10228823009371e-02 8.89729007746129e-04 
1.12287999000111e+01 1.08591363887675e-02 8.86769890622572e-04 
1.12577774481402e+01 1.06960154587608e-02 8.83821272286690e-04 
1.12867549962692e+01 1.05335170469472e-02 8.80883083784040e-04 
1.13157325443983e+01 1.03716387048300e-02 8.77955256942606e-04 
1.13447100925273e+01 1.02103779992171e-02 8.75037724362023e-04 
1.13736876406564e+01 1.00497325120564e-02 8.72130419403055e-04 
1.14026651887855e+01 9.88969984027163e-03 8.69233276177137e-04 
1.14316427369145e+01 9.73027759560174e-03 8.66346229536033e-04 
1.14606202850436e+01 9.57146340444207e-03 8.63469215061818e-04 
1.14895978331726e+01 9.41325490768759e-03 8.60602169056880e-04 
1.15185753813017e+01 9.25564976057843e-03 8.57745028534151e-04 
1.15475529294308e+01 9.09864563254745e-03 8.54870982226251e-04 
1.15765304775598e+01 8.94224665592684e-03 8.51900046147707e-04 
1.16055080256889e+01 8.78647627507845e-03 8.48754610233019e-04 
1.16344855738179e+01 8.63137040547591e-03 8.45385124094937e-04 
1.16634631219470e+01 8.47697029231668e-03 8.41739713318024e-04 
1.16924406700761e+01 8.32333033203978e-03 8.37794735316217e-04 
1.17214182182051e+01 8.17050413472298e-03 8.33557988991247e-04 
1.17503957663342e+01 8.01854329578993e-03 8.29036520373761e-04 
1.17793733144633e+01 7.86749840618060e-03 8.24237092633477e-04 
1.18083508625923e+01 7.71741871681934e-03 8.19170622538809e-04 
1.18373284107214e+01 7.56835101716687e-03 8.13829012650708e-04 
1.18663059588504e+01 7.42034435610070e-03 8.08179773990443e-04 
1.18952835069795e+01 7.27345666062070e-03 8.02208850736104e-04 
1.19242610551086e+01 7.12774503979843e-03 7.95928401265615e-04 
1.19532386032376e+01 6.98326350523538e-03 7.89354897673165e-04 
1.19822161513667e+01 6.84006302806235e-03 7.82504521304389e-04 
1.20111936994957e+01 6.69819159741618e-03 7.75392629902987e-04 
1.20401712476248e+01 6.55769863452387e-03 7.68034662670059e-04 
1.20691487957539e+01 6.41862680518305e-03 7.60446534104766e-04 
1.20981263438829e+01 6.28101540811252e-03 7.52643266236386e-04 
1.21271038920120e+01 6.14490100316892e-03 7.44639471845065e-04 
1.21560814401410e+01 6.01031747549246e-03 7.36449434232017e-04 
1.21850589882701e+01 5.87729610026868e-03 7.28087103456989e-04 
1.22140365363992e+01 5.74586560798188e-03 7.19566093238316e-04 
1.22430140845282e+01 5.61605225004061e-03 7.10899678491319e-04 
1.22719916326573e+01 5.48787986466015e-03 7.02100793480959e-04 
1.23009691807863e+01 5.36136994289189e-03 6.93182030564913e-04 
1.23299467289154e+01 5.23654169469403e-03 6.84155639503088e-04 
1.23589242770445e+01 5.11341211494251e-03 6.75033527310062e-04 
1.23879018251735e+01 4.99199604928605e-03 6.65827258627051e-04 
1.24168793733026e+01 4.87230625975314e-03 6.56548056590237e-04 
1.24458569214317e+01 4.75435349002374e-03 6.47206804172678e-04 
1.24748344695607e+01 4.63814653028252e-03 6.37814045977341e-04 
1.25038120176898e+01 4.52369228157488e-03 6.28379990459081e-04 
1.25327895658188e+01 4.41099581959115e-03 6.18914512553811e-04 
1.25617671139479e+01 4.30006045780846e-03 6.09427156693611e-04 
1.25907446620770e+01 4.19088780992402e-03 5.99927140186838e-04 
1.26197222102060e+01 4.08347785151708e-03 5.90423356942786e-04 
1.26486997583351e+01 3.97782898088105e-03 5.80924381520930e-04 
1.26776773064641e+01 3.87393807897089e-03 5.71438473485291e-04 
1.27066548545932e+01 3.77180056841441e-03 5.61973582044966e-04 
1.27356324027223e+01 3.67141047153980e-03 5.52537350962348e-04 
1.27646099508513e+01 3.57276046737498e-03 5.43137123711098e-04 
1.27935874989804e+01 3.47584194757796e-03 5.33779948866528e-04 
1.28225650471094e+01 3.38064507126020e-03 5.24472585711543e-04 
1.28515425952385e+01 3.28715881866851e-03 5.15221510041893e-04 
1.28805201433676e+01 3.19537104369352e-03 5.06032920155022e-04 
1.29094976914966e+01 3.10526852517625e-03 4.96911041337468e-04 
1.29384752396257e+01 3.01683726653789e-03 4.87857153233129e-04 
1.29674527877548e+01 2.93006338751319e-03 4.78873102523299e-04 
1.29964303358838e+01 2.84493264269335e-03 4.69954492262481e-04 
1.30254078840129e+01 2.76143104052159e-03 4.61075416566198e-04 
1.30543854321419e+01 2.67955056200591e-03 4.52206795597510e-04 
1.30833629802710e+01 2.59928985850672e-03 4.43342614787108e-04 
1.31123405284001e+01 2.52064594299009e-03 4.34484140286225e-04 
1.31413180765291e+01 2.44361574959166e-03 4.25629088614863e-04 
1.31702956246582e+01 2.36819758305852e-03 4.16781916105910e-04 
1.31992731727872e+01 2.29438792870616e-03 4.07951489508876e-04 
1.32282507209163e+01 2.22218187286546e-03 3.99146748406409e-04 
1.32572282690454e+01 2.15157288745306e-03 3.90377200530614e-04 
1.32862058171744e+01 2.08255274040919e-03 3.81650317925923e-04 
1.33151833653035e+01 2.01511179923056e-03 3.72970663904883e-04 
1.33441609134325e+01 1.94924004761967e-03 3.64343300426484e-04 
1.33731384615616e+01 1.88492645151606e-03 3.55775302105486e-04 
1.34021160096907e+01 1.82215869606787e-03 3.47274439701183e-04 
1.34310935578197e+01 1.76092307545081e-03 3.38848326517235e-04 
1.34600711059488e+01 1.70120458126650e-03 3.30504097661086e-04 
1.34890486540778e+01 1.64298698842190e-03 3.22247292637517e-04 
1.35180262022069e+01 1.58625304834648e-03 3.14081779598832e-04 
1.35470037503360e+01 1.53098514411352e-03 3.06012017504066e-04 
1.35759812984650e+01 1.47716477595351e-03 2.98043476531998e-04 
1.36049588465941e+01 1.42477247907378e-03 2.90181460005825e-04 
1.36339363947232e+01 1.37378790001296e-03 2.82430857150963e-04 
1.36629139428522e+01 1.32418987024765e-03 2.74796157876375e-04 
1.36918914909813e+01 1.27595647704176e-03 2.67281467621304e-04 
1.37208690391103e+01 1.22906513153510e-03 2.59890522232241e-04 
1.37498465872394e+01 1.18349263407433e-03 2.52626702837244e-04 
1.37788241353685e+01 1.13921523679463e-03 2.45493050687034e-04 
1.38078016834975e+01 1.09620870346593e-03 2.38492281934540e-04 
1.38367792316266e+01 1.05444836662226e-03 2.31624684313549e-04 
1.38657567797556e+01 1.01390932070563e-03 2.24885282697148e-04 
1.38947343278847e+01 9.74567829129925e-04 2.18267209660807e-04 
1.39237118760138e+01 9.36401803917769e-04 2.11765321548555e-04 
1.39526894241428e+01 8.99389583694755e-04 2.05376688300745e-04 
1.39816669722719e+01 8.63510616786035e-04 1.99096953488696e-04 
1.40106445204009e+01 8.28744016460306e-04 1.92922127304107e-04 
1.40396220685300e+01 7.95071556208825e-04 1.86855862162898e-04 
1.40685996166591e+01 7.62472739319325e-04 1.80902560278332e-04 
1.40975771647881e+01 7.30926461498792e-04 1.75061151916028e-04 
1.41265547129172e+01 7.00412361594300e-04 1.69331250432479e-04 
1.41555322610462e+01 6.70910093322539e-04 1.63714249498490e-04 
1.41845098091753e+01 6.42398907251210e-04 1.58211390164048e-04 
1.42134873573044e+01 6.14858015344828e-04 1.52823504956752e-04 
1.42424649054334e+01 5.88266410496893e-04 1.47550344906137e-04 
1.42714424535625e+01 5.62603149239883e-04 1.42391263567433e-04 
1.43004200016916e+01 5.37847700861032e-04 1.37346744648120e-04 
1.43293975498206e+01 5.13979245615825e-04 1.32417565573207e-04 
1.43583750979497e+01 4.90976924738559e-04 1.27604350933524e-04 
1.43873526460787e+01 4.68819852228508e-04 1.22908103576421e-04 
1.44163301942078e+01 4.47486946234307e-04 1.18329832426049e-04 
1.44453077423369e+01 4.26956984958322e-04 1.13870240735936e-04 
1.44742852904659e+01 4.07208659117524e-04 1.09529466754767e-04 
1.45032628385950e+01 3.88220621491069e-04 1.05306668753985e-04 
1.45322403867240e+01 3.69971717603965e-04 1.01200011254826e-04 
1.45612179348531e+01 3.52441154488159e-04 9.72076897613366e-05 
1.45901954829822e+01 3.35608627917306e-04 9.33288701475238e-05 
1.46191730311112e+01 3.19453905660134e-04 8.95632276677750e-05 
1.46481505792403e+01 3.03956833795281e-04 8.59102674955871e-05 
1.46771281273693e+01 2.89097372886349e-04 8.23691727511929e-05 
1.47061056754984e+01 2.74855630894366e-04 7.89386017771111e-05 
1.47350832236275e+01 2.61211972919542e-04 7.56169626325104e-05 
1.47640607717565e+01 2.48147135605179e-04 7.24028507855506e-05 
1.47930383198856e+01 2.35642081872315e-04 6.92948145347648e-05 
1.48220158680146e+01 2.23678027727395e-04 6.62911888848407e-05 
1.48509934161437e+01 2.12236553586494e-04 6.33903447152720e-05 
1.48799709642728e+01 2.01299517105257e-04 6.05906780348106e-05 
1.49089485124018e+01 1.90849080937027e-04 5.78905010504133e-05 
1.49379260605309e+01 1.80867719508609e-04 5.52880529683161e-05 
1.49669036086600e+01 1.71338231704883e-04 5.27814602104296e-05 
1.49958811567890e+01 1.62243753146803e-04 5.03688764372357e-05 
1.50248587049181e+01 1.53574873391535e-04 4.80477539665377e-05 
1.50538362530471e+01 1.45326884347016e-04 4.58156473932159e-05 
1.50828138011762e+01 1.37482157312961e-04 4.36719729797257e-05 
1.51117913493053e+01 1.30023604848058e-04 4.16142756472189e-05 
1.51407688974343e+01 1.22934678056710e-04 3.96400959053307e-05 
1.51697464455634e+01 1.16199362639410e-04 3.77469765802009e-05 
1.51987239936924e+01 1.09802173820331e-04 3.59324690018174e-05 
1.52277015418215e+01 1.03728150259904e-04 3.41941386748714e-05 
1.52566790899506e+01 9.79628470544541e-05 3.25295704572297e-05 
1.52856566380796e+01 9.24923279193049e-05 3.09363732699528e-05 
1.53146341862087e+01 8.73031566463027e-05 2.94121843625201e-05 
1.53436117343377e+01 8.23823879213082e-05 2.79546731565835e-05 
1.53725892824668e+01 7.77175575819930e-05 2.65615446911744e-05 
1.54015668305959e+01 7.32966723911978e-05 2.52305426918196e-05 
1.54305443787249e+01 6.91081993961895e-05 2.39594522855191e-05 
1.54595219268540e+01 6.51410549394051e-05 2.27461023829813e-05 
1.54884994749830e+01 6.13845933816842e-05 2.15883677489230e-05 
1.55174770231121e+01 5.78285955945847e-05 2.04841707806275e-05 
1.55464545712412e+01 5.44632572741370e-05 1.94314830143078e-05 
1.55754321193702e+01 5.12791771243368e-05 1.84283263781644e-05 
1.56044096674993e+01 4.82673449547905e-05 1.74727742103579e-05 
1.56333872156284e+01 4.54191297332219e-05 1.65629520594279e-05 
1.56623647637574e+01 4.27262676300129e-05 1.56970382840118e-05 
1.56913423118865e+01 4.01808500885932e-05 1.48732644680259e-05 
1.57203198600155e+01 3.77753119522973e-05 1.40899156667910e-05 
1.57492974081446e+01 3.55024196752839e-05 1.33453258491548e-05 
1.57782749562737e+01 3.33552077313444e-05 1.26348110330958e-05 
1.58072525044027e+01 3.13277589690930e-05 1.19570501414014e-05 
1.58362300525318e+01 2.94137384019610e-05 1.13110534870008e-05 
1.58652076006608e+01 2.76079860229915e-05 1.06954968255258e-05 
1.58941851487899e+01 2.59046750550635e-05 1.01094253174990e-05 
1.59231626969190e+01 2.42990286902542e-05 9.55156672845355e-06 
1.59521402450480e+01 2.27857040371635e-05 9.02098307014568e-06 
1.59811177931771e+01 2.13602953493950e-05 8.51645972039908e-06 
1.60100953413061e+01 2.00179177976574e-05 8.03715387508425e-06 
1.60390728894352e+01 1.87545384216260e-05 7.58205132558754e-06 
1.60680504375643e+01 1.75656589250997e-05 7.15032303509382e-06 
1.60970279856933e+01 1.64475282412034e-05 6.74087083602438e-06 
1.61260055338224e+01 1.53960496193063e-05 6.35281223240103e-06 
1.61549830819514e+01 1.44078078179234e-05 5.98510188657029e-06 
1.61839606300805e+01 1.34790912960615e-05 5.63691001845277e-06 
1.62129381782096e+01 1.26067978670204e-05 5.30725978023034e-06 
1.62419157263386e+01 1.17875733112390e-05 4.99537367271774e-06 
1.62708932744677e+01 1.10186063156294e-05 4.70034367539831e-06 
1.62998708225968e+01 1.02968724864852e-05 4.42144399806690e-06 
1.63288483707258e+01 9.61982983362515e-06 4.15783426943595e-06 
1.63578259188549e+01 8.98475716555370e-06 3.90883950857164e-06 
1.63868034669839e+01 8.38936099112635e-06 3.67368490946632e-06 
1.64157810151130e+01 7.83119784335418e-06 3.45174504175062e-06 
1.64447585632421e+01 7.30820273427322e-06 3.24230800931584e-06 
1.64737361113711e+01 6.81818575047755e-06 3.04479634689340e-06 
1.65027136595002e+01 6.35929132602316e-06 2.85851328868209e-06 
1.65316912076292e+01 5.92954927327945e-06 2.68282322510934e-06 
1.65606687557583e+01 5.52731613202994e-06 2.51706598475120e-06 
1.65896463038874e+01 5.15087990020117e-06 2.36075086656762e-06 
1.66186238520164e+01 4.79878816248920e-06 2.21337235962091e-06 
1.66476014001455e+01 4.46950594613213e-06 2.07450637464863e-06 
1.66765789482745e+01 4.16173133311066e-06 1.94368657492692e-06 
1.67055564964036e+01 3.87409150751658e-06 1.82052308434186e-06 
1.67345340445327e+01 3.60542193366988e-06 1.70458758520140e-06 
1.67635115926617e+01 3.35449771703312e-06 1.59552266017970e-06 
1.67924891407908e+01 3.12027938999227e-06 1.49293643686923e-06 
1.68214666889198e+01 2.90167649599078e-06 1.39650215929650e-06 
1.68504442370489e+01 2.69776311940894e-06 1.30586254969669e-06 
1.68794217851780e+01 2.50757057915880e-06 1.22071968395336e-06 
1.69083993333070e+01 2.33027578697231e-06 1.14074885609376e-06 
1.69373768814361e+01 2.16502003056932e-06 1.06567912907238e-06 
1.69663544295652e+01 2.01107310336736e-06 9.95216251951246e-07 
1.69953319776942e+01 1.86767532119763e-06 9.29103962093779e-07 
1.70243095258233e+01 1.73409514637023e-06 8.67072960685888e-07 
1.70532870739523e+01 1.60952000157745e-06 8.08914055837675e-07 
1.70822646220814e+01 1.49341411700930e-06 7.54367293664434e-07 
1.71112421702105e+01 1.38521643268261e-06 7.03242310952318e-07 
1.71402197183395e+01 1.28444986773990e-06 6.55334476605721e-07 
1.71691972664686e+01 1.19061613874496e-06 6.10471014973222e-07 
1.71981748145976e+01 1.10329132780840e-06 5.68466705101584e-07 
1.72271523627267e+01 1.02203386975391e-06 5.29165174990400e-07 
1.72561299108558e+01 9.46467870078532e-07 4.92399286520415e-07 
1.72851074589848e+01 8.76202852951284e-07 4.58027900680995e-07 
1.73140850071139e+01 8.10906187286644e-07 4.25900634620959e-07 
1.73430625552429e+01 7.50233284103659e-07 3.95890436392520e-07 
1.73720401033720e+01 6.93890385221726e-07 3.67862372401731e-07 
1.74010176515011e+01 6.41574003051791e-07 3.41702366263281e-07 
1.74299951996301e+01 5.93025218310973e-07 3.17289665731016e-07 
1.74589727477592e+01 5.47977262184661e-07 2.94522100776816e-07 
1.74879502958883e+01 5.06202361611698e-07 2.73291882932330e-07 
1.75169278440173e+01 4.67466469080423e-07 2.53507727728368e-07 
1.75459053921464e+01 4.31569589553883e-07 2.35073651956412e-07 
1.75748829402754e+01 3.98306764376810e-07 2.17908288797634e-07 
1.76038604884045e+01 3.67502714785832e-07 2.01926366672189e-07 
1.76328380365336e+01 3.38978281883479e-07 1.87055524407032e-07 
1.76618155846626e+01 3.12580129111757e-07 1.73220176803940e-07 
1.76907931327917e+01 2.88151929049970e-07 1.60356113957584e-07 
1.77197706809207e+01 2.65559781850885e-07 1.48396481801641e-07 
1.77487482290498e+01 2.44667521285297e-07 1.37284425557301e-07 
1.77777257771789e+01 2.25358428173506e-07 1.26960937148122e-07 
1.78067033253079e+01 2.07514102519270e-07 1.17375778690233e-07 
1.78356808734370e+01 1.91032980358857e-07 1.08476971991061e-07 
1.78646584215660e+01 1.75812286126596e-07 1.00220214638999e-07 
1.78936359696951e+01 1.61763797841984e-07 9.25598092708560e-08 
1.79226135178242e+01 1.48798454314447e-07 8.54567626096634e-08 
1.79515910659532e+01 1.36839756824603e-07 7.88709734465551e-08 
1.79805686140823e+01 1.25810659794957e-07 7.27681841746086e-08 
1.80095461622113e+01 1.15644946648466e-07 6.71152660648032e-08 
1.80385237103404e+01 1.06276895067471e-07 6.18852876160304e-08 
1.80675012584695e+01 9.76483249379470e-08 5.70490676014793e-08 
1.80964788065985e+01 8.97007184094680e-08 5.25795173226309e-08 
1.81254563547276e+01 8.23837631708143e-08 4.84488249805394e-08 
1.81544339028566e+01 7.56472794421189e-08 4.46331734254223e-08 
1.81834114509857e+01 6.94481078639418e-08 4.11085143638575e-08 
1.82123889991148e+01 6.37432650914375e-08 3.78542450487871e-08 
1.82413665472438e+01 5.84957676249970e-08 3.48495966798173e-08 
1.82703440953729e+01 5.36688356974372e-08 3.20767685126713e-08 
1.82993216435020e+01 4.92308116536594e-08 2.95178454324903e-08 
1.83282991916310e+01 4.51502570507475e-08 2.71574658393616e-08 
1.83572767397601e+01 4.14001016263420e-08 2.49801943451010e-08 
1.83862542878891e+01 3.79535004635876e-08 2.29727897449519e-08 
1.84152318360182e+01 3.47873300277008e-08 2.11219685007227e-08 
1.84442093841473e+01 3.18786912675236e-08 1.94163302464240e-08 
1.84731869322763e+01 2.92078522865830e-08 1.78444562856913e-08 
1.85021644804054e+01 2.67552997101830e-08 1.63965422904227e-08 
1.85311420285344e+01 2.45042129653064e-08 1.50627835673659e-08 
1.85601195766635e+01 2.24379804520710e-08 1.38347577865550e-08 
1.85890971247926e+01 2.05422778436906e-08 1.27040553657750e-08 
1.86180746729216e+01 1.88029778464167e-08 1.16634491079944e-08 
1.86470522210507e+01 1.72078941355413e-08 1.07057338122642e-08 
1.86760297691797e+01 1.57450240206298e-08 9.82471451126851e-09 
1.87050073173088e+01 1.44040103746274e-08 9.01422443531073e-09 
1.87339848654379e+01 1.31746655648106e-08 8.26895903472298e-09 
1.87629624135669e+01 1.20481958048094e-08 7.58364578485065e-09 
1.87919399616960e+01 1.10159624637499e-08 6.95374727307507e-09 
1.88209175098251e+01 1.00705064953344e-08 6.37476011456980e-09 
1.88498950579541e+01 9.20450987190190e-09 5.84280700729895e-09 
1.88788726060832e+01 8.41165196270231e-09 5.35404530087453e-09 
1.89078501542122e+01 7.68573950848892e-09 4.90516500954930e-09 
1.89368277023413e+01 7.02142189476506e-09 4.49289040279110e-09 
1.89658052504704e+01 6.41346291930025e-09 4.11439845732376e-09 
1.89947827985994e+01 5.85733771516255e-09 3.76693326351110e-09 
1.90237603467285e+01 5.34863975459778e-09 3.44819847261896e-09 
1.90527378948575e+01 4.88355909732867e-09 3.15592020940883e-09 
1.90817154429866e+01 4.45831244506018e-09 2.88806553810827e-09 
1.91106929911157e+01 4.06963113034106e-09 2.64256880158300e-09 
1.91396705392447e+01 3.71433456906794e-09 2.41764939005962e-09 
1.91686480873738e+01 3.38967425332495e-09 2.21156157331733e-09 
1.91976256355028e+01 3.09297790217048e-09 2.02280016414784e-09 
1.92266031836319e+01 2.82193578135905e-09 1.84989075327788e-09 
1.92555807317610e+01 2.57430401552798e-09 1.69156178651549e-09 
1.92845582798900e+01 2.34814275491385e-09 1.54656879478581e-09 
1.93135358280191e+01 2.14156896143714e-09 1.41383827140512e-09 
1.93425133761481e+01 1.95295439873385e-09 1.29232048446500e-09 
1.93714909242772e+01 1.78071976365239e-09 1.18110969482651e-09 
1.94004684724063e+01 1.62349917736178e-09 1.07932098239635e-09 
1.94294460205353e+01 1.47996884688922e-09 9.86190629079697e-10 
1.94584235686644e+01 1.34898364373789e-09 9.00973106314683e-10 
1.94874011167934e+01 1.22943458516857e-09 8.23024841155294e-10 
1.95163786649225e+01 1.12036217037076e-09 7.51718118729173e-10 
1.95453562130516e+01 1.02083790043218e-09 6.86510937367135e-10 
1.95743337611806e+01 9.30058273251956e-10 6.26875092699072e-10 
1.96033113093097e+01 8.47246341905998e-10 5.72354395193373e-10 
1.96322888574388e+01 7.71729624940519e-10 5.22504636353784e-10 
1.96612664055678e+01 7.02858358344572e-10 4.76942077115140e-10 
1.96902439536969e+01 6.40070037947933e-10 4.35293362985551e-10 
1.97192215018259e+01 5.82821570133065e-10 3.97235884161587e-10 
1.97481990499550e+01 5.30642711148305e-10 3.62456015674504e-10 
1.97771765980841e+01 4.83079782692919e-10 3.30682691053117e-10 
1.98061541462131e+01 4.39739894991050e-10 3.01652604284741e-10 
1.98351316943422e+01 4.00244279560045e-10 2.75138120885660e-10 
1.98641092424712e+01 3.64264867011459e-10 2.50918298197103e-10 
1.98930867906003e+01 3.31485612575375e-10 2.28802074457680e-10 
1.99220643387294e+01 3.01632735801428e-10 2.08604148939436e-10 
1.99510418868584e+01 2.74442684816144e-10 1.90164235647178e-10 
1.99800194349875e+01 2.49687124965967e-10 1.73327000432437e-10 
2.00089969831165e+01 2.27146413812154e-10 1.57959941383869e-10 
2.00379745312456e+01 2.06626277912963e-10 1.43938588018422e-10 
2.00669520793747e+01 1.87942424509280e-10 1.31151748093041e-10 
2.00959296275037e+01 1.70935802874651e-10 1.19489375520583e-10 
2.01249071756328e+01 1.55453717056265e-10 1.08855980564373e-10 
2.01538847237619e+01 1.41363849736632e-10 9.91594085193658e-11 
2.01828622718909e+01 1.28539243419161e-10 9.03199323704070e-11 
2.02118398200200e+01 1.16869862356925e-10 8.22606573615002e-11 
2.02408173681490e+01 1.06250188280825e-10 7.49150433438580e-11 
2.02697949162781e+01 9.65887491940282e-11 6.82189533989187e-11 
2.02987724644072e+01 8.77978780043181e-11 6.21168747697362e-11 
2.03277500125362e+01 7.98015629247991e-11 5.65553321968105e-11 
2.03567275606653e+01 7.25269947462536e-11 5.14880306997963e-11 
2.03857051087943e+01 6.59110322026786e-11 4.68704013249082e-11 
2.04146826569234e+01 5.98932278546656e-11 4.26638510838440e-11 
2.04436602050525e+01 5.44211509235246e-11 3.88312480059602e-11 
2.04726377531815e+01 4.94446350629008e-11 3.53404319730801e-11 
2.05016153013106e+01 4.49201590493567e-11 3.21604786136750e-11 
2.05305928494396e+01 4.08061039387634e-11 2.92645985307729e-11 
2.05595703975687e+01 3.70663571366163e-11 2.66270467525827e-11 
2.05885479456978e+01 3.36664031029264e-11 2.42255160463793e-11 
2.06175254938268e+01 3.05762874753052e-11 2.20385812566965e-11 
2.06465030419559e+01 2.77673958792242e-11 2.00476742881369e-11 
2.06754805900849e+01 2.52148909129891e-11 1.82349714761320e-11 
2.07044581382140e+01 2.28950588032387e-11 1.65850227863581e-11 
2.07334356863431e+01 2.07873123293071e-11 1.50830060072918e-11 
2.07624132344721e+01 1.88720059219250e-11 1.37160702363962e-11 
2.07913907826012e+01 1.71320812959765e-11 1.24718936871582e-11 
2.08203683307303e+01 1.55512688597993e-11 1.13397911815103e-11 
2.08493458788593e+01 1.41154393513621e-11 1.03095231682676e-11 
2.08783234269884e+01 1.28111237184174e-11 9.37220835827739e-12 
2.09073009751174e+01 1.16266229253126e-11 8.51934052466363e-12 
2.09362785232465e+01 1.05507902891733e-11 7.74354030285855e-12 
2.09652560713756e+01 9.57394243793209e-12 7.03774379318121e-12 
2.09942336195046e+01 8.68685786722651e-12 6.39583172241959e-12 
2.10232111676337e+01 7.88153016486382e-12 5.81197243775798e-12 
2.10521887157627e+01 7.15034000399055e-12 5.28110512207811e-12 
2.10811662638918e+01 6.48664502562814e-12 4.79836793370499e-12 
2.11101438120209e+01 5.88412813769431e-12 4.35952138793112e-12 
2.11391213601499e+01 5.33729985998415e-12 3.96051594772314e-12 
2.11680989082790e+01 4.84094181589294e-12 3.59783670536633e-12 
2.11970764564080e+01 4.39051860481389e-12 3.26812780648845e-12 
2.12260540045371e+01 3.98172068757119e-12 2.96847594366629e-12 
2.12550315526662e+01 3.61080198855312e-12 2.69610092858594e-12 
2.12840091007952e+01 3.27420452093762e-12 2.44858879440320e-12 
2.13129866489243e+01 2.96883503660434e-12 2.22363693450674e-12 
2.13419641970533e+01 2.69175685450257e-12 2.01924571741078e-12 
2.13709417451824e+01 2.44041650232292e-12 1.83350862567354e-12 
2.13999192933115e+01 2.21239078159346e-12 1.66476972374370e-12 
2.14288968414405e+01 2.00557239159214e-12 1.51145089739822e-12 
2.14578743895696e+01 1.81796238332500e-12 1.37218122426827e-12 
2.14868519376987e+01 1.64782214921611e-12 1.24565479246642e-12 
2.15158294858277e+01 1.49350316387639e-12 1.13073695826596e-12 
2.15448070339568e+01 1.35357140164277e-12 1.02634736197573e-12 
2.15737845820858e+01 1.22666770017070e-12 9.31547178336748e-13 
2.16027621302149e+01 1.11160958152121e-12 8.45442889303175e-13 
2.16317396783440e+01 1.00727675896859e-12 7.67257907779748e-13 
2.16607172264730e+01 9.12694444499138e-13 6.96253444880829e-13 
2.16896947746021e+01 8.26939494313729e-13 6.31787289872128e-13 
2.17186723227311e+01 7.49208552046428e-13 5.73248751971154e-13 
2.17476498708602e+01 6.78741131005019e-13 5.20106886613759e-13 
2.17766274189893e+01 6.14875339907487e-13 4.71857022348269e-13 
2.18056049671183e+01 5.56984860277537e-13 4.28060317492633e-13 
2.18345825152474e+01 5.04524506769532e-13 3.88299820559667e-13 
2.18635600633764e+01 4.56978601356497e-13 3.52212906850472e-13 
2.18925376115055e+01 4.13898214210787e-13 3.19455182192340e-13 
2.19215151596346e+01 3.74858883043992e-13 2.89727073504889e-13 
2.19504927077636e+01 3.39491047256932e-13 2.62744183731744e-13 
2.19794702558927e+01 3.07445428050195e-13 2.38259083570122e-13 
2.20084478040217e+01 2.78417895169558e-13 2.16040038250455e-13 
2.20374253521508e+01 2.52122982308592e-13 1.95886740736736e-13 
2.20664029002799e+01 2.28309354355718e-13 1.77607556649480e-13 
2.20953804484089e+01 2.06739085664954e-13 1.61032588824215e-13 
2.21243579965380e+01 1.87205055804543e-13 1.46000215121256e-13 
2.21533355446671e+01 1.69511953223530e-13 1.32369909086246e-13 
2.21823130927961e+01 1.53489720905244e-13 1.20008661416840e-13 
2.22112906409252e+01 1.38978043791308e-13 1.08800799046649e-13 
2.22402681890542e+01 1.25837309172008e-13 9.86368703757888e-14 
2.22692457371833e+01 1.13935939746171e-13 8.94216694175962e-14 
2.22982232853124e+01 1.03159327570491e-13 8.10651382923287e-14 
2.23272008334414e+01 9.33994913707844e-14 7.34889241642412e-14 
2.23561783815705e+01 8.45623582722143e-14 6.66189333135885e-14 
2.23851559296995e+01 7.65593193870050e-14 6.03906888278608e-14 
2.24141334778286e+01 6.93131645260263e-14 5.47432367747937e-14 
2.24431110259577e+01 6.27511880612652e-14 4.96235237321618e-14 
2.24720885740867e+01 5.68100255115533e-14 4.49814098207635e-14 
2.25010661222158e+01 5.14300253971423e-14 4.07732451824445e-14 
2.25300436703448e+01 4.65591906597579e-14 3.69577890586800e-14 
2.25590212184739e+01 4.21485842937571e-14 3.34991316363794e-14 
2.25879987666030e+01 3.81555410940441e-14 3.03633547465910e-14 
2.26169763147320e+01 3.45399173913538e-14 2.75209187663927e-14 
2.26459538628611e+01 3.12667080625666e-14 2.49439303156650e-14 
2.26749314109901e+01 2.83029854564664e-14 2.26080920462056e-14 
2.27039089591192e+01 2.56200316777771e-14 2.04904671226820e-14 
2.27328865072483e+01 2.31908401867127e-14 1.85710718594623e-14 
2.27618640553773e+01 2.09918530426249e-14 1.68310467601732e-14 
2.27908416035064e+01 1.90009218586560e-14 1.52539573524434e-14 
2.28198191516355e+01 1.71987231161589e-14 1.38242979282693e-14 
2.28487966997645e+01 1.55670941053724e-14 1.25285539828559e-14 
2.28777742478936e+01 1.40901859065213e-14 1.13539782001761e-14 
2.29067517960226e+01 1.27531054256860e-14 1.02894581384076e-14 
2.29357293441517e+01 1.15428546187005e-14 9.32451497829327e-15 
2.29647068922808e+01 1.04472223733746e-14 8.45001211679447e-15 
2.29936844404098e+01 9.45554956781749e-15 7.65733854847629e-15 
2.30226619885389e+01 8.55782639113407e-15 6.93899062706946e-15 
2.30516395366679e+01 7.74531479007984e-15 6.28789547208328e-15 
2.30806170847970e+01 7.00980390609818e-15 5.69787944078601e-15 
2.31095946329261e+01 6.34412431188371e-15 5.16312039432090e-15 
2.31385721810551e+01 5.74154595123839e-15 4.67853941065963e-15 
2.31675497291842e+01 5.19619140329950e-15 4.23935257769795e-15 
2.31965272773132e+01 4.70254469861925e-15 3.84138591780897e-15 
2.32255048254423e+01 4.25578789506557e-15 3.48070885272007e-15 
2.32544823735714e+01 3.85140036665399e-15 3.15389133081632e-15 
2.32834599217004e+01 3.48543291121182e-15 2.85770409305475e-15 
2.33124374698295e+01 3.15418085997270e-15 2.58932860247861e-15 
2.33414150179585e+01 2.85440730250552e-15 2.34611194580089e-15 
2.33703925660876e+01 2.58307642742995e-15 2.12573822234234e-15 
2.33993701142167e+01 2.33753530319769e-15 1.92602812956504e-15 
2.34283476623457e+01 2.11529635996799e-15 1.74507888197833e-15 
2.34573252104748e+01 1.91418541540794e-15 1.58110034011414e-15 
2.34863027586039e+01 1.73216424806205e-15 1.43252923381945e-15 
2.35152803067329e+01 1.56745113188672e-15 1.29789517602863e-15 
2.35442578548620e+01 1.41837611670160e-15 1.17591390612656e-15 
2.35732354029910e+01 1.28347917375319e-15 1.06537774222063e-15 
2.36022129511201e+01 1.16139215792156e-15 9.65231695476045e-16 
2.36311904992492e+01 1.05091872035960e-15 8.74483906393751e-16 
2.36601680473782e+01 9.50938036285125e-16 7.92267774690660e-16 
2.36891455955073e+01 8.60469869838467e-16 7.17768736432988e-16 
2.37181231436363e+01 7.78596056435683e-16 6.50274977151506e-16 
2.37471006917654e+01 7.04513476965418e-16 5.89117570367762e-16 
2.37760782398945e+01 6.37470022304213e-16 5.33711870495789e-16 
2.38050557880235e+01 5.76807722375510e-16 4.83508576179387e-16 
2.38340333361526e+01 5.21910523140328e-16 4.38027514769896e-16 
2.38630108842816e+01 4.72239399303827e-16 3.96817637937102e-16 
2.38919884324107e+01 4.27289765880633e-16 3.59484595304840e-16 
2.39209659805398e+01 3.86620063884258e-16 3.25658032985087e-16 
2.39499435286688e+01 3.49817029823579e-16 2.95014097371681e-16 
2.39789210767979e+01 3.16518967227203e-16 2.67248704288621e-16 
2.40078986249269e+01 2.86387424805904e-16 2.42096639218938e-16 
2.40368761730560e+01 2.59126634420815e-16 2.19309134778244e-16 
2.40658537211851e+01 2.34459207653466e-16 1.98668340892278e-16 
2.40948312693141e+01 2.12142111642031e-16 1.79968993101154e-16 
2.41238088174432e+01 1.91948074467780e-16 1.63031367315351e-16 
2.41527863655723e+01 1.73678117535898e-16 1.47686861567262e-16 
2.41817639137013e+01 1.57146198406005e-16 1.33787981620552e-16 
2.42107414618304e+01 1.42189408705232e-16 1.21196386178125e-16 
2.42397190099594e+01 1.28655457214825e-16 1.09791032184320e-16 
2.42686965580885e+01 1.16410968283160e-16 9.94584085888444e-17 
2.42976741062176e+01 1.05331279742167e-16 9.00991806046980e-17 
2.43266516543466e+01 9.53071957290168e-17 8.16202112585508e-17 
2.43556292024757e+01 8.62366712219263e-17 7.39399813076952e-17 
2.43846067506047e+01 7.80303072281754e-17 6.69820712131554e-17 
2.44135842987338e+01 7.06045729554493e-17 6.06795823971105e-17 
2.44425618468629e+01 6.38862776646727e-17 5.49698122338018e-17 
2.44715393949919e+01 5.78070460593572e-17 4.97978607165870e-17 
2.45005169431210e+01 5.23069574434110e-17 4.51122800370322e-17 
2.45294944912500e+01 4.73300425298388e-17 4.08680167924325e-17 
2.45584720393791e+01 4.28272450221932e-17 3.70228577275900e-17 
2.45874495875082e+01 3.87527509263020e-17 3.35398299338109e-17 
2.46164271356372e+01 3.50663987727811e-17 3.03842970043186e-17 
2.46454046837663e+01 3.17306874629747e-17 2.75259171000579e-17 
2.46743822318954e+01 2.87127378350739e-17 2.49362704609339e-17 
2.47033597800244e+01 2.59818535564465e-17 2.25904568007688e-17 
2.47323373281535e+01 2.35111176035183e-17 2.04651569191051e-17 
2.47613148762825e+01 2.12754039237231e-17 1.85399358695681e-17 
2.47902924244116e+01 1.92526768326574e-17 1.67956592264455e-17 
2.48192699725407e+01 1.74223700851219e-17 1.52155562213322e-17 
2.48482475206697e+01 1.57664445276641e-17 1.37839257666422e-17 
2.48772250687988e+01 1.42680666342729e-17 1.24870037640454e-17 
2.49062026169278e+01 1.29124694476598e-17 1.13119058710169e-17 
2.49351801650569e+01 1.16858751986967e-17 1.02473350347073e-17 
2.49641577131860e+01 1.05761961858269e-17 9.28271769565454e-18 
2.49931352613150e+01 9.57215633603296e-18 8.40875045000916e-18 
2.50221128094441e+01 8.66369418745486e-18 7.61676647481636e-18 
2.50510903575731e+01 7.84118573119414e-18 6.89934275681972e-18 
2.50800679057022e+01 7.09663167606067e-18 6.24927844357464e-18 
2.51090454538313e+01 6.42255981212191e-18 5.66035688838848e-18 
2.51380230019603e+01 5.81240670374599e-18 5.12675892717984e-18 
2.51670005500894e+01 5.26004273753190e-18 4.64337550270000e-18 
2.51959780982184e+01 4.76008321563678e-18 4.20542532391692e-18 
2.52249556463475e+01 4.30750045169709e-18 3.80871007575910e-18 
2.52539331944766e+01 3.89787729658232e-18 3.44930167949567e-18 
2.52829107426056e+01 3.52709035882201e-18 3.12375061065476e-18 
2.53118882907347e+01 3.19151659426108e-18 2.82883011508892e-18 
2.53408658388637e+01 2.88777463465129e-18 2.56170623322343e-18 
2.53698433869928e+01 2.61289311331696e-18 2.31972861933635e-18 
2.53988209351219e+01 2.36409946301899e-18 2.10056929701238e-18 
2.54277984832509e+01 2.13895705072714e-18 1.90205160712339e-18 
2.54567760313800e+01 1.93519274993440e-18 1.72226343334457e-18 
2.54857535795091e+01 1.75080865284087e-18 1.55941734230889e-18 
2.55147311276381e+01 1.58394131182512e-18 1.41194296694778e-18 
2.55437086757672e+01 1.43295273275367e-18 1.27837266172907e-18 
2.55726862238962e+01 1.29631547982962e-18 1.15741687259203e-18 
2.56016637720253e+01 1.17268678522645e-18 1.04787066140789e-18 
2.56306413201544e+01 1.06081477384020e-18 9.48675189354975e-19 
2.56596188682834e+01 9.59598815970095e-19 8.58841309029030e-19 
2.56885964164125e+01 8.68012996810143e-19 7.77499714589540e-19 
2.57175739645415e+01 7.85155261035136e-19 7.03838491113385e-19 
2.57465515126706e+01 7.10184961536206e-19 6.37144016296625e-19 
2.57755290607997e+01 6.42362873491108e-19 5.76749922403510e-19 
2.58045066089287e+01 5.81000236801633e-19 5.22070451557676e-19 
2.58334841570578e+01 5.25491332914707e-19 4.72558748697650e-19 
2.58624617051868e+01 4.75271909319546e-19 4.27734059859634e-19 
2.58914392533159e+01 4.29845699027178e-19 3.87147653516017e-19 
2.59204168014450e+01 3.88750502686019e-19 3.50404995919096e-19 
2.59493943495740e+01 3.51579775150909e-19 3.17137908312406e-19 
2.59783718977031e+01 3.17954957106515e-19 2.87022644889994e-19 
2.60073494458322e+01 2.87543044894906e-19 2.59758470901112e-19 
2.60363269939612e+01 2.60034979110331e-19 2.35081302738699e-19 
2.60653045420903e+01 2.35157698038816e-19 2.12744314212728e-19 
2.60942820902193e+01 2.12656673478542e-19 1.92529099388499e-19 
2.61232596383484e+01 1.92308016117217e-19 1.74231662976167e-19 
2.61522371864775e+01 1.73903453234396e-19 1.57672647705539e-19 
2.61812147346065e+01 1.57259761256699e-19 1.42684890008298e-19 
2.62101922827356e+01 1.42206524992115e-19 1.29121397378476e-19 
2.62391698308646e+01 1.28593807598453e-19 1.16845194484154e-19 
2.62681473789937e+01 1.16282176629501e-19 1.05735819293385e-19 
2.62971249271228e+01 1.05148940554647e-19 9.56810383053981e-20 
2.63261024752518e+01 9.50800220860687e-20 8.65821362930053e-20 
2.63550800233809e+01 8.59750289684280e-20 7.83471567924116e-20 
2.63840575715099e+01 7.77406326531304e-20 7.08952093482148e-20 
2.64130351196390e+01 7.02946911109150e-20 6.41509546217659e-20 
2.64420126677681e+01 6.35608541728440e-20 5.80481115035486e-20 
2.64709902158971e+01 5.74719154713941e-20 5.25249578047455e-20 
2.64999677640262e+01 5.19654173277222e-20 4.75271857754896e-20 
2.65289453121552e+01 4.69863758617621e-20 4.30042314658395e-20 
2.65579228602843e+01 4.24837003318825e-20 3.89115996320317e-20 
2.65869004084134e+01 3.84124085582110e-20 3.52078692329835e-20 
2.66158779565424e+01 3.47307098755954e-20 3.18565862589222e-20 
2.66448555046715e+01 3.14018061368512e-20 2.88238208897451e-20 
2.66738330528006e+01 2.83915153592272e-20 2.60797084948532e-20 
2.67028106009296e+01 2.56697357796950e-20 2.35964568811455e-20 
2.67317881490587e+01 2.32085100299199e-20 2.13496008183445e-20 
2.67607656971877e+01 2.09832152426344e-20 1.93163764948972e-20 
2.67897432453168e+01 1.89709861351396e-20 1.74767427911404e-20 
2.68187207934459e+01 1.71516823946829e-20 1.58120553147064e-20 
2.68476983415749e+01 1.55066041641075e-20 1.43058977624964e-20 
2.68766758897040e+01 1.40192783609231e-20 1.29430003550422e-20 
2.69056534378330e+01 1.26744123754052e-20 1.17099165802327e-20 
2.69346309859621e+01 1.14585331926048e-20 1.05941410041334e-20 
2.69636085340912e+01 1.03591351502499e-20 9.58466013482896e-21 
2.69925860822202e+01 9.36519940165274e-21 8.67123287640275e-21 
2.70215636303493e+01 8.46649975984510e-21 7.84483891317138e-21 
2.70505411784783e+01 7.65402489079406e-21 7.09709183748916e-21 
2.70795187266074e+01 6.91941293502921e-21 6.42060410744475e-21 
2.71084962747365e+01 6.25529463397737e-21 5.80850839835424e-21 
2.71374738228655e+01 5.65483285109016e-21 5.25475464685452e-21 
2.71664513709946e+01 5.11200142984596e-21 4.75371967931924e-21 
2.71954289191236e+01 4.62121016142589e-21 4.30044897248613e-21 
2.72244064672527e+01 4.17753140491734e-21 3.89033828642450e-21 
2.72533840153818e+01 3.77639465404785e-21 3.51933042440060e-21 
2.72823615635108e+01 3.41377069952574e-21 3.18365559595027e-21 
2.73113391116399e+01 3.08592288493170e-21 2.87999154726057e-21 
2.73403166597690e+01 2.78955676129566e-21 2.60525182582295e-21 
2.73692942078980e+01 2.52161751560703e-21 2.35671609626130e-21 
2.73982717560271e+01 2.27941158004275e-21 2.13185747353981e-21 
2.74272493041561e+01 2.06044166645508e-21 1.92844857197781e-21 
2.74562268522852e+01 1.86250558320002e-21 1.74442070196138e-21 
2.74852044004143e+01 1.68356189751678e-21 1.57795016816440e-21 
2.75141819485433e+01 1.52181022966356e-21 1.42734345281435e-21 
2.75431594966724e+01 1.37558185923723e-21 1.29110743915914e-21 
2.75721370448014e+01 1.24340496702061e-21 1.16785578777194e-21 
2.76011145929305e+01 1.12391555553957e-21 1.05636607745097e-21 
2.76300921410596e+01 1.01591045927709e-21 9.55503464864670e-22 
2.76590696891886e+01 9.18274808567154e-22 8.64267178343236e-22 
2.76880472373177e+01 8.30025100674424e-22 7.81728272123687e-22 
2.77170247854467e+01 7.50250135691368e-22 7.07067455268172e-22 
2.77460023335758e+01 6.78146011682371e-22 6.39524339863203e-22 
2.77749798817049e+01 6.12968031087898e-22 5.78428218345533e-22 
2.78039574298339e+01 5.54059134201026e-22 5.23156684715387e-22 
2.78329349779630e+01 5.00810738731432e-22 4.73160673202754e-22 
2.78619125260920e+01 4.52685842289881e-22 4.27930722839662e-22 
2.78908900742211e+01 4.09187135812711e-22 3.87017345903202e-22 
2.79198676223502e+01 3.69875775255300e-22 3.50003525349859e-22 
2.79488451704792e+01 3.34345417483265e-22 3.16521282439888e-22 
2.79778227186083e+01 3.02237474084379e-22 2.86229256860532e-22 
2.80068002667374e+01 2.73219969097281e-22 2.58825866988648e-22 
2.80357778148664e+01 2.46999698545073e-22 2.34031310015915e-22 
2.80647553629955e+01 2.23305551011838e-22 2.11598673828834e-22 
2.80937329111245e+01 2.01898381533909e-22 1.91299269476863e-22 
2.81227104592536e+01 1.82556860906359e-22 1.72931257907187e-22 
2.81516880073827e+01 1.65085677034261e-22 1.56307412494240e-22 
2.81806655555117e+01 1.49304115638388e-22 1.41262356172849e-22 
2.82096431036408e+01 1.35052732854431e-22 1.27642681370257e-22 
2.82386206517698e+01 1.22184049933740e-22 1.15312827731812e-22 
2.82675981998989e+01 1.10567985908428e-22 1.04147033709720e-22 
2.82965757480280e+01 1.00084272228995e-22 9.40341058622294e-23 
2.83255532961570e+01 9.06268806731054e-23 8.48708657122938e-23 
2.83545308442861e+01 8.20978366329113e-23 7.65660144043496e-23 
2.83835083924151e+01 7.44108339471174e-23 6.90348008094742e-23 
2.84124859405442e+01 6.74861847591651e-23 6.22021467985875e-23 
2.84414634886733e+01 6.12537777209106e-23 5.59983135165735e-23 
2.84704410368023e+01 5.56489504857383e-23 5.03614210429544e-23 
2.84994185849314e+01 5.06149192477983e-23 4.52339314033848e-23 
2.85283961330605e+01 4.60993990432861e-23 4.05646706028385e-23 
2.85573736811895e+01 4.20566096215182e-23 3.63059810203552e-23 
2.85863512293186e+01 3.84445004546604e-23 3.24153326217131e-23 
2.86153287774476e+01 3.52264194927217e-23 2.88530253092697e-23 
2.86443063255767e+01 3.23688254679133e-23 2.55834586528921e-23 
2.86732838737058e+01 2.98426913658473e-23 2.25732877023642e-23 
2.87022614218348e+01 2.76216073422689e-23 1.97924060767366e-23 
2.87312389699639e+01 2.56829791080263e-23 1.72124776455282e-23 
2.87602165180929e+01 2.40064414315636e-23 1.48076756739104e-23 
2.87891940662220e+01 2.25749025783698e-23 1.25535284261073e-23 
2.88181716143511e+01 2.13732016594484e-23 1.04274467638637e-23 
2.88471491624801e+01 2.03890433898843e-23 8.40783477063243e-24 
2.88761267106092e+01 1.96118430271710e-23 6.47442930957121e-24 
2.89051042587382e+01 1.90335907140283e-23 4.60763775110368e-24 
2.89340818068673e+01 1.86478358791556e-23 2.78870514101917e-24 
2.89630593549964e+01 1.84505170817577e-23 1.88868249060238e-24 
