Energy(eV)           EEDF(eV^-(3/2))      Anisotropy(eV^-(3/2))
2.47807205334213e-02 5.80416203730750e-02 6.74405378102892e-04 
7.43421616002639e-02 5.80163752510344e-02 1.81147450884372e-03 
1.23903602667107e-01 5.80070294598550e-02 1.92649752285009e-03 
1.73465043733949e-01 5.80030816343497e-02 2.05554328719516e-03 
2.23026484800792e-01 5.80011663476492e-02 2.20007973213199e-03 
2.72587925867634e-01 5.79994191188590e-02 2.34192806645610e-03 
3.22149366934477e-01 5.79964615251261e-02 2.46016217720826e-03 
3.71710808001320e-01 5.79917376569088e-02 2.57445524918890e-03 
4.21272249068162e-01 5.79848231706102e-02 2.68529137694644e-03 
4.70833690135005e-01 5.79756389184298e-02 2.79414823864151e-03 
5.20395131201847e-01 5.79640444106892e-02 2.90003048901458e-03 
5.69956572268690e-01 5.79499527550689e-02 3.00305531629080e-03 
6.19518013335533e-01 5.79332385765277e-02 3.10317100207834e-03 
6.69079454402375e-01 5.79137772604798e-02 3.20036553632086e-03 
7.18640895469218e-01 5.78914507377892e-02 3.29455763802315e-03 
7.68202336536060e-01 5.78661671479429e-02 3.38578859172238e-03 
8.17763777602903e-01 5.78378248170802e-02 3.47408170502145e-03 
8.67325218669746e-01 5.78063253612459e-02 3.55946726359107e-03 
9.16886659736588e-01 5.77715760695107e-02 3.64206150971693e-03 
9.66448100803431e-01 5.77334883528993e-02 3.72201636846441e-03 
1.01600954187027e+00 5.76919778844344e-02 3.79918363282446e-03 
1.06557098293712e+00 5.76473876932311e-02 3.87382263016510e-03 
1.11513242400396e+00 5.75997548751866e-02 3.94573371957154e-03 
1.16469386507080e+00 5.75490326417583e-02 4.01489797124364e-03 
1.21425530613764e+00 5.74951780395540e-02 4.08159806723465e-03 
1.26381674720449e+00 5.74378884516223e-02 4.14605175102802e-03 
1.31337818827133e+00 5.73770403649152e-02 4.20844916995819e-03 
1.36293962933817e+00 5.73128433445352e-02 4.26893779873238e-03 
1.41250107040501e+00 5.72453364254988e-02 4.32747777894474e-03 
1.46206251147186e+00 5.71744847377495e-02 4.38422990556856e-03 
1.51162395253870e+00 5.71002510295962e-02 4.43941273386577e-03 
1.56118539360554e+00 5.70231211329805e-02 4.49329641904634e-03 
1.61074683467238e+00 5.69432635461884e-02 4.54573516775647e-03 
1.66030827573923e+00 5.68606637971550e-02 4.59654867888688e-03 
1.70986971680607e+00 5.67753117325071e-02 4.64561827592949e-03 
1.75943115787291e+00 5.66872012166142e-02 4.69285402967356e-03 
1.80899259893976e+00 5.65963297158619e-02 4.73817938716623e-03 
1.85855404000660e+00 5.65026984812523e-02 4.78152702633927e-03 
1.90811548107344e+00 5.64063122439187e-02 4.82293765437680e-03 
1.95767692214028e+00 5.63065345997030e-02 4.86228057349733e-03 
2.00723836320713e+00 5.62030373998208e-02 4.89950254750159e-03 
2.05679980427397e+00 5.60958208724739e-02 4.93458607657422e-03 
2.10636124534081e+00 5.59848898916476e-02 4.96744973006707e-03 
2.15592268640765e+00 5.58708808500336e-02 4.99814913455780e-03 
2.20548412747450e+00 5.57541874207332e-02 5.02671558444552e-03 
2.25504556854134e+00 5.56344268244165e-02 5.05307116522908e-03 
2.30460700960818e+00 5.55113630783879e-02 5.07720616134826e-03 
2.35416845067502e+00 5.53850237871705e-02 5.09917124619994e-03 
2.40372989174187e+00 5.52554386976834e-02 5.11897105274573e-03 
2.45329133280871e+00 5.51226421262845e-02 5.13646401821992e-03 
2.50285277387555e+00 5.49866781614830e-02 5.15144382205769e-03 
2.55241421494239e+00 5.48472162497120e-02 5.16380546581957e-03 
2.60197565600924e+00 5.47040066188308e-02 5.17361185231485e-03 
2.65153709707608e+00 5.45571051744282e-02 5.18098997401387e-03 
2.70109853814292e+00 5.44065692208914e-02 5.18605934635382e-03 
2.75065997920976e+00 5.42524573637287e-02 5.18894061138519e-03 
2.80022142027661e+00 5.40948289017158e-02 5.18974921598881e-03 
2.84978286134345e+00 5.39339187876286e-02 5.18858567736392e-03 
2.89934430241029e+00 5.37699597382841e-02 5.18554574247545e-03 
2.94890574347713e+00 5.36030131317230e-02 5.18072435842418e-03 
2.99846718454398e+00 5.34331406886158e-02 5.17421586904625e-03 
3.04802862561082e+00 5.32605658940926e-02 5.16611385660651e-03 
3.09759006667766e+00 5.30855324803384e-02 5.15650263819694e-03 
3.14715150774451e+00 5.29081004417069e-02 5.14545896667002e-03 
3.19671294881135e+00 5.27283297261186e-02 5.13304546722479e-03 
3.24627438987819e+00 5.25462805013079e-02 5.11931081999950e-03 
3.29583583094503e+00 5.23620136190280e-02 5.10429929712580e-03 
3.34539727201188e+00 5.21755902631117e-02 5.08806218906559e-03 
3.39495871307872e+00 5.19870715951883e-02 5.07065279838557e-03 
3.44452015414556e+00 5.17965187395422e-02 5.05210805629322e-03 
3.49408159521240e+00 5.16039938120234e-02 5.03243219203675e-03 
3.54364303627925e+00 5.14095612479843e-02 5.01163573949776e-03 
3.59320447734609e+00 5.12132859647620e-02 4.98977777556959e-03 
3.64276591841293e+00 5.10152917240054e-02 4.96693664156144e-03 
3.69232735947977e+00 5.08157453067059e-02 4.94318635113008e-03 
3.74188880054662e+00 5.06147053643275e-02 4.91860685500451e-03 
3.79145024161346e+00 5.04122287950639e-02 4.89326942288168e-03 
3.84101168268030e+00 5.02083708220452e-02 4.86723830329956e-03 
3.89057312374714e+00 5.00031852198999e-02 4.84057098320096e-03 
3.94013456481399e+00 4.97967244060177e-02 4.81332140730071e-03 
3.98969600588083e+00 4.95890394239435e-02 4.78554382321954e-03 
4.03925744694767e+00 4.93800957797813e-02 4.75729688220779e-03 
4.08881888801452e+00 4.91697402002759e-02 4.72863588194497e-03 
4.13838032908136e+00 4.89580228017534e-02 4.69959008433583e-03 
4.18794177014820e+00 4.87449924845338e-02 4.67019888614449e-03 
4.23750321121504e+00 4.85306970543555e-02 4.64049618891966e-03 
4.28706465228189e+00 4.83151834332877e-02 4.61051339681521e-03 
4.33662609334873e+00 4.80984975309290e-02 4.58028345932886e-03 
4.38618753441557e+00 4.78806840858088e-02 4.54983974692639e-03 
4.43574897548241e+00 4.76617866358474e-02 4.51921471345241e-03 
4.48531041654926e+00 4.74418474872847e-02 4.48843508989660e-03 
4.53487185761610e+00 4.72209813318890e-02 4.45751761479474e-03 
4.58443329868294e+00 4.69995120437029e-02 4.42647551665554e-03 
4.63399473974978e+00 4.67774738276201e-02 4.39536013622875e-03 
4.68355618081663e+00 4.65548995297446e-02 4.36419999649531e-03 
4.73311762188347e+00 4.63318206538012e-02 4.33302168569983e-03 
4.78267906295031e+00 4.61082674345343e-02 4.30184940574224e-03 
4.83224050401715e+00 4.58842689103952e-02 4.27070577068932e-03 
4.88180194508400e+00 4.56598529245621e-02 4.23961217913409e-03 
4.93136338615084e+00 4.54350461658005e-02 4.20858856299676e-03 
4.98092482721768e+00 4.52098742021790e-02 4.17765280937942e-03 
5.03048626828452e+00 4.49843230856637e-02 4.14682600081191e-03 
5.08004770935137e+00 4.47581228977825e-02 4.11614055198801e-03 
5.12960915041821e+00 4.45313011227787e-02 4.08558904126593e-03 
5.17917059148505e+00 4.43038841674766e-02 4.05518626254661e-03 
5.22873203255189e+00 4.40758974045626e-02 4.02494477880573e-03 
5.27829347361874e+00 4.38473653160081e-02 3.99487524750336e-03 
5.32785491468558e+00 4.36183115115799e-02 3.96498831810349e-03 
5.37741635575242e+00 4.33887586634669e-02 3.93529452882749e-03 
5.42697779681927e+00 4.31587285368931e-02 3.90580374495072e-03 
5.47653923788611e+00 4.29282419915966e-02 3.87652475362780e-03 
5.52610067895295e+00 4.26973190644399e-02 3.84746510375270e-03 
5.57566212001979e+00 4.24659789961717e-02 3.81863169509387e-03 
5.62522356108664e+00 4.22342402495336e-02 3.79003072729309e-03 
5.67478500215348e+00 4.20021205459016e-02 3.76166796268927e-03 
5.72434644322032e+00 4.17696368548556e-02 3.73354875620119e-03 
5.77390788428716e+00 4.15368054295470e-02 3.70567767095589e-03 
5.82346932535401e+00 4.13036418468875e-02 3.67805881026434e-03 
5.87303076642085e+00 4.10701610052353e-02 3.65069599860913e-03 
5.92259220748769e+00 4.08363771439956e-02 3.62359253067063e-03 
5.97215364855453e+00 4.06023038752745e-02 3.59675108919673e-03 
6.02171508962138e+00 4.03679542171444e-02 3.57017765259086e-03 
6.07127653068822e+00 4.01332060339662e-02 3.54388194028938e-03 
6.12083797175506e+00 3.98980643424734e-02 3.51785475071465e-03 
6.17039941282190e+00 3.96625425145324e-02 3.49209664495606e-03 
6.21996085388875e+00 3.94266533642697e-02 3.46660835253884e-03 
6.26952229495559e+00 3.91904091948463e-02 3.44139009479459e-03 
6.31908373602243e+00 3.89538218179992e-02 3.41644198928673e-03 
6.36864517708927e+00 3.87169025478152e-02 3.39176408290443e-03 
6.41820661815612e+00 3.84796622162689e-02 3.36735618603768e-03 
6.46776805922296e+00 3.82421111908028e-02 3.34321791767558e-03 
6.51732950028980e+00 3.80042593848719e-02 3.31934872566001e-03 
6.56689094135664e+00 3.77661162737686e-02 3.29574776789158e-03 
6.61645238242349e+00 3.75276909233737e-02 3.27241389928188e-03 
6.66601382349033e+00 3.72889920096240e-02 3.24934576200665e-03 
6.71557526455717e+00 3.70500278358154e-02 3.22654178992459e-03 
6.76513670562402e+00 3.68108063526933e-02 3.20400019963287e-03 
6.81469814669086e+00 3.65713351783427e-02 3.18171906029944e-03 
6.86425958775770e+00 3.63316216090665e-02 3.15969634851789e-03 
6.91382102882454e+00 3.60916726318335e-02 3.13792990949833e-03 
6.96338246989139e+00 3.58514949416503e-02 3.11641744505444e-03 
7.01294391095823e+00 3.56110949566513e-02 3.09518194578558e-03 
7.06250535202507e+00 3.53699089997217e-02 3.07425351006621e-03 
7.11206679309191e+00 3.51277729001743e-02 3.05358672377790e-03 
7.16162823415876e+00 3.48847020695260e-02 3.03316325521623e-03 
7.21118967522560e+00 3.46407115178483e-02 3.01298038328663e-03 
7.26075111629244e+00 3.43958158709536e-02 2.99303530516136e-03 
7.31031255735928e+00 3.41500293849071e-02 2.97332519208106e-03 
7.35987399842613e+00 3.39033659546576e-02 2.95384721229224e-03 
7.40943543949297e+00 3.36558391249299e-02 2.93459850889757e-03 
7.45899688055981e+00 3.34074621026242e-02 2.91557620218064e-03 
7.50855832162665e+00 3.31582477675232e-02 2.89677740029212e-03 
7.55811976269350e+00 3.29082086830410e-02 2.87819918572080e-03 
7.60768120376034e+00 3.26573571093873e-02 2.85983861194338e-03 
7.65724264482718e+00 3.24057050151206e-02 2.84169271767996e-03 
7.70680408589403e+00 3.21532640880273e-02 2.82375853243638e-03 
7.75636552696087e+00 3.19000457458071e-02 2.80603307780431e-03 
7.80592696802771e+00 3.16460611467938e-02 2.78851337591627e-03 
7.85548840909455e+00 3.13913211991652e-02 2.77119645904554e-03 
7.90504985016140e+00 3.11358365698923e-02 2.75407936725376e-03 
7.95461129122824e+00 3.08796176943003e-02 2.73715914622386e-03 
8.00417273229508e+00 3.06226747853589e-02 2.72041624796026e-03 
8.05373417336192e+00 3.03653072778805e-02 2.70382703953488e-03 
8.10329561442877e+00 3.01077262944128e-02 2.68740849488883e-03 
8.15285705549561e+00 2.98499355864163e-02 2.67117624907429e-03 
8.20241849656245e+00 2.95919388071570e-02 2.65512748732826e-03 
8.25197993762929e+00 2.93337395170367e-02 2.63925941868518e-03 
8.30154137869614e+00 2.90753411884772e-02 2.62356928161549e-03 
8.35110281976298e+00 2.88167472099828e-02 2.60805434690133e-03 
8.40066426082982e+00 2.85579608902588e-02 2.59271191477809e-03 
8.45022570189666e+00 2.82989854626322e-02 2.57753931363131e-03 
8.49978714296351e+00 2.80398240892373e-02 2.56253390192808e-03 
8.54934858403035e+00 2.77804798648596e-02 2.54769306796059e-03 
8.59891002509719e+00 2.75209558209753e-02 2.53301422968083e-03 
8.64847146616403e+00 2.72612549294317e-02 2.51849483646979e-03 
8.69803290723088e+00 2.70013801059261e-02 2.50413237011862e-03 
8.74759434829772e+00 2.67413342132749e-02 2.48992434496688e-03 
8.79715578936456e+00 2.64811200646495e-02 2.47586830845694e-03 
8.84671723043141e+00 2.62207404265138e-02 2.46196184190157e-03 
8.89627867149825e+00 2.59601980214790e-02 2.44820255999703e-03 
8.94584011256509e+00 2.56994955311216e-02 2.43458811075221e-03 
8.99540155363193e+00 2.54386355986322e-02 2.42111617659345e-03 
9.04496299469877e+00 2.51776208311755e-02 2.40778447439727e-03 
9.09452443576562e+00 2.49164538023052e-02 2.39459075463078e-03 
9.14408587683246e+00 2.46551370542833e-02 2.38153280077095e-03 
9.19364731789930e+00 2.43936731004012e-02 2.36860842932325e-03 
9.24320875896615e+00 2.41320644270765e-02 2.35581549015586e-03 
9.29277020003299e+00 2.38703134958820e-02 2.34315186659290e-03 
9.34233164109983e+00 2.36084227454011e-02 2.33061547564559e-03 
9.39189308216667e+00 2.33463945929837e-02 2.31820426720766e-03 
9.44145452323352e+00 2.30842314365617e-02 2.30591622300363e-03 
9.49101596430036e+00 2.28219356564262e-02 2.29374935661695e-03 
9.54057740536720e+00 2.25595096168267e-02 2.28170171318145e-03 
9.59013884643404e+00 2.22969556676088e-02 2.26977136864585e-03 
9.63970028750089e+00 2.20342761457751e-02 2.25795642956395e-03 
9.68926172856773e+00 2.17714733769686e-02 2.24625503291452e-03 
9.73882316963457e+00 2.15085496768731e-02 2.23466534578551e-03 
9.78838461070142e+00 2.12455073525701e-02 2.22318556497576e-03 
9.83794605176826e+00 2.09823487038351e-02 2.21181391648215e-03 
9.88750749283510e+00 2.07190760244197e-02 2.20054865498827e-03 
9.93706893390194e+00 2.04556916032774e-02 2.18938806352765e-03 
9.98663037496878e+00 2.01921977257379e-02 2.17830573520478e-03 
1.00361918160356e+01 1.99289841296503e-02 2.16721131182385e-03 
1.00857532571025e+01 1.96673378189302e-02 2.15611292377523e-03 
1.01353146981693e+01 1.94072436763329e-02 2.14512031795958e-03 
1.01848761392362e+01 1.91486867990349e-02 2.13423199790043e-03 
1.02344375803030e+01 1.88916524948512e-02 2.12344649316843e-03 
1.02839990213698e+01 1.86361262785324e-02 2.11276235899619e-03 
1.03335604624367e+01 1.83820938681007e-02 2.10217817601606e-03 
1.03831219035035e+01 1.81295411812354e-02 2.09169254971975e-03 
1.04326833445704e+01 1.78784543317653e-02 2.08130410977131e-03 
1.04822447856372e+01 1.76288196262443e-02 2.07101150967676e-03 
1.05318062267041e+01 1.73806235605467e-02 2.06081342640486e-03 
1.05813676677709e+01 1.71338528165582e-02 2.05070855980403e-03 
1.06309291088377e+01 1.68884942589348e-02 2.04069563219926e-03 
1.06804905499046e+01 1.66445349319132e-02 2.03077338805152e-03 
1.07300519909714e+01 1.64019620561734e-02 2.02094059357004e-03 
1.07796134320383e+01 1.61607630257648e-02 2.01119603630970e-03 
1.08291748731051e+01 1.59209254050865e-02 2.00153852475254e-03 
1.08787363141720e+01 1.56824369259344e-02 1.99196688790309e-03 
1.09282977552388e+01 1.54452854846000e-02 1.98247997492392e-03 
1.09778591963056e+01 1.52094591390241e-02 1.97307665479441e-03 
1.10274206373725e+01 1.49749461059976e-02 1.96375581592559e-03 
1.10769820784393e+01 1.47417347584269e-02 1.95451636574687e-03 
1.11265435195062e+01 1.45098136226518e-02 1.94535723032867e-03 
1.11761049605730e+01 1.42791713758204e-02 1.93627735403434e-03 
1.12256664016399e+01 1.40497968433082e-02 1.92727569918068e-03 
1.12752278427067e+01 1.38216789961916e-02 1.91835124570991e-03 
1.13247892837735e+01 1.35948069487633e-02 1.90950299090341e-03 
1.13743507248404e+01 1.33691699560906e-02 1.90072994903095e-03 
1.14239121659072e+01 1.31447574116315e-02 1.89203115095760e-03 
1.14734736069741e+01 1.29215588449037e-02 1.88340564384374e-03 
1.15230350480409e+01 1.26995639191870e-02 1.87485249084282e-03 
1.15725964891077e+01 1.24787624292806e-02 1.86628759345888e-03 
1.16221579301746e+01 1.22591473300344e-02 1.85752406218761e-03 
1.16717193712414e+01 1.20407476583271e-02 1.84841480148710e-03 
1.17212808123083e+01 1.18236023548238e-02 1.83889709378378e-03 
1.17708422533751e+01 1.16077595551645e-02 1.82895500308434e-03 
1.18204036944420e+01 1.13932663574943e-02 1.81858411778791e-03 
1.18699651355088e+01 1.11801692223538e-02 1.80774547676646e-03 
1.19195265765756e+01 1.09685190743582e-02 1.79639383179015e-03 
1.19690880176425e+01 1.07583760440617e-02 1.78452809769400e-03 
1.20186494587093e+01 1.05497970004400e-02 1.77217435470652e-03 
1.20682108997762e+01 1.03428460736581e-02 1.75935834053111e-03 
1.21177723408430e+01 1.01375750953611e-02 1.74610641335366e-03 
1.21673337819099e+01 9.93403132042039e-03 1.73244385055632e-03 
1.22168952229767e+01 9.73225897760875e-03 1.71839535951474e-03 
1.22664566640435e+01 9.53229933243239e-03 1.70398518140163e-03 
1.23160181051104e+01 9.33419075031268e-03 1.68923708687101e-03 
1.23655795461772e+01 9.13796876002263e-03 1.67417437251303e-03 
1.24151409872441e+01 8.94366611728817e-03 1.65881985805403e-03 
1.24647024283109e+01 8.75131286846703e-03 1.64319588430094e-03 
1.25142638693778e+01 8.56093641421619e-03 1.62732431179262e-03 
1.25638253104446e+01 8.37256157307013e-03 1.61122652011825e-03 
1.26133867515114e+01 8.18621064485127e-03 1.59492340790099e-03 
1.26629481925783e+01 8.00190347383575e-03 1.57843539342143e-03 
1.27125096336451e+01 7.81965751160290e-03 1.56178241584590e-03 
1.27620710747120e+01 7.63948787950034e-03 1.54498393703843e-03 
1.28116325157788e+01 7.46140743065859e-03 1.52805894393524e-03 
1.28611939568457e+01 7.28542681149304e-03 1.51102595145876e-03 
1.29107553979125e+01 7.11155452263285e-03 1.49389878470926e-03 
1.29603168389793e+01 6.93979677909464e-03 1.47668398322043e-03 
1.30098782800462e+01 6.77015970440612e-03 1.45934555981400e-03 
1.30594397211130e+01 6.60264645554141e-03 1.44179633310450e-03 
1.31090011621799e+01 6.43727900101649e-03 1.42396549129242e-03 
1.31585626032467e+01 6.27408483574338e-03 1.40582782496493e-03 
1.32081240443136e+01 6.11309597471861e-03 1.38738848430513e-03 
1.32576854853804e+01 5.95434297286974e-03 1.36867117783622e-03 
1.33072469264472e+01 5.79785344438150e-03 1.34969803908708e-03 
1.33568083675141e+01 5.64365124107851e-03 1.33048561805256e-03 
1.34063698085809e+01 5.49175994315613e-03 1.31105622054323e-03 
1.34559312496478e+01 5.34220029041218e-03 1.29143968219701e-03 
1.35054926907146e+01 5.19498940907247e-03 1.27166162362510e-03 
1.35550541317815e+01 5.05014053406219e-03 1.25174255600318e-03 
1.36046155728483e+01 4.90766611580042e-03 1.23170717299169e-03 
1.36541770139151e+01 4.76757524151277e-03 1.21158406226157e-03 
1.37037384549820e+01 4.62987376195957e-03 1.19140077719573e-03 
1.37532998960488e+01 4.49456441648711e-03 1.17118384933324e-03 
1.38028613371157e+01 4.36164695623789e-03 1.15095880224100e-03 
1.38524227781825e+01 4.23111826536672e-03 1.13073207155752e-03 
1.39019842192494e+01 4.10297024860199e-03 1.11047777438243e-03 
1.39515456603162e+01 3.97720037009220e-03 1.09016653162651e-03 
1.40011071013830e+01 3.85381102451846e-03 1.06977287955530e-03 
1.40506685424499e+01 3.73280279182171e-03 1.04928211225227e-03 
1.41002299835167e+01 3.61418737548867e-03 1.02870719020987e-03 
1.41497914245836e+01 3.49796715977611e-03 1.00806517147901e-03 
1.41993528656504e+01 3.38414647803354e-03 9.87369085391066e-04 
1.42489143067172e+01 3.27272716810907e-03 9.66632524847522e-04 
1.42984757477841e+01 3.16370845532051e-03 9.45865475192696e-04 
1.43480371888509e+01 3.05709067554256e-03 9.25085331844516e-04 
1.43975986299178e+01 2.95287167318405e-03 9.04317771351240e-04 
1.44471600709846e+01 2.85104705980199e-03 8.83591574480318e-04 
1.44967215120515e+01 2.75160888227232e-03 8.62931178181974e-04 
1.45462829531183e+01 2.65454527517006e-03 8.42349699492825e-04 
1.45958443941851e+01 2.55984299743461e-03 8.21858809703748e-04 
1.46454058352520e+01 2.46748964041028e-03 8.01479977687955e-04 
1.46949672763188e+01 2.37746978237833e-03 7.81237201330319e-04 
1.47445287173857e+01 2.28976455449704e-03 7.61149913156706e-04 
1.47940901584525e+01 2.20435374751446e-03 7.41236351629355e-04 
1.48436515995194e+01 2.12121490664575e-03 7.21515400965219e-04 
1.48932130405862e+01 2.04032388643054e-03 7.02006545709563e-04 
1.49427744816530e+01 1.96165443645078e-03 6.82729616964069e-04 
1.49923359227199e+01 1.88517814795322e-03 6.63706985881567e-04 
1.50418973637867e+01 1.81096337908555e-03 6.44952412898635e-04 
1.50914588048536e+01 1.73915431453592e-03 6.26471724371973e-04 
1.51410202459204e+01 1.66969998615744e-03 6.08297094926003e-04 
1.51905816869873e+01 1.60254863341141e-03 5.90438686937077e-04 
1.52401431280541e+01 1.53764785986196e-03 5.72905468477531e-04 
1.52897045691209e+01 1.47494478007892e-03 5.55705273769197e-04 
1.53392660101878e+01 1.41438615723062e-03 5.38844862560794e-04 
1.53888274512546e+01 1.35591853165631e-03 5.22329978329238e-04 
1.54383888923215e+01 1.29948834071484e-03 5.06165405217421e-04 
1.54879503333883e+01 1.24504203021095e-03 4.90355023632900e-04 
1.55375117744552e+01 1.19252615770418e-03 4.74901864442914e-04 
1.55870732155220e+01 1.14188748800707e-03 4.59808161711691e-04 
1.56366346565888e+01 1.09307308118042e-03 4.45075403935791e-04 
1.56861960976557e+01 1.04603037333229e-03 4.30704383742457e-04 
1.57357575387225e+01 1.00070725052651e-03 4.16695233921841e-04 
1.57853189797894e+01 9.57051965904531e-04 4.02949888096595e-04 
1.58348804208562e+01 9.15020813381285e-04 3.89473580779634e-04 
1.58844418619231e+01 8.74563173326113e-04 3.76276740384975e-04 
1.59340033029899e+01 8.35647742771153e-04 3.63360670566089e-04 
1.59835647440567e+01 7.98224342745637e-04 3.50734945319598e-04 
1.60331261851236e+01 7.62260757262857e-04 3.38403326661427e-04 
1.60826876261904e+01 7.27708500778552e-04 3.26377222504015e-04 
1.61322490672573e+01 6.94533168762078e-04 3.14657744157831e-04 
1.61818105083241e+01 6.62684999766011e-04 3.03248141101299e-04 
1.62313719493910e+01 6.32129716155320e-04 2.92144824619164e-04 
1.62809333904578e+01 6.02819095892652e-04 2.81349750765305e-04 
1.63304948315246e+01 5.74719256907029e-04 2.70858088575474e-04 
1.63800562725915e+01 5.47783758538278e-04 2.60670589272908e-04 
1.64296177136583e+01 5.21979353969480e-04 2.50781538107244e-04 
1.64791791547252e+01 4.97261543022302e-04 2.41190052726567e-04 
1.65287405957920e+01 4.73597717958530e-04 2.31883154758500e-04 
1.65783020368589e+01 4.50943321548344e-04 2.22848852876258e-04 
1.66278634779257e+01 4.29269595782617e-04 2.14077585704514e-04 
1.66774249189925e+01 4.08538154371200e-04 2.05568616389302e-04 
1.67269863600594e+01 3.88721041555444e-04 1.97317594080942e-04 
1.67765478011262e+01 3.69781380696615e-04 1.89323086049034e-04 
1.68261092421931e+01 3.51692140457013e-04 1.81579804978656e-04 
1.68756706832599e+01 3.34418114541006e-04 1.74085675723578e-04 
1.69252321243268e+01 3.17933301441401e-04 1.66834735794056e-04 
1.69747935653936e+01 3.02204268383819e-04 1.59824341674018e-04 
1.70243550064604e+01 2.87206129435650e-04 1.53042078153412e-04 
1.70739164475273e+01 2.72861649865386e-04 1.46492344172526e-04 
1.71234778885941e+01 2.59151293154092e-04 1.40161899509377e-04 
1.71730393296610e+01 2.46049414157079e-04 1.34048431352968e-04 
1.72226007707278e+01 2.33537465581245e-04 1.28146842311928e-04 
1.72721622117946e+01 2.21590915686815e-04 1.22454468655034e-04 
1.73217236528615e+01 2.10191862214003e-04 1.16965838052680e-04 
1.73712850939283e+01 1.99316951001700e-04 1.11677933423631e-04 
1.74208465349952e+01 1.88948985617658e-04 1.06585031925857e-04 
1.74704079760620e+01 1.79065829217029e-04 1.01683831144456e-04 
1.75199694171289e+01 1.69651038384829e-04 9.69684606148386e-05 
1.75695308581957e+01 1.60683713262185e-04 9.24353971560576e-05 
1.76190922992625e+01 1.52148197888395e-04 8.80787078796203e-05 
1.76686537403294e+01 1.44024832580126e-04 8.38947085956064e-05 
1.77182151813962e+01 1.36298771604672e-04 7.98774743516660e-05 
1.77677766224631e+01 1.28951585167978e-04 7.60232141354673e-05 
1.78173380635299e+01 1.21969250087365e-04 7.23260686565565e-05 
1.78668995045968e+01 1.15334545246429e-04 6.87821883436068e-05 
1.79164609456636e+01 1.09034273139405e-04 6.53858264248297e-05 
1.79660223867304e+01 1.03052391375579e-04 6.21331170348005e-05 
1.80155838277973e+01 9.73765233074132e-05 5.90202856515334e-05 
1.80651452688641e+01 9.19927550572089e-05 5.60464868602164e-05 
1.81147067099310e+01 8.68890454126932e-05 5.32080577640840e-05 
1.81642681509978e+01 8.20508319479566e-05 5.05007832060256e-05 
1.82138295920647e+01 7.74666674036113e-05 4.79187126994274e-05 
1.82633910331315e+01 7.31232046454862e-05 4.54574645468512e-05 
1.83129524741983e+01 6.90099134008215e-05 4.31114614283189e-05 
1.83625139152652e+01 6.51145808759191e-05 4.08765699103918e-05 
1.84120753563320e+01 6.14275372574093e-05 3.87475764844354e-05 
1.84616367973989e+01 5.79376257837147e-05 3.67205925758939e-05 
1.85111982384657e+01 5.46359819704403e-05 3.47907569490759e-05 
1.85607596795326e+01 5.15124298002726e-05 3.29544208833233e-05 
1.86103211205994e+01 4.85588566615371e-05 3.12070622128932e-05 
1.86598825616662e+01 4.57659952881150e-05 2.95452657084545e-05 
1.87094440027331e+01 4.31264333856241e-05 2.79648338427592e-05 
1.87590054437999e+01 4.06317439290094e-05 2.64625773887473e-05 
1.88085668848668e+01 3.82751654658310e-05 2.50346081640528e-05 
1.88581283259336e+01 3.60490463014233e-05 2.36779545438360e-05 
1.89076897670005e+01 3.39472285658189e-05 2.23890218417679e-05 
1.89572512080673e+01 3.19627746407128e-05 2.11650469215607e-05 
1.90068126491341e+01 3.00900852916851e-05 2.00030959999465e-05 
1.90563740902010e+01 2.83231087903003e-05 1.89013251460658e-05 
1.91059355312678e+01 2.66567427380186e-05 1.78571971991586e-05 
1.91554969723347e+01 2.50851066497687e-05 1.68683234577004e-05 
1.92050584134015e+01 2.36034153391220e-05 1.59316860202436e-05 
1.92546198544684e+01 2.22063863481278e-05 1.50449075268917e-05 
1.93041812955352e+01 2.08897131416026e-05 1.42052465362544e-05 
1.93537427366020e+01 1.96486544433749e-05 1.34105377051602e-05 
1.94033041776689e+01 1.84793378661632e-05 1.26582932130788e-05 
1.94528656187357e+01 1.73775113857789e-05 1.19465428024154e-05 
1.95024270598026e+01 1.63396960058697e-05 1.12730309793987e-05 
1.95519885008694e+01 1.53620815822148e-05 1.06359667318897e-05 
1.96015499419363e+01 1.44415452353003e-05 1.00333070841979e-05 
1.96511113830031e+01 1.35746755459517e-05 9.46342547915453e-06 
1.97006728240699e+01 1.27586717093887e-05 8.92447307072472e-06 
1.97502342651368e+01 1.19904817707346e-05 8.41497397197135e-06 
1.97997957062036e+01 1.12675959517341e-05 7.93325642945134e-06 
1.98493571472705e+01 1.05872860904245e-05 7.47798240168523e-06 
1.98989185883373e+01 9.94730515556294e-06 7.04764147097582e-06 
1.99484800294041e+01 9.34521640945648e-06 6.64102152937696e-06 
1.99980414704710e+01 8.77900984472645e-06 6.25680314351759e-06 
2.00476029115378e+01 8.24641766371956e-06 5.89407080869781e-06 
2.00971643526047e+01 7.74553231335166e-06 5.55175801722634e-06 
2.01467257936715e+01 7.27439846519007e-06 5.22887287989933e-06 
2.01962872347384e+01 6.83139786782600e-06 4.92426582021086e-06 
2.02458486758052e+01 6.41479095055687e-06 4.63700586133719e-06 
2.02954101168720e+01 6.02313592642871e-06 4.36606332536067e-06 
2.03449715579389e+01 5.65488590433925e-06 4.11060272427044e-06 
2.03945329990057e+01 5.30875696304652e-06 3.86970225530445e-06 
2.04440944400726e+01 4.98337419065150e-06 3.64261254598922e-06 
2.04936558811394e+01 4.67759481370698e-06 3.42850879057472e-06 
2.05432173222063e+01 4.39019734342612e-06 3.22671922605979e-06 
2.05927787632731e+01 4.12016513697718e-06 3.03650620897660e-06 
2.06423402043399e+01 3.86641350497971e-06 2.85726787293553e-06 
2.06919016454068e+01 3.62803845471351e-06 2.68834485171636e-06 
2.07414630864736e+01 3.40407721266655e-06 2.52919818741571e-06 
2.07910245275405e+01 3.19372634309127e-06 2.37923876961564e-06 
2.08405859686073e+01 2.99613167078599e-06 2.23798422225545e-06 
2.08901474096742e+01 2.81057947545410e-06 2.10490845384943e-06 
2.09397088507410e+01 2.63631227091662e-06 1.97957994666256e-06 
2.09892702918078e+01 2.47269633912767e-06 1.86153207774374e-06 
2.10388317328747e+01 2.31906226247102e-06 1.75038965384352e-06 
2.10883931739415e+01 2.17485137938139e-06 1.64574401554645e-06 
2.11379546150084e+01 2.03946535186320e-06 1.54725364622914e-06 
2.11875160560752e+01 1.91240228316975e-06 1.45454114175329e-06 
2.12370774971421e+01 1.79313270550055e-06 1.36729523532163e-06 
2.12866389382089e+01 1.68121200431589e-06 1.28517998834526e-06 
2.13362003792757e+01 1.57617182494381e-06 1.20791794035408e-06 
2.13857618203426e+01 1.47761844894432e-06 1.13521017540611e-06 
2.14353232614094e+01 1.38513773046791e-06 1.06680946595364e-06 
2.14848847024763e+01 1.29838115475087e-06 1.00244993663093e-06 
2.15344461435431e+01 1.21698264231193e-06 9.41911383657639e-07 
2.15840075846100e+01 1.14063381048510e-06 8.84957404970966e-07 
2.16335690256768e+01 1.06901118399707e-06 8.31391940042090e-07 
2.16831304667436e+01 1.00184199606090e-06 7.81004865962602e-07 
2.17326919078105e+01 9.38840520621603e-07 7.33621681241385e-07 
2.17822533488773e+01 8.79765587078964e-07 6.89055683402791e-07 
2.18318147899442e+01 8.24364905256869e-07 6.47151612739660e-07 
2.18813762310110e+01 7.72425324753716e-07 6.07743629835597e-07 
2.19309376720779e+01 7.23724160910940e-07 5.70693639868892e-07 
2.19804991131447e+01 6.78073103848762e-07 5.35855488481282e-07 
2.20300605542115e+01 6.35276463037110e-07 5.03116430627774e-07 
2.20796219952784e+01 5.95173760925250e-07 4.72356329923667e-07 
2.21291834363452e+01 5.57588346012124e-07 4.43471232011736e-07 
2.21787448774121e+01 5.22370453726877e-07 4.16341215126452e-07 
2.22283063184789e+01 4.89364784398760e-07 3.90866131124196e-07 
2.22778677595457e+01 4.58439546021802e-07 3.66940099055534e-07 
2.23274292006126e+01 4.29458226294362e-07 3.44474588858104e-07 
2.23769906416794e+01 4.02304865057919e-07 3.23376127949403e-07 
2.24265520827463e+01 3.76859478704049e-07 3.03566468212234e-07 
2.24761135238131e+01 3.53020050977479e-07 2.84963101221140e-07 
2.25256749648800e+01 3.30681137913487e-07 2.67496876711716e-07 
2.25752364059468e+01 3.09753002449992e-07 2.51094972938276e-07 
2.26247978470136e+01 2.90142988920130e-07 2.35696288353619e-07 
2.26743592880805e+01 2.71772171850419e-07 2.21236558071984e-07 
2.27239207291473e+01 2.54559142052036e-07 2.07661799888613e-07 
2.27734821702142e+01 2.38434492034700e-07 1.94915306699742e-07 
2.28230436112810e+01 2.23326701926446e-07 1.82949392518655e-07 
2.28726050523479e+01 2.09174742185423e-07 1.71714024689964e-07 
2.29221664934147e+01 1.95915787811953e-07 1.61167084562436e-07 
2.29717279344815e+01 1.83496182691621e-07 1.51264433044909e-07 
2.30212893755484e+01 1.71860745611746e-07 1.41969030044594e-07 
2.30708508166152e+01 1.60962425438464e-07 1.33242121512567e-07 
2.31204122576821e+01 1.50752715288963e-07 1.25050972538891e-07 
2.31699736987489e+01 1.41190106518243e-07 1.17361187281830e-07 
2.32195351398158e+01 1.32231998978775e-07 1.10143708852385e-07 
2.32690965808826e+01 1.23841918664351e-07 1.03368199921264e-07 
2.33186580219494e+01 1.15982465957926e-07 9.70090159682722e-08 
2.33682194630163e+01 1.08621594147033e-07 9.10394108583363e-08 
2.34177809040831e+01 1.01726472174279e-07 8.54367540228198e-08 
2.34673423451500e+01 9.52689460981794e-08 8.01774673792286e-08 
2.35169037862168e+01 8.92201978615479e-08 7.52415820517316e-08 
2.35664652272837e+01 8.35554959290293e-08 7.06083144178317e-08 
2.36160266683505e+01 7.82495469154377e-08 6.62600458920969e-08 
2.36655881094173e+01 7.32806278423155e-08 6.21784575045441e-08 
2.37151495504842e+01 6.86265408147380e-08 5.83480057143050e-08 
2.37647109915510e+01 6.42682073380201e-08 5.47525450824437e-08 
2.38142724326179e+01 6.01861478532064e-08 5.13783638581577e-08 
2.38638338736847e+01 5.63636081101407e-08 4.82112331878017e-08 
2.39133953147516e+01 5.27834954913259e-08 4.52390581569127e-08 
2.39629567558184e+01 4.94310983474830e-08 4.24492997382343e-08 
2.40125181968852e+01 4.62914198505571e-08 3.98314178293017e-08 
2.40620796379521e+01 4.33516415221878e-08 3.73745344141124e-08 
2.41116410790189e+01 4.05985951193750e-08 3.50693642772269e-08 
2.41612025200858e+01 3.80208913206126e-08 3.29061451498850e-08 
2.42107639611526e+01 3.56069462186995e-08 3.08765237288760e-08 
2.42603254022195e+01 3.33467680529484e-08 2.89718698424664e-08 
2.43098868432863e+01 3.12302018655109e-08 2.71848242615777e-08 
2.43594482843531e+01 2.92484824587415e-08 2.55077904713597e-08 
2.44090097254200e+01 2.73927079405238e-08 2.39342851174713e-08 
2.44585711664868e+01 2.56551895663372e-08 2.24576215433294e-08 
2.45081326075537e+01 2.40281242546739e-08 2.10720880583911e-08 
2.45576940486205e+01 2.25047679523845e-08 1.97717988403318e-08 
2.46072554896874e+01 2.10782811119424e-08 1.85517219885158e-08 
2.46568169307542e+01 1.97427487260604e-08 1.74066765043646e-08 
2.47063783718210e+01 1.84921761570375e-08 1.63322292824395e-08 
2.47559398128879e+01 1.73213759529937e-08 1.53238195985691e-08 
2.48055012539547e+01 1.62250943729167e-08 1.43775417400722e-08 
2.48550626950216e+01 1.51987824618554e-08 1.34893808007832e-08 
2.49046241360884e+01 1.42378361818553e-08 1.26558955146873e-08 
2.49541855771553e+01 1.33382669347241e-08 1.18735512242188e-08 
2.50037470182221e+01 1.24960404394410e-08 1.11392117648710e-08 
2.50533084592889e+01 1.17071178039329e-08 1.04499681934397e-08 
2.51028699003558e+01 1.09676526180112e-08 9.80322602393025e-09 
2.51524313414226e+01 1.02746791425535e-08 9.19619212141012e-09 
2.52019927824895e+01 9.62518727799384e-09 8.62654528116680e-09 
2.52515542235563e+01 9.01656631834156e-09 8.09190496352323e-09 
2.53011156646232e+01 8.44616855612301e-09 7.59022186341132e-09 
2.53506771056900e+01 7.91169614206221e-09 7.11939615038059e-09 
2.54002385467568e+01 7.41082043745391e-09 6.67761882266559e-09 
2.54497999878237e+01 6.94151924424543e-09 6.26303789484681e-09 
2.54993614288905e+01 6.50174481150188e-09 5.87405670964006e-09 
2.55489228699574e+01 6.08971777729171e-09 5.50904207813815e-09 
2.55984843110242e+01 5.70363763439391e-09 5.16658495145073e-09 
2.56480457520910e+01 5.34193891891192e-09 4.84524526499454e-09 
2.56976071931579e+01 5.00303872552119e-09 4.54377969689292e-09 
2.57471686342247e+01 4.68555997339533e-09 4.26091862177467e-09 
2.57967300752916e+01 4.38811124733384e-09 3.99556509162631e-09 
2.58462915163584e+01 4.10948135650586e-09 3.74659987743557e-09 
2.58958529574253e+01 3.84844737718429e-09 3.51305529056455e-09 
2.59454143984921e+01 3.60394418273848e-09 3.29394479235740e-09 
2.59949758395589e+01 3.37489708732676e-09 3.08842392080041e-09 
2.60445372806258e+01 3.16037692381785e-09 2.89564461199713e-09 
2.60940987216926e+01 2.95944698530154e-09 2.71487227684353e-09 
2.61436601627595e+01 2.77127735768129e-09 2.54534518045596e-09 
2.61932216038263e+01 2.59503280293635e-09 2.38639186839881e-09 
2.62427830448932e+01 2.42998458507760e-09 2.23733015646671e-09 
2.62923444859600e+01 2.27539976713715e-09 2.09756896622002e-09 
2.63419059270268e+01 2.13063849588824e-09 1.96650821657069e-09 
2.63914673680937e+01 1.99505763965250e-09 1.84362761746332e-09 
2.64410288091605e+01 1.86809542142337e-09 1.72839933812005e-09 
2.64905902502274e+01 1.74918754077716e-09 1.62036542844190e-09 
2.65401516912942e+01 1.63784079962742e-09 1.51906163379019e-09 
2.65897131323611e+01 1.53356009179059e-09 1.42408490001299e-09 
2.66392745734279e+01 1.43591245204296e-09 1.33502691257178e-09 
2.66888360144947e+01 1.34446350607879e-09 1.25153295477055e-09 
2.67383974555616e+01 1.25883318770817e-09 1.17324393044627e-09 
2.67879588966284e+01 1.17864042407348e-09 1.09984768249405e-09 
2.68375203376953e+01 1.10355160411825e-09 1.03102841661131e-09 
2.68870817787621e+01 1.03323243249624e-09 9.66511445519936e-10 
2.69366432198290e+01 9.67390091727226e-10 9.06019069339429e-10 
2.69862046608958e+01 9.05731336288265e-10 8.49309587344996e-10 
2.70357661019626e+01 8.47999168428042e-10 7.96138811018854e-10 
2.70853275430295e+01 7.93936364124985e-10 7.46294077432129e-10 
2.71348889840963e+01 7.43317375985965e-10 6.99560676132434e-10 
2.71844504251632e+01 6.95916587400396e-10 6.55751504273922e-10 
2.72340118662300e+01 6.51536063238888e-10 6.14677780202837e-10 
2.72835733072969e+01 6.09977919637263e-10 5.76174898520071e-10 
2.73331347483637e+01 5.71068462540212e-10 5.40076883234155e-10 
2.73826961894305e+01 5.34634139865525e-10 5.06238929486156e-10 
2.74322576304974e+01 5.00522537744298e-10 4.74515118943068e-10 
2.74818190715642e+01 4.68581450868216e-10 4.44778072603965e-10 
2.75313805126311e+01 4.38677145201430e-10 4.16899512007294e-10 
2.75809419536979e+01 4.10676142429964e-10 3.90767393200440e-10 
2.76305033947648e+01 3.84461104777599e-10 3.66268950467313e-10 
2.76800648358316e+01 3.59914981812281e-10 3.43305634160419e-10 
2.77296262768984e+01 3.36934826759234e-10 3.21778320010833e-10 
2.77791877179653e+01 3.15417999481094e-10 3.01600332203111e-10 
2.78287491590321e+01 2.95274183449716e-10 2.82684541772483e-10 
2.78783106000990e+01 2.76413378380967e-10 2.64954720272567e-10 
2.79278720411658e+01 2.58756352022310e-10 2.48334286048322e-10 
2.79774334822327e+01 2.42224190452750e-10 2.32756183744721e-10 
2.80269949232995e+01 2.26747372640555e-10 2.18152715885072e-10 
2.80765563643663e+01 2.12256397826731e-10 2.04464587793000e-10 
2.81261178054332e+01 1.98690415658067e-10 1.91632416230298e-10 
2.81756792465000e+01 1.85988866308599e-10 1.79604507319962e-10 
2.82252406875669e+01 1.74098360422094e-10 1.68329004554933e-10 
2.82748021286337e+01 1.62965790580697e-10 1.57760436677186e-10 
2.83243635697005e+01 1.52544316521195e-10 1.47853215452153e-10 
2.83739250107674e+01 1.42787368762224e-10 1.38567345674922e-10 
2.84234864518342e+01 1.33653855305697e-10 1.29862751894246e-10 
2.84730478929011e+01 1.25102942008282e-10 1.21704257617172e-10 
2.85226093339679e+01 1.17098581908216e-10 1.14056635433600e-10 
2.85721707750348e+01 1.09604971836321e-10 1.06888948826177e-10 
2.86217322161016e+01 1.02590492388868e-10 1.00170233569251e-10 
2.86712936571684e+01 9.60237532595812e-11 9.38732836276528e-11 
2.87208550982353e+01 8.98770204589755e-11 8.79708834222030e-11 
2.87704165393021e+01 8.41227741593183e-11 8.24391088972875e-11 
2.88199779803690e+01 7.87366898202290e-11 7.72540404750690e-11 
2.88695394214358e+01 7.36946421893199e-11 7.23946412943300e-11 
2.89191008625027e+01 6.89752983414169e-11 6.78398896059314e-11 
2.89686623035695e+01 6.45575100566639e-11 6.35712882653487e-11 
2.90182237446363e+01 6.04225692498891e-11 5.95703631176026e-11 
2.90677851857032e+01 5.65519384192267e-11 5.58208509158824e-11 
2.91173466267700e+01 5.29292123877687e-11 5.23065170491487e-11 
2.91669080678369e+01 4.95381430220464e-11 4.90130630306073e-11 
2.92164695089037e+01 4.63643455038007e-11 4.59262228612000e-11 
2.92660309499706e+01 4.33935791833900e-11 4.30334259721522e-11 
2.93155923910374e+01 4.06132316352410e-11 4.03221367024282e-11 
2.93651538321042e+01 3.80108224448138e-11 3.77813039911609e-11 
2.94147152731711e+01 3.55752939812390e-11 3.53999129727538e-11 
2.94642767142379e+01 3.32957092123131e-11 3.31682487121395e-11 
2.95138381553048e+01 3.11623743685609e-11 3.10766328713106e-11 
2.95633995963716e+01 2.91657056211254e-11 2.91165252883971e-11 
2.96129610374385e+01 2.72972055403819e-11 2.72794221171222e-11 
2.96625224785053e+01 2.55484767281968e-11 2.55578160044790e-11 
2.97120839195721e+01 2.39120711280222e-11 2.39442351137824e-11 
2.97616453606390e+01 2.23806315382602e-11 2.24320799983941e-11 
2.98112068017058e+01 2.09476303544298e-11 2.10147855454371e-11 
2.98607682427727e+01 1.96066223586658e-11 1.96865503249314e-11 
2.99103296838395e+01 1.83518873201562e-11 1.84416057835373e-11 
2.99598911249064e+01 1.71777796044896e-11 1.72748518263042e-11 
3.00094525659732e+01 1.60792871843900e-11 1.61811542206476e-11 
3.00590140070400e+01 1.50509073240350e-11 1.51564185185473e-11 
3.01085754481069e+01 1.40880680826069e-11 1.41962675406140e-11 
3.01581368891737e+01 1.31865079601507e-11 1.32967212118788e-11 
3.02076983302406e+01 1.23424405363639e-11 1.24538701016064e-11 
3.02572597713074e+01 1.15521260363563e-11 1.16642525199245e-11 
3.03068212123743e+01 1.08122402812053e-11 1.09244331115075e-11 
3.03563826534411e+01 1.01195016234911e-11 1.02313686150817e-11 
3.04059440945079e+01 9.47099195606827e-12 9.58204051950865e-12 
3.04555055355748e+01 8.86383187935143e-12 8.97377365871020e-12 
3.05050669766416e+01 8.29545998120366e-12 8.40391601169890e-12 
3.05546284177085e+01 7.76335001586933e-12 7.87011619854368e-12 
3.06041898587753e+01 7.26525386488118e-12 7.37004438908843e-12 
3.06537512998422e+01 6.79895530770556e-12 6.90163398756336e-12 
3.07033127409090e+01 6.36248137408402e-12 6.46283838545122e-12 
3.07528741819758e+01 5.95388798394208e-12 6.05184144387004e-12 
3.08024356230427e+01 5.57144379229698e-12 5.66684549857846e-12 
3.08519970641095e+01 5.21344358393006e-12 5.30625465760950e-12 
3.09015585051764e+01 4.87836818130892e-12 4.96849005323241e-12 
3.09511199462432e+01 4.56472200940089e-12 4.65214945641996e-12 
3.10006813873100e+01 4.27117217486201e-12 4.35584628260014e-12 
3.10502428283769e+01 3.99640707817644e-12 4.07834857471627e-12 
3.10998042694437e+01 3.73925736984049e-12 3.81843871632304e-12 
3.11493657105106e+01 3.49857288947367e-12 3.57503444280928e-12 
3.11989271515774e+01 3.27332785418990e-12 3.34706660512604e-12 
3.12484885926443e+01 3.06251375504775e-12 3.13358452681999e-12 
3.12980500337111e+01 2.86523082755619e-12 2.93364950167832e-12 
3.13476114747779e+01 2.68059484144976e-12 2.74642651614166e-12 
3.13971729158448e+01 2.50781663748633e-12 2.57109146074368e-12 
3.14467343569116e+01 2.34612101283313e-12 2.40691097762752e-12 
3.14962957979785e+01 2.19481587689297e-12 2.25316162437483e-12 
3.15458572390453e+01 2.05322166661542e-12 2.10919937984817e-12 
3.15954186801122e+01 1.92073147260296e-12 1.97438922466997e-12 
3.16449801211790e+01 1.79674962081776e-12 1.84816564118750e-12 
3.16945415622458e+01 1.68074394480864e-12 1.72997127168887e-12 
3.17441030033127e+01 1.57219234640383e-12 1.61930957621454e-12 
3.17936644443795e+01 1.47062823719816e-12 1.51569140126110e-12 
3.18432258854464e+01 1.37559404425088e-12 1.41868080919689e-12 
3.18927873265132e+01 1.28668071104799e-12 1.32784853991417e-12 
3.19423487675801e+01 1.20348724787796e-12 1.24281189491345e-12 
3.19919102086469e+01 1.12565506678202e-12 1.16319420492143e-12 
3.20414716497137e+01 1.05283279270181e-12 1.08865953781877e-12 
3.20910330907806e+01 9.84706106225367e-13 1.01887739908912e-12 
3.21405945318474e+01 9.20967133005437e-13 9.53552933523898e-13 
3.21901559729143e+01 8.61340380462510e-13 8.92396184639717e-13 
3.22397174139811e+01 8.05556111292753e-13 8.35148373622050e-13 
3.22892788550480e+01 7.53372884012703e-13 7.81555130406019e-13 
3.23388402961148e+01 7.04554393295707e-13 7.31389357980009e-13 
3.23884017371816e+01 6.58889057865061e-13 6.84427923292597e-13 
3.24379631782485e+01 6.16169877385140e-13 6.40471549398174e-13 
3.24875246193153e+01 5.76211453449718e-13 5.99324520147642e-13 
3.25370860603822e+01 5.38832471088044e-13 5.60811985475235e-13 
3.25866475014490e+01 5.03870488336984e-13 5.24762291189490e-13 
3.26362089425159e+01 4.71166701218080e-13 4.91022032887039e-13 
3.26857703835827e+01 4.40578793654382e-13 4.59440672162050e-13 
3.27353318246495e+01 4.11967689003642e-13 4.29883631241685e-13 
3.27848932657164e+01 3.85208714037032e-13 4.02218900518054e-13 
3.28344547067832e+01 3.60180078622864e-13 3.76328428205587e-13 
3.28840161478501e+01 3.36772574388001e-13 3.52096462090642e-13 
3.29335775889169e+01 3.14879557673615e-13 3.29419455593241e-13 
3.29831390299838e+01 2.94405374709439e-13 3.08195919742184e-13 
3.30327004710506e+01 2.75256652151025e-13 2.88335038354991e-13 
3.30822619121174e+01 2.57349615553416e-13 2.69747835105569e-13 
3.31318233531843e+01 2.40602517208245e-13 2.52354665569626e-13 
3.31813847942511e+01 2.24941992920666e-13 2.36077529402651e-13 
3.32309462353180e+01 2.10296478982456e-13 2.20846585256889e-13 
3.32805076763848e+01 1.96601733310714e-13 2.06593460004897e-13 
3.33300691174517e+01 1.83795112645075e-13 1.93256913602738e-13 
3.33796305585185e+01 1.71820367630205e-13 1.80777016393378e-13 
3.34291919995853e+01 1.60622668081663e-13 1.69100074506933e-13 
3.34787534406522e+01 1.50152767265814e-13 1.58173562920168e-13 
3.35283148817190e+01 1.40362677662361e-13 1.47950407632780e-13 
3.35778763227859e+01 1.31209287235751e-13 1.38384576659579e-13 
3.36274377638527e+01 1.22650600813993e-13 1.29434802726899e-13 
3.36769992049196e+01 1.14648880311867e-13 1.21060747007669e-13 
3.37265606459864e+01 1.07167377890102e-13 1.13226235204424e-13 
3.37761220870532e+01 1.00173062671253e-13 1.05895919844099e-13 
3.38256835281201e+01 9.36337814537922e-14 9.90380931449294e-14 
3.38752449691869e+01 8.75206262723250e-14 9.26217832765825e-14 
3.39248064102538e+01 8.18054668032872e-14 8.66191991655606e-14 
3.39743678513206e+01 7.64630060020762e-14 8.10032044792310e-14 
3.40239292923875e+01 7.14686356125343e-14 7.57503141515338e-14 
3.40734907334543e+01 6.68010058090685e-14 7.08373965028303e-14 
3.41230521745211e+01 6.24383502135984e-14 6.62436812532133e-14 
3.41726136155880e+01 5.83610769903831e-14 6.19480219695941e-14 
3.42221750566548e+01 5.45501655141050e-14 5.79314318035644e-14 
3.42717364977217e+01 5.09885044577964e-14 5.41754160133547e-14 
3.43212979387885e+01 4.76594856624388e-14 5.06633755760123e-14 
3.43708593798553e+01 4.45481639739564e-14 4.73791462588747e-14 
3.44204208209222e+01 4.16400374017963e-14 4.43082163289354e-14 
3.44699822619890e+01 3.89220524912116e-14 4.14364581217545e-14 
3.45195437030559e+01 3.63815460449829e-14 3.87511845186199e-14 
3.45691051441227e+01 3.40071166371623e-14 3.62400475959457e-14 
3.46186665851896e+01 3.17877064604627e-14 3.38919552608437e-14 
3.46682280262564e+01 2.97133568334797e-14 3.16961149265866e-14 
3.47177894673232e+01 2.77744115864957e-14 2.96428288543001e-14 
3.47673509083901e+01 2.59621720287739e-14 2.77226637170251e-14 
3.48169123494569e+01 2.42682057560701e-14 2.59271407302577e-14 
3.48664737905238e+01 2.26849144785233e-14 2.42480144974720e-14 
3.49160352315906e+01 2.12049342747200e-14 2.26778718769172e-14 
3.49655966726575e+01 1.98216278909781e-14 2.12095056954743e-14 
3.50151581137243e+01 1.85285643233970e-14 1.98363836554988e-14 
3.50647195547911e+01 1.73198994964254e-14 1.85521586039297e-14 
3.51142809958580e+01 1.61900212957585e-14 1.73511225932570e-14 
3.51638424369248e+01 1.51338809855431e-14 1.62277803582795e-14 
3.52134038779917e+01 1.41465873583353e-14 1.51771973572377e-14 
3.52629653190585e+01 1.32237279183220e-14 1.41945777643935e-14 
3.53125267601254e+01 1.23610289620617e-14 1.32756042827199e-14 
3.53620882011922e+01 1.15546340834971e-14 1.24160821768419e-14 
3.54116496422590e+01 1.08008091419209e-14 1.16122342138086e-14 
3.54612110833259e+01 1.00961837635526e-14 1.08603914261911e-14 
3.55107725243927e+01 9.43749526435153e-15 1.01572491105574e-14 
3.55603339654596e+01 8.82179806787261e-15 9.49959818140335e-15 
3.56098954065264e+01 8.24624143514688e-15 8.88454737242802e-15 
3.56594568475933e+01 7.70825106405086e-15 8.30928984814836e-15 
3.57090182886601e+01 7.20533615935808e-15 7.77129607364961e-15 
3.57585797297269e+01 6.73524691139583e-15 7.26811105239226e-15 
3.58081411707938e+01 6.29580703007953e-15 6.79752173913017e-15 
3.58577026118606e+01 5.88505030877906e-15 6.35738088146463e-15 
3.59072640529275e+01 5.50107525866206e-15 5.94575233824290e-15 
3.59568254939943e+01 5.14216353732652e-15 5.56075803124337e-15 
3.60063869350612e+01 4.80665376446489e-15 5.20070408725880e-15 
3.60559483761280e+01 4.49304422515755e-15 4.86394786531900e-15 
3.61055098171948e+01 4.19988333373914e-15 4.54900745480381e-15 
3.61550712582617e+01 3.92585870119881e-15 4.25444614247183e-15 
3.62046326993285e+01 3.66970204894367e-15 3.97896746445981e-15 
3.62541941403954e+01 3.43026645192149e-15 3.72131482392289e-15 
3.63037555814622e+01 3.20644379447629e-15 3.48035400371757e-15 
3.63533170225291e+01 2.99723176002325e-15 3.25498594621488e-15 
3.64028784635959e+01 2.80166217327026e-15 3.04421838261580e-15 
3.64524399046627e+01 2.61885909838648e-15 2.84709004704731e-15 
3.65020013457296e+01 2.44797663068933e-15 2.66273285886785e-15 
3.65515627867964e+01 2.28824928424898e-15 2.49030607136113e-15 
3.66011242278633e+01 2.13893798587554e-15 2.32905025368253e-15 
3.66506856689301e+01 1.99937377617321e-15 2.17823007023793e-15 
3.67002471099970e+01 1.86891092345948e-15 2.03718114472839e-15 
3.67498085510638e+01 1.74696482616720e-15 1.90526033832725e-15 
3.67993699921306e+01 1.63297130723918e-15 1.78188643497302e-15 
3.68489314331975e+01 1.52641948780532e-15 1.66649693450283e-15 
3.68984928742643e+01 1.42681644668846e-15 1.55858337444914e-15 
3.69480543153312e+01 1.33371573298351e-15 1.45765378390877e-15 
3.69976157563980e+01 1.24668668294505e-15 1.36326334936110e-15 
3.70471771974648e+01 1.16533915040832e-15 1.27498178692624e-15 
3.70967386385317e+01 1.08929686677131e-15 1.19241996640712e-15 
3.71463000795985e+01 1.01821889128891e-15 1.11520155707784e-15 
3.71958615206654e+01 9.51776480950908e-16 1.04298614304455e-15 
3.72454229617322e+01 8.89671695998702e-16 9.75444582328393e-16 
3.72949844027991e+01 8.31617316876322e-16 9.12279076275855e-16 
3.73445458438659e+01 7.77352982499949e-16 8.53201755209447e-16 
3.73941072849327e+01 7.26627752538474e-16 7.97952103548480e-16 
3.74436687259996e+01 6.79214105831082e-16 7.46278349155469e-16 
3.74932301670664e+01 6.34892799265676e-16 6.97952592824017e-16 
3.75427916081333e+01 5.93465010266980e-16 6.52754633919421e-16 
3.75923530492001e+01 5.54739189552177e-16 6.10485106885733e-16 
3.76419144902670e+01 5.18541593915414e-16 5.70951423966485e-16 
3.76914759313338e+01 4.84704870075369e-16 5.33979181453095e-16 
3.77410373724006e+01 4.53077191293791e-16 4.99399942133383e-16 
3.77905988134675e+01 4.23512344192401e-16 4.67061139146955e-16 
3.78401602545343e+01 3.95877654421596e-16 4.36815457572088e-16 
3.78897216956012e+01 3.70045378362341e-16 4.08529434264633e-16 
3.79392831366680e+01 3.45899578432226e-16 3.82074228008391e-16 
3.79888445777349e+01 3.23328647848465e-16 3.57333087156525e-16 
3.80384060188017e+01 3.02231274848698e-16 3.34193327682871e-16 
3.80879674598685e+01 2.82509951203132e-16 3.12552817556230e-16 
3.81375289009354e+01 2.64076146176137e-16 2.92313003899387e-16 
3.81870903420022e+01 2.46844669238225e-16 2.73384543776715e-16 
3.82366517830691e+01 2.30738158545612e-16 2.55681243409061e-16 
3.82862132241359e+01 2.15682185343927e-16 2.39124947763673e-16 
3.83357746652028e+01 2.01609147848732e-16 2.23640272325726e-16 
3.83853361062696e+01 1.88454019675366e-16 2.09158849157137e-16 
3.84348975473364e+01 1.76157727942368e-16 1.95614747497839e-16 
3.84844589884033e+01 1.64663460932324e-16 1.82948161051323e-16 
3.85340204294701e+01 1.53919598784397e-16 1.71101427270526e-16 
3.85835818705370e+01 1.43876506764707e-16 1.60022229456462e-16 
3.86331433116038e+01 1.34489077846350e-16 1.49660136391151e-16 
3.86827047526707e+01 1.25713947667882e-16 1.39969383137753e-16 
3.87322661937375e+01 1.17511700434904e-16 1.30905862942624e-16 
3.87818276348043e+01 1.09844450066157e-16 1.22429542206381e-16 
3.88313890758712e+01 1.02677754030147e-16 1.14501845491944e-16 
3.88809505169380e+01 9.59785124890015e-17 1.07087752827197e-16 
3.89305119580049e+01 8.97166287680747e-17 1.00153526402292e-16 
3.89800733990717e+01 8.38631846545796e-17 9.36685320194672e-17 
3.90296348401385e+01 7.83918810675052e-17 8.76032627941599e-17 
3.90791962812054e+01 7.32774531782536e-17 8.19309210589929e-17 
3.91287577222722e+01 6.84969203983028e-17 7.66257002325214e-17 
3.91783191633391e+01 6.40282097730380e-17 7.16641587020009e-17 
3.92278806044059e+01 5.98512405450198e-17 6.70237261065766e-17 
3.92774420454728e+01 5.59467284257042e-17 6.26838965713994e-17 
3.93270034865396e+01 5.22971266445740e-17 5.86249300692221e-17 
3.93765649276065e+01 4.88855873096339e-17 5.48288887735922e-17 
3.94261263686733e+01 4.56967779490810e-17 5.12785080014444e-17 
3.94756878097401e+01 4.27159793025189e-17 4.79580963233037e-17 
3.95252492508070e+01 3.99297938433534e-17 4.48525539253981e-17 
3.95748106918738e+01 3.73253620612379e-17 4.19481543973907e-17 
3.96243721329407e+01 3.48909772688831e-17 3.92316912516861e-17 
3.96739335740075e+01 3.26154047967085e-17 3.66911569497903e-17 
3.97234950150743e+01 3.04884154929338e-17 3.43150008360914e-17 
3.97730564561412e+01 2.85001943009696e-17 3.20927189153229e-17 
3.98226178972080e+01 2.66418032180884e-17 3.00142086478967e-17 
3.98721793382749e+01 2.49046675057181e-17 2.80702812121427e-17 
3.99217407793417e+01 2.32809774463382e-17 2.62521005114796e-17 
3.99713022204086e+01 2.17632419821172e-17 2.45516281105416e-17 
4.00208636614754e+01 2.03446373730460e-17 2.29613128740502e-17 
4.00704251025422e+01 1.90187858489425e-17 2.14742478163292e-17 
4.01199865436091e+01 1.77796889793821e-17 2.00837967657791e-17 
4.01695479846759e+01 1.66215827797646e-17 1.87837531805380e-17 
4.02191094257428e+01 1.55392170528096e-17 1.75681424936920e-17 
4.02686708668096e+01 1.45275624419403e-17 1.64315305177817e-17 
4.03182323078765e+01 1.35820370305759e-17 1.53686996704459e-17 
4.03677937489433e+01 1.26982521579155e-17 1.43749033233225e-17 
4.04173551900101e+01 1.18722088544306e-17 1.34455846485053e-17 
4.04669166310770e+01 1.11000772715406e-17 1.25765972993997e-17 
4.05164780721438e+01 1.03783669834523e-17 1.17639612455052e-17 
4.05660395132107e+01 9.70373556862780e-18 1.10040542589361e-17 
4.06156009542775e+01 9.07313626768261e-18 1.02933998522800e-17 
4.06651623953444e+01 8.48365184910013e-18 9.62883344778994e-18 
4.07147238364112e+01 7.93262264520049e-18 9.00731818079381e-18 
4.07642852774780e+01 7.41750234959335e-18 8.42608911174667e-18 
4.08138467185449e+01 6.93596904843625e-18 7.88249321918042e-18 
4.08634081596117e+01 6.48580004331392e-18 7.37411456713876e-18 
4.09129696006786e+01 6.06496814463094e-18 6.89863529847963e-18 
4.09625310417454e+01 5.67153300019309e-18 6.45394428241253e-18 
4.10120924828123e+01 5.30372461428148e-18 6.03801634107066e-18 
4.10616539238791e+01 4.95984899718453e-18 5.64900656589839e-18 
4.11112153649459e+01 4.63836061093062e-18 5.28514537643066e-18 
4.11607768060128e+01 4.33778044529467e-18 4.94482040318330e-18 
4.12103382470796e+01 4.05675886383569e-18 4.62648529499587e-18 
4.12598996881465e+01 3.79400446346550e-18 4.32873081384296e-18 
4.13094611292133e+01 3.54833859759970e-18 4.05020558239061e-18 
4.13590225702802e+01 3.31863359441003e-18 3.78967781756459e-18 
4.14085840113470e+01 3.10386006344731e-18 3.54596644875245e-18 
4.14581454524138e+01 2.90303323668881e-18 3.31799472752953e-18 
4.15077068934807e+01 2.71525401737933e-18 3.10473035406885e-18 
4.15572683345475e+01 2.53966237181382e-18 2.90523203623590e-18 
4.16068297756144e+01 2.37547295129728e-18 2.71859744145874e-18 
4.16563912166812e+01 2.22193460463304e-18 2.54400363608105e-18 
4.17059526577480e+01 2.07836129336675e-18 2.38066183584445e-18 
4.17555140988149e+01 1.94409691809362e-18 2.22785253301342e-18 
4.18050755398817e+01 1.81854215122831e-18 2.08488615389192e-18 
4.18546369809486e+01 1.70112387702084e-18 1.95113357427124e-18 
4.19041984220154e+01 1.59131848299431e-18 1.82599190978506e-18 
4.19537598630823e+01 1.48862530615250e-18 1.70891102749041e-18 
4.20033213041491e+01 1.39258685223044e-18 1.59936379673293e-18 
4.20528827452160e+01 1.30276572087807e-18 1.49686912425448e-18 
4.21024441862828e+01 1.21876215948582e-18 1.40096608165249e-18 
4.21520056273496e+01 1.14019400977548e-18 1.31123392167083e-18 
4.22015670684165e+01 1.06671194890613e-18 1.22726957507753e-18 
4.22511285094833e+01 9.97982060315026e-19 1.14870504531535e-18 
4.23006899505502e+01 9.33699067962278e-19 1.07518783423778e-18 
4.23502513916170e+01 8.73571186670160e-19 1.00639605983830e-18 
4.23998128326838e+01 8.17331614763601e-19 9.42021428116592e-19 
4.24493742737507e+01 7.64725364620468e-19 8.81782373102805e-19 
4.24989357148175e+01 7.15519243773107e-19 8.25409242336640e-19 
4.25484971558844e+01 6.69490405828125e-19 7.72655718929688e-19 
4.25980585969512e+01 6.26435019588563e-19 7.23285931737730e-19 
4.26476200380181e+01 5.86158314728953e-19 6.77084384958243e-19 
4.26971814790849e+01 5.48482112051951e-19 6.33844741935441e-19 
4.27467429201517e+01 5.13236168006059e-19 5.93378458076498e-19 
4.27963043612186e+01 4.80264716262416e-19 5.55505020107553e-19 
4.28458658022854e+01 4.49418940939125e-19 5.20059452309058e-19 
4.28954272433523e+01 4.20562659803793e-19 4.86883821597154e-19 
4.29449886844191e+01 3.93565778440603e-19 4.55833764703803e-19 
4.29945501254860e+01 3.68309228145386e-19 4.26771094261858e-19 
4.30441115665528e+01 3.44679272690705e-19 3.99569475137130e-19 
4.30936730076196e+01 3.22571799030565e-19 3.74107988242253e-19 
4.31432344486865e+01 3.01887365176098e-19 3.50276067373440e-19 
4.31927958897533e+01 2.82534928861340e-19 3.27967896197150e-19 
4.32423573308202e+01 2.64427539676877e-19 3.07086702314125e-19 
4.32919187718870e+01 2.47485579602198e-19 2.87539879126529e-19 
4.33414802129539e+01 2.31633015250975e-19 2.69242721151346e-19 
4.33910416540207e+01 2.16800214420404e-19 2.52114176607332e-19 
4.34406030950875e+01 2.02920685334760e-19 2.36080096973460e-19 
4.34901645361544e+01 1.89933524899458e-19 2.21069538415354e-19 
4.35397259772212e+01 1.77780581410341e-19 2.07017589010661e-19 
4.35892874182881e+01 1.66408582858115e-19 1.93862147806996e-19 
4.36388488593549e+01 1.55766667891349e-19 1.81546384822881e-19 
4.36884103004218e+01 1.45808236146491e-19 1.70015935805108e-19 
4.37379717414886e+01 1.36488799479186e-19 1.59221042894503e-19 
4.37875331825554e+01 1.27767590767246e-19 1.49114111213360e-19 
4.38370946236223e+01 1.19605693701990e-19 1.39651571815371e-19 
4.38866560646891e+01 1.11967441714413e-19 1.30791753242708e-19 
4.39362175057560e+01 1.04818790071062e-19 1.22496502933636e-19 
4.39857789468228e+01 9.81285324103097e-20 1.14729332982193e-19 
4.40353403878897e+01 9.18668836244567e-20 1.07456831446491e-19 
4.40849018289565e+01 8.60065378793879e-20 1.00647046841880e-19 
4.41344632700233e+01 8.05214348804059e-20 9.42707166834591e-20 
4.41840247110902e+01 7.53876801118245e-20 8.82998598502903e-20 
4.42335861521570e+01 7.05824706602874e-20 8.27088461253577e-20 
4.42831475932239e+01 6.60848956878333e-20 7.74731695743843e-20 
4.43327090342907e+01 6.18750010941695e-20 7.25703797443573e-20 
4.43822704753576e+01 5.79344858726612e-20 6.79790126844514e-20 
4.44318319164244e+01 5.42458875938120e-20 6.36794017686377e-20 
4.44813933574912e+01 5.07931882410062e-20 5.96527460164229e-20 
4.45309547985581e+01 4.75611048447887e-20 5.58818161625176e-20 
4.45805162396249e+01 4.45356166128326e-20 5.23501425708862e-20 
4.46300776806918e+01 4.17033470849390e-20 4.90426301385281e-20 
4.46796391217586e+01 3.90520228238975e-20 4.59448503892467e-20 
4.47292005628255e+01 3.65699352347491e-20 4.30435770290243e-20 
4.47787620038923e+01 3.42463397389751e-20 4.03261688007299e-20 
4.48283234449591e+01 3.20709869434757e-20 3.77810359703394e-20 
4.48778848860260e+01 3.00344700529893e-20 3.53971022594398e-20 
4.49274463270928e+01 2.81278164148271e-20 3.31642112043082e-20 
4.49770077681597e+01 2.63427899102794e-20 3.10726607389585e-20 
4.50265692092265e+01 2.46715386808268e-20 2.91136456007916e-20 
4.50761306502934e+01 2.31069405880467e-20 2.72787142684329e-20 
4.51256920913602e+01 2.16420921512821e-20 2.55601264072184e-20 
4.51752535324270e+01 2.02706560247146e-20 2.39503932623198e-20 
4.52248149734939e+01 1.89865905006450e-20 2.24426469807439e-20 
4.52743764145607e+01 1.77843485199089e-20 2.10303280778186e-20 
4.53239378556276e+01 1.66586420507953e-20 1.97074199865132e-20 
4.53734992966944e+01 1.56046152961668e-20 1.84681765980771e-20 
4.54230607377612e+01 1.46176394277622e-20 1.73073265821427e-20 
4.54726221788281e+01 1.36934633532593e-20 1.62198358355820e-20 
4.55221836198949e+01 1.28280348745710e-20 1.52010854901024e-20 
4.55717450609618e+01 1.20176319375055e-20 1.42466647728676e-20 
4.56213065020286e+01 1.12587067944254e-20 1.33525261081152e-20 
4.56708679430955e+01 1.05480002765861e-20 1.25148044753607e-20 
4.57204293841623e+01 9.88240598633016e-21 1.17299525681769e-20 
4.57699908252291e+01 9.25906979994528e-21 1.09945832422813e-20 
4.58195522662960e+01 8.67527150121610e-21 1.03055873092353e-20 
4.58691137073628e+01 8.12851143408205e-21 9.65999610732153e-21 
4.59186751484297e+01 7.61640732550599e-21 9.05508417291720e-21 
4.59682365894965e+01 7.13676975656146e-21 8.48824935041083e-21 
4.60177980305634e+01 6.68751221483242e-21 7.95710229275662e-21 
4.60673594716302e+01 6.26671683481353e-21 7.45936186024433e-21 
4.61169209126970e+01 5.87255597418601e-21 6.99293314850569e-21 
4.61664823537639e+01 5.50334948523274e-21 6.55581621623033e-21 
4.62160437948307e+01 5.15749633033883e-21 6.14617411868760e-21 
4.62656052358976e+01 4.83352448174125e-21 5.76225325712179e-21 
4.63151666769644e+01 4.53003128381848e-21 5.40244270433799e-21 
4.63647281180313e+01 4.24572693564530e-21 5.06520468842264e-21 
4.64142895590981e+01 3.97938247483199e-21 4.74912633036290e-21 
4.64638510001649e+01 3.72986767320505e-21 4.45285896618017e-21 
4.65134124412318e+01 3.49610566240513e-21 4.17516327164618e-21 
4.65629738822986e+01 3.27710596510502e-21 3.91485629359762e-21 
4.66125353233655e+01 3.07192490911853e-21 3.67085081073998e-21 
4.66620967644323e+01 2.87969442276427e-21 3.44210909004970e-21 
4.67116582054992e+01 2.69958749434417e-21 3.22767722295939e-21 
4.67612196465660e+01 2.53084327871292e-21 3.02664474914940e-21 
4.68107810876328e+01 2.37273695479939e-21 2.83817461194467e-21 
4.68603425286997e+01 2.22460161954017e-21 2.66146790188567e-21 
4.69099039697665e+01 2.08580197950246e-21 2.49578999207955e-21 
4.69594654108334e+01 1.95575344669041e-21 2.34043974983630e-21 
4.70090268519002e+01 1.83389917290395e-21 2.19477234039094e-21 
4.70585882929671e+01 1.71972670831679e-21 2.05817233843634e-21 
4.71081497340339e+01 1.61274795037842e-21 1.93007362566458e-21 
4.71577111751007e+01 1.51251367944148e-21 1.80993590682345e-21 
4.72072726161676e+01 1.41859604900661e-21 1.69726207169495e-21 
4.72568340572344e+01 1.33060127213097e-21 1.59157768374067e-21 
4.73063954983013e+01 1.24815432769023e-21 1.49244612938358e-21 
4.73559569393681e+01 1.17091003603650e-21 1.39945070259961e-21 
4.74055183804350e+01 1.09853969763240e-21 1.31220782277304e-21 
4.74550798215018e+01 1.03074076575644e-21 1.23035138679269e-21 
4.75046412625686e+01 9.67225170153970e-22 1.15354430051012e-21 
4.75542027036355e+01 9.07727767913380e-22 1.08146481192516e-21 
4.76037641447023e+01 8.51996136375283e-22 1.01381656969309e-21 
4.76533255857692e+01 7.99797960104572e-22 9.50316687634862e-22 
4.77028870268360e+01 7.50912104809462e-22 8.90704516207631e-22 
4.77524484679029e+01 7.05135078161193e-22 8.34731220544733e-22 
4.78020099089697e+01 6.62273220426214e-22 7.82167426796169e-22 
4.78515713500365e+01 6.22148359345360e-22 7.32794123797681e-22 
4.79011327911034e+01 5.84590974034169e-22 6.86409325244351e-22 
4.79506942321702e+01 5.49445148886651e-22 6.42820129434006e-22 
4.80002556732371e+01 5.16562585449209e-22 6.01848519958749e-22 
4.80498171143039e+01 4.85806947065224e-22 5.63324439224327e-22 
4.80993785553707e+01 4.57048609224028e-22 5.27090834382829e-22 
4.81489399964376e+01 4.30168475155137e-22 4.92997618896845e-22 
4.81985014375044e+01 4.05053368896439e-22 4.60906056488426e-22 
4.82480628785713e+01 3.81599392058505e-22 4.30683501243632e-22 
4.82976243196381e+01 3.59707875807591e-22 4.02207200153659e-22 
4.83471857607050e+01 3.39288340357949e-22 3.75359716445679e-22 
4.83967472017718e+01 3.20254932452950e-22 3.50032220611257e-22 
4.84463086428386e+01 3.02529041639434e-22 3.26120514068766e-22 
4.84958700839055e+01 2.86036158851790e-22 3.03527869210391e-22 
4.85454315249723e+01 2.70708197032133e-22 2.82161581381177e-22 
4.85949929660392e+01 2.56480714249220e-22 2.61935410253190e-22 
4.86445544071060e+01 2.43294980626065e-22 2.42766597649133e-22 
4.86941158481729e+01 2.31095516206929e-22 2.24577955316433e-22 
4.87436772892397e+01 2.19831941331505e-22 2.07295294505981e-22 
4.87932387303065e+01 2.09456785327925e-22 1.90849198835449e-22 
4.88428001713734e+01 1.99927153336234e-22 1.75172818911073e-22 
4.88923616124402e+01 1.91202766965104e-22 1.60203363319650e-22 
4.89419230535071e+01 1.83247477036474e-22 1.45880218089184e-22 
4.89914844945739e+01 1.76027501694982e-22 1.32146183828730e-22 
4.90410459356408e+01 1.69512811551215e-22 1.18945885581282e-22 
4.90906073767076e+01 1.63675534459097e-22 1.06226779647875e-22 
4.91401688177744e+01 1.58491237018104e-22 9.39378244982823e-23 
4.91897302588413e+01 1.53937468406562e-22 8.20302767890534e-23 
4.92392916999081e+01 1.49994960113305e-22 7.04565985569733e-23 
4.92888531409750e+01 1.46646283895429e-22 5.91710582975086e-23 
4.93384145820418e+01 1.43876989904835e-22 4.81288537544869e-23 
4.93879760231087e+01 1.41674356079818e-22 3.72865306008646e-23 
4.94375374641755e+01 1.40028483476474e-22 2.66013038285686e-23 
4.94870989052423e+01 1.38931116248878e-22 1.60313035091283e-23 
4.95366603463092e+01 1.38376711960370e-22 1.07709867296128e-23 
