Energy(eV)           EEDF(eV^-(3/2))      Anisotropy(eV^-(3/2))
1.19199502795896e-02 7.08952144042874e-02 4.04472193449419e-05 
3.57598508387689e-02 7.08918957640137e-02 1.04238308693686e-04 
5.95997513979481e-02 7.08874216485875e-02 1.95257703079071e-04 
8.34396519571274e-02 7.08829930248841e-02 2.93380666292002e-04 
1.07279552516307e-01 7.08792482365915e-02 3.90984266147654e-04 
1.31119453075486e-01 7.08763628508366e-02 4.88973560572077e-04 
1.54959353634665e-01 7.08740555490070e-02 5.81713691777620e-04 
1.78799254193844e-01 7.08723448446147e-02 6.75161220225973e-04 
2.02639154753024e-01 7.08709679726465e-02 7.66975988975654e-04 
2.26479055312203e-01 7.08696965383079e-02 8.55531685798359e-04 
2.50318955871382e-01 7.08683741838130e-02 9.42319075599099e-04 
2.74158856430561e-01 7.08667410384164e-02 1.02503229775762e-03 
2.97998756989741e-01 7.08644847467807e-02 1.10224427519638e-03 
3.21838657548920e-01 7.08614678688647e-02 1.17716309422702e-03 
3.45678558108099e-01 7.08575121992609e-02 1.24932585931101e-03 
3.69518458667279e-01 7.08524968879374e-02 1.31930676378814e-03 
3.93358359226458e-01 7.08462514439406e-02 1.38666484161373e-03 
4.17198259785637e-01 7.08387023272665e-02 1.45170441786480e-03 
4.41038160344816e-01 7.08298133936709e-02 1.51456355601236e-03 
4.64878060903996e-01 7.08195136776715e-02 1.57516008902561e-03 
4.88717961463175e-01 7.08077366209042e-02 1.63352219266134e-03 
5.12557862022354e-01 7.07944207796941e-02 1.68965672072966e-03 
5.36397762581533e-01 7.07795393344252e-02 1.74366712285321e-03 
5.60237663140713e-01 7.07630401235887e-02 1.79556518212963e-03 
5.84077563699892e-01 7.07448747160259e-02 1.84539341233626e-03 
6.07917464259071e-01 7.07249983674543e-02 1.89319002308006e-03 
6.31757364818250e-01 7.07033699357421e-02 1.93899298213662e-03 
6.55597265377430e-01 7.06799517712241e-02 1.98284113121889e-03 
6.79437165936609e-01 7.06547096061761e-02 2.02477519831597e-03 
7.03277066495788e-01 7.06276124132444e-02 2.06483442039024e-03 
7.27116967054967e-01 7.05986405774089e-02 2.10306647332848e-03 
7.50956867614147e-01 7.05677742826076e-02 2.13951767700657e-03 
7.74796768173326e-01 7.05349918690440e-02 2.17423248837591e-03 
7.98636668732505e-01 7.05002744006807e-02 2.20725178941598e-03 
8.22476569291684e-01 7.04636056481425e-02 2.23861305287588e-03 
8.46316469850864e-01 7.04249720085131e-02 2.26835601483985e-03 
8.70156370410043e-01 7.03843623121682e-02 2.29652594518888e-03 
8.93996270969222e-01 7.03417676094115e-02 2.32316792506988e-03 
9.17836171528401e-01 7.02971811561893e-02 2.34832384551818e-03 
9.41676072087581e-01 7.02505983184731e-02 2.37203577896779e-03 
9.65515972646760e-01 7.02020164433871e-02 2.39434267215213e-03 
9.89355873205939e-01 7.01514348993814e-02 2.41527558982524e-03 
1.01319577376512e+00 7.00988712817610e-02 2.43482915838569e-03 
1.03703567432430e+00 7.00446181740421e-02 2.45308630709531e-03 
1.06087557488348e+00 6.99886852163216e-02 2.47006415087327e-03 
1.08471547544266e+00 6.99310833402369e-02 2.48579469106928e-03 
1.10855537600184e+00 6.98718246997747e-02 2.50031298920123e-03 
1.13239527656101e+00 6.98109224593730e-02 2.51365729298103e-03 
1.15623517712019e+00 6.97483907025217e-02 2.52586257596062e-03 
1.18007507767937e+00 6.96842445271869e-02 2.53699500880505e-03 
1.20391497823855e+00 6.96184982066445e-02 2.54717514072334e-03 
1.22775487879773e+00 6.95510373811237e-02 2.55647611594919e-03 
1.25159477935691e+00 6.94818098334745e-02 2.56491460873872e-03 
1.27543467991609e+00 6.94108287050848e-02 2.57249848087870e-03 
1.29927458047527e+00 6.93381083996123e-02 2.57923880051811e-03 
1.32311448103445e+00 6.92637550709028e-02 2.58516103970201e-03 
1.34695438159363e+00 6.91878878407531e-02 2.59029620188570e-03 
1.37079428215281e+00 6.91105240613018e-02 2.59466140731156e-03 
1.39463418271199e+00 6.90316819808721e-02 2.59827921184606e-03 
1.41847408327117e+00 6.89513799885060e-02 2.60118737198389e-03 
1.44231398383035e+00 6.88696363280151e-02 2.60341487226444e-03 
1.46615388438952e+00 6.87864697814541e-02 2.60500541288737e-03 
1.48999378494870e+00 6.87018979167058e-02 2.60603531448355e-03 
1.51383368550788e+00 6.86159678124736e-02 2.60653263967262e-03 
1.53767358606706e+00 6.85290555182640e-02 2.60650742117024e-03 
1.56151348662624e+00 6.84411777820722e-02 2.60597930542209e-03 
1.58535338718542e+00 6.83523519935510e-02 2.60494696915139e-03 
1.60919328774460e+00 6.82625961197038e-02 2.60341103568914e-03 
1.63303318830378e+00 6.81719286382450e-02 2.60137397261585e-03 
1.65687308886296e+00 6.80803684731843e-02 2.59883991349363e-03 
1.68071298942214e+00 6.79879349339118e-02 2.59581450916239e-03 
1.70455288998132e+00 6.78946476551924e-02 2.59230476367672e-03 
1.72839279054050e+00 6.78005265424375e-02 2.58831889881500e-03 
1.75223269109968e+00 6.77055917165360e-02 2.58386616015715e-03 
1.77607259165885e+00 6.76098634688825e-02 2.57895655599535e-03 
1.79991249221803e+00 6.75133622218404e-02 2.57360082891893e-03 
1.82375239277721e+00 6.74161084830576e-02 2.56781045005597e-03 
1.84759229333639e+00 6.73181228036219e-02 2.56159762638893e-03 
1.87143219389557e+00 6.72194257290903e-02 2.55497529629578e-03 
1.89527209445475e+00 6.71200377552387e-02 2.54796665981713e-03 
1.91911199501393e+00 6.70198348152620e-02 2.54061315476554e-03 
1.94295189557311e+00 6.69185045354916e-02 2.53292576919863e-03 
1.96679179613229e+00 6.68160699813624e-02 2.52488381008487e-03 
1.99063169669147e+00 6.67125542566502e-02 2.51650116261698e-03 
2.01447159725065e+00 6.66079804718953e-02 2.50779172952438e-03 
2.03831149780983e+00 6.65023717122041e-02 2.49876942336040e-03 
2.06215139836901e+00 6.63957510062294e-02 2.48944814528675e-03 
2.08599129892819e+00 6.62881412957423e-02 2.47984176266825e-03 
2.10983119948736e+00 6.61795654066300e-02 2.46993238759317e-03 
2.13367110004654e+00 6.60704701507587e-02 2.45971117445338e-03 
2.15751100060572e+00 6.59609152267092e-02 2.44923965212786e-03 
2.18135090116490e+00 6.58509191220153e-02 2.43853506596220e-03 
2.20519080172408e+00 6.57405000778752e-02 2.42762565804375e-03 
2.22903070228326e+00 6.56294573528491e-02 2.41654100591545e-03 
2.25287060284244e+00 6.55177248852544e-02 2.40527107571823e-03 
2.27671050340162e+00 6.54053226983056e-02 2.39381802651586e-03 
2.30055040396080e+00 6.52922704908537e-02 2.38219482560392e-03 
2.32439030451998e+00 6.51785875996882e-02 2.37041444782531e-03 
2.34823020507916e+00 6.50642929847877e-02 2.35848928863769e-03 
2.37207010563834e+00 6.49494052486189e-02 2.34643104642813e-03 
2.39591000619752e+00 6.48339426358290e-02 2.33424691200295e-03 
2.41974990675669e+00 6.47179234338996e-02 2.32193914258630e-03 
2.44358980731587e+00 6.46013660379829e-02 2.30951371150908e-03 
2.46742970787505e+00 6.44842885011334e-02 2.29697678309902e-03 
2.49126960843423e+00 6.43667089407394e-02 2.28433302201328e-03 
2.51510950899341e+00 6.42486071683413e-02 2.27161392565419e-03 
2.53894940955259e+00 6.41297537166394e-02 2.25883997880831e-03 
2.56278931011177e+00 6.40101689165969e-02 2.24598875264275e-03 
2.58662921067095e+00 6.38898725347850e-02 2.23307333177765e-03 
2.61046911123013e+00 6.37688837773352e-02 2.22010612842156e-03 
2.63430901178931e+00 6.36472212942432e-02 2.20709891025540e-03 
2.65814891234849e+00 6.35249031844298e-02 2.19406282442907e-03 
2.68198881290767e+00 6.34019470013782e-02 2.18100842205633e-03 
2.70582871346685e+00 6.32783697592937e-02 2.16794568004045e-03 
2.72966861402603e+00 6.31541879399617e-02 2.15488403289397e-03 
2.75350851458520e+00 6.30294174988092e-02 2.14183239520994e-03 
2.77734841514438e+00 6.29040738725192e-02 2.12879916196932e-03 
2.80118831570356e+00 6.27781719882965e-02 2.11578364226160e-03 
2.82502821626274e+00 6.26517997986623e-02 2.10278239584881e-03 
2.84886811682192e+00 6.25250302349162e-02 2.08981146920000e-03 
2.87270801738110e+00 6.23978752081139e-02 2.07688737204379e-03 
2.89654791794028e+00 6.22703461659397e-02 2.06401622705778e-03 
2.92038781849946e+00 6.21424541041721e-02 2.05120375102376e-03 
2.94422771905864e+00 6.20142095784295e-02 2.03845528650555e-03 
2.96806761961782e+00 6.18856227139208e-02 2.02577582077059e-03 
2.99190752017700e+00 6.17567032168856e-02 2.01316726068216e-03 
3.01574742073618e+00 6.16274808789153e-02 2.00061857704896e-03 
3.03958732129536e+00 6.14980708821056e-02 1.98813223503258e-03 
3.06342722185453e+00 6.13684802696202e-02 1.97573098327362e-03 
3.08726712241371e+00 6.12387157299066e-02 1.96341816935938e-03 
3.11110702297289e+00 6.11087836088083e-02 1.95119685930179e-03 
3.13494692353207e+00 6.09786899216246e-02 1.93906985038044e-03 
3.15878682409125e+00 6.08484403649026e-02 1.92703968520928e-03 
3.18262672465043e+00 6.07180403279333e-02 1.91510853986366e-03 
3.20646662520961e+00 6.05874949210577e-02 1.90327824899266e-03 
3.23030652576879e+00 6.04568089855429e-02 1.89155057833801e-03 
3.25414642632797e+00 6.03259870859148e-02 1.87992724592002e-03 
3.27798632688715e+00 6.01950335172277e-02 1.86840978951838e-03 
3.30182622744633e+00 6.00639523162201e-02 1.85699948689471e-03 
3.32566612800551e+00 5.99327472807508e-02 1.84569736956877e-03 
3.34950602856469e+00 5.98014219802914e-02 1.83450436120970e-03 
3.37334592912386e+00 5.96699797567677e-02 1.82342129763266e-03 
3.39718582968304e+00 5.95384237327055e-02 1.81244877743239e-03 
3.42102573024222e+00 5.94067568342032e-02 1.80158716579552e-03 
3.44486563080140e+00 5.92749817997019e-02 1.79083679266005e-03 
3.46870553136058e+00 5.91431011749483e-02 1.78019763030171e-03 
3.49254543191976e+00 5.90111173697292e-02 1.76966921511004e-03 
3.51638533247894e+00 5.88790326662902e-02 1.75925134844950e-03 
3.54022523303812e+00 5.87468491729629e-02 1.74894415829865e-03 
3.56406513359730e+00 5.86145688219409e-02 1.73874771998900e-03 
3.58790503415648e+00 5.84821933790072e-02 1.72866198278769e-03 
3.61174493471566e+00 5.83497244528205e-02 1.71867651823166e-03 
3.63558483527484e+00 5.82172182484019e-02 1.70878896808682e-03 
3.65942473583402e+00 5.80846759138289e-02 1.69901107944325e-03 
3.68326463639320e+00 5.79520980684643e-02 1.68934248363766e-03 
3.70710453695237e+00 5.78194852175487e-02 1.67978263960241e-03 
3.73094443751155e+00 5.76868377593777e-02 1.67033093117589e-03 
3.75478433807073e+00 5.75541559920761e-02 1.66098667376459e-03 
3.77862423862991e+00 5.74214401200621e-02 1.65174912025883e-03 
3.80246413918909e+00 5.72886902601906e-02 1.64261746701502e-03 
3.82630403974827e+00 5.71559064475422e-02 1.63359085958374e-03 
3.85014394030745e+00 5.70230886408999e-02 1.62466839780811e-03 
3.87398384086663e+00 5.68902367279415e-02 1.61584914058921e-03 
3.89782374142581e+00 5.67573505301464e-02 1.60713211047890e-03 
3.92166364198499e+00 5.66244298074196e-02 1.59851629795286e-03 
3.94550354254417e+00 5.64914742624581e-02 1.59000066537164e-03 
3.96934344310335e+00 5.63584835448620e-02 1.58158415033646e-03 
3.99318334366253e+00 5.62254572550674e-02 1.57327002633455e-03 
4.01702324422171e+00 5.60923753210777e-02 1.56507386036852e-03 
4.04086314478088e+00 5.59591657112603e-02 1.55699173891370e-03 
4.06470304534006e+00 5.58258287424083e-02 1.54900449536347e-03 
4.08854294589924e+00 5.56923646799695e-02 1.54111098456782e-03 
4.11238284645842e+00 5.55587737411641e-02 1.53331005376272e-03 
4.13622274701760e+00 5.54250560979904e-02 1.52560054462285e-03 
4.16006264757678e+00 5.52912118800221e-02 1.51798129527835e-03 
4.18390254813596e+00 5.51572411770874e-02 1.51045113746804e-03 
4.20774244869514e+00 5.50231440425903e-02 1.50300889884056e-03 
4.23158234925432e+00 5.48889204958120e-02 1.49565341379083e-03 
4.25542224981350e+00 5.47545705233081e-02 1.48838352467917e-03 
4.27926215037268e+00 5.46200940809541e-02 1.48119807858652e-03 
4.30310205093186e+00 5.44854910958907e-02 1.47409592545699e-03 
4.32694195149104e+00 5.43507614688840e-02 1.46707591923623e-03 
4.35078185205021e+00 5.42159050760458e-02 1.46013692365786e-03 
4.37462175260939e+00 5.40809217701047e-02 1.45327781304952e-03 
4.39846165316857e+00 5.39458113819249e-02 1.44649746977915e-03 
4.42230155372775e+00 5.38105737221985e-02 1.43979478455413e-03 
4.44614145428693e+00 5.36752085828668e-02 1.43316865836274e-03 
4.46998135484611e+00 5.35397157384018e-02 1.42661799749873e-03 
4.49382125540529e+00 5.34040949481189e-02 1.42013456992620e-03 
4.51766115596447e+00 5.32683728994389e-02 1.41369412218390e-03 
4.54150105652365e+00 5.31326337160756e-02 1.40730144649616e-03 
4.56534095708283e+00 5.29968762471888e-02 1.40097982927339e-03 
4.58918085764201e+00 5.28610993452401e-02 1.39472825038099e-03 
4.61302075820119e+00 5.27253018667140e-02 1.38854570146519e-03 
4.63686065876037e+00 5.25894826727544e-02 1.38243118621392e-03 
4.66070055931954e+00 5.24536406297818e-02 1.37638372055279e-03 
4.68454045987872e+00 5.23177746100363e-02 1.37040233282886e-03 
4.70838036043790e+00 5.21818834921042e-02 1.36448606393639e-03 
4.73222026099708e+00 5.20459661613801e-02 1.35863396743853e-03 
4.75606016155626e+00 5.19100215105124e-02 1.35284510964654e-03 
4.77990006211544e+00 5.17740484397931e-02 1.34711856968204e-03 
4.80373996267462e+00 5.16380458575333e-02 1.34145343949497e-03 
4.82757986323380e+00 5.15020126803918e-02 1.33584882386941e-03 
4.85141976379298e+00 5.13659478336922e-02 1.33030384039925e-03 
4.87525966435216e+00 5.12298502516986e-02 1.32481761945800e-03 
4.89909956491134e+00 5.10937188778814e-02 1.31938930414278e-03 
4.92293946547052e+00 5.09575526651475e-02 1.31401805021209e-03 
4.94677936602970e+00 5.08213505760615e-02 1.30870302599490e-03 
4.97061926658888e+00 5.06851115830382e-02 1.30344341230806e-03 
4.99445916714805e+00 5.05488346685249e-02 1.29824684942029e-03 
5.01829906770723e+00 5.04124910718181e-02 1.29313619807164e-03 
5.04213896826641e+00 5.02760042606711e-02 1.28810302067691e-03 
5.06597886882559e+00 5.01393739311669e-02 1.28312215981807e-03 
5.08981876938477e+00 5.00025997792681e-02 1.27819284753863e-03 
5.11365866994395e+00 4.98656815011689e-02 1.27331432758849e-03 
5.13749857050313e+00 4.97286187936404e-02 1.26848585527032e-03 
5.16133847106231e+00 4.95914113543549e-02 1.26370669728860e-03 
5.18517837162149e+00 4.94540588822029e-02 1.25897613149477e-03 
5.20901827218067e+00 4.93165610776138e-02 1.25429344672181e-03 
5.23285817273985e+00 4.91789176428506e-02 1.24965794281891e-03 
5.25669807329903e+00 4.90411282822655e-02 1.24506893050232e-03 
5.28053797385821e+00 4.89031927025699e-02 1.24052573108209e-03 
5.30437787441739e+00 4.87651106130943e-02 1.23602767625595e-03 
5.32821777497656e+00 4.86268817260485e-02 1.23157410794227e-03 
5.35205767553574e+00 4.84885057567645e-02 1.22716437817683e-03 
5.37589757609492e+00 4.83499824239272e-02 1.22279784894421e-03 
5.39973747665410e+00 4.82113114498018e-02 1.21847389196723e-03 
5.42357737721328e+00 4.80724925604607e-02 1.21419188852781e-03 
5.44741727777246e+00 4.79335254860011e-02 1.20995122932423e-03 
5.47125717833164e+00 4.77944099607541e-02 1.20575131428752e-03 
5.49509707889082e+00 4.76551457234961e-02 1.20159155239343e-03 
5.51893697945000e+00 4.75157325176525e-02 1.19747136156322e-03 
5.54277688000918e+00 4.73761700914853e-02 1.19339016852321e-03 
5.56661678056836e+00 4.72364581982829e-02 1.18934740861213e-03 
5.59045668112754e+00 4.70965965965466e-02 1.18534252562023e-03 
5.61429658168672e+00 4.69565850501731e-02 1.18137497163365e-03 
5.63813648224590e+00 4.68164233286344e-02 1.17744420688097e-03 
5.66197638280507e+00 4.66761112071529e-02 1.17354969958143e-03 
5.68581628336425e+00 4.65356484668748e-02 1.16969092579649e-03 
5.70965618392343e+00 4.63950348950398e-02 1.16586736928249e-03 
5.73349608448261e+00 4.62542702851482e-02 1.16207852134662e-03 
5.75733598504179e+00 4.61133544371255e-02 1.15832388070527e-03 
5.78117588560097e+00 4.59722871574848e-02 1.15460295334442e-03 
5.80501578616015e+00 4.58310682594864e-02 1.15091525238243e-03 
5.82885568671933e+00 4.56896975632956e-02 1.14726029793577e-03 
5.85269558727851e+00 4.55481748961386e-02 1.14363761698642e-03 
5.87653548783769e+00 4.54065000924564e-02 1.14004674325224e-03 
5.90037538839687e+00 4.52646729940567e-02 1.13648721705978e-03 
5.92421528895605e+00 4.51226934502642e-02 1.13295858521915e-03 
5.94805518951522e+00 4.49805613180700e-02 1.12946040090116e-03 
5.97189509007440e+00 4.48382764622782e-02 1.12599222351790e-03 
5.99573499063358e+00 4.46958387556525e-02 1.12255906155206e-03 
6.01957489119276e+00 4.45532332186697e-02 1.11917213443805e-03 
6.04341479175194e+00 4.44104284640873e-02 1.11582568563318e-03 
6.06725469231112e+00 4.42674246123248e-02 1.11250746077689e-03 
6.09109459287030e+00 4.41242217900256e-02 1.10921704325148e-03 
6.11493449342948e+00 4.39808201302728e-02 1.10595402198991e-03 
6.13877439398866e+00 4.38372197728021e-02 1.10271799137201e-03 
6.16261429454784e+00 4.36934208642140e-02 1.09950855112290e-03 
6.18645419510702e+00 4.35494235581826e-02 1.09632530621165e-03 
6.21029409566620e+00 4.34052280156641e-02 1.09316786675408e-03 
6.23413399622538e+00 4.32608344051027e-02 1.09003584791964e-03 
6.25797389678456e+00 4.31162429026339e-02 1.08692886983715e-03 
6.28181379734373e+00 4.29714536922877e-02 1.08384655750223e-03 
6.30565369790291e+00 4.28264669661890e-02 1.08078854068756e-03 
6.32949359846209e+00 4.26812829247572e-02 1.07775445385535e-03 
6.35333349902127e+00 4.25359017769036e-02 1.07474393607175e-03 
6.37717339958045e+00 4.23903237402278e-02 1.07175663092311e-03 
6.40101330013963e+00 4.22445490412120e-02 1.06879218643358e-03 
6.42485320069881e+00 4.20985779154146e-02 1.06585025498457e-03 
6.44869310125799e+00 4.19524106076620e-02 1.06293049323663e-03 
6.47253300181717e+00 4.18060473722388e-02 1.06003256205295e-03 
6.49637290237635e+00 4.16594884730767e-02 1.05715612642397e-03 
6.52021280293553e+00 4.15127341839422e-02 1.05430085539293e-03 
6.54405270349471e+00 4.13657847886235e-02 1.05146642198437e-03 
6.56789260405389e+00 4.12186405811149e-02 1.04865250313391e-03 
6.59173250461307e+00 4.10713018658011e-02 1.04585877961970e-03 
6.61557240517224e+00 4.09237689576395e-02 1.04308493599507e-03 
6.63941230573142e+00 4.07760421823416e-02 1.04033066052257e-03 
6.66325220629060e+00 4.06281218765526e-02 1.03759564510992e-03 
6.68709210684978e+00 4.04800083880311e-02 1.03487958524683e-03 
6.71093200740896e+00 4.03317020758257e-02 1.03218217994369e-03 
6.73477190796814e+00 4.01832033104522e-02 1.02950313167117e-03 
6.75861180852732e+00 4.00345124740684e-02 1.02684214630136e-03 
6.78245170908650e+00 3.98856299606486e-02 1.02419893305035e-03 
6.80629160964568e+00 3.97365561761560e-02 1.02157320442193e-03 
6.83013151020486e+00 3.95872915387148e-02 1.01896467615258e-03 
6.85397141076404e+00 3.94378364787808e-02 1.01637306715766e-03 
6.87781131132322e+00 3.92881914393107e-02 1.01379809947865e-03 
6.90165121188240e+00 3.91383568759304e-02 1.01123949823169e-03 
6.92549111244157e+00 3.89883332571025e-02 1.00869699155724e-03 
6.94933101300075e+00 3.88381210642921e-02 1.00617031057100e-03 
6.97317091355993e+00 3.86877207921316e-02 1.00365918931571e-03 
6.99701081411911e+00 3.85371329485850e-02 1.00120181073307e-03 
7.02085071467829e+00 3.83862623336069e-02 9.98862418659358e-04 
7.04469061523747e+00 3.82349503030636e-02 9.96601947964458e-04 
7.06853051579665e+00 3.80831983703081e-02 9.94354759887458e-04 
7.09237041635583e+00 3.79310080620906e-02 9.92120561816353e-04 
7.11621031691501e+00 3.77783809190842e-02 9.89899063698709e-04 
7.14005021747419e+00 3.76253184964073e-02 9.87689978003728e-04 
7.16389011803337e+00 3.74718223641406e-02 9.85493019685404e-04 
7.18773001859255e+00 3.73178941078409e-02 9.83307906146775e-04 
7.21156991915173e+00 3.71635353290506e-02 9.81134357204814e-04 
7.23540981971091e+00 3.70087476458025e-02 9.78972095056399e-04 
7.25924972027008e+00 3.68535326931217e-02 9.76820844245384e-04 
7.28308962082926e+00 3.66978921235222e-02 9.74680331630468e-04 
7.30692952138844e+00 3.65418276074999e-02 9.72550286353673e-04 
7.33076942194762e+00 3.63853408340219e-02 9.70430439809970e-04 
7.35460932250680e+00 3.62284335110114e-02 9.68320525617901e-04 
7.37844922306598e+00 3.60711073658285e-02 9.66220279590448e-04 
7.40228912362516e+00 3.59133641457470e-02 9.64129439707211e-04 
7.42612902418434e+00 3.57552056184275e-02 9.62047746087332e-04 
7.44996892474352e+00 3.55966335723860e-02 9.59974940963059e-04 
7.47380882530270e+00 3.54376498174588e-02 9.57910768654267e-04 
7.49764872586188e+00 3.52782561852631e-02 9.55854975543388e-04 
7.52148862642106e+00 3.51184545296536e-02 9.53807310051358e-04 
7.54532852698024e+00 3.49582467271755e-02 9.51767522614355e-04 
7.56916842753941e+00 3.47976346775125e-02 9.49735365661124e-04 
7.59300832809859e+00 3.46366203039317e-02 9.47710593590913e-04 
7.61684822865777e+00 3.44752055537238e-02 9.45692962752359e-04 
7.64068812921695e+00 3.43133923986393e-02 9.43682231422753e-04 
7.66452802977613e+00 3.41511828353207e-02 9.41678159788052e-04 
7.68836793033531e+00 3.39885788857304e-02 9.39680509923853e-04 
7.71220783089449e+00 3.38255825975747e-02 9.37689045776628e-04 
7.73604773145367e+00 3.36621960447233e-02 9.35703533145699e-04 
7.75988763201285e+00 3.34984213276246e-02 9.33723739665973e-04 
7.78372753257203e+00 3.33342605737172e-02 9.31749434791061e-04 
7.80756743313121e+00 3.31697159378365e-02 9.29780389777100e-04 
7.83140733369039e+00 3.30047896026175e-02 9.27816377667219e-04 
7.85524723424957e+00 3.28394837788932e-02 9.25857173276625e-04 
7.87908713480874e+00 3.26738007060881e-02 9.23902553178102e-04 
7.90292703536792e+00 3.25077426526086e-02 9.21952295688140e-04 
7.92676693592710e+00 3.23413119162271e-02 9.20006180853611e-04 
7.95060683648628e+00 3.21745108244638e-02 9.18063990438858e-04 
7.97444673704546e+00 3.20073417349621e-02 9.16125507913691e-04 
7.99828663760464e+00 3.18398070358606e-02 9.14159473050048e-04 
8.02212653816382e+00 3.16719863941656e-02 9.12124415567474e-04 
8.04596643872300e+00 3.15039849409588e-02 9.10051875514185e-04 
8.06980633928218e+00 3.13358043814605e-02 9.07983868790545e-04 
8.09364623984136e+00 3.11674464451054e-02 9.05920219683399e-04 
8.11748614040054e+00 3.09989128856755e-02 9.03860754094470e-04 
8.14132604095972e+00 3.08302054814318e-02 9.01805299526867e-04 
8.16516594151890e+00 3.06613260352432e-02 8.99753685071794e-04 
8.18900584207807e+00 3.04922763747119e-02 8.97705741395861e-04 
8.21284574263725e+00 3.03230583522980e-02 8.95661300728808e-04 
8.23668564319643e+00 3.01536738454401e-02 8.93620196851509e-04 
8.26052554375561e+00 2.99841247566744e-02 8.91582265084378e-04 
8.28436544431479e+00 2.98144130137501e-02 8.89547342276073e-04 
8.30820534487397e+00 2.96445405697433e-02 8.87515266792644e-04 
8.33204524543315e+00 2.94745094031675e-02 8.85485878507181e-04 
8.35588514599233e+00 2.93043215180818e-02 8.83459018789376e-04 
8.37972504655151e+00 2.91339789441963e-02 8.81434530495651e-04 
8.40356494711069e+00 2.89634837369746e-02 8.79412257959877e-04 
8.42740484766987e+00 2.87928379777339e-02 8.77392046984050e-04 
8.45124474822905e+00 2.86220437737419e-02 8.75373744829416e-04 
8.47508464878823e+00 2.84511032583113e-02 8.73357200207881e-04 
8.49892454934741e+00 2.82800185908912e-02 8.71342263273793e-04 
8.52276444990659e+00 2.81087919571558e-02 8.69328785615997e-04 
8.54660435046577e+00 2.79374255690898e-02 8.67316620250045e-04 
8.57044425102494e+00 2.77659216650716e-02 8.65305621610955e-04 
8.59428415158412e+00 2.75942825099528e-02 8.63295645546083e-04 
8.61812405214330e+00 2.74225103951353e-02 8.61286549308285e-04 
8.64196395270248e+00 2.72506076386449e-02 8.59278191549361e-04 
8.66580385326166e+00 2.70785765852024e-02 8.57270432313812e-04 
8.68964375382084e+00 2.69064196062909e-02 8.55263133032881e-04 
8.71348365438002e+00 2.67341391002208e-02 8.53256156518647e-04 
8.73732355493920e+00 2.65617374921912e-02 8.51249366958630e-04 
8.76116345549838e+00 2.63892172343481e-02 8.49242629910440e-04 
8.78500335605756e+00 2.62165808058397e-02 8.47235812296848e-04 
8.80884325661674e+00 2.60438307128685e-02 8.45228782401093e-04 
8.83268315717592e+00 2.58709694887393e-02 8.43221409862056e-04 
8.85652305773509e+00 2.56979996939055e-02 8.41213565670059e-04 
8.88036295829427e+00 2.55249239160105e-02 8.39205122162928e-04 
8.90420285885345e+00 2.53517447699268e-02 8.37195953021954e-04 
8.92804275941263e+00 2.51784648977914e-02 8.35185933268232e-04 
8.95188265997181e+00 2.50050869690375e-02 8.33174939259258e-04 
8.97572256053099e+00 2.48316136804235e-02 8.31162848685582e-04 
8.99956246109017e+00 2.46580477560576e-02 8.29149540567899e-04 
9.02340236164935e+00 2.44843919474199e-02 8.27134895254147e-04 
9.04724226220853e+00 2.43106490333800e-02 8.25118794416680e-04 
9.07108216276771e+00 2.41368218202121e-02 8.23101121049974e-04 
9.09492206332689e+00 2.39629131416054e-02 8.21081759468351e-04 
9.11876196388607e+00 2.37889258586719e-02 8.19060595303753e-04 
9.14260186444525e+00 2.36148628599500e-02 8.17037515503842e-04 
9.16644176500442e+00 2.34407270614044e-02 8.15012408330265e-04 
9.19028166556360e+00 2.32665214064225e-02 8.12985163357044e-04 
9.21412156612278e+00 2.30922488658075e-02 8.10955671469128e-04 
9.23796146668196e+00 2.29179124377663e-02 8.08923824861123e-04 
9.26180136724114e+00 2.27435151478958e-02 8.06889517036191e-04 
9.28564126780032e+00 2.25690600491630e-02 8.04852642805055e-04 
9.30948116835950e+00 2.23945502218833e-02 8.02813098285188e-04 
9.33332106891868e+00 2.22199887736938e-02 8.00770780900147e-04 
9.35716096947786e+00 2.20453788395229e-02 7.98725589379082e-04 
9.38100087003704e+00 2.18707235815560e-02 7.96677423756244e-04 
9.40484077059622e+00 2.16960261891975e-02 7.94626185370783e-04 
9.42868067115540e+00 2.15212898790285e-02 7.92571776866599e-04 
9.45252057171458e+00 2.13465178947603e-02 7.90514102192379e-04 
9.47636047227376e+00 2.11717135071849e-02 7.88453066601723e-04 
9.50020037283294e+00 2.09968800141199e-02 7.86388576653230e-04 
9.52404027339211e+00 2.08220207403506e-02 7.84320540211014e-04 
9.54788017395129e+00 2.06471390375673e-02 7.82248866445113e-04 
9.57172007451047e+00 2.04722382842986e-02 7.80173465832015e-04 
9.59555997506965e+00 2.02973218858408e-02 7.78094250155400e-04 
9.61939987562883e+00 2.01223932741826e-02 7.76011132506927e-04 
9.64323977618801e+00 1.99474559079260e-02 7.73924027287025e-04 
9.66707967674719e+00 1.97725132722030e-02 7.71832850205936e-04 
9.69091957730637e+00 1.95975688785873e-02 7.69737518284798e-04 
9.71475947786555e+00 1.94226262650029e-02 7.67637949856679e-04 
9.73859937842473e+00 1.92476889956271e-02 7.65534064567898e-04 
9.76243927898391e+00 1.90727606607905e-02 7.63425783379389e-04 
9.78627917954309e+00 1.88978448768711e-02 7.61313028568035e-04 
9.81011908010226e+00 1.87229452861857e-02 7.59195723728148e-04 
9.83395898066144e+00 1.85480655568752e-02 7.57073793772980e-04 
9.85779888122062e+00 1.83732093827869e-02 7.54947164936338e-04 
9.88163878177980e+00 1.81983804833516e-02 7.52815764774321e-04 
9.90547868233898e+00 1.80235826034560e-02 7.50679522167021e-04 
9.92931858289816e+00 1.78488195133116e-02 7.48538367320335e-04 
9.95315848345734e+00 1.76740950083179e-02 7.46392231767789e-04 
9.97699838401652e+00 1.74994129089220e-02 7.44241048372423e-04 
1.00008382845757e+01 1.73247770604732e-02 7.41975561957548e-04 
1.00246781851349e+01 1.71505248280956e-02 7.39503259282167e-04 
1.00485180856941e+01 1.69769455328224e-02 7.36939029374510e-04 
1.00723579862532e+01 1.68040371893064e-02 7.34381192122805e-04 
1.00961978868124e+01 1.66317978196027e-02 7.31829723826172e-04 
1.01200377873716e+01 1.64602254530843e-02 7.29284601105342e-04 
1.01438776879308e+01 1.62893181263580e-02 7.26745800897595e-04 
1.01677175884900e+01 1.61190738831820e-02 7.24213300451769e-04 
1.01915574890491e+01 1.59494907743851e-02 7.21687077323250e-04 
1.02153973896083e+01 1.57805668577866e-02 7.19167109369088e-04 
1.02392372901675e+01 1.56123001981183e-02 7.16653374743260e-04 
1.02630771907267e+01 1.54446888669468e-02 7.14145851891987e-04 
1.02869170912859e+01 1.52777309425976e-02 7.11644519549022e-04 
1.03107569918450e+01 1.51114245100806e-02 7.09149356731066e-04 
1.03345968924042e+01 1.49457676610162e-02 7.06660342733230e-04 
1.03584367929634e+01 1.47807584935629e-02 7.04177457124620e-04 
1.03822766935226e+01 1.46163951123465e-02 7.01700679743953e-04 
1.04061165940817e+01 1.44526756283895e-02 6.99229990695209e-04 
1.04299564946409e+01 1.42895981590422e-02 6.96765370343408e-04 
1.04537963952001e+01 1.41271608279153e-02 6.94306799310420e-04 
1.04776362957593e+01 1.39653617648125e-02 6.91854258470789e-04 
1.05014761963185e+01 1.38041991056652e-02 6.89407728947660e-04 
1.05253160968776e+01 1.36436709924678e-02 6.86967192108844e-04 
1.05491559974368e+01 1.34837755732142e-02 6.84532629562798e-04 
1.05729958979960e+01 1.33245110018350e-02 6.82104023154713e-04 
1.05968357985552e+01 1.31658754381361e-02 6.79681354962732e-04 
1.06206756991144e+01 1.30078670477382e-02 6.77264607294141e-04 
1.06445155996735e+01 1.28504840020172e-02 6.74853762681656e-04 
1.06683555002327e+01 1.26937244780455e-02 6.72448803879727e-04 
1.06921954007919e+01 1.25375866585346e-02 6.70049713860916e-04 
1.07160353013511e+01 1.23820687317781e-02 6.67656475812338e-04 
1.07398752019103e+01 1.22271688915962e-02 6.65269073132172e-04 
1.07637151024694e+01 1.20728853372804e-02 6.62887489426182e-04 
1.07875550030286e+01 1.19192162735400e-02 6.60511708504291e-04 
1.08113949035878e+01 1.17661599104490e-02 6.58141714377235e-04 
1.08352348041470e+01 1.16137144633932e-02 6.55777491253232e-04 
1.08590747047062e+01 1.14618781530198e-02 6.53419023534731e-04 
1.08829146052653e+01 1.13106492051860e-02 6.51066295815199e-04 
1.09067545058245e+01 1.11600258509100e-02 6.48719292875924e-04 
1.09305944063837e+01 1.10100063263215e-02 6.46377999682909e-04 
1.09544343069429e+01 1.08605888726144e-02 6.44042401383802e-04 
1.09782742075020e+01 1.07117717359985e-02 6.41712483304814e-04 
1.10021141080612e+01 1.05635531676540e-02 6.39388230947767e-04 
1.10259540086204e+01 1.04159314236851e-02 6.37069629987160e-04 
1.10497939091796e+01 1.02689047650755e-02 6.34756666267220e-04 
1.10736338097388e+01 1.01224714576437e-02 6.32449325799058e-04 
1.10974737102979e+01 9.97662977199998e-03 6.30147594757847e-04 
1.11213136108571e+01 9.83137798350323e-03 6.27851459480068e-04 
1.11451535114163e+01 9.68671437221920e-03 6.25560906460720e-04 
1.11689934119755e+01 9.54263722287902e-03 6.23275922350625e-04 
1.11928333125347e+01 9.39914482483858e-03 6.20996493953839e-04 
1.12166732130938e+01 9.25623547203852e-03 6.18722608224936e-04 
1.12405131136530e+01 9.11390746296496e-03 6.16454252266454e-04 
1.12643530142122e+01 8.97215910061086e-03 6.14191413326371e-04 
1.12881929147714e+01 8.83098869243801e-03 6.11934078795567e-04 
1.13120328153306e+01 8.69039455033969e-03 6.09682236205373e-04 
1.13358727158897e+01 8.55037499060395e-03 6.07435873225087e-04 
1.13597126164489e+01 8.41092833387752e-03 6.05194977659626e-04 
1.13835525170081e+01 8.27205290513032e-03 6.02959537447126e-04 
1.14073924175673e+01 8.13374703362059e-03 6.00729540656592e-04 
1.14312323181265e+01 7.99600905286058e-03 5.98504975485668e-04 
1.14550722186856e+01 7.85883730058288e-03 5.96285830258282e-04 
1.14789121192448e+01 7.72223011870726e-03 5.94072093422457e-04 
1.15027520198040e+01 7.58618585330815e-03 5.91863753548111e-04 
1.15265919203632e+01 7.45070285458262e-03 5.89660799324868e-04 
1.15504318209224e+01 7.31577947681892e-03 5.87435770284652e-04 
1.15742717214815e+01 7.18142371231152e-03 5.85117633372335e-04 
1.15981116220407e+01 7.04766454395716e-03 5.82648281538394e-04 
1.16219515225999e+01 6.91453951455020e-03 5.80004618042333e-04 
1.16457914231591e+01 6.78208868142067e-03 5.77155904723684e-04 
1.16696313237182e+01 6.65036195768160e-03 5.74071178782863e-04 
1.16934712242774e+01 6.51941487167668e-03 5.70747387753848e-04 
1.17173111248366e+01 6.38930025767871e-03 5.67195108030619e-04 
1.17411510253958e+01 6.26006858989518e-03 5.63421532965198e-04 
1.17649909259550e+01 6.13176901664232e-03 5.59432391829802e-04 
1.17888308265141e+01 6.00444939865122e-03 5.55236752437592e-04 
1.18126707270733e+01 5.87815493224382e-03 5.50845967209085e-04 
1.18365106276325e+01 5.75292819633861e-03 5.46253981303125e-04 
1.18603505281917e+01 5.62881487352034e-03 5.41435795341321e-04 
1.18841904287509e+01 5.50586855050618e-03 5.36382339288508e-04 
1.19080303293100e+01 5.38414115822970e-03 5.31104974244611e-04 
1.19318702298692e+01 5.26368136195003e-03 5.25617650335097e-04 
1.19557101304284e+01 5.14453463313193e-03 5.19934017014810e-04 
1.19795500309876e+01 5.02674332290775e-03 5.14067416074948e-04 
1.20033899315468e+01 4.91034673691900e-03 5.08030525946707e-04 
1.20272298321059e+01 4.79538340381387e-03 5.01835838740994e-04 
1.20510697326651e+01 4.68188791052593e-03 4.95496150883720e-04 
1.20749096332243e+01 4.56989078790555e-03 4.89023750308838e-04 
1.20987495337835e+01 4.45941982965428e-03 4.82430358745615e-04 
1.21225894343427e+01 4.35050017167950e-03 4.75727364813109e-04 
1.21464293349018e+01 4.24315437175036e-03 4.68925822435671e-04 
1.21702692354610e+01 4.13740248930328e-03 4.62036449906314e-04 
1.21941091360202e+01 4.03326216525279e-03 4.55069629568094e-04 
1.22179490365794e+01 3.93074870167052e-03 4.48035408084188e-04 
1.22417889371385e+01 3.82987514120195e-03 4.40943497267505e-04 
1.22656288376977e+01 3.73065234609760e-03 4.33803275441057e-04 
1.22894687382569e+01 3.63308907674201e-03 4.26623789300872e-04 
1.23133086388161e+01 3.53719206957069e-03 4.19413756253513e-04 
1.23371485393753e+01 3.44296611427149e-03 4.12181567200981e-04 
1.23609884399344e+01 3.35041413017335e-03 4.04935289746127e-04 
1.23848283404936e+01 3.25953724173187e-03 3.97682671792375e-04 
1.24086682410528e+01 3.17033485302674e-03 3.90431145512203e-04 
1.24325081416120e+01 3.08280472119253e-03 3.83187831659299e-04 
1.24563480421712e+01 2.99694302870970e-03 3.75959544200131e-04 
1.24801879427303e+01 2.91274445448868e-03 3.68752795241239e-04 
1.25040278432895e+01 2.83020224368493e-03 3.61573800229286e-04 
1.25278677438487e+01 2.74930827618860e-03 3.54428483401618e-04 
1.25517076444079e+01 2.67005313373694e-03 3.47322483465740e-04 
1.25755475449671e+01 2.59242616560324e-03 3.40261159486921e-04 
1.25993874455262e+01 2.51641555282012e-03 3.33249596963817e-04 
1.26232273460854e+01 2.44200837090002e-03 3.26292614072809e-04 
1.26470672466446e+01 2.36919065102001e-03 3.19394768062405e-04 
1.26709071472038e+01 2.29794743964204e-03 3.12560361779911e-04 
1.26947470477630e+01 2.22826285654412e-03 3.05793450313246e-04 
1.27185869483221e+01 2.16012015124134e-03 2.99097847731541e-04 
1.27424268488813e+01 2.09350175777978e-03 2.92477133908956e-04 
1.27662667494405e+01 2.02838934788936e-03 2.85934661416833e-04 
1.27901066499997e+01 1.96476388248532e-03 2.79473562470069e-04 
1.28139465505589e+01 1.90260566151100e-03 2.73096755914319e-04 
1.28377864511180e+01 1.84189437211765e-03 2.66806954241367e-04 
1.28616263516772e+01 1.78260913517953e-03 2.60606670620710e-04 
1.28854662522364e+01 1.72472855014565e-03 2.54498225936123e-04 
1.29093061527956e+01 1.66823073823139e-03 2.48482799600902e-04 
1.29331460533547e+01 1.61309362406663e-03 2.42559931430386e-04 
1.29569859539139e+01 1.55929546919523e-03 2.36729507488468e-04 
1.29808258544731e+01 1.50681449694309e-03 2.30992922952438e-04 
1.30046657550323e+01 1.45562851488457e-03 2.25343296471390e-04 
1.30285056555915e+01 1.40571707790926e-03 2.19762277354643e-04 
1.30523455561506e+01 1.35706563065308e-03 2.14237894682187e-04 
1.30761854567098e+01 1.30966102808512e-03 2.08770683983129e-04 
1.31000253572690e+01 1.26348919955673e-03 2.03361819851562e-04 
1.31238652578282e+01 1.21853596523500e-03 1.98009600223935e-04 
1.31477051583874e+01 1.17478798996437e-03 1.92714443688510e-04 
1.31715450589465e+01 1.13223147932589e-03 1.87479591767238e-04 
1.31953849595057e+01 1.09085178542998e-03 1.82308484893628e-04 
1.32192248600649e+01 1.05063358961087e-03 1.77204551231822e-04 
1.32430647606241e+01 1.01156080979874e-03 1.72171379137037e-04 
1.32669046611833e+01 9.73616579026689e-04 1.67212195450763e-04 
1.32907445617424e+01 9.36783356935315e-04 1.62328999080326e-04 
1.33145844623016e+01 9.01043239328089e-04 1.57522765125628e-04 
1.33384243628608e+01 8.66378271312447e-04 1.52794849607355e-04 
1.33622642634200e+01 8.32770126467102e-04 1.48147311130815e-04 
1.33861041639792e+01 8.00200028714849e-04 1.43582368498688e-04 
1.34099440645383e+01 7.68648723288723e-04 1.39102117846905e-04 
1.34337839650975e+01 7.38096530859394e-04 1.34708402690824e-04 
1.34576238656567e+01 7.08523405070217e-04 1.30402816852764e-04 
1.34814637662159e+01 6.79908987325333e-04 1.26186383991347e-04 
1.35053036667751e+01 6.52232725415428e-04 1.22059374521742e-04 
1.35291435673342e+01 6.25474119297589e-04 1.18022009369962e-04 
1.35529834678934e+01 5.99612641472933e-04 1.14074925601682e-04 
1.35768233684526e+01 5.74627604225834e-04 1.10218815814474e-04 
1.36006632690118e+01 5.50498204105995e-04 1.06454179405741e-04 
1.36245031695709e+01 5.27203563848928e-04 1.02781333688701e-04 
1.36483430701301e+01 5.04722771790788e-04 9.92004247689003e-05 
1.36721829706893e+01 4.83034918836295e-04 9.57114381690944e-05 
1.36960228712485e+01 4.62119133040877e-04 9.23142091919747e-05 
1.37198627718077e+01 4.41954611870252e-04 8.90084330118944e-05 
1.37437026723668e+01 4.22520652202308e-04 8.57936744882694e-05 
1.37675425729260e+01 4.03796678137508e-04 8.26693776948153e-05 
1.37913824734852e+01 3.85762266685048e-04 7.96348751601721e-05 
1.38152223740444e+01 3.68397171392733e-04 7.66893968167951e-05 
1.38390622746036e+01 3.51681343988948e-04 7.38312185679130e-05 
1.38629021751627e+01 3.35595097765185e-04 7.10568725897076e-05 
1.38867420757219e+01 3.20119714506927e-04 6.83630061532229e-05 
1.39105819762811e+01 3.05237303275309e-04 6.57469340576836e-05 
1.39344218768403e+01 2.90930294831637e-04 6.32058123144279e-05 
1.39582617773995e+01 2.77182105900162e-04 6.07380198154212e-05 
1.39821016779586e+01 2.63976272496786e-04 5.83414076902859e-05 
1.40059415785178e+01 2.51296693199153e-04 5.60130009309941e-05 
1.40297814790770e+01 2.39128490201736e-04 5.37524567096141e-05 
1.40536213796362e+01 2.27456317827428e-04 5.15604507825278e-05 
1.40774612801954e+01 2.16264764099739e-04 4.94359237331671e-05 
1.41013011807545e+01 2.05538739669067e-04 4.73770754678061e-05 
1.41251410813137e+01 1.95263678012726e-04 4.53826611298979e-05 
1.41489809818729e+01 1.85425226543448e-04 4.34519166721726e-05 
1.41728208824321e+01 1.76009180913621e-04 4.15839029187761e-05 
1.41966607829912e+01 1.67001585258065e-04 3.97776149127517e-05 
1.42205006835504e+01 1.58388736286928e-04 3.80319536705295e-05 
1.42443405841096e+01 1.50157136306703e-04 3.63454471063648e-05 
1.42681804846688e+01 1.42293690374747e-04 3.47166777702345e-05 
1.42920203852280e+01 1.34785637338848e-04 3.31446394753465e-05 
1.43158602857871e+01 1.27620400861396e-04 3.16283101306731e-05 
1.43397001863463e+01 1.20785639494089e-04 3.01665220331907e-05 
1.43635400869055e+01 1.14269320597031e-04 2.87582294953111e-05 
1.43873799874647e+01 1.08059622891091e-04 2.74024702737102e-05 
1.44112198880239e+01 1.02144949433127e-04 2.60982266324746e-05 
1.44350597885830e+01 9.65139389517570e-05 2.48444325177439e-05 
1.44588996891422e+01 9.11554756318162e-05 2.36399589185598e-05 
1.44827395897014e+01 8.60586996304205e-05 2.24835751034815e-05 
1.45065794902606e+01 8.12130323314496e-05 2.13738829299430e-05 
1.45304193908198e+01 7.66082081773154e-05 2.03093327099791e-05 
1.45542592913789e+01 7.22343271357561e-05 1.92884517744263e-05 
1.45780991919381e+01 6.80818293924514e-05 1.83099970962921e-05 
1.46019390924973e+01 6.41414129970219e-05 1.73728366364329e-05 
1.46257789930565e+01 6.04040291778020e-05 1.64758340099770e-05 
1.46496188936157e+01 5.68608848180850e-05 1.56178411856266e-05 
1.46734587941748e+01 5.35034445941544e-05 1.47976918954425e-05 
1.46972986947340e+01 5.03234329926905e-05 1.40141525172937e-05 
1.47211385952932e+01 4.73128457124965e-05 1.32659585215972e-05 
1.47449784958524e+01 4.44639779563580e-05 1.25519144837852e-05 
1.47688183964116e+01 4.17693776894824e-05 1.18708821799477e-05 
1.47926582969707e+01 3.92218477073314e-05 1.12217106759133e-05 
1.48164981975299e+01 3.68144418680999e-05 1.06032487414255e-05 
1.48403380980891e+01 3.45404783273144e-05 1.00143864056382e-05 
1.48641779986483e+01 3.23935147534571e-05 9.45405022611328e-06 
1.48880178992074e+01 3.03673465309824e-05 8.92118155711932e-06 
1.49118577997666e+01 2.84560032638381e-05 8.41474205811640e-06 
1.49356977003258e+01 2.66537431377171e-05 7.93371351426597e-06 
1.49595376008850e+01 2.49550486752127e-05 7.47709545857629e-06 
1.49833775014442e+01 2.33546222591954e-05 7.04389973700380e-06 
1.50072174020033e+01 2.18473829337055e-05 6.63318877359648e-06 
1.50310573025625e+01 2.04306201062470e-05 6.24379555599177e-06 
1.50548972031217e+01 1.90998933581182e-05 5.87507090511406e-06 
1.50787371036809e+01 1.78504298583221e-05 5.52615464772855e-06 
1.51025770042401e+01 1.66776865114162e-05 5.19613230680110e-06 
1.51264169047992e+01 1.55773415860920e-05 4.88412035567730e-06 
1.51502568053584e+01 1.45452864310429e-05 4.58926607588214e-06 
1.51740967059176e+01 1.35776172984594e-05 4.31074732510569e-06 
1.51979366064768e+01 1.26706272931385e-05 4.04777222463199e-06 
1.52217765070360e+01 1.18207984629880e-05 3.79957877492338e-06 
1.52456164075951e+01 1.10247940446530e-05 3.56543440754074e-06 
1.52694563081543e+01 1.02794508760792e-05 3.34463548106237e-06 
1.52932962087135e+01 9.58177198604921e-06 3.13650672816289e-06 
1.53171361092727e+01 8.92891936908700e-06 2.94040066052904e-06 
1.53409760098319e+01 8.31820695260421e-06 2.75569693782171e-06 
1.53648159103910e+01 7.74709376176570e-06 2.58180170644521e-06 
1.53886558109502e+01 7.21317728626727e-06 2.41814691345367e-06 
1.54124957115094e+01 6.71418705204405e-06 2.26418960051321e-06 
1.54363356120686e+01 6.24797839985629e-06 2.11941118244657e-06 
1.54601755126277e+01 5.81252647172546e-06 1.98331671451259e-06 
1.54840154131869e+01 5.40592040531162e-06 1.85543415221911e-06 
1.55078553137461e+01 5.02635773552763e-06 1.73531360713223e-06 
1.55316952143053e+01 4.67213900197210e-06 1.62252660182770e-06 
1.55555351148645e+01 4.34166256012497e-06 1.51666532683177e-06 
1.55793750154236e+01 4.03341959368340e-06 1.41734190211798e-06 
1.56032149159828e+01 3.74598932491522e-06 1.32418764546295e-06 
1.56270548165420e+01 3.47803441946893e-06 1.23685234971837e-06 
1.56508947171012e+01 3.22829658169794e-06 1.15500357082637e-06 
1.56747346176604e+01 2.99559233622829e-06 1.07832592819176e-06 
1.56985745182195e+01 2.77880899121955e-06 1.00652041882656e-06 
1.57224144187787e+01 2.57690077853383e-06 9.39303746498542e-07 
1.57462543193379e+01 2.38888516583397e-06 8.76407666946658e-07 
1.57700942198971e+01 2.21383933547581e-06 8.17576149650536e-07 
1.57939341204563e+01 2.05087392697066e-06 7.62380296017239e-07 
1.58177740210154e+01 1.89925651843197e-06 7.10605735284519e-07 
1.58416139215746e+01 1.75822066481229e-06 6.62078572058739e-07 
1.58654538221338e+01 1.62711556748797e-06 6.16605013585633e-07 
1.58892937226930e+01 1.50526203924888e-06 5.74025674528230e-07 
1.59131336232522e+01 1.39208183416452e-06 5.34164572205445e-07 
1.59369735238113e+01 1.28697459272786e-06 4.96876131318201e-07 
1.59608134243705e+01 1.18942793449957e-06 4.62001106832156e-07 
1.59846533249297e+01 1.09891246631129e-06 4.29407081933411e-07 
1.60084932254889e+01 1.01497536764477e-06 3.98954543835395e-07 
1.60323331260481e+01 9.37151272571521e-07 3.70530099363216e-07 
1.60561730266072e+01 8.65038245563866e-07 3.44008254446103e-07 
1.60800129271664e+01 7.98224273713827e-07 3.19278533734460e-07 
1.61038528277256e+01 7.36356220811477e-07 2.96223624668788e-07 
1.61276927282848e+01 6.79073604136936e-07 2.74744187395023e-07 
1.61515326288439e+01 6.26067223903549e-07 2.54735571139711e-07 
1.61753725294031e+01 5.77022340449589e-07 2.36109182375745e-07 
1.61992124299623e+01 5.31668739052585e-07 2.18771961584281e-07 
1.62230523305215e+01 4.89732160767928e-07 2.02645078469078e-07 
1.62468922310807e+01 4.50976904902077e-07 1.87646015088672e-07 
1.62707321316398e+01 4.15164437222219e-07 1.73704793766470e-07 
1.62945720321990e+01 3.82089541914788e-07 1.60748435100212e-07 
1.63184119327582e+01 3.51545131492099e-07 1.48714967154892e-07 
1.63422518333174e+01 3.23352853534109e-07 1.37540005206309e-07 
1.63660917338766e+01 2.97333234700206e-07 1.27168796276397e-07 
1.63899316344357e+01 2.73331540057579e-07 1.17544671476418e-07 
1.64137715349949e+01 2.51192488891710e-07 1.08619368198443e-07 
1.64376114355541e+01 2.30782062782678e-07 1.00343121644127e-07 
1.64614513361133e+01 2.11966128812712e-07 9.26734876896583e-08 
1.64852912366725e+01 1.94628799647997e-07 8.55668607789018e-08 
1.65091311372316e+01 1.78654388456127e-07 7.89840662236343e-08 
1.65329710377908e+01 1.63942535994514e-07 7.28839526120215e-08 
1.65568109383500e+01 1.50394894537492e-07 6.72324662465566e-08 
1.65806508389092e+01 1.37926586715448e-07 6.19973620286427e-08 
1.66044907394684e+01 1.26452903520560e-07 5.71509481065595e-08 
1.66283306400275e+01 1.15900611330092e-07 5.26651155463157e-08 
1.66521705405867e+01 1.06196719172131e-07 4.85155833804744e-08 
1.66760104411459e+01 9.72781546872051e-08 4.46777192809150e-08 
1.66998503417051e+01 8.90821472401783e-08 4.11302780821067e-08 
1.67236902422643e+01 8.15544733169075e-08 3.78517290356114e-08 
1.67475301428234e+01 7.46412540019380e-08 3.48235220747277e-08 
1.67713700433826e+01 6.82959556850830e-08 3.20268828021898e-08 
1.67952099439418e+01 6.24724168944012e-08 2.94456475915304e-08 
1.68190498445010e+01 5.71307731186125e-08 2.70634829137240e-08 
1.68428897450601e+01 5.22315460022772e-08 2.48663327796701e-08 
1.68667296456193e+01 4.77406432940613e-08 2.28400180218050e-08 
1.68905695461785e+01 4.36243615994222e-08 2.09723392320115e-08 
1.69144094467377e+01 3.98535950000474e-08 1.92510128212534e-08 
1.69382493472969e+01 3.63996200828948e-08 1.76654705962892e-08 
1.69620892478560e+01 3.32376302658073e-08 1.62050919225427e-08 
1.69859291484152e+01 3.03431882008056e-08 1.48607381376535e-08 
1.70097690489744e+01 2.76951876228240e-08 1.36228370944031e-08 
1.70336089495336e+01 2.52694551919379e-08 1.24841016198683e-08 
1.70574488500928e+01 2.30484101337754e-08 1.14361381951230e-08 
1.70812887506519e+01 2.10150516378953e-08 1.04722856553339e-08 
1.71051286512111e+01 1.91546844941510e-08 9.58595425446505e-09 
1.71289685517703e+01 1.74528075845439e-08 8.77144552634774e-09 
1.71528084523295e+01 1.58968890477184e-08 8.02306849307641e-09 
1.71766483528887e+01 1.44745837393939e-08 7.33590461841150e-09 
1.72004882534478e+01 1.31752246021256e-08 6.70505038643870e-09 
1.72243281540070e+01 1.19883217595217e-08 6.12626960602240e-09 
1.72481680545662e+01 1.09048121553124e-08 5.59534668463977e-09 
1.72720079551254e+01 9.91579886836984e-09 5.10864084814020e-09 
1.72958478556846e+01 9.01359560063426e-09 4.66253578681730e-09 
1.73196877562437e+01 8.19067020139085e-09 4.25390896810685e-09 
1.73435276568029e+01 7.44051562973805e-09 3.87966473937051e-09 
1.73673675573621e+01 6.75676653935877e-09 3.53713051588417e-09 
1.73912074579213e+01 6.13392391896367e-09 3.22366181683375e-09 
1.74150473584805e+01 5.56661792088941e-09 2.93697576195344e-09 
1.74388872590396e+01 5.05020947297416e-09 2.67481784866731e-09 
1.74627271595988e+01 4.58017636035517e-09 2.43524192186020e-09 
1.74865670601580e+01 4.15261167281390e-09 2.21632974373775e-09 
1.75104069607172e+01 3.76371350368211e-09 2.01642543144768e-09 
1.75342468612763e+01 3.41019710926558e-09 1.83390001248988e-09 
1.75580867618355e+01 3.08887151155649e-09 1.66734726298210e-09 
1.75819266623947e+01 2.79697965933065e-09 1.51538647445744e-09 
1.76057665629539e+01 2.53184775411670e-09 1.37682567323970e-09 
1.76296064635131e+01 2.29116547395722e-09 1.25049674922948e-09 
1.76534463640722e+01 2.07269602629305e-09 1.13539119127525e-09 
1.76772862646314e+01 1.87450658444621e-09 1.03052254892891e-09 
1.77011261651906e+01 1.69472894659668e-09 9.35039074123742e-10 
1.77249660657498e+01 1.53174870337010e-09 8.48109209120427e-10 
1.77488059663090e+01 1.38400798627006e-09 7.69014873799088e-10 
1.77726458668681e+01 1.25016049684950e-09 6.97056304708611e-10 
1.77964857674273e+01 1.12890919518821e-09 6.31629161572672e-10 
1.78203256679865e+01 1.01913314472642e-09 5.72145591713368e-10 
1.78441655685457e+01 9.19754152827740e-10 5.18097840429667e-10 
1.78680054691049e+01 8.29840391480249e-10 4.68992890428742e-10 
1.78918453696640e+01 7.48496985627208e-10 4.24404840164332e-10 
1.79156852702232e+01 6.74950532840446e-10 3.83920877404964e-10 
1.79395251707824e+01 6.08459465781587e-10 3.47184329412418e-10 
1.79633650713416e+01 5.48382890929532e-10 3.13850081113218e-10 
1.79872049719008e+01 4.94107251154291e-10 2.83619893687713e-10 
1.80110448724599e+01 4.45102314781906e-10 2.56214886163390e-10 
1.80348847730191e+01 4.00864270477310e-10 2.31398466146984e-10 
1.80587246735783e+01 3.60949023666877e-10 2.08934719798456e-10 
1.80825645741375e+01 3.24933336212454e-10 1.88611021145341e-10 
1.81064044746966e+01 2.92451876633713e-10 1.70223257020609e-10 
1.81302443752558e+01 2.63157107831598e-10 1.53595273039644e-10 
1.81540842758150e+01 2.36749053095865e-10 1.38558424586402e-10 
1.81779241763742e+01 2.12942630083577e-10 1.24967173425197e-10 
1.82017640769334e+01 1.91491777970316e-10 1.12682333653172e-10 
1.82256039774925e+01 1.72162883975137e-10 1.01583793574846e-10 
1.82494438780517e+01 1.54754317728522e-10 9.15568053175663e-11 
1.82732837786109e+01 1.39074836793179e-10 8.25023489024210e-11 
1.82971236791701e+01 1.24959384938291e-10 7.43259256297004e-11 
1.83209635797293e+01 1.12251561897268e-10 6.69459910456691e-11 
1.83448034802884e+01 1.00816386152118e-10 6.02848052689542e-11 
1.83686433808476e+01 9.05260784589703e-11 5.42752864925972e-11 
1.83924832814068e+01 8.12703613146893e-11 4.88535490092251e-11 
1.84163231819660e+01 7.29449413497283e-11 4.39644665742600e-11 
1.84401630825252e+01 6.54598121386456e-11 3.95555934518302e-11 
1.84640029830843e+01 5.87299322641493e-11 3.55816753313377e-11 
1.84878428836435e+01 5.26819115852524e-11 3.19997023483679e-11 
1.85116827842027e+01 4.72464736863936e-11 2.87725625399351e-11 
1.85355226847619e+01 4.23638348283148e-11 2.58650202709467e-11 
1.85593625853211e+01 3.79776150154592e-11 2.32466719511730e-11 
1.85832024858802e+01 3.40391608750636e-11 2.08886801215762e-11 
1.86070423864394e+01 3.05026315448667e-11 1.87661620890609e-11 
1.86308822869986e+01 2.73284693705188e-11 1.68555403674917e-11 
1.86547221875578e+01 2.44794375993952e-11 1.51364709644681e-11 
1.86785620881169e+01 2.19234041608099e-11 1.35896959979567e-11 
1.87024019886761e+01 1.96301497167115e-11 1.21985987123468e-11 
1.87262418892353e+01 1.75735983256466e-11 1.09474648011464e-11 
1.87500817897945e+01 1.57292483789021e-11 9.82273510118053e-12 
1.87739216903537e+01 1.40759583527618e-11 8.81159919721276e-12 
1.87977615909128e+01 1.25938809007733e-11 7.90300352904617e-12 
1.88216014914720e+01 1.12658911018350e-11 7.08651486453096e-12 
1.88454413920312e+01 1.00759266034105e-11 6.35313074306723e-12 
1.88692812925904e+01 9.01012889644920e-12 5.69436190446112e-12 
1.88931211931496e+01 8.05551083340880e-12 5.10288315895393e-12 
1.89169610937087e+01 7.20086778265250e-12 4.57179328830832e-12 
1.89408009942679e+01 6.43570883988990e-12 4.09513722459974e-12 
1.89646408948271e+01 5.75098364186515e-12 3.66730966054069e-12 
1.89884807953863e+01 5.13822577659211e-12 3.28347515804985e-12 
1.90123206959455e+01 4.59013272285078e-12 2.93917105404341e-12 
1.90361605965046e+01 4.09991106119180e-12 2.63057435732894e-12 
1.90600004970638e+01 3.66161673810793e-12 2.35402796382289e-12 
1.90838403976230e+01 3.26970716436820e-12 2.10629932943767e-12 
1.91076802981822e+01 2.91940592201842e-12 1.88436179727032e-12 
1.91315201987414e+01 2.60626172769128e-12 1.68560709130547e-12 
1.91553600993005e+01 2.32643869382304e-12 1.50759451765804e-12 
1.91791999998597e+01 2.07636406551371e-12 1.34822079859531e-12 
1.92030399004189e+01 1.85295908689986e-12 1.20551895892815e-12 
1.92268798009781e+01 1.65335780821374e-12 1.07779397501527e-12 
1.92507197015373e+01 1.47509059682834e-12 9.63461603009881e-13 
1.92745596020964e+01 1.31585980627304e-12 8.61156653170984e-13 
1.92983995026556e+01 1.17368555578268e-12 7.69603906234235e-13 
1.93222394032148e+01 1.04672686562802e-12 6.87704481762459e-13 
1.93460793037740e+01 9.33397392665403e-13 6.14432516476400e-13 
1.93699192043331e+01 8.32222898113223e-13 5.48904014822424e-13 
1.93937591048923e+01 7.41933075647497e-13 4.90294197081150e-13 
1.94175990054515e+01 6.61348035313115e-13 4.37892350717309e-13 
1.94414389060107e+01 5.89451119349862e-13 3.91035752161946e-13 
1.94652788065699e+01 5.25298545515494e-13 3.49153338206323e-13 
1.94891187071290e+01 4.68077112973691e-13 3.11712908803443e-13 
1.95129586076882e+01 4.17032319637374e-13 2.78255875852827e-13 
1.95367985082474e+01 3.71514066920100e-13 2.48355101973893e-13 
1.95606384088066e+01 3.30919505086639e-13 2.21642532850739e-13 
1.95844783093658e+01 2.94729211890832e-13 1.97775548551977e-13 
1.96083182099249e+01 2.62461772785202e-13 1.76458923610408e-13 
1.96321581104841e+01 2.33702402630447e-13 1.57417987317261e-13 
1.96559980110433e+01 2.08066870609101e-13 1.40416065484398e-13 
1.96798379116025e+01 1.85224130742869e-13 1.25233083848774e-13 
1.97036778121617e+01 1.64867684003483e-13 1.11679412943629e-13 
1.97275177127208e+01 1.46733461806283e-13 9.95788202000060e-14 
1.97513576132800e+01 1.30577103889161e-13 8.87794531961858e-14 
1.97751975138392e+01 1.16188082817414e-13 7.91402640915758e-14 
1.97990374143984e+01 1.03371684838558e-13 7.05397175890076e-14 
1.98228773149576e+01 9.19601595549114e-14 6.28649863736616e-14 
1.98467172155167e+01 8.17984375389816e-14 5.60188510491295e-14 
1.98705571160759e+01 7.27529271527861e-14 4.99111056741730e-14 
1.98943970166351e+01 6.47001995835372e-14 4.44640217969209e-14 
1.99182369171943e+01 5.75339258680337e-14 3.96055157605006e-14 
1.99420768177534e+01 5.11559171037690e-14 3.52734729974457e-14 
1.99659167183126e+01 4.54815923211086e-14 3.14103189763668e-14 
1.99897566188718e+01 4.04328869019084e-14 2.79664698013141e-14 
2.00135965194310e+01 3.59424957885808e-14 2.48963992883551e-14 
2.00374364199902e+01 3.19476201608984e-14 2.21614595040721e-14 
2.00612763205493e+01 2.83947157905247e-14 1.97249599316785e-14 
2.00851162211085e+01 2.52344338427836e-14 1.75550416811866e-14 
2.01089561216677e+01 2.24242816242654e-14 1.56222572362178e-14 
2.01327960222269e+01 1.99251115147210e-14 1.39012508198136e-14 
2.01566359227861e+01 1.77032139519484e-14 1.23685955643518e-14 
2.01804758233452e+01 1.57275453142964e-14 1.10041191244605e-14 
2.02043157239044e+01 1.39713736798345e-14 9.78919143601343e-15 
2.02281556244636e+01 1.24100909023356e-14 8.70777007211610e-15 
2.02519955250228e+01 1.10225062266851e-14 7.74504520351788e-15 
2.02758354255820e+01 9.78912004562314e-15 6.88826363667493e-15 
2.02996753261411e+01 8.69314034431422e-15 6.12565683874585e-15 
2.03235152267003e+01 7.71912118719145e-15 5.44709026970901e-15 
2.03473551272595e+01 6.85376108528081e-15 4.84321563997832e-15 
2.03711950278187e+01 6.08482951931400e-15 4.30598238492719e-15 
2.03950349283779e+01 5.40179378917466e-15 3.82796748612071e-15 
2.04188748289370e+01 4.79497292600659e-15 3.40277820651271e-15 
2.04427147294962e+01 4.25602969331955e-15 3.02452246856522e-15 
2.04665546300554e+01 3.77730394740396e-15 2.68812585081403e-15 
2.04903945306146e+01 3.35219865941346e-15 2.38891318889916e-15 
2.05142344311738e+01 2.97465484142807e-15 2.12285799473765e-15 
2.05380743317329e+01 2.63945430914705e-15 1.88625203703087e-15 
2.05619142322921e+01 2.34180624952063e-15 1.67590151746297e-15 
2.05857541328513e+01 2.07758459719356e-15 1.48886622000430e-15 
2.06095940334105e+01 1.84300261464983e-15 1.32261375369868e-15 
2.06334339339696e+01 1.63479893757891e-15 1.17481369334472e-15 
2.06572738345288e+01 1.44998151584678e-15 1.04345880843704e-15 
2.06811137350880e+01 1.28597337640937e-15 9.26702657144048e-16 
2.07049536356472e+01 1.14041120750788e-15 8.22954833334062e-16 
2.07287935362064e+01 1.01125952109601e-15 7.30752884710591e-16 
2.07526334367655e+01 8.96652271007795e-16 6.48837119578424e-16 
2.07764733373247e+01 7.94982234624752e-16 5.76049628587547e-16 
2.08003132378839e+01 7.04776510811007e-16 5.11393016790679e-16 
2.08241531384431e+01 6.24766475775960e-16 4.53950820053319e-16 
2.08479930390023e+01 5.53789944928191e-16 4.02933600151669e-16 
2.08718329395614e+01 4.90845906194330e-16 3.57616243662205e-16 
2.08956728401206e+01 4.35017659807272e-16 3.17374126207647e-16 
2.09195127406798e+01 3.85515627151145e-16 2.81633728780684e-16 
2.09433526412390e+01 3.41616989528850e-16 2.49901000511974e-16 
2.09671925417982e+01 3.02699159426395e-16 2.21722476702879e-16 
2.09910324423573e+01 2.68192391287986e-16 1.96707646737456e-16 
2.10148723429165e+01 2.37606009066639e-16 1.74499052776257e-16 
2.10387122434757e+01 2.10491410118884e-16 1.54788842209498e-16 
2.10625521440349e+01 1.86461330490557e-16 1.37294029752467e-16 
2.10863920445941e+01 1.65161706276134e-16 1.21770087168298e-16 
2.11102319451532e+01 1.46287612781957e-16 1.07992898829396e-16 
2.11340718457124e+01 1.29560350902425e-16 9.57694330191603e-17 
2.11579117462716e+01 1.14739896597282e-16 8.49228274232804e-17 
2.11817516468308e+01 1.01606935521146e-16 7.53007460982818e-17 
2.12055915473900e+01 8.99725840583368e-17 6.67636571472488e-17 
2.12294314479491e+01 7.96643073636694e-17 5.91913753769831e-17 
2.12532713485083e+01 7.05335077656680e-17 5.24738514260470e-17 
2.12771112490675e+01 6.24444896928237e-17 4.65162925238769e-17 
2.13009511496267e+01 5.52803816347188e-17 4.12319269538622e-17 
2.13247910501858e+01 4.89344909748510e-17 3.65460107832631e-17 
2.13486309507450e+01 4.33149241684682e-17 3.23901455580606e-17 
2.13724708513042e+01 3.83378156571272e-17 2.87054124695081e-17 
2.13963107518634e+01 3.39309314187431e-17 2.54379110393414e-17 
2.14201506524226e+01 3.00283670780219e-17 2.25412100507597e-17 
2.14439905529817e+01 2.65733577484442e-17 1.99728457877567e-17 
2.14678304535409e+01 2.35141276194781e-17 1.76962381335143e-17 
2.14916703541001e+01 2.08060803063566e-17 1.56779427011277e-17 
2.15155102546593e+01 1.84085506640789e-17 1.38891483890999e-17 
2.15393501552185e+01 1.62865117581600e-17 1.23035216610279e-17 
2.15631900557776e+01 1.44080334224497e-17 1.08983766566231e-17 
2.15870299563368e+01 1.27456121639562e-17 9.65298445414921e-18 
2.16108698568960e+01 1.12741831915572e-17 8.54948708012084e-18 
2.16347097574552e+01 9.97215626833670e-18 7.57157180063080e-18 
2.16585496580144e+01 8.81986106623245e-18 6.70518488524861e-18 
2.16823895585735e+01 7.80035376752798e-18 5.93749238408912e-18 
2.17062294591327e+01 6.89820159332486e-18 5.25743736316603e-18 
2.17300693596919e+01 6.10011072508632e-18 4.65492546530037e-18 
2.17539092602511e+01 5.39397624370398e-18 4.12125982376616e-18 
2.17777491608103e+01 4.76937082533249e-18 3.64850294843154e-18 
2.18015890613694e+01 4.21680231655749e-18 3.22981607524547e-18 
2.18254289619286e+01 3.72809397729908e-18 2.85895933012975e-18 
2.18492688624878e+01 3.29580445236710e-18 2.53055643869221e-18 
2.18731087630470e+01 2.91352355649990e-18 2.23970330278076e-18 
2.18969486636061e+01 2.57541922688331e-18 1.98217442845286e-18 
2.19207885641653e+01 2.27646755553544e-18 1.75411647913235e-18 
2.19446284647245e+01 2.01209900518438e-18 1.55220920619148e-18 
2.19684683652837e+01 1.77837726684466e-18 1.37342559269093e-18 
2.19923082658429e+01 1.57172305142546e-18 1.21516127161297e-18 
2.20161481664020e+01 1.38905527657647e-18 1.07505917310142e-18 
2.20399880669612e+01 1.22757754706111e-18 9.51088479800249e-19 
2.20638279675204e+01 1.08486361549564e-18 8.41385852797952e-19 
2.20876678680796e+01 9.58710299264946e-19 7.44331287290814e-19 
2.21115077686388e+01 8.47220660231121e-19 6.58450630094958e-19 
2.21353476691979e+01 7.48672469891678e-19 5.82474668599108e-19 
2.21591875697571e+01 6.61582763084394e-19 5.15248675012325e-19 
2.21830274703163e+01 5.84605395763243e-19 4.55778362684661e-19 
2.22068673708755e+01 5.16581139805529e-19 4.03159298153085e-19 
2.22307072714347e+01 4.56457904323833e-19 3.56612640984654e-19 
2.22545471719938e+01 4.03329607256076e-19 3.15430063660066e-19 
2.22783870725530e+01 3.56374050593672e-19 2.79001544146912e-19 
2.23022269731122e+01 3.14883081001948e-19 2.46772389574935e-19 
2.23260668736714e+01 2.78214215700104e-19 2.18264847187853e-19 
2.23499067742306e+01 2.45814042518345e-19 1.93044574294778e-19 
2.23737466747897e+01 2.17180555412538e-19 1.70737441329018e-19 
2.23975865753489e+01 1.91881308056134e-19 1.51003373524803e-19 
2.24214264759081e+01 1.69524089920329e-19 1.33549414804192e-19 
2.24452663764673e+01 1.49771008702594e-19 1.18109321829955e-19 
2.24691062770265e+01 1.32315661511064e-19 1.04453720091867e-19 
2.24929461775856e+01 1.16894058374933e-19 9.23741863989690e-20 
2.25167860781448e+01 1.03266851056565e-19 8.16911438506253e-20 
2.25406259787040e+01 9.12278056562744e-20 7.22414463093696e-20 
2.25644658792632e+01 8.05899694453582e-20 6.38845152459787e-20 
2.25883057798223e+01 7.11922420273102e-20 5.64926563509160e-20 
2.26121456803815e+01 6.28886082257015e-20 4.99558294474948e-20 
2.26359855809407e+01 5.55532341871897e-20 4.41740964922152e-20 
2.26598254814999e+01 4.90720872718389e-20 3.90613287803177e-20 
2.26836653820591e+01 4.33468879509377e-20 3.45393175700362e-20 
2.27075052826182e+01 3.82885879173397e-20 3.05406551527982e-20 
2.27313451831774e+01 3.38204344844355e-20 2.70041423494448e-20 
2.27551850837366e+01 2.98728951783451e-20 2.38770273960488e-20 
2.27790249842958e+01 2.63860338004736e-20 2.11114249552678e-20 
2.28028648848550e+01 2.33055609217951e-20 1.86660558416978e-20 
2.28267047854141e+01 2.05846761160434e-20 1.65034549303767e-20 
2.28505446859733e+01 1.81809947688149e-20 1.45913229161725e-20 
2.28743845865325e+01 1.60579763375548e-20 1.29003494582948e-20 
2.28982244870917e+01 1.41825331719178e-20 1.14052634158288e-20 
2.29220643876509e+01 1.25261377710453e-20 1.00831357668693e-20 
2.29459042882100e+01 1.10629623594373e-20 8.91419551468994e-21 
2.29697441887692e+01 9.77073725310527e-21 7.88050672442648e-21 
2.29935840893284e+01 8.62930345288761e-21 6.96660415131680e-21 
2.30174239898876e+01 7.62127909616557e-21 6.15846543783422e-21 
2.30412638904468e+01 6.73093332550665e-21 5.44399680428459e-21 
2.30651037910059e+01 5.94469511200796e-21 4.81222573551398e-21 
2.30889436915651e+01 5.25028424502615e-21 4.25368337284198e-21 
2.31127835921243e+01 4.63711099487462e-21 3.75978384027969e-21 
2.31366234926835e+01 4.09559449866195e-21 3.32312096613043e-21 
2.31604633932427e+01 3.61747263522642e-21 2.93697990312549e-21 
2.31843032938018e+01 3.19527180019616e-21 2.59556750238181e-21 
2.32081431943610e+01 2.82254720918892e-21 2.29363177031813e-21 
2.32319830949202e+01 2.49347042161766e-21 2.02664067230551e-21 
2.32558229954794e+01 2.20301575436195e-21 1.79048565787719e-21 
2.32796628960385e+01 1.94663937567622e-21 1.58162036853429e-21 
2.33035027965977e+01 1.72042399793901e-21 1.39682970647641e-21 
2.33273426971569e+01 1.52082916830969e-21 1.23333735219875e-21 
2.33511825977161e+01 1.34480368746869e-21 1.08862594168235e-21 
2.33750224982753e+01 1.18959123927817e-21 9.60520300600556e-22 
2.33988623988344e+01 1.05281787568343e-21 8.47047484988446e-22 
2.34227022993936e+01 9.32340639064113e-22 7.46501082381773e-22 
2.34465421999528e+01 8.26315824610556e-22 6.57332359929029e-22 
2.34703821005120e+01 7.33080978425777e-22 5.78199769159367e-22 
2.34942220010712e+01 6.51208391667605e-22 5.07884388232346e-22 
2.35180619016303e+01 5.79412977519480e-22 4.45327818713020e-22 
2.35419018021895e+01 5.16594484277867e-22 3.89566626138603e-22 
2.35657417027487e+01 4.61765399310144e-22 3.39761073565689e-22 
2.35895816033079e+01 4.14084627956217e-22 2.95144451380018e-22 
2.36134215038671e+01 3.72800846781487e-22 2.55044505966281e-22 
2.36372614044262e+01 3.37279833250824e-22 2.18844479619127e-22 
2.36611013049854e+01 3.06959674782781e-22 1.85998626034845e-22 
2.36849412055446e+01 2.81373513799600e-22 1.56002512222737e-22 
2.37087811061038e+01 2.60113775795368e-22 1.28403635883499e-22 
2.37326210066630e+01 2.42851787876164e-22 1.02779118892016e-22 
2.37564609072221e+01 2.29308766405116e-22 7.87421310604363e-23 
2.37803008077813e+01 2.19273554168000e-22 5.59255650124523e-23 
2.38041407083405e+01 2.12578542973832e-22 3.39847066589598e-23 
2.38279806088997e+01 2.09116640752895e-22 2.31888973327275e-23 
