Energy(eV)           EEDF(eV^-(3/2))      Anisotropy(eV^-(3/2))
2.75800768379613e-03 6.83443148361438e-01 8.06409200731334e-05 
8.27402305138839e-03 6.83294604890629e-01 1.10738308270276e-04 
1.37900384189806e-02 6.83128678205324e-01 1.49983680622548e-04 
1.93060537865729e-02 6.82964387447300e-01 1.77823943708434e-04 
2.48220691541652e-02 6.82802062632872e-01 1.98367980457989e-04 
3.03380845217574e-02 6.82649796826477e-01 2.12288088927472e-04 
3.58540998893497e-02 6.82508204115204e-01 2.23003292834163e-04 
4.13701152569419e-02 6.82375943476251e-01 2.32124791533602e-04 
4.68861306245342e-02 6.82251365679257e-01 2.39005950760516e-04 
5.24021459921264e-02 6.82135838905657e-01 2.42224524866668e-04 
5.79181613597187e-02 6.82030817161835e-01 2.41065188285530e-04 
6.34341767273110e-02 6.81938296221266e-01 2.34896917469657e-04 
6.89501920949032e-02 6.81859671805565e-01 2.25541799082807e-04 
7.44662074624955e-02 6.81793190435368e-01 2.18156698317793e-04 
7.99822228300877e-02 6.81733947005291e-01 2.12227050842498e-04 
8.54982381976800e-02 6.81682452667951e-01 2.03260929496864e-04 
9.10142535652722e-02 6.81638968613636e-01 1.91266321563365e-04 
9.65302689328645e-02 6.81603506089896e-01 1.76256100429749e-04 
1.02046284300457e-01 6.81575826373283e-01 1.63542380807616e-04 
1.07562299668049e-01 6.81552000619861e-01 1.55742093066810e-04 
1.13078315035641e-01 6.81531517214678e-01 1.47236845714477e-04 
1.18594330403234e-01 6.81514347572553e-01 1.37926450306107e-04 
1.24110345770826e-01 6.81500017290594e-01 1.30632517055285e-04 
1.29626361138418e-01 6.81487327821384e-01 1.25147050061814e-04 
1.35142376506010e-01 6.81476279966806e-01 1.18704561611362e-04 
1.40658391873603e-01 6.81466849735987e-01 1.11307059203699e-04 
1.46174407241195e-01 6.81458988344556e-01 1.02957563784191e-04 
1.51690422608787e-01 6.81452622213156e-01 9.55278741915122e-05 
1.57206437976379e-01 6.81447174236745e-01 9.00082229310979e-05 
1.62722453343972e-01 6.81442502003393e-01 8.44144490920729e-05 
1.68238468711564e-01 6.81438577790894e-01 7.85764750802720e-05 
1.73754484079156e-01 6.81435298616400e-01 7.42279062686885e-05 
1.79270499446748e-01 6.81432347552902e-01 7.13432675200906e-05 
1.84786514814341e-01 6.81429721039052e-01 6.81370804830841e-05 
1.90302530181933e-01 6.81427412725281e-01 6.46097271469112e-05 
1.95818545549525e-01 6.81425413473768e-01 6.07617348694496e-05 
2.01334560917117e-01 6.81423711358406e-01 5.84218410037085e-05 
2.06850576284710e-01 6.81422081868092e-01 5.85767982959254e-05 
2.12366591652302e-01 6.81420451493065e-01 5.93534128977203e-05 
2.17882607019894e-01 6.81418821925991e-01 6.00892171813903e-05 
2.23398622387486e-01 6.81417194815025e-01 6.07842117083325e-05 
2.28914637755079e-01 6.81415571763811e-01 6.14383970393170e-05 
2.34430653122671e-01 6.81413954331483e-01 6.20517737344433e-05 
2.39946668490263e-01 6.81412344032666e-01 6.26243423595865e-05 
2.45462683857855e-01 6.81410742337476e-01 6.31561034846165e-05 
2.50978699225448e-01 6.81409150671522e-01 6.56586224366135e-05 
2.56494714593040e-01 6.81407370480542e-01 7.11302083187782e-05 
2.62010729960632e-01 6.81405282116038e-01 7.76603983617042e-05 
2.67526745328225e-01 6.81402855111223e-01 8.44017613497221e-05 
2.73042760695817e-01 6.81400057812921e-01 9.13541957016317e-05 
2.78558776063409e-01 6.81396857381813e-01 9.85176141739916e-05 
2.84074791431001e-01 6.81393219792717e-01 1.05891939304261e-04 
2.89590806798594e-01 6.81389109834903e-01 1.13477100170077e-04 
2.95106822166186e-01 6.81384491112439e-01 1.21273029972494e-04 
3.00622837533778e-01 6.81379326044579e-01 1.29885342788376e-04 
3.06138852901370e-01 6.81373476506487e-01 1.39659121023646e-04 
3.11654868268963e-01 6.81366821656028e-01 1.50043426888571e-04 
3.17170883636555e-01 6.81359297092187e-01 1.60706344125725e-04 
3.22686899004147e-01 6.81350836344994e-01 1.71647729490303e-04 
3.28202914371739e-01 6.81341370876805e-01 1.82867441121074e-04 
3.33718929739332e-01 6.81330830083712e-01 1.94365335929612e-04 
3.39234945106924e-01 6.81319141297093e-01 2.06141267488938e-04 
3.44750960474516e-01 6.81306229785304e-01 2.18195084304216e-04 
3.50266975842108e-01 6.81292018755525e-01 2.30932627938262e-04 
3.55782991209701e-01 6.81276327008941e-01 2.44668474494761e-04 
3.61299006577293e-01 6.81258972935247e-01 2.59023797435276e-04 
3.66815021944885e-01 6.81239851765279e-01 2.73700317387239e-04 
3.72331037312477e-01 6.81218855975398e-01 2.88697771623499e-04 
3.77847052680070e-01 6.81195875291517e-01 3.04015882648153e-04 
3.83363068047662e-01 6.81170796693459e-01 3.19654356650459e-04 
3.88879083415254e-01 6.81143504419659e-01 3.35612882085633e-04 
3.94395098782846e-01 6.81113879972231e-01 3.51891128340078e-04 
3.99911114150439e-01 6.81081802122415e-01 3.68333112232066e-04 
4.05427129518031e-01 6.81047202091404e-01 3.84777911186742e-04 
4.10943144885623e-01 6.81010019580790e-01 4.01372704306166e-04 
4.16459160253215e-01 6.80970135576128e-01 4.18268927168415e-04 
4.21975175620808e-01 6.80927428635867e-01 4.35466174344534e-04 
4.27491190988400e-01 6.80881774898014e-01 4.52964016908679e-04 
4.33007206355992e-01 6.80833048087208e-01 4.70762001458776e-04 
4.38523221723584e-01 6.80781119522231e-01 4.88859649132367e-04 
4.44039237091177e-01 6.80725858123968e-01 5.07256454634308e-04 
4.49555252458769e-01 6.80667130423829e-01 5.25951885235735e-04 
4.55071267826361e-01 6.80604800572657e-01 5.44945379773947e-04 
4.60587283193954e-01 6.80538730350141e-01 5.64236347652120e-04 
4.66103298561546e-01 6.80468779174734e-01 5.83824167818636e-04 
4.71619313929138e-01 6.80394804114120e-01 6.03708187743629e-04 
4.77135329296730e-01 6.80316659896224e-01 6.23887722384121e-04 
4.82651344664323e-01 6.80234198920798e-01 6.44362053142781e-04 
4.88167360031915e-01 6.80147271271598e-01 6.65130426813752e-04 
4.93683375399507e-01 6.80055724729160e-01 6.86192054521433e-04 
4.99199390767099e-01 6.79959404784215e-01 7.07476093046060e-04 
5.04715406134692e-01 6.79858193211815e-01 7.28855055513318e-04 
5.10231421502284e-01 6.79752005485080e-01 7.50396666856955e-04 
5.15747436869876e-01 6.79640686921362e-01 7.72219901861428e-04 
5.21263452237468e-01 6.79524080732796e-01 7.94323817756784e-04 
5.26779467605061e-01 6.79402028042046e-01 8.16707431909145e-04 
5.32295482972653e-01 6.79274367898734e-01 8.39369720771159e-04 
5.37811498340245e-01 6.79140937296572e-01 8.62309618828811e-04 
5.43327513707837e-01 6.79001571191204e-01 8.85526017536038e-04 
5.48843529075430e-01 6.78856102518795e-01 9.09017764248385e-04 
5.54359544443022e-01 6.78704362215366e-01 9.32783661143774e-04 
5.59875559810614e-01 6.78546179236903e-01 9.56822464140360e-04 
5.65391575178206e-01 6.78381380580257e-01 9.81132881812750e-04 
5.70907590545799e-01 6.78209791304854e-01 1.00571357429434e-03 
5.76423605913391e-01 6.78031234555228e-01 1.03056315218166e-03 
5.81939621280983e-01 6.77845531584401e-01 1.05568017542906e-03 
5.87455636648575e-01 6.77652501778132e-01 1.08106315224668e-03 
5.92971652016168e-01 6.77451962680034e-01 1.10671053798713e-03 
5.98487667383760e-01 6.77243730017604e-01 1.13262073403187e-03 
6.04003682751352e-01 6.77027617729165e-01 1.15879208668201e-03 
6.09519698118944e-01 6.76803437991743e-01 1.18522288603628e-03 
6.15035713486537e-01 6.76571001249901e-01 1.21191136487541e-03 
6.20551728854129e-01 6.76330116245542e-01 1.23885569754272e-03 
6.26067744221721e-01 6.76080590048706e-01 1.26605399882710e-03 
6.31583759589314e-01 6.75822228089369e-01 1.29350432284765e-03 
6.37099774956906e-01 6.75554834190270e-01 1.32120466193596e-03 
6.42615790324498e-01 6.75278210600780e-01 1.34915294551983e-03 
6.48131805692090e-01 6.74992158031833e-01 1.37734703901951e-03 
6.53647821059683e-01 6.74696475691924e-01 1.40578474273538e-03 
6.59163836427275e-01 6.74390961324216e-01 1.43446379074406e-03 
6.64679851794867e-01 6.74075411244740e-01 1.46338184980543e-03 
6.70195867162459e-01 6.73749620381736e-01 1.49253651826789e-03 
6.75711882530052e-01 6.73413382316124e-01 1.52192532498147e-03 
6.81227897897644e-01 6.73066489323141e-01 1.55154572822468e-03 
6.86743913265236e-01 6.72708732415149e-01 1.58139511463414e-03 
6.92259928632828e-01 6.72339901385628e-01 1.61147079814199e-03 
6.97775944000421e-01 6.71959784854376e-01 1.64176138081362e-03 
7.03291959368013e-01 6.71568178385393e-01 1.67218302709526e-03 
7.08807974735605e-01 6.71164945375171e-01 1.70274244749309e-03 
7.14323990103197e-01 6.70749874233107e-01 1.73351445982422e-03 
7.19840005470790e-01 6.70322752412039e-01 1.76449603949115e-03 
7.25356020838382e-01 6.69883366458564e-01 1.79568408457637e-03 
7.30872036205974e-01 6.69431502064608e-01 1.82707541489974e-03 
7.36388051573566e-01 6.68966944120248e-01 1.85866677109084e-03 
7.41904066941159e-01 6.68489476767805e-01 1.89045481367392e-03 
7.47420082308751e-01 6.67998883457215e-01 1.92243612217986e-03 
7.52936097676343e-01 6.67494947002680e-01 1.95460719427016e-03 
7.58452113043935e-01 6.66977449640629e-01 1.98696444488466e-03 
7.63968128411528e-01 6.66446173088963e-01 2.01950420541230e-03 
7.69484143779120e-01 6.65900898607630e-01 2.05222272287988e-03 
7.75000159146712e-01 6.65341407060501e-01 2.08511615916866e-03 
7.80516174514304e-01 6.64767478978584e-01 2.11818059025380e-03 
7.86032189881897e-01 6.64178894624556e-01 2.15141200547131e-03 
7.91548205249489e-01 6.63575434058632e-01 2.18480630681348e-03 
7.97064220617081e-01 6.62956877205768e-01 2.21835930824560e-03 
8.02580235984674e-01 6.62323003924210e-01 2.25206673505862e-03 
8.08096251352266e-01 6.61673594075377e-01 2.28592422325350e-03 
8.13612266719858e-01 6.61008427595087e-01 2.31992731895240e-03 
8.19128282087450e-01 6.60327284566129e-01 2.35407147784456e-03 
8.24644297455043e-01 6.59629945292173e-01 2.38835206466878e-03 
8.30160312822635e-01 6.58916190373017e-01 2.42276435272909e-03 
8.35676328190227e-01 6.58185800781180e-01 2.45730352344672e-03 
8.41192343557819e-01 6.57438557939815e-01 2.49196466595132e-03 
8.46708358925412e-01 6.56674243801957e-01 2.52674277671237e-03 
8.52224374293004e-01 6.55892640931093e-01 2.56163275920922e-03 
8.57740389660596e-01 6.55093532583040e-01 2.59662942364163e-03 
8.63256405028188e-01 6.54276702789136e-01 2.63172748668587e-03 
8.68772420395781e-01 6.53441936440722e-01 2.66692157129424e-03 
8.74288435763373e-01 6.52589019374912e-01 2.70220620654052e-03 
8.79804451130965e-01 6.51717738461639e-01 2.73757582751126e-03 
8.85320466498557e-01 6.50827881691952e-01 2.77302477524466e-03 
8.90836481866150e-01 6.49919238267571e-01 2.80854729672125e-03 
8.96352497233742e-01 6.48991598691662e-01 2.84413754490128e-03 
9.01868512601334e-01 6.48044754860834e-01 2.87978957881787e-03 
9.07384527968926e-01 6.47078500158319e-01 2.91549736372105e-03 
9.12900543336519e-01 6.46092629548337e-01 2.95125477127645e-03 
9.18416558704111e-01 6.45086939671610e-01 2.98705557982010e-03 
9.23932574071703e-01 6.44061228942003e-01 3.02289347466884e-03 
9.29448589439295e-01 6.43015297644275e-01 3.05876204849223e-03 
9.34964604806888e-01 6.41948948032911e-01 3.09465480173936e-03 
9.40480620174480e-01 6.40861984432005e-01 3.13056514312788e-03 
9.45996635542072e-01 6.39754213336166e-01 3.16648639019570e-03 
9.51512650909665e-01 6.38625443512424e-01 3.20241176991568e-03 
9.57028666277257e-01 6.37475486103090e-01 3.23833441937111e-03 
9.62544681644849e-01 6.36304154729553e-01 3.27424738649927e-03 
9.68060697012441e-01 6.35111265596969e-01 3.31014363090199e-03 
9.73576712380034e-01 6.33896637599800e-01 3.34601602472133e-03 
9.79092727747626e-01 6.32660092428185e-01 3.38185735358492e-03 
9.84608743115218e-01 6.31401454675080e-01 3.41766031762035e-03 
9.90124758482810e-01 6.30120551944137e-01 3.45341753253961e-03 
9.95640773850403e-01 6.28817214958286e-01 3.48912153079617e-03 
1.00115678921799e+00 6.27491277668955e-01 3.52312191285538e-03 
1.00667280458559e+00 6.26145086131481e-01 3.55476267879796e-03 
1.01218881995318e+00 6.24779557235303e-01 3.58566069363631e-03 
1.01770483532077e+00 6.23394591760704e-01 3.61647266676464e-03 
1.02322085068836e+00 6.21990093270348e-01 3.64719274808190e-03 
1.02873686605596e+00 6.20565968176118e-01 3.67781504325505e-03 
1.03425288142355e+00 6.19122125805989e-01 3.70833361486047e-03 
1.03976889679114e+00 6.17658478470910e-01 3.73874248356665e-03 
1.04528491215873e+00 6.16174941531659e-01 3.76903562935965e-03 
1.05080092752633e+00 6.14671433465644e-01 3.79920699280964e-03 
1.05631694289392e+00 6.13147875933607e-01 3.82925047638029e-03 
1.06183295826151e+00 6.11604193846216e-01 3.85915994578140e-03 
1.06734897362910e+00 6.10040315430486e-01 3.88892923136436e-03 
1.07286498899669e+00 6.08456172296020e-01 3.91855212955897e-03 
1.07838100436429e+00 6.06851699501012e-01 3.94802240435529e-03 
1.08389701973188e+00 6.05226835617992e-01 3.97733378882781e-03 
1.08941303509947e+00 6.03581522799268e-01 4.00647998670041e-03 
1.09492905046706e+00 6.01915706842031e-01 4.03545467395660e-03 
1.10044506583466e+00 6.00229337253080e-01 4.06425150049182e-03 
1.10596108120225e+00 5.98522367313137e-01 4.09286409180957e-03 
1.11147709656984e+00 5.96794754140703e-01 4.12128605075695e-03 
1.11699311193743e+00 5.95046458755424e-01 4.14951095930515e-03 
1.12250912730502e+00 5.93277446140921e-01 4.17753238037453e-03 
1.12802514267262e+00 5.91487685307040e-01 4.20534385969581e-03 
1.13354115804021e+00 5.89677149351494e-01 4.23293892771750e-03 
1.13905717340780e+00 5.87845815520841e-01 4.26031110155487e-03 
1.14457318877539e+00 5.85993665270757e-01 4.28745388697573e-03 
1.15008920414299e+00 5.84120684325576e-01 4.31436078043194e-03 
1.15560521951058e+00 5.82226862737029e-01 4.34102527113054e-03 
1.16112123487817e+00 5.80312194942164e-01 4.36744084314119e-03 
1.16663725024576e+00 5.78376679820384e-01 4.39360097754648e-03 
1.17215326561335e+00 5.76420320749566e-01 4.41949915463132e-03 
1.17766928098095e+00 5.74443125661216e-01 4.44512885610726e-03 
1.18318529634854e+00 5.72445107094616e-01 4.47048356737793e-03 
1.18870131171613e+00 5.70426282249915e-01 4.49555677984186e-03 
1.19421732708372e+00 5.68386673040113e-01 4.52034199322908e-03 
1.19973334245132e+00 5.66326306141911e-01 4.54549262178461e-03 
1.20524935781891e+00 5.64243989924821e-01 4.57179174662465e-03 
1.21076537318650e+00 5.62138259467837e-01 4.59855966918332e-03 
1.21628138855409e+00 5.60009138199071e-01 4.62499015797494e-03 
1.22179740392169e+00 5.57856655644061e-01 4.65107530631715e-03 
1.22731341928928e+00 5.55680847494346e-01 4.67680722667865e-03 
1.23282943465687e+00 5.53481755674234e-01 4.70217805411055e-03 
1.23834545002446e+00 5.51259428405686e-01 4.72717994972626e-03 
1.24386146539205e+00 5.49013920271251e-01 4.75180510422672e-03 
1.24937748075965e+00 5.46745292274968e-01 4.77604574147448e-03 
1.25489349612724e+00 5.44453611901169e-01 4.79989412210905e-03 
1.26040951149483e+00 5.42138953171115e-01 4.82334254720541e-03 
1.26592552686242e+00 5.39801396697370e-01 4.84638336197240e-03 
1.27144154223002e+00 5.37441029735876e-01 4.86900895948959e-03 
1.27695755759761e+00 5.35057946235624e-01 4.89121178448245e-03 
1.28247357296520e+00 5.32652246885861e-01 4.91298433713111e-03 
1.28798958833279e+00 5.30224039160768e-01 4.93431917691069e-03 
1.29350560370038e+00 5.27773437361530e-01 4.95520892646351e-03 
1.29902161906798e+00 5.25300562655724e-01 4.97518143553865e-03 
1.30453763443557e+00 5.22806493371560e-01 4.99326551924243e-03 
1.31005364980316e+00 5.20293368072067e-01 5.00994174285789e-03 
1.31556966517075e+00 5.17761333265397e-01 5.02618287750198e-03 
1.32108568053835e+00 5.15210541017199e-01 5.04198342003897e-03 
1.32660169590594e+00 5.12641148958607e-01 5.05733794546183e-03 
1.33211771127353e+00 5.10053320291918e-01 5.07224110981656e-03 
1.33763372664112e+00 5.07447223793927e-01 5.08668765312742e-03 
1.34314974200871e+00 5.04823033816882e-01 5.10067240232280e-03 
1.34866575737631e+00 5.02180930287012e-01 5.11419027415692e-03 
1.35418177274390e+00 4.99521098700613e-01 5.12723627812693e-03 
1.35969778811149e+00 4.96843730117636e-01 5.13980551938192e-03 
1.36521380347908e+00 4.94149021152767e-01 5.15189320162458e-03 
1.37072981884668e+00 4.91437173963942e-01 5.16349463000159e-03 
1.37624583421427e+00 4.88708396238287e-01 5.17460521398000e-03 
1.38176184958186e+00 4.85962901175446e-01 5.18522047020915e-03 
1.38727786494945e+00 4.83200907468269e-01 5.19533602536598e-03 
1.39279388031705e+00 4.80422639280828e-01 5.20494761897998e-03 
1.39830989568464e+00 4.77628326223750e-01 5.21405110623708e-03 
1.40382591105223e+00 4.74818203326833e-01 5.22264246075967e-03 
1.40934192641982e+00 4.71992511008919e-01 5.23071777736043e-03 
1.41485794178741e+00 4.69151495045017e-01 5.23827327476899e-03 
1.42037395715501e+00 4.66295406530646e-01 5.24530529832719e-03 
1.42588997252260e+00 4.63424501843383e-01 5.25181032265188e-03 
1.43140598789019e+00 4.60539042601605e-01 5.25778495426356e-03 
1.43692200325778e+00 4.57639295620406e-01 5.26322593417713e-03 
1.44243801862538e+00 4.54725532864677e-01 5.26813014045315e-03 
1.44795403399297e+00 4.51798031399346e-01 5.27249459070767e-03 
1.45347004936056e+00 4.48857073336756e-01 5.27631644457840e-03 
1.45898606472815e+00 4.45902945781194e-01 5.27959300614365e-03 
1.46450208009574e+00 4.42935940770546e-01 5.28232172629345e-03 
1.47001809546334e+00 4.39956355215088e-01 5.28450020504937e-03 
1.47553411083093e+00 4.36964490833415e-01 5.28612619383123e-03 
1.48105012619852e+00 4.33960654085496e-01 5.28719759766829e-03 
1.48656614156611e+00 4.30945156102871e-01 5.28771247735272e-03 
1.49208215693371e+00 4.27918312616000e-01 5.28766905153344e-03 
1.49759817230130e+00 4.24880443878746e-01 5.28689946729799e-03 
1.50311418766889e+00 4.21832272742863e-01 5.28301141197017e-03 
1.50863020303648e+00 4.18779885856314e-01 5.27623803494184e-03 
1.51414621840407e+00 4.15723556343340e-01 5.26902807492945e-03 
1.51966223377167e+00 4.12663558896994e-01 5.26138230052492e-03 
1.52517824913926e+00 4.09600169713789e-01 5.25330158517627e-03 
1.53069426450685e+00 4.06533666427385e-01 5.24478690743812e-03 
1.53621027987444e+00 4.03464328041354e-01 5.23583935118233e-03 
1.54172629524204e+00 4.00392434861035e-01 5.22646010576579e-03 
1.54724231060963e+00 3.97318268424501e-01 5.21665046615409e-03 
1.55275832597722e+00 3.94242111432672e-01 5.20641183300318e-03 
1.55827434134481e+00 3.91164247678589e-01 5.19574571269718e-03 
1.56379035671241e+00 3.88084961975880e-01 5.18465371734166e-03 
1.56930637208000e+00 3.85004540086440e-01 5.17313756471285e-03 
1.57482238744759e+00 3.81923268647357e-01 5.16119907816199e-03 
1.58033840281518e+00 3.78841435097105e-01 5.14884018647415e-03 
1.58585441818277e+00 3.75759327601043e-01 5.13606292368136e-03 
1.59137043355037e+00 3.72677234976235e-01 5.12286942883103e-03 
1.59688644891796e+00 3.69595446615632e-01 5.10926194570739e-03 
1.60240246428555e+00 3.66514252411638e-01 5.09524282250645e-03 
1.60791847965314e+00 3.63433942679101e-01 5.08081451146523e-03 
1.61343449502074e+00 3.60354808077746e-01 5.06597956844429e-03 
1.61895051038833e+00 3.57277139534096e-01 5.05074065246296e-03 
1.62446652575592e+00 3.54201228162906e-01 5.03510052518721e-03 
1.62998254112351e+00 3.51127365188146e-01 5.01906205037204e-03 
1.63549855649110e+00 3.48055841863561e-01 5.00262819325535e-03 
1.64101457185870e+00 3.44986949392853e-01 4.98580201990537e-03 
1.64653058722629e+00 3.41920978849509e-01 4.96858669652097e-03 
1.65204660259388e+00 3.38858221096318e-01 4.95098548868440e-03 
1.65756261796147e+00 3.35798966704608e-01 4.93300176056768e-03 
1.66307863332907e+00 3.32743505873238e-01 4.91463897409143e-03 
1.66859464869666e+00 3.29692128347390e-01 4.89590068803752e-03 
1.67411066406425e+00 3.26645123337187e-01 4.87679055711442e-03 
1.67962667943184e+00 3.23602779436185e-01 4.85731233097647e-03 
1.68514269479943e+00 3.20565384539762e-01 4.83746985319716e-03 
1.69065871016703e+00 3.17533225763464e-01 4.81726706019599e-03 
1.69617472553462e+00 3.14506589361322e-01 4.79670798011960e-03 
1.70169074090221e+00 3.11485760644201e-01 4.77579673167790e-03 
1.70720675626980e+00 3.08471023898198e-01 4.75453752293461e-03 
1.71272277163740e+00 3.05462662303155e-01 4.73293465005352e-03 
1.71823878700499e+00 3.02460957851293e-01 4.71099249600102e-03 
1.72375480237258e+00 2.99466191266042e-01 4.68871552920364e-03 
1.72927081774017e+00 2.96478641921077e-01 4.66610830216293e-03 
1.73478683310777e+00 2.93498587759621e-01 4.64317545002818e-03 
1.74030284847536e+00 2.90526305214040e-01 4.61992168912571e-03 
1.74581886384295e+00 2.87562069125784e-01 4.59635181544719e-03 
1.75133487921054e+00 2.84606152665700e-01 4.57247070309680e-03 
1.75685089457813e+00 2.81658827254769e-01 4.54828330269798e-03 
1.76236690994573e+00 2.78720362485302e-01 4.52379463976045e-03 
1.76788292531332e+00 2.75791026042635e-01 4.49900981300788e-03 
1.77339894068091e+00 2.72871083627360e-01 4.47393399266795e-03 
1.77891495604850e+00 2.69960798878147e-01 4.44857241872440e-03 
1.78443097141610e+00 2.67060433295174e-01 4.42293039913241e-03 
1.78994698678369e+00 2.64170246164225e-01 4.39701330799791e-03 
1.79546300215128e+00 2.61290494481482e-01 4.37082658372242e-03 
1.80097901751887e+00 2.58421432879062e-01 4.34437572711346e-03 
1.80649503288646e+00 2.55563313551329e-01 4.31766629946119e-03 
1.81201104825406e+00 2.52716386182020e-01 4.29070392058381e-03 
1.81752706362165e+00 2.49880897872234e-01 4.26349426684091e-03 
1.82304307898924e+00 2.47057093069315e-01 4.23604306911653e-03 
1.82855909435683e+00 2.44245213496656e-01 4.20835611077341e-03 
1.83407510972443e+00 2.41445498084490e-01 4.18043922557876e-03 
1.83959112509202e+00 2.38658182901675e-01 4.15229829560263e-03 
1.84510714045961e+00 2.35883501088531e-01 4.12393924909088e-03 
1.85062315582720e+00 2.33121682790754e-01 4.09536805831250e-03 
1.85613917119479e+00 2.30372955094444e-01 4.06659073738379e-03 
1.86165518656239e+00 2.27637541962294e-01 4.03761334006954e-03 
1.86717120192998e+00 2.24915664170951e-01 4.00844195756291e-03 
1.87268721729757e+00 2.22207539249613e-01 3.97908271624560e-03 
1.87820323266516e+00 2.19513381419867e-01 3.94954177542804e-03 
1.88371924803276e+00 2.16833401536825e-01 3.91982532507297e-03 
1.88923526340035e+00 2.14167807031570e-01 3.88993958350260e-03 
1.89475127876794e+00 2.11516801854957e-01 3.85989079508958e-03 
1.90026729413553e+00 2.08880586422798e-01 3.83068452001173e-03 
1.90578330950313e+00 2.06256394940097e-01 3.80309695729872e-03 
1.91129932487072e+00 2.03642086360770e-01 3.77604239615975e-03 
1.91681534023831e+00 2.01038006116763e-01 3.74866923694673e-03 
1.92233135560590e+00 1.98444496334730e-01 3.72098545807190e-03 
1.92784737097349e+00 1.95861895690342e-01 3.69299914169664e-03 
1.93336338634109e+00 1.93290539264198e-01 3.66471846965731e-03 
1.93887940170868e+00 1.90730758399486e-01 3.63615171931256e-03 
1.94439541707627e+00 1.88182880561465e-01 3.60730725931572e-03 
1.94991143244386e+00 1.85647229198912e-01 3.57819354531446e-03 
1.95542744781146e+00 1.83124123607608e-01 3.54881911558185e-03 
1.96094346317905e+00 1.80613878796006e-01 3.51919258658193e-03 
1.96645947854664e+00 1.78116805353156e-01 3.48932264847279e-03 
1.97197549391423e+00 1.75633209319006e-01 3.45921806055096e-03 
1.97749150928182e+00 1.73163392057183e-01 3.42888764664092e-03 
1.98300752464942e+00 1.70707650130346e-01 3.39834029043293e-03 
1.98852354001701e+00 1.68266275178217e-01 3.36758493077328e-03 
1.99403955538460e+00 1.65839553798383e-01 3.33663055691044e-03 
1.99955557075219e+00 1.63427767429968e-01 3.30548620370129e-03 
2.00507158611979e+00 1.61031192240267e-01 3.27416094678106e-03 
2.01058760148738e+00 1.58650099014425e-01 3.24266389770131e-03 
2.01610361685497e+00 1.56284753048263e-01 3.21100419903986e-03 
2.02161963222256e+00 1.53935414044323e-01 3.17919101948644e-03 
2.02713564759015e+00 1.51602336011223e-01 3.14723354890842e-03 
2.03265166295775e+00 1.49285767166406e-01 3.11514099340113e-03 
2.03816767832534e+00 1.46985949842343e-01 3.08292257032670e-03 
2.04368369369293e+00 1.44703120396287e-01 3.05058750334527e-03 
2.04919970906052e+00 1.42437509123633e-01 3.01814501744337e-03 
2.05471572442812e+00 1.40189340174962e-01 2.98560433396345e-03 
2.06023173979571e+00 1.37958831476829e-01 2.95297466563925e-03 
2.06574775516330e+00 1.35746194656355e-01 2.92026521164070e-03 
2.07126377053089e+00 1.33551634969692e-01 2.88748515263310e-03 
2.07677978589849e+00 1.31375351234407e-01 2.85464364585494e-03 
2.08229580126608e+00 1.29217535765829e-01 2.82174982021796e-03 
2.08781181663367e+00 1.27078374317434e-01 2.78881277143473e-03 
2.09332783200126e+00 1.24958046025281e-01 2.75584155717735e-03 
2.09884384736885e+00 1.22856723356559e-01 2.72252835091334e-03 
2.10435986273645e+00 1.20775657501541e-01 2.68813977616622e-03 
2.10987587810404e+00 1.18717577315083e-01 2.65307176847918e-03 
2.11539189347163e+00 1.16682473251042e-01 2.61815664810467e-03 
2.12090790883922e+00 1.14670330934719e-01 2.58339972671817e-03 
2.12642392420682e+00 1.12681131203763e-01 2.54880622063699e-03 
2.13193993957441e+00 1.10714850150902e-01 2.51438124942130e-03 
2.13745595494200e+00 1.08771459168468e-01 2.48012983453341e-03 
2.14297197030959e+00 1.06850924994685e-01 2.44605689805581e-03 
2.14848798567718e+00 1.04953209761675e-01 2.41216726146824e-03 
2.15400400104478e+00 1.03078271045167e-01 2.37846564448512e-03 
2.15952001641237e+00 1.01226061915848e-01 2.34495666395277e-03 
2.16503603177996e+00 9.93965309923446e-02 2.31164483280747e-03 
2.17055204714755e+00 9.75896224957707e-02 2.27853455909496e-03 
2.17606806251515e+00 9.58052763058258e-02 2.24563014505085e-03 
2.18158407788274e+00 9.40434280183876e-02 2.21293578624295e-03 
2.18710009325033e+00 9.23040090045657e-02 2.18045557077561e-03 
2.19261610861792e+00 9.05869464711730e-02 2.14819347855585e-03 
2.19813212398551e+00 8.88921635225714e-02 2.11623909100350e-03 
2.20364813935311e+00 8.72192704532703e-02 2.08502803889179e-03 
2.20916415472070e+00 8.55666180404709e-02 2.05444211561156e-03 
2.21468017008829e+00 8.39342121521895e-02 2.02400647638092e-03 
2.22019618545588e+00 8.23220530339698e-02 1.99372695708047e-03 
2.22571220082348e+00 8.07301353544694e-02 1.96360927673582e-03 
2.23122821619107e+00 7.91584482538737e-02 1.93365903550809e-03 
2.23674423155866e+00 7.76069753950884e-02 1.90388171277581e-03 
2.24226024692625e+00 7.60756950176586e-02 1.87428266530969e-03 
2.24777626229384e+00 7.45645799943632e-02 1.84486712554128e-03 
2.25329227766144e+00 7.30735978904268e-02 1.81564019992605e-03 
2.25880829302903e+00 7.16027110252944e-02 1.78660686740233e-03 
2.26432430839662e+00 7.01518765369081e-02 1.75777197794662e-03 
2.26984032376421e+00 6.87210464484244e-02 1.72914025122582e-03 
2.27535633913181e+00 6.73101677373092e-02 1.70071627534712e-03 
2.28087235449940e+00 6.59191824067466e-02 1.67250450570606e-03 
2.28638836986699e+00 6.45480275592923e-02 1.64450926393304e-03 
2.29190438523458e+00 6.31966354727059e-02 1.61673473693842e-03 
2.29742040060218e+00 6.18649336778901e-02 1.58918497605666e-03 
2.30293641596977e+00 6.05528450388668e-02 1.56186389628938e-03 
2.30845243133736e+00 5.92602878347162e-02 1.53477527564736e-03 
2.31396844670495e+00 5.79871758434057e-02 1.50792275459140e-03 
2.31948446207254e+00 5.67334184274316e-02 1.48130983557170e-03 
2.32500047744014e+00 5.54989206211991e-02 1.45493988266555e-03 
2.33051649280773e+00 5.42835832200610e-02 1.42881612131281e-03 
2.33603250817532e+00 5.30873028709375e-02 1.40294163814883e-03 
2.34154852354291e+00 5.19099721644373e-02 1.37731938093386e-03 
2.34706453891051e+00 5.07514797283997e-02 1.35195215857864e-03 
2.35258055427810e+00 4.96117103227758e-02 1.32684264126515e-03 
2.35809656964569e+00 4.84905449357686e-02 1.30199336066158e-03 
2.36361258501328e+00 4.73878608811485e-02 1.27740671023072e-03 
2.36912860038087e+00 4.63035318966614e-02 1.25308494563055e-03 
2.37464461574847e+00 4.52374282434479e-02 1.22903018520586e-03 
2.38016063111606e+00 4.41894168063880e-02 1.20524441056979e-03 
2.38567664648365e+00 4.31593611952899e-02 1.18172946727384e-03 
2.39119266185124e+00 4.21471218468376e-02 1.15848706556504e-03 
2.39670867721884e+00 4.11525561272156e-02 1.13551878122872e-03 
2.40222469258643e+00 4.01755184353249e-02 1.11282605651531e-03 
2.40774070795402e+00 3.92158603065094e-02 1.09041020114962e-03 
2.41325672332161e+00 3.82734305167083e-02 1.06827239342077e-03 
2.41877273868921e+00 3.73480751869520e-02 1.04641368135122e-03 
2.42428875405680e+00 3.64396378881198e-02 1.02483498394271e-03 
2.42980476942439e+00 3.55479597458778e-02 1.00353709249760e-03 
2.43532078479198e+00 3.46728795457152e-02 9.82520672013289e-04 
2.44083680015957e+00 3.38142338380001e-02 9.61786262647960e-04 
2.44635281552717e+00 3.29718570429737e-02 9.41334281255443e-04 
2.45186883089476e+00 3.21455815556056e-02 9.21165022987046e-04 
2.45738484626235e+00 3.13352378502325e-02 9.01278662958308e-04 
2.46290086162994e+00 3.05406545849023e-02 8.81675257978323e-04 
2.46841687699754e+00 2.97616587053498e-02 8.62354748339402e-04 
2.47393289236513e+00 2.89980755485284e-02 8.43316959664833e-04 
2.47944890773272e+00 2.82497289456260e-02 8.24561604812331e-04 
2.48496492310031e+00 2.75164413244914e-02 8.06088285830803e-04 
2.49048093846790e+00 2.67980338114028e-02 7.87896495968073e-04 
2.49599695383550e+00 2.60943263321083e-02 7.69985621727154e-04 
2.50151296920309e+00 2.54051377120712e-02 7.52469195946401e-04 
2.50702898457068e+00 2.47297845391356e-02 7.35368470594084e-04 
2.51254499993827e+00 2.40679785108547e-02 7.18548720770014e-04 
2.51806101530587e+00 2.34195825072823e-02 7.01973154142941e-04 
2.52357703067346e+00 2.27844569764295e-02 6.85642343489034e-04 
2.52909304604105e+00 2.21624600504268e-02 6.69556728941873e-04 
2.53460906140864e+00 2.15534476616665e-02 6.53716619888871e-04 
2.54012507677623e+00 2.09572736588162e-02 6.38122196953627e-04 
2.54564109214383e+00 2.03737899225958e-02 6.22773514060955e-04 
2.55115710751142e+00 1.98028464812138e-02 6.07670500581165e-04 
2.55667312287901e+00 1.92442916253559e-02 5.92812963550267e-04 
2.56218913824660e+00 1.86979720226269e-02 5.78200589962556e-04 
2.56770515361420e+00 1.81637328313427e-02 5.63832949132061e-04 
2.57322116898179e+00 1.76414178135766e-02 5.49709495119360e-04 
2.57873718434938e+00 1.71308694473618e-02 5.35829569220076e-04 
2.58425319971697e+00 1.66319290379581e-02 5.22192402511442e-04 
2.58976921508457e+00 1.61444368280901e-02 5.08797118453290e-04 
2.59528523045216e+00 1.56682321070691e-02 4.95642735539751e-04 
2.60080124581975e+00 1.52031533187116e-02 4.82728169997995e-04 
2.60631726118734e+00 1.47490381679718e-02 4.70052238530276e-04 
2.61183327655493e+00 1.43057237262058e-02 4.57613661095576e-04 
2.61734929192253e+00 1.38730465349909e-02 4.45411063727180e-04 
2.62286530729012e+00 1.34508427084245e-02 4.33442981382393e-04 
2.62838132265771e+00 1.30389480338295e-02 4.21707860820820e-04 
2.63389733802530e+00 1.26371980707984e-02 4.10204063507480e-04 
2.63941335339290e+00 1.22454282485092e-02 3.98929868537112e-04 
2.64492936876049e+00 1.18634739612505e-02 3.87883475576082e-04 
2.65044538412808e+00 1.14911706620954e-02 3.77063007818339e-04 
2.65596139949567e+00 1.11283539546684e-02 3.66466514951822e-04 
2.66147741486326e+00 1.07748596829511e-02 3.56091976131869e-04 
2.66699343023086e+00 1.04305240190776e-02 3.45937302958222e-04 
2.67250944559845e+00 1.00951835490713e-02 3.36000342452168e-04 
2.67802546096604e+00 9.76867535648057e-03 3.26278880030562e-04 
2.68354147633363e+00 9.45083710387262e-03 3.16770642473421e-04 
2.68905749170123e+00 9.14150711214846e-03 3.07473300881921e-04 
2.69457350706882e+00 8.84052443764518e-03 2.98384473623671e-04 
2.70008952243641e+00 8.54772894699522e-03 2.89501729262211e-04 
2.70560553780400e+00 8.26296138971516e-03 2.80822589467771e-04 
2.71112155317159e+00 7.98606346850023e-03 2.72344531906402e-04 
2.71663756853919e+00 7.71687790720361e-03 2.64064993104666e-04 
2.72215358390678e+00 7.45524851648302e-03 2.55981371287190e-04 
2.72766959927437e+00 7.20102025710007e-03 2.48091029184441e-04 
2.73318561464196e+00 6.95403930086109e-03 2.40391296808201e-04 
2.73870163000956e+00 6.71415308919112e-03 2.32879474192319e-04 
2.74421764537715e+00 6.48121038933581e-03 2.25552834096361e-04 
2.74973366074474e+00 6.25506134818896e-03 2.18408624669960e-04 
2.75524967611233e+00 6.03555754374636e-03 2.11444072075702e-04 
2.76076569147993e+00 5.82255203418931e-03 2.04656383068527e-04 
2.76628170684752e+00 5.61589940460419e-03 1.98042747529686e-04 
2.77179772221511e+00 5.41545581134702e-03 1.91600340953457e-04 
2.77731373758270e+00 5.22107902406466e-03 1.85326326884871e-04 
2.78282975295029e+00 5.03262846538689e-03 1.79217859306829e-04 
2.78834576831789e+00 4.84996524830607e-03 1.73272084975115e-04 
2.79386178368548e+00 4.67295221126360e-03 1.67486145699873e-04 
2.79937779905307e+00 4.50145395096461e-03 1.61852710323035e-04 
2.80489381442066e+00 4.33536199443042e-03 1.56362679366976e-04 
2.81040982978826e+00 4.17458022937895e-03 1.51019506914438e-04 
2.81592584515585e+00 4.01897201053036e-03 1.45828536805038e-04 
2.82144186052344e+00 3.86840297162242e-03 1.40786614189475e-04 
2.82695787589103e+00 3.72274103117383e-03 1.35890606798872e-04 
2.83247389125862e+00 3.58185639643632e-03 1.31137406394892e-04 
2.83798990662622e+00 3.44562156558072e-03 1.26523930158247e-04 
2.84350592199381e+00 3.31391132816272e-03 1.22047122015795e-04 
2.84902193736140e+00 3.18660276391501e-03 1.17703953906498e-04 
2.85453795272899e+00 3.06357523991308e-03 1.13491426986580e-04 
2.86005396809659e+00 2.94471040616242e-03 1.09406572774298e-04 
2.86556998346418e+00 2.82989218965545e-03 1.05446454234792e-04 
2.87108599883177e+00 2.71900678694707e-03 1.01608166805556e-04 
2.87660201419936e+00 2.61194265529762e-03 9.78888393631308e-05 
2.88211802956695e+00 2.50859050243280e-03 9.42856351316684e-05 
2.88763404493455e+00 2.40884327497003e-03 9.07957525340854e-05 
2.89315006030214e+00 2.31259614556077e-03 8.74164259865713e-05 
2.89866607566973e+00 2.21974649879874e-03 8.41449266372649e-05 
2.90418209103732e+00 2.13019391594339e-03 8.09785630499624e-05 
2.90969810640492e+00 2.04384015850853e-03 7.79146818337758e-05 
2.91521412177251e+00 1.96058915076533e-03 7.49506682196811e-05 
2.92073013714010e+00 1.88034696120907e-03 7.20839465849580e-05 
2.92624615250769e+00 1.80302178303846e-03 6.93119809265511e-05 
2.93176216787529e+00 1.72852391369635e-03 6.66322752844151e-05 
2.93727818324288e+00 1.65676573351986e-03 6.40423741159477e-05 
2.94279419861047e+00 1.58766168354790e-03 6.15398626226313e-05 
2.94831021397806e+00 1.52112824253334e-03 5.91223670300403e-05 
2.95382622934565e+00 1.45708390320659e-03 5.67875548223983e-05 
2.95934224471325e+00 1.39544914783677e-03 5.45331349328844e-05 
2.96485826008084e+00 1.33614642313608e-03 5.23568578909086e-05 
2.97037427544843e+00 1.27910011455218e-03 5.02565159275983e-05 
2.97589029081602e+00 1.22423651999281e-03 4.82299430407493e-05 
2.98140630618362e+00 1.17148382302602e-03 4.62750150205070e-05 
2.98692232155121e+00 1.12077206559859e-03 4.43896494370561e-05 
2.99243833691880e+00 1.07203312031453e-03 4.25718055916029e-05 
2.99795435228639e+00 1.02520066231455e-03 4.08191814511553e-05 
3.00347036765398e+00 9.80212152826559e-04 3.91279171996578e-05 
3.00898638302158e+00 9.37017512964920e-04 3.74967707488405e-05 
3.01450239838917e+00 8.95553721679940e-04 3.59263628732809e-05 
3.02001841375676e+00 8.55759595908437e-04 3.44147632622043e-05 
3.02553442912435e+00 8.17575752528726e-04 3.29600887881087e-05 
3.03105044449195e+00 7.80944570485903e-04 3.15605029263413e-05 
3.03656645985954e+00 7.45810153113978e-04 3.02142151580711e-05 
3.04208247522713e+00 7.12118290680196e-04 2.89194803578548e-05 
3.04759849059472e+00 6.79816423175820e-04 2.76745981669651e-05 
3.05311450596231e+00 6.48853603376500e-04 2.64779123536310e-05 
3.05863052132991e+00 6.19180460194252e-04 2.53278101613120e-05 
3.06414653669750e+00 5.90749162341981e-04 2.42227216461012e-05 
3.06966255206509e+00 5.63513382330384e-04 2.31611190043281e-05 
3.07517856743268e+00 5.37428260816012e-04 2.21415158914022e-05 
3.08069458280028e+00 5.12450371318213e-04 2.11624667329135e-05 
3.08621059816787e+00 4.88537685321616e-04 2.02225660289733e-05 
3.09172661353546e+00 4.65649537779835e-04 1.93204476527569e-05 
3.09724262890305e+00 4.43746593035019e-04 1.84547841441754e-05 
3.10275864427064e+00 4.22790811166912e-04 1.76242859995774e-05 
3.10827465963824e+00 4.02745414784128e-04 1.68277009583511e-05 
3.11379067500583e+00 3.83574856269360e-04 1.60638132872693e-05 
3.11930669037342e+00 3.65244785489356e-04 1.53314430633894e-05 
3.12482270574101e+00 3.47722017979555e-04 1.46294454562900e-05 
3.13033872110861e+00 3.30974503612412e-04 1.39567100104003e-05 
3.13585473647620e+00 3.14971295757562e-04 1.33121599281421e-05 
3.14137075184379e+00 2.99682520941150e-04 1.26947513545840e-05 
3.14688676721138e+00 2.85079349010804e-04 1.21034726642689e-05 
3.15240278257898e+00 2.71133963811983e-04 1.15373437508539e-05 
3.15791879794657e+00 2.57819534380607e-04 1.09954153201708e-05 
3.16343481331416e+00 2.45110186656171e-04 1.04767681872846e-05 
3.16895082868175e+00 2.32980975718792e-04 9.98051257810326e-06 
3.17446684404934e+00 2.21407858552969e-04 9.50578743606092e-06 
3.17998285941694e+00 2.10367667340122e-04 9.05175973437215e-06 
3.18549887478453e+00 1.99838083281369e-04 8.61762379432437e-06 
3.19101489015212e+00 1.89797610951333e-04 8.20260061005175e-06 
3.19653090551971e+00 1.80225553183207e-04 7.80593718020726e-06 
3.20204692088731e+00 1.71101986484691e-04 7.42690584692246e-06 
3.20756293625490e+00 1.62407736983885e-04 7.06480364242078e-06 
3.21307895162249e+00 1.54124356903696e-04 6.71895164362530e-06 
3.21859496699008e+00 1.46234101562771e-04 6.38869433507660e-06 
3.22411098235767e+00 1.38719906900553e-04 6.07339898045422e-06 
3.22962699772527e+00 1.31565367523520e-04 5.77245500297203e-06 
3.23514301309286e+00 1.24754715269298e-04 5.48527337489396e-06 
3.24065902846045e+00 1.18272798284882e-04 5.21128601639644e-06 
3.24617504382804e+00 1.12105060614819e-04 4.94994520398210e-06 
3.25169105919564e+00 1.06237522294849e-04 4.70072298862793e-06 
3.25720707456323e+00 1.00656759946140e-04 4.46311062383229e-06 
3.26272308993082e+00 9.53498878649185e-05 4.23661800370510e-06 
3.26823910529841e+00 9.03045396020197e-05 4.02077311122697e-06 
3.27375512066601e+00 8.55088500265578e-05 3.81512147678511e-06 
3.27927113603360e+00 8.09514378676854e-05 3.61922564707600e-06 
3.28478715140119e+00 7.66213887281425e-05 3.43266466444866e-06 
3.29030316676878e+00 7.25082385630766e-05 3.25503355674570e-06 
3.29581918213637e+00 6.86019576174068e-05 3.08594283768388e-06 
3.30133519750397e+00 6.48929348148101e-05 2.92501801780132e-06 
3.30685121287156e+00 6.13719625912392e-05 2.77189912598385e-06 
3.31236722823915e+00 5.80302221657197e-05 2.62624024156984e-06 
3.31788324360674e+00 5.48592692410387e-05 2.48770903701933e-06 
3.32339925897434e+00 5.18510201268091e-05 2.35598633112135e-06 
3.32891527434193e+00 4.89977382772877e-05 2.23076565270131e-06 
3.33443128970952e+00 4.62920212362289e-05 2.11175281477917e-06 
3.33994730507711e+00 4.37267879809777e-05 1.99866549911864e-06 
3.34546332044470e+00 4.12952666579383e-05 1.89123285109762e-06 
3.35097933581230e+00 3.89909827015025e-05 1.78919508482056e-06 
3.35649535117989e+00 3.68077473284824e-05 1.69230309838456e-06 
3.36201136654748e+00 3.47396464000620e-05 1.60031809920302e-06 
3.36752738191507e+00 3.27810296432691e-05 1.51301123928222e-06 
3.37304339728267e+00 3.09265002239599e-05 1.43016326033957e-06 
3.37855941265026e+00 2.91709046633178e-05 1.35156414864535e-06 
3.38407542801785e+00 2.75093230898796e-05 1.27701279946315e-06 
3.38959144338544e+00 2.59370598191315e-05 1.20631669095888e-06 
3.39510745875303e+00 2.44496342527471e-05 1.13929156744284e-06 
3.40062347412063e+00 2.30427720895859e-05 1.07576113180422e-06 
3.40613948948822e+00 2.17123968406187e-05 1.01555674699324e-06 
3.41165550485581e+00 2.04546216400079e-05 9.58517146402215e-07 
3.41717152022340e+00 1.92657413446329e-05 9.04488152993012e-07 
3.42268753559100e+00 1.81422249144259e-05 8.53322407015373e-07 
3.42820355095859e+00 1.70807080659618e-05 8.04879102157827e-07 
3.43371956632618e+00 1.60779861918272e-05 7.59023729970392e-07 
3.43923558169377e+00 1.51310075383896e-05 7.15627832396233e-07 
3.44475159706136e+00 1.42368666346763e-05 6.74568762247820e-07 
3.45026761242896e+00 1.33927979651775e-05 6.35729451461630e-07 
3.45578362779655e+00 1.25961698794883e-05 5.98998186964397e-07 
3.46129964316414e+00 1.18444787318148e-05 5.64268393983178e-07 
3.46681565853173e+00 1.11353432434788e-05 5.31438426630960e-07 
3.47233167389933e+00 1.04664990816715e-05 5.00411365599299e-07 
3.47784768926692e+00 9.83579364782369e-06 4.71094822789595e-07 
3.48336370463451e+00 9.24118106907906e-06 4.43400752714762e-07 
3.48887972000210e+00 8.68071738648006e-06 4.17245270503667e-07 
3.49439573536970e+00 8.15255593359986e-06 3.92548476341397e-07 
3.49991175073729e+00 7.65494289947882e-06 3.69234286179329e-07 
3.50542776610488e+00 7.18621306985159e-06 3.47230268550096e-07 
3.51094378147247e+00 6.74478574077850e-06 3.26467487323882e-07 
3.51645979684006e+00 6.32916079892400e-06 3.06880350243919e-07 
3.52197581220766e+00 5.93791496285427e-06 2.88406463080684e-07 
3.52749182757525e+00 5.56969817985599e-06 2.70986489246086e-07 
3.53300784294284e+00 5.22323017290811e-06 2.54564014710823e-07 
3.53852385831043e+00 4.89729713256857e-06 2.39085418070150e-07 
3.54403987367803e+00 4.59074854866729e-06 2.24499745605401e-07 
3.54955588904562e+00 4.30249417682615e-06 2.10758591190896e-07 
3.55507190441321e+00 4.03150113495529e-06 1.97815980898208e-07 
3.56058791978080e+00 3.77679112500280e-06 1.85628262152185e-07 
3.56610393514839e+00 3.53743777536176e-06 1.74153997295635e-07 
3.57161995051599e+00 3.31256409946461e-06 1.63353861422158e-07 
3.57713596588358e+00 3.10134006621923e-06 1.53190544339263e-07 
3.58265198125117e+00 2.90298027806473e-06 1.43628656526578e-07 
3.58816799661876e+00 2.71674175254656e-06 1.34634638956710e-07 
3.59368401198636e+00 2.54192180343106e-06 1.26176676649079e-07 
3.59920002735395e+00 2.37785601749839e-06 1.18224054344238e-07 
3.60471604272154e+00 2.22392312948241e-06 1.10747373369609e-07 
3.61023205808913e+00 2.07953981056490e-06 1.03720676540972e-07 
3.61574807345673e+00 1.94414181404083e-06 9.71197866369155e-08 
3.62126408882432e+00 1.81719638549408e-06 9.09202382083652e-08 
3.62678010419191e+00 1.69820062169087e-06 8.50988852972032e-08 
3.63229611955950e+00 1.58667990792737e-06 7.96338356154644e-08 
3.63781213492709e+00 1.48218643049139e-06 7.45043876902704e-08 
3.64332815029469e+00 1.38429776101731e-06 6.96909708589665e-08 
3.64884416566228e+00 1.29261550962971e-06 6.51750880024402e-08 
3.65436018102987e+00 1.20676404388473e-06 6.09392609080466e-08 
3.65987619639746e+00 1.12638927062795e-06 5.69669781569728e-08 
3.66539221176506e+00 1.05115747799555e-06 5.32426454342131e-08 
3.67090822713265e+00 9.80754234889213e-07 4.97515381626076e-08 
3.67642424250024e+00 9.14883345357054e-07 4.64797563656258e-08 
3.68194025786783e+00 8.53265855411120e-07 4.34141816667329e-08 
3.68745627323542e+00 7.95639109907700e-07 4.05424363362728e-08 
3.69297228860302e+00 7.41755857209386e-07 3.78528442998348e-08 
3.69848830397061e+00 6.91383399437778e-07 3.53343940250394e-08 
3.70400431933820e+00 6.44302786212920e-07 3.29767032065759e-08 
3.70952033470579e+00 6.00308049859977e-07 3.07699851721564e-08 
3.71503635007339e+00 5.59205480145464e-07 2.87050169348201e-08 
3.72055236544098e+00 5.20812936684438e-07 2.67731088197161e-08 
3.72606838080857e+00 4.84959197236630e-07 2.49660755961271e-08 
3.73158439617616e+00 4.51483340183492e-07 2.32762090480524e-08 
3.73710041154375e+00 4.20234159549662e-07 2.16962519191705e-08 
3.74261642691135e+00 3.91069611001411e-07 2.02193731704214e-08 
3.74813244227894e+00 3.63856287321351e-07 1.88391444908154e-08 
3.75364845764653e+00 3.38468921923026e-07 1.75495180043639e-08 
3.75916447301412e+00 3.14789919031099e-07 1.63448051182574e-08 
3.76468048838172e+00 2.92708909212703e-07 1.52196564595752e-08 
3.77019650374931e+00 2.72122329003197e-07 1.41690428499111e-08 
3.77571251911690e+00 2.52933023425147e-07 1.31882372693304e-08 
3.78122853448449e+00 2.35049870252842e-07 1.22727977630438e-08 
3.78674454985208e+00 2.18387424926145e-07 1.14185512460907e-08 
3.79226056521968e+00 2.02865585067033e-07 1.06215781631711e-08 
3.79777658058727e+00 1.88409273599793e-07 9.87819796255112e-09 
3.80329259595486e+00 1.74948139521649e-07 9.18495534469274e-09 
3.80880861132245e+00 1.62416275414564e-07 8.53860724792814e-09 
3.81432462669005e+00 1.50751950831249e-07 7.93611053510924e-09 
3.81984064205764e+00 1.39897360728936e-07 7.37461034671873e-09 
3.82535665742523e+00 1.29798388163422e-07 6.85142908742964e-09 
3.83087267279282e+00 1.20404380493213e-07 6.36405601454827e-09 
3.83638868816042e+00 1.11667938379422e-07 5.91013739816923e-09 
3.84190470352801e+00 1.03544716901354e-07 5.48746722421595e-09 
3.84742071889560e+00 9.59932381406276e-08 5.09397841283408e-09 
3.85293673426319e+00 8.89747146181375e-08 4.72773452585073e-09 
3.85845274963078e+00 8.24528829983209e-08 4.38692193821042e-09 
3.86396876499838e+00 7.63938475040376e-08 4.06984244945165e-09 
3.86948478036597e+00 7.07659325129594e-08 3.77490631239498e-09 
3.87500079573356e+00 6.55395438327581e-08 3.50062565727741e-09 
3.88051681110115e+00 6.06870381776002e-08 3.24560829059016e-09 
3.88603282646875e+00 5.61826003925570e-08 3.00855184885731e-09 
3.89154884183634e+00 5.20021279955584e-08 2.78823828853368e-09 
3.89706485720393e+00 4.81231226284970e-08 2.58352869410316e-09 
3.90258087257152e+00 4.45245880300663e-08 2.39335838732307e-09 
3.90809688793911e+00 4.11869341629319e-08 2.21673232138966e-09 
3.91361290330671e+00 3.80918871469214e-08 2.05272074459340e-09 
3.91912891867430e+00 3.52224046681212e-08 1.90045511879278e-09 
3.92464493404189e+00 3.25625965511078e-08 1.75912427876284e-09 
3.93016094940948e+00 3.00976501980717e-08 1.62797081917029e-09 
3.93567696477708e+00 2.78137606143234e-08 1.50628769659236e-09 
3.94119298014467e+00 2.56980647546573e-08 1.39341503463270e-09 
3.94670899551226e+00 2.37385799393079e-08 1.28873712079465e-09 
3.95222501087985e+00 2.19241461017937e-08 1.19167958435303e-09 
3.95774102624745e+00 2.02443716438522e-08 1.10170674501892e-09 
3.96325704161504e+00 1.86895826849255e-08 1.01831912272118e-09 
3.96877305698263e+00 1.72507755053202e-08 9.41051099331790e-10 
3.97428907235022e+00 1.59195719932331e-08 8.69468723643667e-10 
3.97980508771781e+00 1.46881779163537e-08 8.03167651367456e-10 
3.98532110308541e+00 1.35493438487382e-08 7.41771212350478e-10 
3.99083711845300e+00 1.24963285931266e-08 6.84928597636917e-10 
3.99635313382059e+00 1.15228649478636e-08 6.32313159384249e-10 
4.00186914918818e+00 1.06231276761107e-08 5.83626082680605e-10 
4.00738516455578e+00 9.79157671609090e-09 5.38583846851057e-10 
4.01290117992337e+00 9.02319031339101e-09 4.96910877999100e-10 
4.01841719529096e+00 8.31332767238139e-09 4.58361828252142e-10 
4.02393321065855e+00 7.65767646308886e-09 4.22710647549475e-10 
4.02944922602614e+00 7.05223054068575e-09 3.89747002922671e-10 
4.03496524139374e+00 6.49326910356971e-09 3.59275234719792e-10 
4.04048125676133e+00 5.97733720244883e-09 3.31113378504309e-10 
4.04599727212892e+00 5.50122751780530e-09 3.05092248758555e-10 
4.05151328749651e+00 5.06196332781474e-09 2.81054580731387e-10 
4.05702930286411e+00 4.65678259325769e-09 2.58854226969384e-10 
4.06254531823170e+00 4.28312309018705e-09 2.38355405260875e-10 
4.06806133359929e+00 3.93860852511968e-09 2.19431994902695e-10 
4.07357734896688e+00 3.62103557131365e-09 2.01966878371218e-10 
4.07909336433447e+00 3.32836176828335e-09 1.85851325642286e-10 
4.08460937970207e+00 3.05869423010324e-09 1.70984418559512e-10 
4.09012539506966e+00 2.81027911126632e-09 1.57272512797473e-10 
4.09564141043725e+00 2.58149178190387e-09 1.44628735105759e-10 
4.10115742580484e+00 2.37082766704782e-09 1.32972513652193e-10 
4.10667344117244e+00 2.17689370733336e-09 1.22229139408937e-10 
4.11218945654003e+00 1.99840040110610e-09 1.12329356644150e-10 
4.11770547190762e+00 1.83415439032146e-09 1.03208980694427e-10 
4.12322148727521e+00 1.68305155491186e-09 9.48085412999703e-11 
4.12873750264280e+00 1.54407058245660e-09 8.70729498853851e-11 
4.13425351801040e+00 1.41626698202582e-09 7.99511892645432e-11 
4.13976953337799e+00 1.29876751299116e-09 7.33960243383499e-11 
4.14528554874558e+00 1.19076500140611e-09 6.73637324396877e-11 
4.15080156411317e+00 1.09151351826567e-09 6.18138520605987e-11 
4.15631757948077e+00 1.00032389556260e-09 5.67089487730727e-11 
4.16183359484836e+00 9.16559557571073e-10 5.20143972268954e-11 
4.16734961021595e+00 8.39632646214303e-10 4.76981781760572e-11 
4.17286562558354e+00 7.69000420713346e-10 4.37306895494495e-11 
4.17838164095114e+00 7.04161912976612e-10 4.00845706421672e-11 
4.18389765631873e+00 6.44654821375989e-10 3.67345385608762e-11 
4.18941367168632e+00 5.90052626671232e-10 3.36572361105758e-11 
4.19492968705391e+00 5.39961914892787e-10 3.08310903608497e-11 
4.20044570242150e+00 4.94019892978253e-10 2.82361811775262e-11 
4.20596171778910e+00 4.51892083882939e-10 2.58541190506975e-11 
4.21147773315669e+00 4.13270188753562e-10 2.36679315924509e-11 
4.21699374852428e+00 3.77870104569460e-10 2.16619581175536e-11 
4.22250976389187e+00 3.45430086420654e-10 1.98217517578644e-11 
4.22802577925947e+00 3.15709044309580e-10 1.81339885965362e-11 
4.23354179462706e+00 2.88484965036102e-10 1.65863833412473e-11 
4.23905780999465e+00 2.63553450356036e-10 1.51676110868744e-11 
4.24457382536224e+00 2.40726363194327e-10 1.38672347473034e-11 
4.25008984072984e+00 2.19830574247563e-10 1.26756377635740e-11 
4.25560585609743e+00 2.00706801828882e-10 1.15839617213679e-11 
4.26112187146502e+00 1.83208538293563e-10 1.05840485350742e-11 
4.26663788683261e+00 1.67201056837725e-10 9.66838687838971e-12 
4.27215390220020e+00 1.52560492887404e-10 8.83006256272017e-12 
4.27766991756780e+00 1.39172994692612e-10 8.06271258462667e-12 
4.28318593293539e+00 1.26933938112492e-10 7.36048258227861e-12 
4.28870194830298e+00 1.15747200924855e-10 6.71798745841440e-12 
4.29421796367057e+00 1.05524492317868e-10 6.13027494373172e-12 
4.29973397903817e+00 9.61847335246253e-11 5.59279189000535e-12 
4.30524999440576e+00 8.76534858443764e-11 5.10135309661899e-12 
4.31076600977335e+00 7.98624225582451e-11 4.65211248765818e-12 
4.31628202514094e+00 7.27488414938390e-11 4.24153646930164e-12 
4.32179804050853e+00 6.62552152230587e-11 3.86637930901822e-12 
4.32731405587613e+00 6.03287760919000e-11 3.52366038907753e-12 
4.33283007124372e+00 5.49211334809808e-11 3.21064319716032e-12 
4.33834608661131e+00 4.99879208818868e-11 2.92481592645511e-12 
4.34386210197890e+00 4.54884705480724e-11 2.66387356659054e-12 
4.34937811734649e+00 4.13855136407953e-11 2.42570137511987e-12 
4.35489413271409e+00 3.76449039411751e-11 2.20835962708091e-12 
4.36041014808168e+00 3.42353633396753e-11 2.01006954743679e-12 
4.36592616344927e+00 3.11282474447861e-11 1.82920033799416e-12 
4.37144217881686e+00 2.82973297740778e-11 1.66425721672528e-12 
4.37695819418446e+00 2.57186031036940e-11 1.51387039332043e-12 
4.38247420955205e+00 2.33700966573322e-11 1.37678491029248e-12 
4.38799022491964e+00 2.12317079133297e-11 1.25185128407425e-12 
4.39350624028723e+00 1.92850478991442e-11 1.13801688531460e-12 
4.39902225565483e+00 1.75132989267457e-11 1.03431800201457e-12 
4.40453827102242e+00 1.59010838006568e-11 9.39872533271738e-13 
4.41005428639001e+00 1.44343456029972e-11 8.53873265239297e-13 
4.41557030175760e+00 1.31002372272923e-11 7.75581684476217e-13 
4.42108631712519e+00 1.18870198953401e-11 7.04322287182187e-13 
4.42660233249279e+00 1.07839699494442e-11 6.39477345894873e-13 
4.43211834786038e+00 9.78129326611188e-12 5.80482098091209e-13 
4.43763436322797e+00 8.87004668718557e-12 5.26820323794698e-13 
4.44315037859556e+00 8.04206591059348e-12 4.78020281760620e-13 
4.44866639396316e+00 7.28989932572489e-12 4.33650976103331e-13 
4.45418240933075e+00 6.60674731809802e-12 3.93318727356909e-13 
4.45969842469834e+00 5.98640660471373e-12 3.56664023933344e-13 
4.46521444006593e+00 5.42321919548548e-12 3.23358631772058e-13 
4.47073045543353e+00 4.91202560759837e-12 2.93102941670554e-13 
4.47624647080112e+00 4.44812198875749e-12 2.65623535357797e-13 
4.48176248616871e+00 4.02722083220871e-12 2.40670952828139e-13 
4.48727850153630e+00 3.64541499130789e-12 2.18017644802319e-13 
4.49279451690389e+00 3.29914472442596e-12 1.97456095430908e-13 
4.49831053227149e+00 2.98516752224208e-12 1.78797224492730e-13 
4.50382654763908e+00 2.70054056741018e-12 1.61869026005718e-13 
4.50934256300667e+00 2.44261030291496e-12 1.46514652516602e-13 
4.51485857837426e+00 2.20891608337815e-12 1.32592300419042e-13 
4.52037459374186e+00 1.99721986261846e-12 1.19970803970860e-13 
4.52589060910945e+00 1.80548645687274e-12 1.08530781052216e-13 
4.53140662447704e+00 1.63186552041941e-12 9.81635964212962e-14 
4.53692263984463e+00 1.47467508849686e-12 8.87704141437044e-14 
4.54243865521222e+00 1.33238655439226e-12 8.02613317126137e-14 
4.54795467057982e+00 1.20361095859680e-12 7.25545889878009e-14 
4.55347068594741e+00 1.08708647805737e-12 6.55758456443612e-14 
4.55898670131500e+00 9.81667012871394e-13 5.92575213398490e-14 
4.56450271668259e+00 8.86311776333433e-13 5.35381932852701e-14 
4.57001873205019e+00 8.00075802110627e-13 4.83620463439387e-14 
4.57553474741778e+00 7.22101289551537e-13 4.36783711856556e-14 
4.58105076278537e+00 6.51609714771409e-13 3.94411063946766e-14 
4.58656677815296e+00 5.87894641252288e-13 3.56084207710621e-14 
4.59208279352055e+00 5.30315169292026e-13 3.21423323785418e-14 
4.59759880888815e+00 4.78289968771766e-13 2.90083611801718e-14 
4.60311482425574e+00 4.31291844423779e-13 2.61752123677795e-14 
4.60863083962333e+00 3.88842787104257e-13 2.36144877343460e-14 
4.61414685499092e+00 3.50509468540300e-13 2.13004226617544e-14 
4.61966287035852e+00 3.15899140655546e-13 1.92096465013226e-14 
4.62517888572611e+00 2.84655903911335e-13 1.73209643126836e-14 
4.63069490109370e+00 2.56457312154486e-13 1.56151580992239e-14 
4.63621091646129e+00 2.31011284261233e-13 1.40748058366773e-14 
4.64172693182889e+00 2.08053295430478e-13 1.26841167367396e-14 
4.64724294719648e+00 1.87343823327421e-13 1.14287813207758e-14 
4.65275896256407e+00 1.68666026428438e-13 1.02958350008057e-14 
4.65827497793166e+00 1.51823633886159e-13 9.27353397687563e-15 
4.66379099329925e+00 1.36639028034830e-13 8.35124236247654e-15 
4.66930700866685e+00 1.22951502304199e-13 7.51932954361682e-15 
4.67482302403444e+00 1.10615678817831e-13 6.76907686320141e-15 
4.68033903940203e+00 9.95000713306919e-14 6.09259280115476e-15 
4.68585505476962e+00 8.94857804216946e-14 5.48273589284828e-15 
4.69137107013722e+00 8.04653090095713e-14 4.93304469440108e-15 
4.69688708550481e+00 7.23414873138870e-14 4.43767416382076e-15 
4.70240310087240e+00 6.50264973456594e-14 3.99133788220212e-15 
4.70791911623999e+00 5.84409878914471e-14 3.58925558973268e-15 
4.71343513160758e+00 5.25132717579699e-14 3.22710555745751e-15 
4.71895114697518e+00 4.71785977777587e-14 2.90098135799282e-15 
4.72446716234277e+00 4.23784907459016e-14 2.60735263697896e-15 
4.72998317771036e+00 3.80601530690890e-14 2.34302952233464e-15 
4.73549919307795e+00 3.41759224658320e-14 2.10513034059459e-15 
4.74101520844555e+00 3.06827805655000e-14 1.89105233903899e-15 
4.74653122381314e+00 2.75419077178796e-14 1.69844513919274e-15 
4.75204723918073e+00 2.47182797481312e-14 1.52518667179988e-15 
4.75756325454832e+00 2.21803027778305e-14 1.36936136576485e-15 
4.76307926991591e+00 1.98994825844447e-14 1.22924038397788e-15 
4.76859528528351e+00 1.78501252920678e-14 1.10326371757564e-15 
4.77411130065110e+00 1.60090664782132e-14 9.90023967182490e-16 
4.77962731601869e+00 1.43554260474279e-14 8.88251655173621e-16 
4.78514333138628e+00 1.28703864646965e-14 7.96801927128064e-16 
4.79065934675388e+00 1.15369921621353e-14 7.14642513514247e-16 
4.79617536212147e+00 1.03399681332156e-14 6.40842834382739e-16 
4.80169137748906e+00 9.26555591145514e-15 5.74564140528343e-16 
4.80720739285665e+00 8.30136529674521e-15 5.15050594317943e-16 
4.81272340822424e+00 7.43624034369987e-15 4.61621202244341e-16 
4.81823942359184e+00 6.66013826394801e-15 4.13662519335767e-16 
4.82375543895943e+00 5.96402001934386e-15 3.70622052895411e-16 
4.82927145432702e+00 5.33975149676067e-15 3.32002299728761e-16 
4.83478746969461e+00 4.78001425846264e-15 2.97355357096894e-16 
4.84030348506221e+00 4.27822495594660e-15 2.66278053164356e-16 
4.84581950042980e+00 3.82846258044974e-15 2.38407547739535e-16 
4.85133551579739e+00 3.42540280080242e-15 2.13417358677750e-16 
4.85685153116498e+00 3.06425870966769e-15 1.91013773473439e-16 
4.86236754653258e+00 2.74072736309248e-15 1.70932609344658e-16 
4.86788356190017e+00 2.45094155628277e-15 1.52936288544645e-16 
4.87339957726776e+00 2.19142633114061e-15 1.36811198752194e-16 
4.87891559263535e+00 1.95905975884879e-15 1.22365311223365e-16 
4.88443160800294e+00 1.75103758410295e-15 1.09426031957202e-16 
4.88994762337054e+00 1.56484135687417e-15 9.78382634612403e-17 
4.89546363873813e+00 1.39820971320467e-15 8.74626568200226e-17 
4.90097965410572e+00 1.24911249883064e-15 7.81740356910559e-17 
4.90649566947331e+00 1.11572745869360e-15 6.98599755955658e-17 
4.91201168484091e+00 9.96419241922777e-16 6.24195234521123e-17 
4.91752770020850e+00 8.89720495898998e-16 5.57620437344887e-17 
4.92304371557609e+00 7.94314844773784e-16 4.98061789347512e-17 
4.92855973094368e+00 7.09021567527125e-16 4.44789131899971e-17 
4.93407574631127e+00 6.32781808491710e-16 3.97147289987670e-17 
4.93959176167887e+00 5.64646169424878e-16 3.54548479198665e-17 
4.94510777704646e+00 5.03763546828557e-16 3.16465470222227e-17 
4.95062379241405e+00 4.49371091445304e-16 2.82425436475248e-17 
4.95613980778164e+00 4.00785178825020e-16 2.52004417654956e-17 
4.96165582314924e+00 3.57393290680061e-16 2.24822338516700e-17 
4.96717183851683e+00 3.18646716533466e-16 2.00538528058310e-17 
4.97268785388442e+00 2.84053994013237e-16 1.78847689615389e-17 
4.97820386925201e+00 2.53175014143457e-16 1.59476277187058e-17 
4.98371988461960e+00 2.25615725210685e-16 1.42179237666629e-17 
4.98923589998720e+00 2.01023375314421e-16 1.26737082589623e-17 
4.99475191535479e+00 1.79082239609447e-16 1.12953256571643e-17 
5.00026793072238e+00 1.59509783575574e-16 1.00650931402203e-17 
5.00578394608997e+00 1.42051855757485e-16 8.96722062885822e-18 
5.01129996145757e+00 1.26481775415859e-16 7.98763830684411e-18 
5.01681597682516e+00 1.12597970191137e-16 7.11375754505877e-18 
5.02233199219275e+00 1.00220103877451e-16 6.33431966199790e-18 
5.02784800756034e+00 8.91868706682150e-17 5.63924884154118e-18 
5.03336402292793e+00 7.93540150793954e-17 5.01952965367454e-18 
5.03888003829553e+00 7.05925548291275e-17 4.46709706232026e-18 
5.04439605366312e+00 6.27871862008581e-17 3.97473766808295e-18 
5.04991206903071e+00 5.58348534472878e-17 3.53600105707603e-18 
5.05542808439830e+00 4.96434656248408e-17 3.14512023842803e-18 
5.06094409976590e+00 4.41307459020857e-17 2.79694025371007e-18 
5.06646011513349e+00 3.92231998775486e-17 2.48685413239883e-18 
5.07197613050108e+00 3.48551907882066e-17 2.21074544952252e-18 
5.07749214586867e+00 3.09681107036690e-17 1.96493681567303e-18 
5.08300816123627e+00 2.75096378953623e-17 1.74614369636992e-18 
5.08852417660386e+00 2.44330715564620e-17 1.55143301802331e-18 
5.09404019197145e+00 2.16967359372908e-17 1.37818607209179e-18 
5.09955620733904e+00 1.92634467618789e-17 1.22406527803573e-18 
5.10507222270663e+00 1.71000335128954e-17 1.08698440984227e-18 
5.11058823807423e+00 1.51769118219656e-17 9.65081930711504e-19 
5.11610425344182e+00 1.34677007874595e-17 8.56697116367144e-19 
5.12162026880941e+00 1.19488805685249e-17 7.60348679771186e-19 
5.12713628417700e+00 1.05994860781479e-17 6.74715639127013e-19 
5.13265229954460e+00 9.40083302453456e-18 5.98620197262327e-19 
5.13816831491219e+00 8.33627293379638e-18 5.31012424075054e-19 
5.14368433027978e+00 7.39097413200360e-18 4.70956554958323e-19 
5.14920034564737e+00 6.55172597496943e-18 4.17618737226159e-19 
5.15471636101497e+00 5.80676389308206e-18 3.70256073748914e-19 
5.16023237638256e+00 5.14561306922407e-18 3.28206828465819e-19 
5.16574839175015e+00 4.55894879311749e-18 2.90881672342078e-19 
5.17126440711774e+00 4.03847173784006e-18 2.57755860833955e-19 
5.17678042248533e+00 3.57679658606104e-18 2.28362245156665e-19 
5.18229643785293e+00 3.16735259680422e-18 2.02285029742183e-19 
5.18781245322052e+00 2.80429485012112e-18 1.79154197340923e-19 
5.19332846858811e+00 2.48242503862537e-18 1.58640531364931e-19 
5.19884448395570e+00 2.19712079291005e-18 1.40451172383128e-19 
5.20436049932330e+00 1.94427263380556e-18 1.24325652244610e-19 
5.20987651469089e+00 1.72022773946284e-18 1.10032355199005e-19 
5.21539253005848e+00 1.52173980046993e-18 9.73653606712587e-20 
5.22090854542607e+00 1.34592431262458e-18 8.61416270928286e-20 
5.22642456079366e+00 1.19021872548690e-18 7.61984804471844e-20 
5.23194057616126e+00 1.05234692623068e-18 6.73913750041422e-20 
5.23745659152885e+00 9.30287593325242e-19 5.95918971395734e-20 
5.24297260689644e+00 8.22246003864177e-19 5.26859862044985e-20 
5.24848862226403e+00 7.26628922500438e-19 4.65723491566613e-20 
5.25400463763163e+00 6.42022239476670e-19 4.11610481308749e-20 
5.25952065299922e+00 5.67171060630218e-19 3.63722423309950e-20 
5.26503666836681e+00 5.00961983930455e-19 3.21350676026163e-20 
5.27055268373440e+00 4.42407325455434e-19 2.83866388151567e-20 
5.27606869910199e+00 3.90631083079753e-19 2.50711617661628e-20 
5.28158471446959e+00 3.44856448835344e-19 2.21391427385686e-20 
5.28710072983718e+00 3.04394701199550e-19 1.95466851104237e-20 
5.29261674520477e+00 2.68635326709713e-19 1.72548635517393e-20 
5.29813276057236e+00 2.37037236524551e-19 1.52291673584212e-20 
5.30364877593996e+00 2.09120958050744e-19 1.34390053812312e-20 
5.30916479130755e+00 1.84461694708691e-19 1.18572658195189e-20 
5.31468080667514e+00 1.62683158486041e-19 1.04599248751158e-20 
5.32019682204273e+00 1.43452090266459e-19 9.22569891030252e-21 
5.32571283741033e+00 1.26473392154008e-19 8.13573533320974e-21 
5.33122885277792e+00 1.11485804257362e-19 7.17333795165236e-21 
5.33674486814551e+00 9.82580657569672e-20 6.32372299870772e-21 
5.34226088351310e+00 8.65855066461413e-20 5.57380244617239e-21 
5.34777689888069e+00 7.62870223975411e-20 4.91199159057712e-21 
5.35329291424829e+00 6.72023890347444e-20 4.32803822539197e-21 
5.35880892961588e+00 5.91898807519749e-20 3.81287100660376e-21 
5.36432494498347e+00 5.21241563835542e-20 3.35846488075130e-21 
5.36984096035106e+00 4.58943847323093e-20 2.95772167812281e-21 
5.37535697571866e+00 4.04025820711456e-20 2.60436418216722e-21 
5.38087299108625e+00 3.55621380774384e-20 2.29284217193970e-21 
5.38638900645384e+00 3.12965090843746e-20 2.01824910000683e-21 
5.39190502182143e+00 2.75380598714059e-20 1.77624821583426e-21 
5.39742103718902e+00 2.42270372983892e-20 1.56300707620152e-21 
5.40293705255662e+00 2.13106609423650e-20 1.37513950136188e-21 
5.40845306792421e+00 1.87423175469050e-20 1.20965414003275e-21 
5.41396908329180e+00 1.64808475635490e-20 1.06390889924553e-21 
5.41948509865939e+00 1.44899133727321e-20 9.35570577836245e-22 
5.42500111402699e+00 1.27374399353182e-20 8.22579116021607e-22 
5.43051712939458e+00 1.11951196611103e-20 7.23115939065670e-22 
5.43603314476217e+00 9.83797420148030e-21 6.35575931377705e-22 
5.44154916012976e+00 8.64396669206326e-21 5.58542629279445e-22 
5.44706517549735e+00 7.59365869943270e-21 4.90766266839844e-22 
5.45258119086495e+00 6.66990677276610e-21 4.31144350224198e-22 
5.45809720623254e+00 5.85759407659573e-21 3.78704472500566e-22 
5.46361322160013e+00 5.14339309173021e-21 3.32589113288178e-22 
5.46912923696772e+00 4.51555582538233e-21 2.92042196464735e-22 
5.47464525233532e+00 3.96372837473631e-21 2.56397204768408e-22 
5.48016126770291e+00 3.47878704623757e-21 2.25066672889788e-22 
5.48567728307050e+00 3.05269355078284e-21 1.97532900863956e-22 
5.49119329843809e+00 2.67836707717744e-21 1.73339747524242e-22 
5.49670931380568e+00 2.34957129667056e-21 1.52085379717395e-22 
5.50222532917328e+00 2.06081457360747e-21 1.33415867127757e-22 
5.50774134454087e+00 1.80726185438972e-21 1.17019525114317e-22 
5.51325735990846e+00 1.58465688180674e-21 1.09299975776795e-22 
