RedField(Td)          RedDiff((ms)^-1)      RedMob((msV)^-1)      DriftVelocity(ms^-1)  RedTow(m^2)           RedAtt(m^2)           RedDiffE(eV(ms)^-1)   RedMobE(eV(msV)^-1)   MeanE(eV)             CharE(eV)             EleTemp(eV)           
+1.00000000000000e-03 +5.23729944727598e+24 +1.34559540602020e+26 +1.34559540602020e+02 +0.00000000000000e+00 +0.00000000000000e+00 +7.73857796894105e+23 +1.61805899932235e+25 +4.54405967028310e-02 +3.89217994045184e-02 +3.02937311352207e-02 
+1.14975699539774e-03 +6.15894860108320e+24 +1.39347819278500e+26 +1.60216130008875e+02 +0.00000000000000e+00 +0.00000000000000e+00 +9.92292909004674e+23 +1.79009152135367e+25 +4.82849093924128e-02 +4.41983852562052e-02 +3.21899395949419e-02 
+1.32194114846603e-03 +7.45834385969504e+24 +1.45040467811789e+26 +1.91734962593167e+02 +0.00000000000000e+00 +0.00000000000000e+00 +1.30704343781174e+24 +2.01137007319375e+25 +5.23851799445133e-02 +5.14225027829703e-02 +3.49234532963422e-02 
+1.51991108295293e-03 +9.25466970353605e+24 +1.51507073361284e+26 +2.30277279947578e+02 +0.00000000000000e+00 +0.00000000000000e+00 +1.75210355934778e+24 +2.28891098566291e+25 +5.82196877702482e-02 +6.10840767907078e-02 +3.88131251801655e-02 
+1.74752840000768e-03 +1.16671382029702e+25 +1.58398491985504e+26 +2.76805863263058e+02 +0.00000000000000e+00 +0.00000000000000e+00 +2.36403548034431e+24 +2.62519098175898e+25 +6.63478870900923e-02 +7.36568767588897e-02 +4.42319247267282e-02 
+2.00923300256505e-03 +1.47859522015190e+25 +1.65122972853751e+26 +3.31770526539408e+02 +0.00000000000000e+00 +0.00000000000000e+00 +3.17478373404803e+24 +3.01499453052983e+25 +7.73459547124850e-02 +8.95450944588728e-02 +5.15639698083233e-02 
+2.31012970008316e-03 +1.86132012980756e+25 +1.70756257179699e+26 +3.94469101185862e+02 +0.00000000000000e+00 +0.00000000000000e+00 +4.19659148206567e+24 +3.43962098650547e+25 +9.16113595915264e-02 +1.09004505050070e-01 +6.10742397276842e-02 
+2.65608778294669e-03 +2.30237223395015e+25 +1.74263242022457e+26 +4.62858468152531e+02 +0.00000000000000e+00 +0.00000000000000e+00 +5.40958191863823e+24 +3.86771074424061e+25 +1.09206976849716e-01 +1.32120360394388e-01 +7.28046512331438e-02 
+3.05385550883342e-03 +2.77381262499618e+25 +1.74685040441274e+26 +5.33462873062374e+02 +0.00000000000000e+00 +0.00000000000000e+00 +6.75184539525326e+24 +4.25772420187778e+25 +1.29664646841365e-01 +1.58789362729013e-01 +8.64430978942431e-02 
+3.51119173421513e-03 +3.23720645409364e+25 +1.71508378372818e+26 +6.02198800491278e+02 +0.00000000000000e+00 +0.00000000000000e+00 +8.12838712363392e+24 +4.56931920735090e+25 +1.52030732756801e-01 +1.88749172769667e-01 +1.01353821837868e-01 
+4.03701725859655e-03 +3.65426744587162e+25 +1.64862357261707e+26 +6.65552181558423e+02 +0.00000000000000e+00 +0.00000000000000e+00 +9.43687534042522e+24 +4.77548976491166e+25 +1.75123726920098e-01 +2.21655659094497e-01 +1.16749151280065e-01 
+4.64158883361278e-03 +3.99631955093517e+25 +1.55430443020839e+26 +7.21444208729012e+02 +0.00000000000000e+00 +0.00000000000000e+00 +1.05936509824051e+25 +4.86865165420845e+25 +1.97857292082006e-01 +2.57113051553188e-01 +1.31904861388004e-01 
+5.33669923120631e-03 +4.25048285549521e+25 +1.44209751603903e+26 +7.69604070517003e+02 +0.00000000000000e+00 +0.00000000000000e+00 +1.15531849967989e+25 +4.86000109967153e+25 +2.19542285059300e-01 +2.94743095263758e-01 +1.46361523372867e-01 
+6.13590727341317e-03 +4.41780700733625e+25 +1.32179697922568e+26 +8.11042369880641e+02 +0.00000000000000e+00 +0.00000000000000e+00 +1.23067980540920e+25 +4.77116998369727e+25 +2.39921438576662e-01 +3.34227349341064e-01 +1.59947625717775e-01 
+7.05480231071865e-03 +4.50890910845842e+25 +1.20123998290411e+26 +8.47451060711953e+02 +0.00000000000000e+00 +0.00000000000000e+00 +1.28731180977373e+25 +4.62670048507291e+25 +2.59103848493306e-01 +3.75354564668895e-01 +1.72735898995537e-01 
+8.11130830789687e-03 +4.53762096531779e+25 +1.08563813273088e+26 +8.80594560538963e+02 +0.00000000000000e+00 +0.00000000000000e+00 +1.32825843585033e+25 +4.44825882004664e+25 +2.77399728709990e-01 +4.17968089781775e-01 +1.84933152473327e-01 
+9.32603346883220e-03 +4.51784910813498e+25 +9.77887846223758e+25 +9.11981478264700e+02 +0.00000000000000e+00 +0.00000000000000e+00 +1.35681685308766e+25 +4.25247433563035e+25 +2.95194985141251e-01 +4.62000742271340e-01 +1.96796656760834e-01 
+1.07226722201032e-02 +4.46164556343819e+25 +8.79244361245325e+25 +9.42784908700765e+02 +0.00000000000000e+00 +0.00000000000000e+00 +1.37599346487303e+25 +4.05104089860234e+25 +3.12882940778596e-01 +5.07440907226167e-01 +2.08588627185730e-01 
+1.23284673944207e-02 +4.37887602049035e+25 +7.89901017036535e+25 +9.73826893335464e+02 +0.00000000000000e+00 +0.00000000000000e+00 +1.38830651091618e+25 +3.85138586883701e+25 +3.30810678361090e-01 +5.54357562029549e-01 +2.20540452240726e-01 
+1.41747416292680e-02 +4.27676354935024e+25 +7.09471003423146e+25 +1.00565681669806e+03 +0.00000000000000e+00 +0.00000000000000e+00 +1.39565879225746e+25 +3.65796422511406e+25 +3.49276473640588e-01 +6.02810196430180e-01 +2.32850982427059e-01 
+1.62975083462064e-02 +4.16125555716692e+25 +6.37295699613942e+25 +1.03863319834597e+03 +0.00000000000000e+00 +0.00000000000000e+00 +1.39963423930924e+25 +3.47322138188736e+25 +3.68535753565014e-01 +6.52955223091527e-01 +2.45690502376676e-01 
+1.87381742286038e-02 +4.03631955186620e+25 +5.72623709575170e+25 +1.07299228374490e+03 +0.00000000000000e+00 +0.00000000000000e+00 +1.40131188275125e+25 +3.29836950892608e+25 +3.88812309130565e-01 +7.04881667379918e-01 +2.59208206087043e-01 
+2.15443469003188e-02 +3.90518819428430e+25 +5.14697741056448e+25 +1.10888266821306e+03 +0.00000000000000e+00 +0.00000000000000e+00 +1.40158496988934e+25 +3.13381211109254e+25 +4.10299783419692e-01 +7.58734278932072e-01 +2.73533188946461e-01 
+2.47707635599171e-02 +3.77032446979855e+25 +4.62815743039957e+25 +1.14642993426501e+03 +0.00000000000000e+00 +0.00000000000000e+00 +1.40116041601125e+25 +2.97959145478331e+25 +4.33181959260993e-01 +8.14649139857163e-01 +2.88787972840662e-01 
+2.84803586843580e-02 +3.63344938995115e+25 +4.16344133054291e+25 +1.18576302455143e+03 +0.00000000000000e+00 +0.00000000000000e+00 +1.40056086052624e+25 +2.83558655564815e+25 +4.57640100395045e-01 +8.72703396417826e-01 +3.05093400263364e-01 
+3.27454916287773e-02 +3.49621266860613e+25 +3.74720214007950e+25 +1.22703976309310e+03 +0.00000000000000e+00 +0.00000000000000e+00 +1.40031356776024e+25 +2.70162308595902e+25 +4.83866225382308e-01 +9.33019500392353e-01 +3.22577483588205e-01 
+3.76493580679247e-02 +3.35941188236517e+25 +3.37440653917923e+25 +1.27044240060305e+03 +0.00000000000000e+00 +0.00000000000000e+00 +1.40079234883207e+25 +2.57744386397827e+25 +5.12069553364666e-01 +9.95556357350555e-01 +3.41379702243111e-01 
+4.32876128108306e-02 +3.22419320995221e+25 +3.04045841161601e+25 +1.31614186489467e+03 +0.00000000000000e+00 +0.00000000000000e+00 +1.40245907603448e+25 +2.46264385848933e+25 +5.42479862104356e-01 +1.06042996596640e+00 +3.61653241402904e-01 
+4.97702356433211e-02 +3.09104798857863e+25 +2.74114486074002e+25 +1.36427425651510e+03 +0.00000000000000e+00 +0.00000000000000e+00 +1.40564707860216e+25 +2.35664766277876e+25 +5.75342276719221e-01 +1.12764853578156e+00 +3.83561517812814e-01 
+5.72236765935022e-02 +2.96054788590316e+25 +2.47265512112918e+25 +1.41494416978763e+03 +0.00000000000000e+00 +0.00000000000000e+00 +1.41072136679715e+25 +2.25881026212253e+25 +6.10915094127114e-01 +1.19731533144468e+00 +4.07276729418076e-01 
+6.57933224657568e-02 +2.83304123474201e+25 +2.23164101216805e+25 +1.46827076741380e+03 +0.00000000000000e+00 +0.00000000000000e+00 +1.41800015867498e+25 +2.16858102171586e+25 +6.49476520530569e-01 +1.26948788774485e+00 +4.32984347020379e-01 
+7.56463327554629e-02 +2.70927401216758e+25 +2.01523253454192e+25 +1.52444950887593e+03 +0.00000000000000e+00 +0.00000000000000e+00 +1.42795412906331e+25 +2.08561264387760e+25 +6.91344608793683e-01 +1.34439771377719e+00 +4.60896405862455e-01 
+8.69749002617783e-02 +2.58925554717928e+25 +1.82093119837051e+25 +1.58375309361836e+03 +0.00000000000000e+00 +0.00000000000000e+00 +1.44093520406567e+25 +2.00967693810706e+25 +7.36894969899892e-01 +1.42194035090195e+00 +4.91263313266595e-01 
+1.00000000000000e-01 +2.47321417540048e+25 +1.64643438956823e+25 +1.64643438956823e+03 +0.00000000000000e+00 +0.00000000000000e+00 +1.45744355332739e+25 +1.94040728855375e+25 +7.86555354784459e-01 +1.50216382205736e+00 +5.24370236522973e-01 
+1.14975699539774e-01 +2.36167112282828e+25 +1.48951614815070e+25 +1.71258161109416e+03 +0.00000000000000e+00 +0.00000000000000e+00 +1.47801081662696e+25 +1.87705805567310e+25 +8.40766228326929e-01 +1.58552904965844e+00 +5.60510818884620e-01 
+1.32194114846603e-01 +2.25458981092503e+25 +1.34802867916158e+25 +1.78201458029600e+03 +0.00000000000000e+00 +0.00000000000000e+00 +1.50294761170357e+25 +1.81846414941220e+25 +8.99919108560851e-01 +1.67250878692529e+00 +5.99946072373900e-01 
+1.51991108295293e-01 +2.15262165041767e+25 +1.22001092329612e+25 +1.85430812364142e+03 +0.00000000000000e+00 +0.00000000000000e+00 +1.53254312345581e+25 +1.76323777683656e+25 +9.64316546534347e-01 +1.76442817790672e+00 +6.42877697689565e-01 
+1.74752840000768e-01 +2.05505529542523e+25 +1.10377711901855e+25 +1.92888186276357e+03 +0.00000000000000e+00 +0.00000000000000e+00 +1.56653597457125e+25 +1.71000065460446e+25 +1.03414630477228e+00 +1.86183900718338e+00 +6.89430869848184e-01 
+2.00923300256505e-01 +1.96288010745284e+25 +9.97948146360325e+24 +2.00511035051578e+03 +0.00000000000000e+00 +0.00000000000000e+00 +1.60482818683120e+25 +1.65757675180277e+25 +1.10949533958475e+00 +1.96691593106493e+00 +7.39663559723169e-01 
+2.31012970008316e-01 +1.87602011473305e+25 +9.01443528224845e+24 +2.08245146749997e+03 +0.00000000000000e+00 +0.00000000000000e+00 +1.64691935162493e+25 +1.60514665748044e+25 +1.19038066973741e+00 +2.08112882947574e+00 +7.93587113158275e-01 
+2.65608778294669e-01 +1.79391992734279e+25 +8.13451725715003e+24 +2.16059919068852e+03 +0.00000000000000e+00 +0.00000000000000e+00 +1.69212719899907e+25 +1.55238232217091e+25 +1.27681736639218e+00 +2.20531823909524e+00 +8.51211577594788e-01 
+3.05385550883342e-01 +1.71670317917254e+25 +7.33368920320655e+24 +2.23960271732845e+03 +0.00000000000000e+00 +0.00000000000000e+00 +1.73996860458504e+25 +1.49947841652754e+25 +1.36890377048616e+00 +2.34084528482872e+00 +9.12602513657438e-01 
+3.51119173421513e-01 +1.64385795855932e+25 +6.60711867837127e+24 +2.31988604904756e+03 +0.00000000000000e+00 +0.00000000000000e+00 +1.79002730798541e+25 +1.44701184750494e+25 +1.46690675382190e+00 +2.48801033942461e+00 +9.77937835881266e-01 
+4.03701725859655e-01 +1.57539508138877e+25 +5.95026425743290e+24 +2.40213195004668e+03 +0.00000000000000e+00 +0.00000000000000e+00 +1.84223582434416e+25 +1.39569584126957e+25 +1.57130177250026e+00 +2.64760523773517e+00 +1.04753451500017e+00 
+4.64158883361278e-01 +1.51010065524580e+25 +5.35825419734991e+24 +2.48708128500782e+03 +0.00000000000000e+00 +0.00000000000000e+00 +1.89648039813481e+25 +1.34613010734935e+25 +1.68274680665317e+00 +2.81826990588215e+00 +1.12183120443545e+00 
+5.33669923120631e-01 +1.44847395344385e+25 +4.82575755383129e+24 +2.57536166275195e+03 +0.00000000000000e+00 +0.00000000000000e+00 +1.95316725373005e+25 +1.29866858788522e+25 +1.80202556073293e+00 +3.00154729549947e+00 +1.20135037382195e+00 
+6.13590727341317e-01 +1.38982204421286e+25 +4.34718778431504e+24 +2.66739411446716e+03 +0.00000000000000e+00 +0.00000000000000e+00 +2.01249711606493e+25 +1.25341402660302e+25 +1.92996677935512e+00 +3.19706006082238e+00 +1.28664451957008e+00 
+7.05480231071864e-01 +1.33388370927875e+25 +3.91706546788821e+24 +2.76341225140939e+03 +0.00000000000000e+00 +0.00000000000000e+00 +2.07476112369674e+25 +1.21029919357995e+25 +2.06741339354004e+00 +3.40531379986836e+00 +1.37827559569336e+00 
+8.11130830789687e-01 +1.28067842134255e+25 +3.53023969883793e+24 +2.86348625980514e+03 +0.00000000000000e+00 +0.00000000000000e+00 +2.14026910628576e+25 +1.16914017328307e+25 +2.21518517817939e+00 +3.62773786087138e+00 +1.47679011878626e+00 
+9.32603346883220e-01 +1.22980852414636e+25 +3.18199079361339e+24 +2.96753526387544e+03 +0.00000000000000e+00 +0.00000000000000e+00 +2.20911145968923e+25 +1.12967019385264e+25 +2.37406752538353e+00 +3.86490283571758e+00 +1.58271168358902e+00 
+1.07226722201032e+00 +1.18131567366731e+25 +2.86804149370463e+24 +3.07530688506501e+03 +0.00000000000000e+00 +0.00000000000000e+00 +2.28135792192117e+25 +1.09155065651638e+25 +2.54474671279886e+00 +4.11889324565319e+00 +1.69649780853257e+00 
+1.23284673944207e+00 +1.13509952009560e+25 +2.58457041318281e+24 +3.18637920675086e+03 +0.00000000000000e+00 +0.00000000000000e+00 +2.35686776328932e+25 +1.05440122504596e+25 +2.72778471771559e+00 +4.39183051197188e+00 +1.81852314514373e+00 
+1.41747416292681e+00 +1.09118806117088e+25 +2.32819646795613e+24 +3.30015833954525e+03 +0.00000000000000e+00 +0.00000000000000e+00 +2.43530306472520e+25 +1.01781230558295e+25 +2.92357737955652e+00 +4.68683840126607e+00 +1.94905158637101e+00 
+1.62975083462064e+00 +1.04920359578444e+25 +2.09593141040499e+24 +3.41584596541516e+03 +0.00000000000000e+00 +0.00000000000000e+00 +2.51599169974271e+25 +9.81361046631342e+24 +3.13227639757706e+00 +5.00590615979033e+00 +2.08818426505137e+00 
+1.87381742286038e+00 +1.00928973005027e+25 +1.88524727914430e+24 +3.53260919806071e+03 +0.00000000000000e+00 +0.00000000000000e+00 +2.59810069653189e+25 +9.44722674016668e+24 +3.35381133062945e+00 +5.35361987371958e+00 +2.23587422041963e+00 
+2.15443469003188e+00 +9.71164141754368e+24 +1.69415055578368e+24 +3.64993672751716e+03 +0.00000000000000e+00 +0.00000000000000e+00 +2.68062156821918e+25 +9.07831229039227e+24 +3.58804789293616e+00 +5.73245475993204e+00 +2.39203192862411e+00 
+2.47707635599171e+00 +9.34832455035215e+24 +1.52124987741964e+24 +3.76825210291148e+03 +0.00000000000000e+00 +0.00000000000000e+00 +2.76272176031818e+25 +8.71003530439463e+24 +3.83507464043363e+00 +6.14516042966517e+00 +2.55671642695575e+00 
+2.84803586843580e+00 +8.99872238071497e+24 +1.36624983908504e+24 +3.89112854695883e+03 +3.72534915898974e-44 +0.00000000000000e+00 +2.84367863768714e+25 +8.35071472283736e+24 +4.09476119489800e+00 +6.58643984671303e+00 +2.72984079659867e+00 
+3.27454916287773e+00 +8.67520150636952e+24 +1.23209130521198e+24 +4.03454355207081e+03 +8.88913021906979e-41 +0.00000000000000e+00 +2.92231828893220e+25 +8.01791772058455e+24 +4.36306445770305e+00 +7.04103784327654e+00 +2.90870963846870e+00 
+3.76493580679247e+00 +8.39399838084670e+24 +1.12694972334427e+24 +4.24289336587372e+03 +5.83201983143685e-38 +0.00000000000000e+00 +2.99488617925235e+25 +7.74128650968037e+24 +4.62478454468258e+00 +7.44842312568935e+00 +3.08318969645505e+00 
+4.32876128108306e+00 +8.17683145767099e+24 +1.05918854105406e+24 +4.58497434588168e+03 +1.25753562966055e-35 +0.00000000000000e+00 +3.05566557818992e+25 +7.54946822711916e+24 +4.85457365817885e+00 +7.71990173678968e+00 +3.23638243878590e+00 
+4.97702356433211e+00 +8.03454516999887e+24 +1.02772554693692e+24 +5.11501426477114e+03 +1.08631080001664e-33 +0.00000000000000e+00 +3.10125668042230e+25 +7.44696363976136e+24 +5.03352275172393e+00 +7.81779259447759e+00 +3.35568183448262e+00 
+5.72236765935022e+00 +7.95268198534125e+24 +1.02143875142483e+24 +5.84504807716052e+03 +4.52127748543181e-32 +0.00000000000000e+00 +3.13300718505892e+25 +7.41212287525228e+24 +5.16144000626992e+00 +7.78576490685109e+00 +3.44096000417995e+00 
+6.57933224657568e+00 +7.91080036778766e+24 +1.02716867814974e+24 +6.75808400682309e+03 +1.04634685523154e-30 +0.00000000000000e+00 +3.15525740264685e+25 +7.41583604312949e+24 +5.25114681218707e+00 +7.70155918503820e+00 +3.50076454145805e+00 
+7.56463327554629e+00 +7.88644690408568e+24 +1.03527580960107e+24 +7.83148183867641e+03 +1.52400660583540e-29 +0.00000000000000e+00 +3.17223398670624e+25 +7.43576785811542e+24 +5.31747919843900e+00 +7.61772547078502e+00 +3.54498613229266e+00 
+8.69749002617784e+00 +7.86873875855825e+24 +1.04173320128682e+24 +9.06046412813039e+03 +1.52247154498091e-28 +0.00000000000000e+00 +3.18697024658610e+25 +7.45979438754934e+24 +5.37160088102347e+00 +7.55350674130216e+00 +3.58106725401565e+00 
+1.00000000000000e+01 +7.84881718960730e+24 +1.04457183329415e+24 +1.04457183329415e+04 +1.11316834911417e-27 +0.00000000000000e+00 +3.20129979454302e+25 +7.48205854637612e+24 +5.42078785588204e+00 +7.51390851202193e+00 +3.61385857058803e+00 
+1.14975699539774e+01 +7.82678376963127e+24 +1.04304257549772e+24 +1.19924549767617e+04 +6.31068503625670e-27 +0.00000000000000e+00 +3.21642768506328e+25 +7.50025895208546e+24 +5.46940398265008e+00 +7.50380085481795e+00 +3.64626932176672e+00 
+1.32194114846603e+01 +7.80139087795268e+24 +1.03716224633522e+24 +1.37106745106599e+04 +2.89309199959963e-26 +0.00000000000000e+00 +3.23302724768346e+25 +7.51390187941694e+24 +5.52002735277525e+00 +7.52186160412090e+00 +3.68001823518350e+00 
+1.51991108295293e+01 +7.76569920824082e+24 +1.02935954714843e+24 +1.56453498405431e+04 +1.10071836891472e-25 +0.00000000000000e+00 +3.25101529431217e+25 +7.52500827017054e+24 +5.57347180045610e+00 +7.54420477252447e+00 +3.71564786697073e+00 
+1.74752840000768e+01 +7.73691148181745e+24 +1.01859515429078e+24 +1.78002396023335e+04 +3.57984220947294e-25 +0.00000000000000e+00 +3.27128370727511e+25 +7.53328696339552e+24 +5.63105334045221e+00 +7.59566884765365e+00 +3.75403556030147e+00 
+2.00923300256505e+01 +7.69102711652231e+24 +1.00576850326214e+24 +2.02082326969475e+04 +1.02292094052805e-24 +0.00000000000000e+00 +3.29339988238505e+25 +7.53999773247813e+24 +5.69314678357427e+00 +7.64691585745327e+00 +3.79543118904951e+00 
+2.31012970008316e+01 +7.64656371244338e+24 +9.91907015341029e+23 +2.29143385586016e+04 +2.59070235885808e-24 +0.00000000000000e+00 +3.31779808262168e+25 +7.54672389648778e+24 +5.75978343302691e+00 +7.70895214388055e+00 +3.83985562201794e+00 
+2.65608778294669e+01 +7.59898756213213e+24 +9.76806589673467e+23 +2.59448404913351e+04 +5.96166065121240e-24 +0.00000000000000e+00 +3.34469582027405e+25 +7.55399100054990e+24 +5.83146909994403e+00 +7.77941881480587e+00 +3.88764606662935e+00 
+3.05385550883342e+01 +7.55102645503007e+24 +9.61285052410784e+23 +2.93562565286389e+04 +1.26037360653321e-23 +0.00000000000000e+00 +3.37419740464455e+25 +7.56331833339559e+24 +5.90807438768794e+00 +7.85513769936714e+00 +3.93871625845863e+00 
+3.51119173421513e+01 +7.49943400133826e+24 +9.44555517607514e+23 +3.31651552593080e+04 +2.47874134831291e-23 +0.00000000000000e+00 +3.40683365814326e+25 +7.57471350459577e+24 +5.99060460316200e+00 +7.93964342120805e+00 +3.99373640210800e+00 
+4.03701725859656e+01 +7.44267785230665e+24 +9.29746455008010e+23 +3.75340248498630e+04 +4.53255904866320e-23 +0.00000000000000e+00 +3.44187490836374e+25 +7.59228532742757e+24 +6.07696222270278e+00 +8.00506182327152e+00 +4.05130814846852e+00 
+4.64158883361278e+01 +7.39516173045990e+24 +9.14428531596131e+23 +4.24440126139353e+04 +7.87070142673940e-23 +0.00000000000000e+00 +3.48089422464174e+25 +7.61448078022604e+24 +6.16946822453314e+00 +8.08719487082459e+00 +4.11297881635543e+00 
+5.33669923120631e+01 +7.32544449555009e+24 +8.98326041636359e+23 +4.79409589577336e+04 +1.29798469566609e-22 +0.00000000000000e+00 +3.52372097908340e+25 +7.64163110510208e+24 +6.26876577404702e+00 +8.15454985831905e+00 +4.17917718269801e+00 
+6.13590727341317e+01 +7.28103914963732e+24 +8.84084943471205e+23 +5.42466323496004e+04 +2.03849139798488e-22 +0.00000000000000e+00 +3.57098847696355e+25 +7.67764927834646e+24 +6.37280457659897e+00 +8.23567826078973e+00 +4.24853638439931e+00 
+7.05480231071865e+01 +7.20087567959907e+24 +8.68844506573366e+23 +6.12952623262898e+04 +3.10969690508915e-22 +0.00000000000000e+00 +3.62362833787508e+25 +7.72072571918367e+24 +6.48597818559924e+00 +8.28787616785262e+00 +4.32398545706616e+00 
+8.11130830789687e+01 +7.13752617418666e+24 +8.54448661534565e+23 +6.93069652697668e+04 +4.55591698937663e-22 +0.00000000000000e+00 +3.68244425578266e+25 +7.77346337372775e+24 +6.60607112912332e+00 +8.35337041943266e+00 +4.40404741941555e+00 
+9.32603346883220e+01 +7.05642790370087e+24 +8.41002256701751e+23 +7.84321519336394e+04 +6.45720893289579e-22 +0.00000000000000e+00 +3.74774313898966e+25 +7.83729336144546e+24 +6.73388960781221e+00 +8.39049817936853e+00 +4.48925973854147e+00 
+1.07226722201032e+02 +6.97716083179869e+24 +8.27754954019325e+23 +8.87574505051584e+04 +8.95449555052839e-22 +0.00000000000000e+00 +3.82260055832951e+25 +7.91385211112460e+24 +6.87300898449672e+00 +8.42901730508496e+00 +4.58200598966448e+00 
+1.23284673944207e+02 +6.90080324894858e+24 +8.14449153883075e+23 +1.00409098380610e+05 +1.21532308489849e-21 +0.00000000000000e+00 +3.90921448404771e+25 +8.00477135016691e+24 +7.02525255427488e+00 +8.47297000193001e+00 +4.68350170284992e+00 
+1.41747416292680e+02 +6.80756307681710e+24 +8.00790846089543e+23 +1.13510033424022e+05 +1.62356522634321e-21 +0.00000000000000e+00 +4.01110858882986e+25 +8.11351915426845e+24 +7.19486002217056e+00 +8.50105006826700e+00 +4.79657334811371e+00 
+1.62975083462065e+02 +6.71409064797759e+24 +7.88236512182566e+23 +1.28462911360800e+05 +2.11736987575369e-21 +0.00000000000000e+00 +4.12926410152747e+25 +8.24246323947972e+24 +7.37896510518758e+00 +8.51786303248855e+00 +4.91931007012505e+00 
+1.87381742286039e+02 +6.62874696855965e+24 +7.75758604606274e+23 +1.45362998924510e+05 +2.72258494313630e-21 +0.00000000000000e+00 +4.27118533773068e+25 +8.39674790155190e+24 +7.58524034809465e+00 +8.54485780653890e+00 +5.05682689872977e+00 
+2.15443469003188e+02 +6.54056564947781e+24 +7.63230380717724e+23 +1.64433000870451e+05 +3.46748389363720e-21 +0.00000000000000e+00 +4.44535730753158e+25 +8.58294811506446e+24 +7.82059798237696e+00 +8.56958241537400e+00 +5.21373198825130e+00 
+2.47707635599171e+02 +6.45997061508090e+24 +7.51549409639834e+23 +1.86164527297836e+05 +4.33617401140225e-21 +0.00000000000000e+00 +4.65542196196913e+25 +8.80256873273358e+24 +8.08243269927727e+00 +8.59553680998395e+00 +5.38828846618484e+00 
+2.84803586843580e+02 +6.38848193655100e+24 +7.38913596244187e+23 +2.10445242577834e+05 +5.45874280966970e-21 +0.00000000000000e+00 +4.93292693479913e+25 +9.07986827726420e+24 +8.40057663432433e+00 +8.64577667676291e+00 +5.60038442288289e+00 
+3.27454916287773e+02 +6.32645855585610e+24 +7.28491782208088e+23 +2.38548215559280e+05 +6.63980432856207e-21 +0.00000000000000e+00 +5.25690204871490e+25 +9.38887271323698e+24 +8.73970637819162e+00 +8.68432384601559e+00 +5.82647091879441e+00 
+3.76493580679247e+02 +6.27833475737674e+24 +7.17554106745506e+23 +2.70154514979714e+05 +8.05339515320257e-21 +0.00000000000000e+00 +5.67602777523924e+25 +9.76177871548226e+24 +9.14220608154032e+00 +8.74963253412674e+00 +6.09480405436022e+00 
+4.32876128108306e+02 +6.26470661089051e+24 +7.05757619649822e+23 +3.05505625776949e+05 +9.91538336078976e-21 +0.00000000000000e+00 +6.26830920562037e+25 +1.02517126815598e+25 +9.65896833082824e+00 +8.87656957072441e+00 +6.43931222055216e+00 
+4.97702356433211e+02 +6.26928031512056e+24 +6.95070466397422e+23 +3.45938209013128e+05 +1.17945312843583e-20 +0.00000000000000e+00 +6.98204292322511e+25 +1.07860548676300e+25 +1.02207692784562e+01 +9.01963271093144e+00 +6.81384618563745e+00 
+5.72236765935022e+02 +6.30528103306383e+24 +6.84699087709963e+23 +3.91809991589809e+05 +1.38089337522655e-20 +0.00000000000000e+00 +7.89265513980824e+25 +1.13980064398901e+25 +1.08677958835271e+01 +9.20883516020505e+00 +7.24519725568472e+00 
+6.57933224657568e+02 +6.39088609681555e+24 +6.73489386271032e+23 +4.43111043681947e+05 +1.61803529661753e-20 +0.00000000000000e+00 +9.13903195819421e+25 +1.21476443776018e+25 +1.16685971143837e+01 +9.48921575765362e+00 +7.77906474292247e+00 
+7.56463327554629e+02 +6.54251319541017e+24 +6.22129131411686e+23 +4.70617872916355e+05 +1.90738153755190e-20 +0.00000000000000e+00 +9.91872707438707e+25 +1.19479732163403e+25 +1.26532707835716e+01 +1.05163266998355e+01 +8.43551385571438e+00 
+8.69749002617783e+02 +7.90711413808076e+24 +5.99071099677380e+23 +5.21041491441540e+05 +1.93679430379062e-20 +0.00000000000000e+00 +1.01669907629935e+26 +1.04985266937598e+25 +1.36030412853381e+01 +1.31989577569991e+01 +9.06869419022537e+00 
+1.00000000000000e+03 +9.23931940870215e+24 +6.33186028275166e+23 +6.33186028275166e+05 +2.25220116244636e-20 +0.00000000000000e+00 +1.29919325568851e+26 +1.17073249759945e+25 +1.52851838509494e+01 +1.45917929267495e+01 +1.01901225672996e+01 
