Energy(eV)           EEDF(eV^-(3/2))      Anisotropy(eV^-(3/2))
5.20063482347107e-03 2.41344410047889e-01 8.70424486966875e-06 
1.56019044704132e-02 2.41337695348364e-01 1.35009221913094e-05 
2.60031741173553e-02 2.41331042066655e-01 1.73255756843299e-05 
3.64044437642975e-02 2.41325174717243e-01 1.94609016403173e-05 
4.68057134112396e-02 2.41319950880356e-01 2.07938960534350e-05 
5.72069830581817e-02 2.41315393034601e-01 2.10546462289923e-05 
6.76082527051239e-02 2.41311776795002e-01 2.01030698210695e-05 
7.80095223520660e-02 2.41309110266300e-01 1.87815828039814e-05 
8.84107919990081e-02 2.41307028266560e-01 1.73054721574402e-05 
9.88120616459503e-02 2.41305565877754e-01 1.52515526068136e-05 
1.09213331292892e-01 2.41304570157529e-01 1.34551185401063e-05 
1.19614600939835e-01 2.41303831969934e-01 1.21177751113361e-05 
1.30015870586777e-01 2.41303286990437e-01 1.09441819461719e-05 
1.40417140233719e-01 2.41302868560396e-01 9.81515784414227e-06 
1.50818409880661e-01 2.41302571334997e-01 8.59759646557093e-06 
1.61219679527603e-01 2.41302357265610e-01 7.55936173909941e-06 
1.71620949174545e-01 2.41302201564605e-01 6.73181938842163e-06 
1.82022218821487e-01 2.41302081404145e-01 6.12599435715320e-06 
1.92423488468429e-01 2.41301986076901e-01 5.55103916001638e-06 
2.02824758115372e-01 2.41301914275571e-01 5.18170135184720e-06 
2.13226027762314e-01 2.41301847478795e-01 5.21496410635337e-06 
2.23627297409256e-01 2.41301780763860e-01 5.33269621704503e-06 
2.34028567056198e-01 2.41301714366997e-01 5.43770297094726e-06 
2.44429836703140e-01 2.41301648512218e-01 5.52998465254371e-06 
2.54831106350082e-01 2.41301583411308e-01 6.11556089003225e-06 
2.65232375997024e-01 2.41301495961602e-01 7.18505540727895e-06 
2.75633645643967e-01 2.41301380919988e-01 8.33485996943322e-06 
2.86034915290909e-01 2.41301233496472e-01 9.55075212082763e-06 
2.96436184937851e-01 2.41301048574799e-01 1.08593339881806e-05 
3.06837454584793e-01 2.41300818783765e-01 1.24054260036452e-05 
3.17238724231735e-01 2.41300526123534e-01 1.41483571891854e-05 
3.27639993878677e-01 2.41300161033541e-01 1.59786161579136e-05 
3.38041263525619e-01 2.41299713382625e-01 1.78961129147024e-05 
3.48442533172562e-01 2.41299172469075e-01 1.99454284209113e-05 
3.58843802819504e-01 2.41298521936495e-01 2.22067218681402e-05 
3.69245072466446e-01 2.41297738396324e-01 2.46355858491497e-05 
3.79646342113388e-01 2.41296806150366e-01 2.71653826796299e-05 
3.90047611760330e-01 2.41295708735023e-01 2.97960620027556e-05 
4.00448881407272e-01 2.41294428921432e-01 3.24975286209769e-05 
4.10850151054214e-01 2.41292953619976e-01 3.52465285028095e-05 
4.21251420701156e-01 2.41291269361587e-01 3.80696214308241e-05 
4.31652690348099e-01 2.41289358198804e-01 4.09881386356062e-05 
4.42053959995041e-01 2.41287201498094e-01 4.40020544657185e-05 
4.52455229641983e-01 2.41284779940103e-01 4.71113430397964e-05 
4.62856499288925e-01 2.41282073519922e-01 5.03159777800580e-05 
4.73257768935867e-01 2.41279061547398e-01 5.36159310306857e-05 
4.83659038582809e-01 2.41275722647461e-01 5.70111737259996e-05 
4.94060308229751e-01 2.41272034760501e-01 6.05016751022901e-05 
5.04461577876694e-01 2.41267975142768e-01 6.40558718584982e-05 
5.14862847523636e-01 2.41263528524114e-01 6.76728048472958e-05 
5.25264117170578e-01 2.41258672368186e-01 7.13800894897047e-05 
5.35665386817520e-01 2.41253382903558e-01 7.51798436258710e-05 
5.46066656464462e-01 2.41247635714099e-01 7.90720264723662e-05 
5.56467926111404e-01 2.41241405739562e-01 8.30565943492204e-05 
5.66869195758346e-01 2.41234667276208e-01 8.71335004974559e-05 
5.77270465405288e-01 2.41227393977491e-01 9.13026948996632e-05 
5.87671735052231e-01 2.41219558854789e-01 9.55641241015657e-05 
5.98073004699173e-01 2.41211134278188e-01 9.99177310288315e-05 
6.08474274346115e-01 2.41202091977332e-01 1.04363454808194e-04 
6.18875543993057e-01 2.41192403042319e-01 1.08901230583376e-04 
6.29276813639999e-01 2.41182037924674e-01 1.13530989330388e-04 
6.39678083286941e-01 2.41170966438378e-01 1.18252657669584e-04 
6.50079352933883e-01 2.41159157760966e-01 1.23066157677531e-04 
6.60480622580826e-01 2.41146580434702e-01 1.27971406694886e-04 
6.70881892227768e-01 2.41133202367820e-01 1.32968317129449e-04 
6.81283161874710e-01 2.41118990835847e-01 1.38056796261131e-04 
6.91684431521652e-01 2.41103912483007e-01 1.43236746042052e-04 
7.02085701168594e-01 2.41087933323704e-01 1.48497257224050e-04 
7.12486970815536e-01 2.41071023449936e-01 1.53833824678485e-04 
7.22888240462478e-01 2.41053150040182e-01 1.59256361526585e-04 
7.33289510109420e-01 2.41034277718693e-01 1.64769049626781e-04 
7.43690779756363e-01 2.41014370498637e-01 1.70371762923179e-04 
7.54092049403305e-01 2.40993391784008e-01 1.76064368892434e-04 
7.64493319050247e-01 2.40971304371628e-01 1.81846728327580e-04 
7.74894588697189e-01 2.40948070453263e-01 1.87718695121225e-04 
7.85295858344131e-01 2.40923651617833e-01 1.93680116043660e-04 
7.95697127991073e-01 2.40898008853746e-01 1.99730830519785e-04 
8.06098397638015e-01 2.40871102551330e-01 2.05870670402201e-04 
8.16499667284958e-01 2.40842892505396e-01 2.12099459741012e-04 
8.26900936931900e-01 2.40813337917915e-01 2.18417014552142e-04 
8.37302206578842e-01 2.40782397400816e-01 2.24823142581268e-04 
8.47703476225784e-01 2.40750028978921e-01 2.31317643067941e-04 
8.58104745872726e-01 2.40716190093000e-01 2.37900306504631e-04 
8.68506015519668e-01 2.40680837602973e-01 2.44570914394443e-04 
8.78907285166610e-01 2.40643927791240e-01 2.51329239005603e-04 
8.89308554813553e-01 2.40605416366163e-01 2.58175043122620e-04 
8.99709824460495e-01 2.40565258465686e-01 2.65108079797419e-04 
9.10111094107437e-01 2.40523408661110e-01 2.72128092098329e-04 
9.20512363754379e-01 2.40479820961023e-01 2.79234812854529e-04 
9.30913633401321e-01 2.40434448815385e-01 2.86427964397192e-04 
9.41314903048263e-01 2.40387245119774e-01 2.93707258303134e-04 
9.51716172695205e-01 2.40338162219801e-01 3.01072395134400e-04 
9.62117442342147e-01 2.40287151915695e-01 3.08523064172930e-04 
9.72518711989090e-01 2.40234165467056e-01 3.16058943157355e-04 
9.82919981636032e-01 2.40179153597792e-01 3.23679698017232e-04 
9.93321251282974e-01 2.40122066501235e-01 3.31384982603934e-04 
1.00372252092992e+00 2.40062853845439e-01 3.38803218547710e-04 
1.01412379057686e+00 2.40001725998045e-01 3.45877284680251e-04 
1.02452506022380e+00 2.39938687130783e-01 3.52959328729739e-04 
1.03492632987074e+00 2.39873698746743e-01 3.60107996162838e-04 
1.04532759951768e+00 2.39806722031359e-01 3.67322976091090e-04 
1.05572886916463e+00 2.39737717856384e-01 3.74603948485546e-04 
1.06613013881157e+00 2.39666646783974e-01 3.81950584014379e-04 
1.07653140845851e+00 2.39593469070899e-01 3.89362543879908e-04 
1.08693267810545e+00 2.39518144672864e-01 3.96839479656182e-04 
1.09733394775240e+00 2.39440633248954e-01 4.04381033125562e-04 
1.10773521739934e+00 2.39360894166204e-01 4.11986836116150e-04 
1.11813648704628e+00 2.39278886504288e-01 4.19656510336859e-04 
1.12853775669322e+00 2.39194569060338e-01 4.27389667215262e-04 
1.13893902634016e+00 2.39107900353892e-01 4.35185907733921e-04 
1.14934029598711e+00 2.39018838631969e-01 4.43044822265374e-04 
1.15974156563405e+00 2.38927341874274e-01 4.50965990410228e-04 
1.17014283528099e+00 2.38833367798545e-01 4.58948980833902e-04 
1.18054410492793e+00 2.38736873866029e-01 4.66993351103158e-04 
1.19094537457487e+00 2.38637817287089e-01 4.75098647524136e-04 
1.20134664422182e+00 2.38536155026967e-01 4.83457582170808e-04 
1.21174791386876e+00 2.38431680297896e-01 4.92182223802301e-04 
1.22214918351570e+00 2.38324245997135e-01 5.01085429175149e-04 
1.23255045316264e+00 2.38213799324571e-01 5.10056746125679e-04 
1.24295172280958e+00 2.38100287174420e-01 5.19095567076421e-04 
1.25335299245653e+00 2.37983656143827e-01 5.28201268706674e-04 
1.26375426210347e+00 2.37863852541683e-01 5.37373211728465e-04 
1.27415553175041e+00 2.37740822397664e-01 5.46610740664750e-04 
1.28455680139735e+00 2.37614511471497e-01 5.55913183630242e-04 
1.29495807104430e+00 2.37484865262434e-01 5.65274835663699e-04 
1.30535934069124e+00 2.37351833650887e-01 5.74369155027220e-04 
1.31576061033818e+00 2.37215665502654e-01 5.83203824235823e-04 
1.32616187998512e+00 2.37076315178654e-01 5.92091922750866e-04 
1.33656314963206e+00 2.36933736889974e-01 6.01032810917117e-04 
1.34696441927901e+00 2.36787884705893e-01 6.10025835353815e-04 
1.35736568892595e+00 2.36638712562053e-01 6.19070328809508e-04 
1.36776695857289e+00 2.36486174268803e-01 6.28165610021808e-04 
1.37816822821983e+00 2.36330223519709e-01 6.37310983576432e-04 
1.38856949786678e+00 2.36170813900223e-01 6.46505739769075e-04 
1.39897076751372e+00 2.36007898896521e-01 6.55749154471175e-04 
1.40937203716066e+00 2.35841431904518e-01 6.65040488997180e-04 
1.41977330680760e+00 2.35671366239035e-01 6.74378989973132e-04 
1.43017457645454e+00 2.35497655143154e-01 6.83763889208387e-04 
1.44057584610149e+00 2.35320251797726e-01 6.93194403571558e-04 
1.45097711574843e+00 2.35139109331063e-01 7.02669734868322e-04 
1.46137838539537e+00 2.34954180828798e-01 7.12189069721489e-04 
1.47177965504231e+00 2.34765419343912e-01 7.21751579454633e-04 
1.48218092468925e+00 2.34572777906940e-01 7.31356419979523e-04 
1.49258219433620e+00 2.34376209536349e-01 7.41002731686298e-04 
1.50298346398314e+00 2.34175667249086e-01 7.50101667356292e-04 
1.51338473363008e+00 2.33971736248079e-01 7.58497151607731e-04 
1.52378600327702e+00 2.33764557323687e-01 7.66760899983916e-04 
1.53418727292396e+00 2.33554101952962e-01 7.75048184960381e-04 
1.54458854257091e+00 2.33340341688460e-01 7.83358379208706e-04 
1.55498981221785e+00 2.33123248163914e-01 7.91690846894316e-04 
1.56539108186479e+00 2.32902793099958e-01 8.00044943652968e-04 
1.57579235151173e+00 2.32678948309920e-01 8.08420016568854e-04 
1.58619362115868e+00 2.32451685705680e-01 8.16815404156609e-04 
1.59659489080562e+00 2.32220977303581e-01 8.25230436343915e-04 
1.60699616045256e+00 2.31986795230416e-01 8.33664434455876e-04 
1.61739743009950e+00 2.31749111729459e-01 8.42116711202136e-04 
1.62779869974644e+00 2.31507899166574e-01 8.50586570665750e-04 
1.63819996939339e+00 2.31263130036369e-01 8.59073308295476e-04 
1.64860123904033e+00 2.31014776968424e-01 8.67576210898604e-04 
1.65900250868727e+00 2.30762812733566e-01 8.76094556636488e-04 
1.66940377833421e+00 2.30507210250208e-01 8.84627615023573e-04 
1.67980504798115e+00 2.30247942590748e-01 8.93174646927077e-04 
1.69020631762810e+00 2.29984982988022e-01 9.01734904570031e-04 
1.70060758727504e+00 2.29718304841812e-01 9.10307631536729e-04 
1.71100885692198e+00 2.29447881725414e-01 9.18892062780472e-04 
1.72141012656892e+00 2.29173687392259e-01 9.27487424634359e-04 
1.73181139621587e+00 2.28895695782586e-01 9.36092934823560e-04 
1.74221266586281e+00 2.28613881030170e-01 9.44707802481231e-04 
1.75261393550975e+00 2.28328217469105e-01 9.53331228166631e-04 
1.76301520515669e+00 2.28038679640631e-01 9.61962403885968e-04 
1.77341647480363e+00 2.27745242300022e-01 9.70600513115928e-04 
1.78381774445058e+00 2.27447880423510e-01 9.79244730830640e-04 
1.79421901409752e+00 2.27146569215272e-01 9.87894223530906e-04 
1.80462028374446e+00 2.26841284114451e-01 9.96548149275435e-04 
1.81502155339140e+00 2.26532000802231e-01 1.00520565771677e-03 
1.82542282303834e+00 2.26218695208954e-01 1.01386589013914e-03 
1.83582409268529e+00 2.25901343521283e-01 1.02252797949923e-03 
1.84622536233223e+00 2.25579922189403e-01 1.03119105047024e-03 
1.85662663197917e+00 2.25254407934267e-01 1.03985421948898e-03 
1.86702790162611e+00 2.24924777754881e-01 1.04851659480656e-03 
1.87742917127306e+00 2.24591008935625e-01 1.05717727654163e-03 
1.88783044092000e+00 2.24253079053613e-01 1.06583535673633e-03 
1.89823171056694e+00 2.23910965986091e-01 1.07485864779749e-03 
1.90863298021388e+00 2.23564175129978e-01 1.08499516477141e-03 
1.91903424986082e+00 2.23211708699347e-01 1.09587331803199e-03 
1.92943551950777e+00 2.22853522157483e-01 1.10675380428868e-03 
1.93983678915471e+00 2.22489571464965e-01 1.11763503730228e-03 
1.95023805880165e+00 2.22119813098412e-01 1.12851541225825e-03 
1.96063932844859e+00 2.21744204069392e-01 1.13939330588843e-03 
1.97104059809553e+00 2.21362701943468e-01 1.15026707660373e-03 
1.98144186774248e+00 2.20975264859373e-01 1.16113506463752e-03 
1.99184313738942e+00 2.20581851548336e-01 1.17199559219910e-03 
2.00224440703636e+00 2.20182421353514e-01 1.18284696363790e-03 
2.01264567668330e+00 2.19776934249567e-01 1.19368746561894e-03 
2.02304694633025e+00 2.19365350862328e-01 1.20451536730876e-03 
2.03344821597719e+00 2.18947632488601e-01 1.21532892057241e-03 
2.04384948562413e+00 2.18523741116048e-01 1.22612636018280e-03 
2.05425075527107e+00 2.18093639443186e-01 1.23690590404027e-03 
2.06465202491801e+00 2.17657290899463e-01 1.24766575340421e-03 
2.07505329456496e+00 2.17214659665425e-01 1.25840409313660e-03 
2.08545456421190e+00 2.16765710692961e-01 1.26911909195689e-03 
2.09585583385884e+00 2.16310409725607e-01 1.27968846542746e-03 
2.10625710350578e+00 2.15848896294129e-01 1.28904496040163e-03 
2.11665837315272e+00 2.15382681083535e-01 1.29731747837045e-03 
2.12705964279967e+00 2.14911753248630e-01 1.30555831065368e-03 
2.13746091244661e+00 2.14436102473285e-01 1.31376634106303e-03 
2.14786218209355e+00 2.13955718978128e-01 1.32194044872042e-03 
2.15826345174049e+00 2.13470593528191e-01 1.33007950823278e-03 
2.16866472138744e+00 2.12980717440531e-01 1.33818238987148e-03 
2.17906599103438e+00 2.12486082591808e-01 1.34624795975414e-03 
2.18946726068132e+00 2.11986681425828e-01 1.35427508003136e-03 
2.19986853032826e+00 2.11482506961038e-01 1.36265620276689e-03 
2.21026979997520e+00 2.10972964823556e-01 1.37180094410824e-03 
2.22067106962215e+00 2.10457420872189e-01 1.38131298723464e-03 
2.23107233926909e+00 2.09935857852943e-01 1.39077991559160e-03 
2.24147360891603e+00 2.09408259389523e-01 1.40020002827402e-03 
2.25187487856297e+00 2.08874609998474e-01 1.40957161647136e-03 
2.26227614820991e+00 2.08334895104265e-01 1.41889296382272e-03 
2.27267741785686e+00 2.07789101054289e-01 1.42816234678090e-03 
2.28307868750380e+00 2.07237215133805e-01 1.43737803498569e-03 
2.29347995715074e+00 2.06679225580780e-01 1.44653829164653e-03 
2.30388122679768e+00 2.06115121600649e-01 1.45564137393383e-03 
2.31428249644462e+00 2.05544893380972e-01 1.46468553338001e-03 
2.32468376609157e+00 2.04968532105985e-01 1.47366901628867e-03 
2.33508503573851e+00 2.04386029971038e-01 1.48259006415357e-03 
2.34548630538545e+00 2.03797380196904e-01 1.49144691408710e-03 
2.35588757503239e+00 2.03202577043964e-01 1.50023779925706e-03 
2.36628884467934e+00 2.02601615826251e-01 1.50896094933203e-03 
2.37669011432628e+00 2.01994492925341e-01 1.51761459093669e-03 
2.38709138397322e+00 2.01381205804093e-01 1.52619694811547e-03 
2.39749265362016e+00 2.00761753020227e-01 1.53470624280456e-03 
2.40789392326710e+00 2.00136134239724e-01 1.54314069531339e-03 
2.41829519291405e+00 1.99504350250043e-01 1.55149852481498e-03 
2.42869646256099e+00 1.98866402973157e-01 1.55977794984298e-03 
2.43909773220793e+00 1.98222295478377e-01 1.56797718879882e-03 
2.44949900185487e+00 1.97572031994981e-01 1.57609446046766e-03 
2.45990027150182e+00 1.96915617924618e-01 1.58412798454063e-03 
2.47030154114876e+00 1.96253059853485e-01 1.59207598214696e-03 
2.48070281079570e+00 1.95584365564278e-01 1.59993667639341e-03 
2.49110408044264e+00 1.94909544047890e-01 1.60770829291106e-03 
2.50150535008958e+00 1.94228605514861e-01 1.61592700963439e-03 
2.51190661973653e+00 1.93540642658173e-01 1.62487875191716e-03 
2.52230788938347e+00 1.92845153417740e-01 1.63401984171361e-03 
2.53270915903041e+00 1.92142142963437e-01 1.64305235253866e-03 
2.54311042867735e+00 1.91431618256113e-01 1.65197379285355e-03 
2.55351169832429e+00 1.90713588068415e-01 1.66078167469027e-03 
2.56391296797124e+00 1.89988063005167e-01 1.66947351461838e-03 
2.57431423761818e+00 1.89255055523272e-01 1.67804683472637e-03 
2.58471550726512e+00 1.88514579951129e-01 1.68649916361742e-03 
2.59511677691206e+00 1.87766652507533e-01 1.69482803742010e-03 
2.60551804655900e+00 1.87011291320049e-01 1.70303100081261e-03 
2.61591931620595e+00 1.86248516442836e-01 1.71110560806095e-03 
2.62632058585289e+00 1.85478349873894e-01 1.71904942406968e-03 
2.63672185549983e+00 1.84700815571736e-01 1.72686002544559e-03 
2.64712312514677e+00 1.83915939471434e-01 1.73453500157387e-03 
2.65752439479372e+00 1.83123749500047e-01 1.74207195570562e-03 
2.66792566444066e+00 1.82324275591397e-01 1.74946850605725e-03 
2.67832693408760e+00 1.81517549700177e-01 1.75672228692017e-03 
2.68872820373454e+00 1.80703605815368e-01 1.76383094978144e-03 
2.69912947338148e+00 1.79882479972950e-01 1.77079216445351e-03 
2.70953074302843e+00 1.79054210267892e-01 1.77760362021309e-03 
2.71993201267537e+00 1.78218836865384e-01 1.78426302694960e-03 
2.73033328232231e+00 1.77376402011311e-01 1.79076811632085e-03 
2.74073455196925e+00 1.76526950041943e-01 1.79711664291620e-03 
2.75113582161619e+00 1.75670527392815e-01 1.80330638542700e-03 
2.76153709126314e+00 1.74807182606796e-01 1.80933514782249e-03 
2.77193836091008e+00 1.73936966341300e-01 1.81520076053161e-03 
2.78233963055702e+00 1.73059931374661e-01 1.82090108162954e-03 
2.79274090020396e+00 1.72176132611608e-01 1.82643399802802e-03 
2.80314216985091e+00 1.71285627087865e-01 1.83147232215393e-03 
2.81354343949785e+00 1.70389117799877e-01 1.83594119343652e-03 
2.82394470914479e+00 1.69486824929415e-01 1.84016811195071e-03 
2.83434597879173e+00 1.68578811131148e-01 1.84423214574709e-03 
2.84474724843867e+00 1.67665140817166e-01 1.84813172548293e-03 
2.85514851808562e+00 1.66745880153834e-01 1.85186531415478e-03 
2.86554978773256e+00 1.65821097057854e-01 1.85543140801258e-03 
2.87595105737950e+00 1.64890861191555e-01 1.85882853746999e-03 
2.88635232702644e+00 1.63955243957379e-01 1.86205526801148e-03 
2.89675359667338e+00 1.63014318491573e-01 1.86511020109338e-03 
2.90715486632033e+00 1.62068159657060e-01 1.86799197503974e-03 
2.91755613596727e+00 1.61116844035502e-01 1.87069926593243e-03 
2.92795740561421e+00 1.60160449918528e-01 1.87323078849361e-03 
2.93835867526115e+00 1.59199057298137e-01 1.87558529696086e-03 
2.94875994490810e+00 1.58232747856249e-01 1.87776158595466e-03 
2.95916121455504e+00 1.57261604953429e-01 1.87975849133644e-03 
2.96956248420198e+00 1.56285713616740e-01 1.88157489105716e-03 
2.97996375384892e+00 1.55305160526752e-01 1.88320970599569e-03 
2.99036502349586e+00 1.54320034003690e-01 1.88466190078621e-03 
3.00076629314281e+00 1.53330423992710e-01 1.88571055967194e-03 
3.01116756278975e+00 1.52336893839303e-01 1.88619741969676e-03 
3.02156883243669e+00 1.51339884368279e-01 1.88634920028866e-03 
3.03197010208363e+00 1.50339484808793e-01 1.88633087560911e-03 
3.04237137173057e+00 1.49335785577334e-01 1.88614193777133e-03 
3.05277264137752e+00 1.48328878259515e-01 1.88578192029554e-03 
3.06317391102446e+00 1.47318855591219e-01 1.88525039860590e-03 
3.07357518067140e+00 1.46305811439122e-01 1.88454699051401e-03 
3.08397645031834e+00 1.45289840780576e-01 1.88367135668766e-03 
3.09437771996528e+00 1.44271039682867e-01 1.88262320110414e-03 
3.10477898961223e+00 1.43249505281848e-01 1.88140227148892e-03 
3.11518025925917e+00 1.42225335759951e-01 1.88000835973853e-03 
3.12558152890611e+00 1.41198630323574e-01 1.87844130232601e-03 
3.13598279855305e+00 1.40169489179870e-01 1.87670098069067e-03 
3.14638406820000e+00 1.39138013512916e-01 1.87478732161044e-03 
3.15678533784694e+00 1.38104305459280e-01 1.87270029755624e-03 
3.16718660749388e+00 1.37068468083005e-01 1.87043992702862e-03 
3.17758787714082e+00 1.36030605349985e-01 1.86800627487576e-03 
3.18798914678776e+00 1.34990822101773e-01 1.86539945259257e-03 
3.19839041643471e+00 1.33949224028806e-01 1.86261961860068e-03 
3.20879168608165e+00 1.32905917643067e-01 1.85966697850856e-03 
3.21919295572859e+00 1.31861010250182e-01 1.85654178535147e-03 
3.22959422537553e+00 1.30814609920972e-01 1.85324433981127e-03 
3.23999549502247e+00 1.29766825462465e-01 1.84977499041466e-03 
3.25039676466942e+00 1.28717766388366e-01 1.84613413371149e-03 
3.26079803431636e+00 1.27667542889020e-01 1.84232221443057e-03 
3.27119930396330e+00 1.26616265800857e-01 1.83833972561327e-03 
3.28160057361024e+00 1.25564046575333e-01 1.83418720872610e-03 
3.29200184325719e+00 1.24510997247392e-01 1.82986525374988e-03 
3.30240311290413e+00 1.23457230403448e-01 1.82537449924635e-03 
3.31280438255107e+00 1.22402859148899e-01 1.82071563240172e-03 
3.32320565219801e+00 1.21347997075200e-01 1.81588938904659e-03 
3.33360692184495e+00 1.20292758226489e-01 1.81089655365249e-03 
3.34400819149190e+00 1.19237257065797e-01 1.80573795930447e-03 
3.35440946113884e+00 1.18181608440839e-01 1.80041448764947e-03 
3.36481073078578e+00 1.17125927549425e-01 1.79492706882024e-03 
3.37521200043272e+00 1.16070329904477e-01 1.78927668133507e-03 
3.38561327007967e+00 1.15014931298688e-01 1.78346435197236e-03 
3.39601453972661e+00 1.13959847768836e-01 1.77749115562056e-03 
3.40641580937355e+00 1.12905195559761e-01 1.77135821510309e-03 
3.41681707902049e+00 1.11851091088026e-01 1.76506670097768e-03 
3.42721834866743e+00 1.10797650905289e-01 1.75861783131089e-03 
3.43761961831438e+00 1.09744991661381e-01 1.75201287142683e-03 
3.44802088796132e+00 1.08693230067133e-01 1.74525313363037e-03 
3.45842215760826e+00 1.07642482856953e-01 1.73833997690527e-03 
3.46882342725520e+00 1.06592866751176e-01 1.73127480658621e-03 
3.47922469690214e+00 1.05544498418213e-01 1.72405907400509e-03 
3.48962596654909e+00 1.04497494436505e-01 1.71669427611221e-03 
3.50002723619603e+00 1.03451971256314e-01 1.70918195507147e-03 
3.51042850584297e+00 1.02408045161361e-01 1.70152369782981e-03 
3.52082977548991e+00 1.01365832230345e-01 1.69372113566133e-03 
3.53123104513685e+00 1.00325448298341e-01 1.68577594368617e-03 
3.54163231478380e+00 9.92870089181237e-02 1.67768984036344e-03 
3.55203358443074e+00 9.82506293214163e-02 1.66946458695907e-03 
3.56243485407768e+00 9.72164243800992e-02 1.66110198698883e-03 
3.57283612372462e+00 9.61845085673939e-02 1.65260388563609e-03 
3.58323739337157e+00 9.51549959190448e-02 1.64397216914453e-03 
3.59363866301851e+00 9.41279999945222e-02 1.63520876418681e-03 
3.60403993266545e+00 9.31036338382662e-02 1.62619703772896e-03 
3.61444120231239e+00 9.20823197233250e-02 1.61692869894304e-03 
3.62484247195933e+00 9.10642011131126e-02 1.60753015162778e-03 
3.63524374160628e+00 9.00493811898373e-02 1.59801887050225e-03 
3.64564501125322e+00 8.90379623919169e-02 1.58839693902879e-03 
3.65604628090016e+00 8.80300463805559e-02 1.57866647113492e-03 
3.66644755054710e+00 8.70257340065475e-02 1.56882961045024e-03 
3.67684882019404e+00 8.60251252773186e-02 1.55888852952558e-03 
3.68725008984099e+00 8.50283193242363e-02 1.54884542903445e-03 
3.69765135948793e+00 8.40354143701968e-02 1.53870253695754e-03 
3.70805262913487e+00 8.30465076975142e-02 1.52846210775005e-03 
3.71845389878181e+00 8.20616956161281e-02 1.51812642149314e-03 
3.72885516842876e+00 8.10810734321502e-02 1.50769778302915e-03 
3.73925643807570e+00 8.01047354167675e-02 1.49717852108179e-03 
3.74965770772264e+00 7.91327747755204e-02 1.48657098736095e-03 
3.76005897736958e+00 7.81652836179756e-02 1.47587755565315e-03 
3.77046024701652e+00 7.72023529278112e-02 1.46510062089832e-03 
3.78086151666347e+00 7.62440725333319e-02 1.45424259825251e-03 
3.79126278631041e+00 7.52905310784333e-02 1.44330592213831e-03 
3.80166405595735e+00 7.43418159940321e-02 1.43229304528245e-03 
3.81206532560429e+00 7.33980134699806e-02 1.42120643774161e-03 
3.82246659525123e+00 7.24592084274821e-02 1.41004858591711e-03 
3.83286786489818e+00 7.15254844920253e-02 1.39882199155886e-03 
3.84326913454512e+00 7.05969239668527e-02 1.38752917075905e-03 
3.85367040419206e+00 6.96736078069826e-02 1.37617265293649e-03 
3.86407167383900e+00 6.87556155937975e-02 1.36475497981202e-03 
3.87447294348595e+00 6.78430255102177e-02 1.35327870437558e-03 
3.88487421313289e+00 6.69359143164738e-02 1.34174638984580e-03 
3.89527548277983e+00 6.60343573264948e-02 1.33016060862239e-03 
3.90567675242677e+00 6.51384283849263e-02 1.31852394123243e-03 
3.91607802207371e+00 6.42481998447920e-02 1.30683897527091e-03 
3.92647929172066e+00 6.33637425458157e-02 1.29510830433610e-03 
3.93688056136760e+00 6.24851257934144e-02 1.28333452696077e-03 
3.94728183101454e+00 6.16124173383783e-02 1.27152024553980e-03 
3.95768310066148e+00 6.07456833572491e-02 1.25966806525466e-03 
3.96808437030842e+00 5.98849884334103e-02 1.24778059299584e-03 
3.97848563995537e+00 5.90303955389002e-02 1.23586043628356e-03 
3.98888690960231e+00 5.81819660169612e-02 1.22391020218781e-03 
3.99928817924925e+00 5.73397595653343e-02 1.21200077692040e-03 
4.00968944889619e+00 5.65036350281581e-02 1.20022020728963e-03 
4.02009071854313e+00 5.56733960420395e-02 1.18849402545735e-03 
4.03049198819008e+00 5.48491134124517e-02 1.17673040953846e-03 
4.04089325783702e+00 5.40308561706526e-02 1.16493221010806e-03 
4.05129452748396e+00 5.32186915518928e-02 1.15310227780337e-03 
4.06169579713090e+00 5.24126849745378e-02 1.14124346201215e-03 
4.07209706677785e+00 5.16129000201198e-02 1.12935860956128e-03 
4.08249833642479e+00 5.08193984143344e-02 1.11745056340659e-03 
4.09289960607173e+00 5.00322400089929e-02 1.10552216132494e-03 
4.10330087571867e+00 4.92514827649461e-02 1.09357623460943e-03 
4.11370214536561e+00 4.84771827359892e-02 1.08161560676872e-03 
4.12410341501256e+00 4.77093940537606e-02 1.06964309223145e-03 
4.13450468465950e+00 4.69481689136445e-02 1.05766149505686e-03 
4.14490595430644e+00 4.61935575616869e-02 1.04567360765231e-03 
4.15530722395338e+00 4.54456082825347e-02 1.03368220949893e-03 
4.16570849360032e+00 4.47043673884058e-02 1.02169006588621e-03 
4.17610976324727e+00 4.39698792090963e-02 1.00969992665649e-03 
4.18651103289421e+00 4.32421860830342e-02 9.97714524960510e-04 
4.19691230254115e+00 4.25213283493825e-02 9.85736576024577e-04 
4.20731357218809e+00 4.18073443411978e-02 9.73768775930665e-04 
4.21771484183504e+00 4.11002703796493e-02 9.61813800410145e-04 
4.22811611148198e+00 4.04001407692995e-02 9.49874303652188e-04 
4.23851738112892e+00 3.97069877944508e-02 9.37952917127757e-04 
4.24891865077586e+00 3.90208417165583e-02 9.26052248429797e-04 
4.25931992042280e+00 3.83417307727102e-02 9.14174880130983e-04 
4.26972119006975e+00 3.76696811751744e-02 9.02323368659560e-04 
4.28012245971669e+00 3.70047171120124e-02 8.90500243194148e-04 
4.29052372936363e+00 3.63468607487558e-02 8.78708004578488e-04 
4.30092499901057e+00 3.56961322311448e-02 8.66949124256804e-04 
4.31132626865752e+00 3.50525496889232e-02 8.55226043230736e-04 
4.32172753830446e+00 3.44161292406877e-02 8.43541171038461e-04 
4.33212880795140e+00 3.37868849997827e-02 8.31896884756872e-04 
4.34253007759834e+00 3.31648290812374e-02 8.20295528027534e-04 
4.35293134724528e+00 3.25499716097364e-02 8.08739410107126e-04 
4.36333261689223e+00 3.19423207286162e-02 7.97230804943010e-04 
4.37373388653917e+00 3.13418826098786e-02 7.85771950274756e-04 
4.38413515618611e+00 3.07486614652114e-02 7.74365046762120e-04 
4.39453642583305e+00 3.01626595580058e-02 7.63012257140105e-04 
4.40493769547999e+00 2.95838772163593e-02 7.51715705401909e-04 
4.41533896512694e+00 2.90123128470521e-02 7.40477476010016e-04 
4.42574023477388e+00 2.84479629504830e-02 7.29299613136182e-04 
4.43614150442082e+00 2.78908221365529e-02 7.18184119930885e-04 
4.44654277406776e+00 2.73408831414792e-02 7.07132957822513e-04 
4.45694404371470e+00 2.67981368455281e-02 6.96148045846905e-04 
4.46734531336165e+00 2.62625722916468e-02 6.85231260007691e-04 
4.47774658300859e+00 2.57341767049805e-02 6.74384432667740e-04 
4.48814785265553e+00 2.52129355132551e-02 6.63609351972174e-04 
4.49854912230247e+00 2.46988323680096e-02 6.52873149679082e-04 
4.50895039194942e+00 2.41919660811981e-02 6.42119669868966e-04 
4.51935166159636e+00 2.36925143359146e-02 6.31392612306237e-04 
4.52975293124330e+00 2.32004381726285e-02 6.20759540877426e-04 
4.54015420089024e+00 2.27156973316237e-02 6.10221514686371e-04 
4.55055547053718e+00 2.22382502808265e-02 5.99779548788570e-04 
4.56095674018413e+00 2.17680542440131e-02 5.89434614170293e-04 
4.57135800983107e+00 2.13050652293745e-02 5.79187637753323e-04 
4.58175927947801e+00 2.08492380584222e-02 5.69039502425190e-04 
4.59216054912495e+00 2.04005263952107e-02 5.58991047094687e-04 
4.60256181877189e+00 1.99588827758588e-02 5.49043066772483e-04 
4.61296308841884e+00 1.95242586383479e-02 5.39196312676545e-04 
4.62336435806578e+00 1.90966043525773e-02 5.29451492362161e-04 
4.63376562771272e+00 1.86758692506548e-02 5.19809269876328e-04 
4.64416689735966e+00 1.82620016574029e-02 5.10270265936142e-04 
4.65456816700661e+00 1.78549489210592e-02 5.00835058130955e-04 
4.66496943665355e+00 1.74546574441498e-02 4.91504181147960e-04 
4.67537070630049e+00 1.70610727145157e-02 4.82278127020784e-04 
4.68577197594743e+00 1.66741393364710e-02 4.73157345400810e-04 
4.69617324559437e+00 1.62938010620711e-02 4.64142243850881e-04 
4.70657451524132e+00 1.59200008224729e-02 4.55233188160866e-04 
4.71697578488826e+00 1.55526807593624e-02 4.46430502684765e-04 
4.72737705453520e+00 1.51917822564336e-02 4.37734470698911e-04 
4.73777832418214e+00 1.48372459708943e-02 4.29145334780796e-04 
4.74817959382908e+00 1.44890118649817e-02 4.20663297208125e-04 
4.75858086347603e+00 1.41470192374648e-02 4.12288520377549e-04 
4.76898213312297e+00 1.38112067551166e-02 4.04021127242632e-04 
4.77938340276991e+00 1.34815124841337e-02 3.95861201770527e-04 
4.78978467241685e+00 1.31578739214859e-02 3.87808789416885e-04 
4.80018594206379e+00 1.28402280261745e-02 3.79863897618466e-04 
4.81058721171074e+00 1.25285112503818e-02 3.72026496302858e-04 
4.82098848135768e+00 1.22226595704923e-02 3.64296518414813e-04 
4.83138975100462e+00 1.19226085179669e-02 3.56673860458645e-04 
4.84179102065156e+00 1.16282932100521e-02 3.49158383056083e-04 
4.85219229029851e+00 1.13396483803060e-02 3.41749911519043e-04 
4.86259355994545e+00 1.10566084089240e-02 3.34448236436708e-04 
4.87299482959239e+00 1.07791073528455e-02 3.27253114276333e-04 
4.88339609923933e+00 1.05070789756266e-02 3.20164267997174e-04 
4.89379736888627e+00 1.02404567770607e-02 3.13181387676949e-04 
4.90419863853322e+00 9.97917402253048e-03 3.06304131150201e-04 
4.91459990818016e+00 9.72316377207725e-03 2.99532124657968e-04 
4.92500117782710e+00 9.47235890916994e-03 2.92864963508112e-04 
4.93540244747404e+00 9.22669216916023e-03 2.86302212745728e-04 
4.94580371712099e+00 8.98609616740829e-03 2.79843407832969e-04 
4.95620498676793e+00 8.75050342706538e-03 2.73488055337659e-04 
4.96660625641487e+00 8.51984640649915e-03 2.67235633630103e-04 
4.97700752606181e+00 8.29405752634845e-03 2.61085593587428e-04 
4.98740879570875e+00 8.07306919619474e-03 2.55037359304838e-04 
4.99781006535570e+00 7.85681384083750e-03 2.49099482386253e-04 
5.00821133500264e+00 7.64518896987080e-03 2.43292420436767e-04 
5.01861260464958e+00 7.43804597545409e-03 2.37603220334653e-04 
5.02901387429652e+00 7.23532631427683e-03 2.32006458850051e-04 
5.03941514394346e+00 7.03697122230110e-03 2.26501775907202e-04 
5.04981641359041e+00 6.84292174437847e-03 2.21088780602821e-04 
5.06021768323735e+00 6.65311876353455e-03 2.15767051928882e-04 
5.07061895288429e+00 6.46750302990383e-03 2.10536139506103e-04 
5.08102022253123e+00 6.28601518929751e-03 2.05395564327379e-04 
5.09142149217818e+00 6.10859581138765e-03 2.00344819510379e-04 
5.10182276182512e+00 5.93518541749167e-03 1.95383371058509e-04 
5.11222403147206e+00 5.76572450794167e-03 1.90510658629484e-04 
5.12262530111900e+00 5.60015358902358e-03 1.85726096310704e-04 
5.13302657076594e+00 5.43841319947194e-03 1.81029073400693e-04 
5.14342784041289e+00 5.28044393650651e-03 1.76418955195813e-04 
5.15382911005983e+00 5.12618648139755e-03 1.71895083781459e-04 
5.16423037970677e+00 4.97558162454739e-03 1.67456778827017e-04 
5.17463164935371e+00 4.82857029007633e-03 1.63103338383786e-04 
5.18503291900065e+00 4.68509355990161e-03 1.58834039685147e-04 
5.19543418864760e+00 4.54509269729893e-03 1.54648139948206e-04 
5.20583545829454e+00 4.40850916993642e-03 1.50544877176196e-04 
5.21623672794148e+00 4.27528467237182e-03 1.46523470960906e-04 
5.22663799758842e+00 4.14536114800417e-03 1.42583123284421e-04 
5.23703926723536e+00 4.01868081047184e-03 1.38723019319456e-04 
5.24744053688231e+00 3.89518616448974e-03 1.34942328227613e-04 
5.25784180652925e+00 3.77482002611869e-03 1.31240203954866e-04 
5.26824307617619e+00 3.65752554246100e-03 1.27615786023604e-04 
5.27864434582313e+00 3.54324621077680e-03 1.24068200320578e-04 
5.28904561547008e+00 3.43192589701610e-03 1.20596559880126e-04 
5.29944688511702e+00 3.32350885376263e-03 1.17199965662029e-04 
5.30984815476396e+00 3.21793973758576e-03 1.13877507323390e-04 
5.32024942441090e+00 3.11516362579753e-03 1.10628263983962e-04 
5.33065069405784e+00 3.01512603261253e-03 1.07451304984331e-04 
5.34105196370479e+00 2.91777292470899e-03 1.04345690636389e-04 
5.35145323335173e+00 2.82305073618974e-03 1.01310472965571e-04 
5.36185450299867e+00 2.73090638294286e-03 9.83446964443100e-05 
5.37225577264561e+00 2.64128727640183e-03 9.54473987162262e-05 
5.38265704229255e+00 2.55414133670595e-03 9.26176113105359e-05 
5.39305831193950e+00 2.46941700526234e-03 8.98543603462354e-05 
5.40345958158644e+00 2.38706325671117e-03 8.71566672255959e-05 
5.41386085123338e+00 2.30702961029653e-03 8.45235493165395e-05 
5.42426212088032e+00 2.22926614064582e-03 8.19540206234914e-05 
5.43466339052727e+00 2.15372348796108e-03 7.94470924463163e-05 
5.44506466017421e+00 2.08035286762602e-03 7.70017740269634e-05 
5.45546592982115e+00 2.00910607923346e-03 7.46170731834784e-05 
5.46586719946809e+00 1.93993551503763e-03 7.22919969310478e-05 
5.47626846911503e+00 1.87279416783716e-03 7.00255520897661e-05 
5.48666973876198e+00 1.80763563829420e-03 6.78167458788394e-05 
5.49707100840892e+00 1.74441414169607e-03 6.56645864969612e-05 
5.50747227805586e+00 1.68308451416617e-03 6.35680836886050e-05 
5.51787354770280e+00 1.62360221833112e-03 6.15262492960128e-05 
5.52827481734974e+00 1.56592334845159e-03 5.95380977966739e-05 
5.53867608699669e+00 1.51000463502482e-03 5.76026468261031e-05 
5.54907735664363e+00 1.45580344886686e-03 5.57189176857590e-05 
5.55947862629057e+00 1.40327780468320e-03 5.38859358359494e-05 
5.56987989593751e+00 1.35238636413659e-03 5.21027313736070e-05 
5.58028116558445e+00 1.30308843842125e-03 5.03683394948209e-05 
5.59068243523140e+00 1.25534399035304e-03 4.86818009420410e-05 
5.60108370487834e+00 1.20911363598515e-03 4.70421624358860e-05 
5.61148497452528e+00 1.16435864575950e-03 4.54484770915100e-05 
5.62188624417222e+00 1.12104094520398e-03 4.38998048194924e-05 
5.63228751381917e+00 1.07912311518607e-03 4.23952127112399e-05 
5.64268878346611e+00 1.03856839173345e-03 4.09337754089085e-05 
5.65309005311305e+00 9.99340665432550e-04 3.95145754598672e-05 
5.66349132275999e+00 9.61404480415954e-04 3.81367036557419e-05 
5.67389259240693e+00 9.24725032949988e-04 3.67992593560990e-05 
5.68429386205388e+00 8.89268169633698e-04 3.55013507968380e-05 
5.69469513170082e+00 8.55000385220736e-04 3.42420953833852e-05 
5.70509640134776e+00 8.21888820075682e-04 3.30206199687894e-05 
5.71549767099470e+00 7.89901257276450e-04 3.18360611168401e-05 
5.72589894064165e+00 7.59006119374482e-04 3.06875653503397e-05 
5.73630021028859e+00 7.29172464824513e-04 2.95742893846766e-05 
5.74670147993553e+00 7.00369984095704e-04 2.84954003468603e-05 
5.75710274958247e+00 6.72568995475988e-04 2.74500759801893e-05 
5.76750401922941e+00 6.45740440581472e-04 2.64375048347378e-05 
5.77790528887636e+00 6.19855879582738e-04 2.54568864438579e-05 
5.78830655852330e+00 5.94887486159872e-04 2.45074314869048e-05 
5.79870782817024e+00 5.70808042198006e-04 2.35883619384025e-05 
5.80910909781718e+00 5.47590932235129e-04 2.26989112038799e-05 
5.81951036746412e+00 5.25210137673850e-04 2.18383242426140e-05 
5.82991163711107e+00 5.03640230768729e-04 2.10058576775265e-05 
5.84031290675801e+00 4.82856368400718e-04 2.02007798924914e-05 
5.85071417640495e+00 4.62834285650141e-04 1.94223711173136e-05 
5.86111544605189e+00 4.43550289179540e-04 1.86699235006512e-05 
5.87151671569884e+00 4.24981250437615e-04 1.79427411711564e-05 
5.88191798534578e+00 4.07104598695320e-04 1.72401402871192e-05 
5.89231925499272e+00 3.89898313925077e-04 1.65614490749031e-05 
5.90272052463966e+00 3.73340919533891e-04 1.59060078564650e-05 
5.91312179428660e+00 3.57411474961008e-04 1.52731690662594e-05 
5.92352306393355e+00 3.42089568150585e-04 1.46622972578271e-05 
5.93392433358049e+00 3.27355307909665e-04 1.40727691003769e-05 
5.94432560322743e+00 3.13189316161570e-04 1.35039733656656e-05 
5.95472687287437e+00 2.99572720104637e-04 1.29553109054916e-05 
5.96512814252131e+00 2.86487144286007e-04 1.24261946201108e-05 
5.97552941216826e+00 2.73914702600013e-04 1.19160494178927e-05 
5.98593068181520e+00 2.61837990220440e-04 1.14243121665313e-05 
5.99633195146214e+00 2.50240075475794e-04 1.09505039398450e-05 
6.00673322110908e+00 2.39104126365184e-04 1.04944745524907e-05 
6.01713449075602e+00 2.28412156103152e-04 1.00555496740644e-05 
6.02753576040297e+00 2.18148910708776e-04 9.63271911721917e-06 
6.03793703004991e+00 2.08299552634327e-04 9.22549573365775e-06 
6.04833829969685e+00 1.98849653792277e-04 8.83340277604200e-06 
6.05873956934379e+00 1.89785188525345e-04 8.45597384916185e-06 
6.06914083899074e+00 1.81092526527969e-04 8.09275285377874e-06 
6.07954210863768e+00 1.72758425727385e-04 7.74329392344635e-06 
6.08994337828462e+00 1.64770025132291e-04 7.40716135461091e-06 
6.10034464793156e+00 1.57114837656832e-04 7.08392953029175e-06 
6.11074591757850e+00 1.49780742927424e-04 6.77318283764104e-06 
6.12114718722545e+00 1.42755980079714e-04 6.47451557968035e-06 
6.13154845687239e+00 1.36029140552719e-04 6.18753188150918e-06 
6.14194972651933e+00 1.29589160886990e-04 5.91184559127788e-06 
6.15235099616627e+00 1.23425315533370e-04 5.64708017621400e-06 
6.16275226581322e+00 1.17527209678710e-04 5.39286861398827e-06 
6.17315353546016e+00 1.11884772094661e-04 5.14885327970259e-06 
6.18355480510710e+00 1.06488248015408e-04 4.91468582877815e-06 
6.19395607475404e+00 1.01328192050005e-04 4.69002707601786e-06 
6.20435734440098e+00 9.63954611346993e-05 4.47454687111247e-06 
6.21475861404793e+00 9.16812075304172e-05 4.26792397085521e-06 
6.22515988369487e+00 8.71768718703459e-05 4.06984590832438e-06 
6.23556115334181e+00 8.28741762623052e-05 3.88000885928869e-06 
6.24596242298875e+00 7.87651174503743e-05 3.69811750608400e-06 
6.25636369263569e+00 7.48419600400087e-05 3.52388489920458e-06 
6.26676496228264e+00 7.10972297906540e-05 3.35703231684675e-06 
6.27716623192958e+00 6.75237069796362e-05 3.19728912263625e-06 
6.28756750157652e+00 6.41144198408875e-05 3.04439262176454e-06 
6.29796877122346e+00 6.08626380818452e-05 2.89808791575335e-06 
6.30837004087040e+00 5.77618664816476e-05 2.75812775606014e-06 
6.31877131051735e+00 5.48058385735350e-05 2.62427239673076e-06 
6.32917258016429e+00 5.19885104141576e-05 2.49628944629921e-06 
6.33957384981123e+00 4.93040544422860e-05 2.37395371912757e-06 
6.34997511945817e+00 4.67468534292206e-05 2.25704708637258e-06 
6.36037638910512e+00 4.43114945229983e-05 2.14535832675880e-06 
6.37077765875206e+00 4.19927633883038e-05 2.03868297733147e-06 
6.38117892839900e+00 3.97856384438069e-05 1.93682318435541e-06 
6.39158019804594e+00 3.76852851984631e-05 1.83958755451955e-06 
6.40198146769288e+00 3.56870506881373e-05 1.74679100660010e-06 
6.41238273733983e+00 3.37864580137402e-05 1.65825462372862e-06 
6.42278400698677e+00 3.19792009818975e-05 1.57380550640449e-06 
6.43318527663371e+00 3.02611388490095e-05 1.49327662638474e-06 
6.44358654628065e+00 2.86282911694042e-05 1.41650668157757e-06 
6.45398781592759e+00 2.70768327481326e-05 1.34333995205961e-06 
6.46438908557454e+00 2.56030886988100e-05 1.27362615733014e-06 
6.47479035522148e+00 2.42035296067662e-05 1.20722031490944e-06 
6.48519162486842e+00 2.28747667976306e-05 1.14398260038224e-06 
6.49559289451536e+00 2.16135477113491e-05 1.08377820898069e-06 
6.50599416416231e+00 2.04167513815049e-05 1.02647721879574e-06 
6.51639543380925e+00 1.92813840196941e-05 9.71954455699251e-07 
6.52679670345619e+00 1.82045747045952e-05 9.20089360054070e-07 
6.53719797310313e+00 1.71835711752607e-05 8.70765855282835e-07 
6.54759924275007e+00 1.62157357280561e-05 8.23872218361261e-07 
6.55800051239702e+00 1.52985412165742e-05 7.79300952295945e-07 
6.56840178204396e+00 1.44295671537571e-05 7.36948660641422e-07 
6.57880305169090e+00 1.36064959153720e-05 6.96715924106178e-07 
6.58920432133784e+00 1.28271090439043e-05 6.58507179292150e-07 
6.59960559098478e+00 1.20892836518503e-05 6.22230599607434e-07 
6.61000686063173e+00 1.13909889233219e-05 5.87797978387196e-07 
6.62040813027867e+00 1.07302827128066e-05 5.55124614253179e-07 
6.63080939992561e+00 1.01053082398592e-05 5.24129198737803e-07 
6.64121066957255e+00 9.51429087844732e-06 4.94733706194577e-07 
6.65161193921950e+00 8.95553503961386e-06 4.66863286012428e-07 
6.66201320886644e+00 8.42742114607203e-06 4.40446157147613e-07 
6.67241447851338e+00 7.92840269730082e-06 4.15413504983062e-07 
6.68281574816032e+00 7.45700342366778e-06 3.91699380521366e-07 
6.69321701780726e+00 7.01181452806786e-06 3.69240601914190e-07 
6.70361828745421e+00 6.59149201353303e-06 3.47976658327466e-07 
6.71401955710115e+00 6.19475409523753e-06 3.27849616138650e-07 
6.72442082674809e+00 5.82037869529684e-06 3.08804027459240e-07 
6.73482209639503e+00 5.46720101873581e-06 2.90786840972937e-07 
6.74522336604197e+00 5.13411120898175e-06 2.73747315077083e-07 
6.75562463568892e+00 4.82005208122227e-06 2.57636933312440e-07 
6.76602590533586e+00 4.52401693195442e-06 2.42409322063994e-07 
6.77642717498280e+00 4.24504742304196e-06 2.28020170513159e-07 
6.78682844462974e+00 3.98223153859049e-06 2.14427152819622e-07 
6.79722971427668e+00 3.73470161294563e-06 2.01589852509094e-07 
6.80763098392363e+00 3.50163242811849e-06 1.89469689041363e-07 
6.81803225357057e+00 3.28223937894283e-06 1.78029846531310e-07 
6.82843352321751e+00 3.07577670427229e-06 1.67235204593959e-07 
6.83883479286445e+00 2.88153578253151e-06 1.57052271283175e-07 
6.84923606251140e+00 2.69884348994264e-06 1.47449118092239e-07 
6.85963733215834e+00 2.52706061975878e-06 1.38395316983337e-07 
6.87003860180528e+00 2.36558036084769e-06 1.29861879411867e-07 
6.88043987145222e+00 2.21382683398267e-06 1.21821197310465e-07 
6.89084114109916e+00 2.07125368421266e-06 1.14246985996761e-07 
6.90124241074611e+00 1.93734272770092e-06 1.07114228968098e-07 
6.91164368039305e+00 1.81160265143954e-06 1.00399124545727e-07 
6.92204495003999e+00 1.69356776426708e-06 9.40790343304417e-08 
6.93244621968693e+00 1.58279679763767e-06 8.81324334310775e-08 
6.94284748933388e+00 1.47887175461183e-06 8.25388624269073e-08 
6.95324875898082e+00 1.38139680556276e-06 7.72788810246536e-08 
6.96365002862776e+00 1.28999722911603e-06 7.23340233705689e-08 
6.97405129827470e+00 1.20431839686550e-06 6.76867549778812e-08 
6.98445256792164e+00 1.12402480043456e-06 6.33204312298183e-08 
6.99485383756859e+00 1.04879911947804e-06 5.92193124316388e-08 
7.00525510721553e+00 9.78340945719797e-07 5.53781260449969e-08 
7.01565637686247e+00 9.12298730504166e-07 5.17804960829168e-08 
7.02605764650941e+00 8.50418213559821e-07 4.83992166222127e-08 
7.03645891615635e+00 7.92458260122577e-07 4.52224789355750e-08 
7.04686018580330e+00 7.38190279573023e-07 4.22390401119747e-08 
7.05726145545024e+00 6.87397664054305e-07 3.94382008120565e-08 
7.06766272509718e+00 6.39875246715015e-07 3.68097836124109e-08 
7.07806399474412e+00 5.95428779208573e-07 3.43441119397458e-08 
7.08846526439106e+00 5.53874428068430e-07 3.20319895947885e-08 
7.09886653403801e+00 5.15038289567764e-07 2.98646808646249e-08 
7.10926780368495e+00 4.78755922663126e-07 2.78338912211377e-08 
7.11966907333189e+00 4.44871899613538e-07 2.59317486022046e-08 
7.13007034297883e+00 4.13239373859930e-07 2.41507852713923e-08 
7.14047161262578e+00 3.83719664744385e-07 2.24839202510245e-08 
7.15087288227272e+00 3.56181858644394e-07 2.09244423226844e-08 
7.16127415191966e+00 3.30502426094185e-07 1.94659935884820e-08 
7.17167542156660e+00 3.06564854463111e-07 1.81025535857177e-08 
7.18207669121354e+00 2.84259295759972e-07 1.68284239469535e-08 
7.19247796086049e+00 2.63482229132019e-07 1.56382135969221e-08 
7.20287923050743e+00 2.44136137628114e-07 1.45268244771851e-08 
7.21328050015437e+00 2.26129198797104e-07 1.34894377889809e-08 
7.22368176980131e+00 2.09374988694829e-07 1.25215007442834e-08 
7.23408303944825e+00 1.93792198876286e-07 1.16187138147187e-08 
7.24448430909520e+00 1.79304365953208e-07 1.07770184676624e-08 
7.25488557874214e+00 1.65839613301771e-07 9.99258537855426e-09 
7.26528684838908e+00 1.53330404510074e-07 9.26180310823335e-09 
7.27568811803602e+00 1.41713308160605e-07 8.58126723388833e-09 
7.28608938768297e+00 1.30928773548870e-07 7.94776992206317e-09 
7.29649065732991e+00 1.20920916945845e-07 7.35828993202951e-09 
7.30689192697685e+00 1.11637318018767e-07 6.80998303774718e-09 
7.31729319662379e+00 1.03028826031959e-07 6.30017285657623e-09 
7.32769446627073e+00 9.50493754569745e-08 5.82634207287614e-09 
7.33809573591768e+00 8.76558106291186e-08 5.38612404462924e-09 
7.34849700556462e+00 8.08077190954910e-08 4.97729478125387e-09 
7.35889827521156e+00 7.44672733079676e-08 4.59776528082595e-09 
7.36929954485850e+00 6.85990803229839e-08 4.24557421500505e-09 
7.37970081450545e+00 6.31700391785885e-08 3.91888095005932e-09 
7.39010208415239e+00 5.81492056279442e-08 3.61595889250296e-09 
7.40050335379933e+00 5.35076639172561e-08 3.33518914799670e-09 
7.41090462344627e+00 4.92184053049687e-08 3.07505448231614e-09 
7.42130589309321e+00 4.52562130279669e-08 2.83413357336231e-09 
7.43170716274015e+00 4.15975534294248e-08 2.61109554337198e-09 
7.44210843238710e+00 3.82204729718417e-08 2.40469476068158e-09 
7.45250970203404e+00 3.51045008676669e-08 2.21376590060513e-09 
7.46291097168098e+00 3.22305570687299e-08 2.03721925520378e-09 
7.47331224132792e+00 2.95808653644340e-08 1.87403628194993e-09 
7.48371351097487e+00 2.71388713473311e-08 1.72326538152166e-09 
7.49411478062181e+00 2.48891650132521e-08 1.58401789520254e-09 
7.50451605026875e+00 2.28174077716125e-08 1.45546431260613e-09 
7.51491731991569e+00 2.09102636498246e-08 1.33683068069314e-09 
7.52531858956263e+00 1.91553344839337e-08 1.22739520530102e-09 
7.53571985920958e+00 1.75410988956164e-08 1.12648503666012e-09 
7.54612112885652e+00 1.60568548635600e-08 1.03347323062583e-09 
7.55652239850346e+00 1.46926657049428e-08 9.47775877613343e-10 
7.56692366815040e+00 1.34393092902743e-08 8.68849391477259e-10 
7.57732493779735e+00 1.22882303222080e-08 7.96187950834731e-10 
7.58772620744429e+00 1.12314955161142e-08 7.29321085584881e-10 
7.59812747709123e+00 1.02617515271866e-08 6.67811401629967e-10 
7.60852874673817e+00 9.37218547564850e-09 6.11252437053839e-10 
7.61893001638511e+00 8.55648792822975e-09 5.59266643260437e-10 
7.62933128603206e+00 7.80881820048792e-09 5.11503484818906e-10 
7.63973255567900e+00 7.12377185075994e-09 4.67637652001995e-10 
7.65013382532594e+00 6.49635024254063e-09 4.27367380240350e-10 
7.66053509497288e+00 5.92193205790155e-09 3.90412870946734e-10 
7.67093636461982e+00 5.39624665018221e-09 3.56514808391075e-10 
7.68133763426677e+00 4.91534912960966e-09 3.25432967528910e-10 
7.69173890391371e+00 4.47559708073280e-09 2.96944907902421e-10 
7.70214017356065e+00 4.07362881559605e-09 2.70844748944465e-10 
7.71254144320759e+00 3.70634307142602e-09 2.46942022221603e-10 
7.72294271285454e+00 3.37088006626758e-09 2.25060596352201e-10 
7.73334398250148e+00 3.06460383048410e-09 2.05037670529892e-10 
7.74374525214842e+00 2.78508573633565e-09 1.86722832771095e-10 
7.75414652179536e+00 2.53008915197037e-09 1.69977179187875e-10 
7.76454779144230e+00 2.29755515011346e-09 1.54672490764019e-10 
7.77494906108925e+00 2.08558920551811e-09 1.40690464282972e-10 
7.78535033073619e+00 1.89244881885762e-09 1.27921994221070e-10 
7.79575160038313e+00 1.71653200819306e-09 1.16266502578499e-10 
7.80615287003007e+00 1.55636661244885e-09 1.05631313773495e-10 
7.81655413967701e+00 1.41060035447570e-09 9.59310718726994e-11 
7.82695540932396e+00 1.27799161428001e-09 8.70871975722050e-11 
7.83735667897090e+00 1.15740086585595e-09 7.90273824799028e-11 
7.84775794861784e+00 1.04778273377582e-09 7.16851183802337e-11 
7.85815921826478e+00 9.48178628280083e-10 6.49992592875658e-11 
7.86856048791172e+00 8.57709920066122e-10 5.89136142141996e-11 
7.87896175755867e+00 7.75571618307850e-10 5.33765686936028e-11 
7.88936302720561e+00 7.01026517652401e-10 4.83407332090076e-11 
7.89976429685255e+00 6.33399782039095e-10 4.37626167820945e-11 
7.91016556649949e+00 5.72073935174491e-10 3.96023240762731e-11 
7.92056683614644e+00 5.16484229380024e-10 3.58232744641873e-11 
7.93096810579338e+00 4.66114366309718e-10 3.23919415996646e-11 
7.94136937544032e+00 4.20492544719168e-10 2.92776121205310e-11 
7.95177064508726e+00 3.79187812057453e-10 2.64521621906749e-11 
7.96217191473420e+00 3.41806698155112e-10 2.38898506676021e-11 
7.97257318438115e+00 3.07990110697610e-10 2.15671277556350e-11 
7.98297445402809e+00 2.77410473508891e-10 1.94624580749989e-11 
7.99337572367503e+00 2.49769089927366e-10 1.75561571434726e-11 
8.00377699332197e+00 2.24793714740635e-10 1.58293433061441e-11 
8.01417826296892e+00 2.02247213065521e-10 1.42657522421272e-11 
8.02457953261586e+00 1.81901992479595e-10 1.28520654348527e-11 
8.03498080226280e+00 1.63549344715383e-10 1.15745781680047e-11 
8.04538207190974e+00 1.46999723119313e-10 1.04205665152868e-11 
8.05578334155668e+00 1.32081045043502e-10 9.37845551621823e-12 
8.06618461120363e+00 1.18637138734676e-10 8.43771928623393e-12 
8.07658588085057e+00 1.06526322969842e-10 7.58878944609815e-12 
8.08698715049751e+00 9.56201085943172e-11 6.82297121124491e-12 
8.09738842014445e+00 8.58020119582612e-11 6.13236653094503e-12 
8.10778968979139e+00 7.69664710271478e-11 5.50980371305972e-12 
8.11819095943834e+00 6.90178556639050e-11 4.94877301278802e-12 
8.12859222908528e+00 6.18695642495408e-11 4.44336770345811e-12 
8.13899349873222e+00 5.54431994286039e-11 3.98823018424116e-12 
8.14939476837916e+00 4.96678163392142e-11 3.57850271386677e-12 
8.15979603802610e+00 4.44792372178214e-11 3.20978239116079e-12 
8.17019730767305e+00 3.98194267593129e-11 2.87808003267325e-12 
8.18059857731999e+00 3.56359230663868e-11 2.57978262496868e-12 
8.19099984696693e+00 3.18813194408639e-11 2.31161905445592e-12 
8.20140111661387e+00 2.85127926562897e-11 2.07062884107573e-12 
8.21180238626082e+00 2.54916737080573e-11 1.85413362386859e-12 
8.22220365590776e+00 2.27830573665258e-11 1.65971116653060e-12 
8.23260492555470e+00 2.03554471622071e-11 1.48517166964474e-12 
8.24300619520164e+00 1.81804327119188e-11 1.32853619345240e-12 
8.25340746484858e+00 1.62323965526049e-11 1.18801701090391e-12 
8.26380873449553e+00 1.44882478869218e-11 1.06199972538945e-12 
8.27421000414247e+00 1.29271808632036e-11 9.49027001088259e-13 
8.28461127378941e+00 1.15304552134611e-11 8.47783766366016e-13 
8.29501254343635e+00 1.02811972579488e-11 7.57083762171884e-13 
8.30541381308329e+00 9.16421945478054e-12 6.75857318009079e-13 
8.31581508273024e+00 8.16585682921686e-12 6.03140247840984e-13 
8.32621635237718e+00 7.27381876064761e-12 5.38063767310397e-13 
8.33661762202412e+00 6.47705473693087e-12 4.79845341949390e-13 
8.34701889167106e+00 5.76563280653478e-12 4.27780383694722e-13 
8.35742016131801e+00 5.13062956970764e-12 3.81234720048435e-13 
8.36782143096495e+00 4.56403065145822e-12 3.39637766681305e-13 
8.37822270061189e+00 4.05864069218768e-12 3.02476340211077e-13 
8.38862397025883e+00 3.60800197705136e-12 2.69289053338001e-13 
8.39902523990577e+00 3.20632090316480e-12 2.39661239524044e-13 
8.40942650955272e+00 2.84840155518108e-12 2.13220358993865e-13 
8.41982777919966e+00 2.52958572508889e-12 1.89631842047224e-13 
8.43022904884660e+00 2.24569877180604e-12 1.68595329533524e-13 
8.44063031849354e+00 1.99300077072655e-12 1.49841273877377e-13 
8.45103158814048e+00 1.76814245324182e-12 1.33127867284793e-13 
8.46143285778743e+00 1.56812548178661e-12 1.18238266726576e-13 
8.47183412743437e+00 1.39026664751566e-12 1.04978088010594e-13 
8.48223539708131e+00 1.23216561562837e-12 9.31731437380339e-14 
8.49263666672825e+00 1.09167587793053e-12 8.26674022093275e-14 
8.50303793637520e+00 9.66878603734732e-13 7.33211464203492e-14 
8.51343920602214e+00 8.56059108912425e-13 6.50093141848620e-14 
8.52384047566908e+00 7.57685689058498e-13 5.76200021496698e-14 
8.53424174531602e+00 6.70390586532410e-13 5.10531180482179e-14 
8.54464301496296e+00 5.92952882798745e-13 4.52191669790016e-14 
8.55504428460991e+00 5.24283127189531e-13 4.00381588086852e-14 
8.56544555425685e+00 4.63409531120115e-13 3.54386249969684e-14 
8.57584682390379e+00 4.09465573065501e-13 3.13567342307991e-14 
8.58624809355073e+00 3.61678874387453e-13 2.77354972485466e-14 
8.59664936319767e+00 3.19361219525421e-13 2.45240521385516e-14 
8.60705063284462e+00 2.81899606246373e-13 2.16770222187039e-14 
8.61745190249156e+00 2.48748222699756e-13 1.91539393513822e-14 
8.62785317213850e+00 2.19421258044929e-13 1.69187262276977e-14 
8.63825444178544e+00 1.93486462501363e-13 1.49392317724191e-14 
8.64865571143238e+00 1.70559380901215e-13 1.31868143816722e-14 
8.65905698107933e+00 1.50298191276431e-13 1.16359682144818e-14 
8.66945825072627e+00 1.32399086758775e-13 1.02639882210273e-14 
8.67985952037321e+00 1.16592145175538e-13 9.05067000930514e-15 
8.69026079002015e+00 1.02637636244712e-13 7.97804103155698e-15 
8.70066205966710e+00 9.03227212648608e-14 7.03011991585325e-15 
8.71106332931404e+00 7.94585047055980e-14 6.19270107981025e-15 
8.72146459896098e+00 6.98774011790565e-14 5.45316204551226e-15 
8.73186586860792e+00 6.14307849516572e-14 4.80029112998201e-15 
8.74226713825486e+00 5.39868924758094e-14 4.22413341644304e-15 
8.75266840790181e+00 4.74289514166123e-14 3.71585312038320e-15 
8.76306967754875e+00 4.16535123497981e-14 3.26761065309665e-15 
8.77347094719569e+00 3.65689617419523e-14 2.87245285581408e-15 
8.78387221684263e+00 3.20941970178035e-14 2.52421503142261e-15 
8.79427348648957e+00 2.81574464951122e-14 2.21743353967187e-15 
8.80467475613652e+00 2.46952187463361e-14 1.94726784706924e-15 
8.81507602578346e+00 2.16513675467778e-14 1.70943103566423e-15 
8.82547729543040e+00 1.89762600085719e-14 1.50012787677553e-15 
8.83587856507734e+00 1.66260367942620e-14 1.31599966748246e-15 
8.84627983472429e+00 1.45619544670228e-14 1.15407511034913e-15 
8.85668110437123e+00 1.27498010796340e-14 1.01172659124879e-15 
8.86708237401817e+00 1.11593770427393e-14 8.86631277101054e-16 
8.87748364366511e+00 9.76403415525030e-15 7.76736515548114e-16 
8.88788491331205e+00 8.54026643550410e-15 6.80229072729720e-16 
8.89828618295900e+00 7.46734706957447e-15 5.95507793964894e-16 
8.90868745260594e+00 6.52700640075274e-15 5.21159315847181e-16 
8.91908872225288e+00 5.70314642869586e-15 4.55936497496950e-16 
8.92948999189982e+00 4.98158777444277e-15 3.98739273929097e-16 
8.93989126154676e+00 4.34984550416354e-15 3.48597666086342e-16 
8.95029253119371e+00 3.79693059530797e-15 3.04656710417636e-16 
8.96069380084065e+00 3.31317417843328e-15 2.66163096274215e-16 
8.97109507048759e+00 2.89007200062426e-15 2.32453322147061e-16 
8.98149634013453e+00 2.52014683587005e-15 2.02943202145196e-16 
8.99189760978147e+00 2.19682681744760e-15 1.77118572354572e-16 
9.00229887942842e+00 1.91433789036073e-15 1.54527063039171e-16 
9.01270014907536e+00 1.66760878096548e-15 1.34770817244888e-16 
9.02310141872230e+00 1.45218705856899e-15 1.17500049419154e-16 
9.03350268836924e+00 1.26416502226037e-15 1.02407349323905e-16 
9.04390395801619e+00 1.10011428753196e-15 8.92226469396860e-17 
9.05430522766313e+00 9.57028073185829e-16 7.77087633630409e-17 
9.06470649731007e+00 8.32270301218704e-16 6.76574810040350e-17 
9.07510776695701e+00 7.23530722295164e-16 5.88860737999201e-17 
9.08550903660396e+00 6.28785368362272e-16 5.12342447684738e-17 
9.09591030625090e+00 5.46261713101496e-16 4.45614241146024e-17 
9.10631157589784e+00 4.74407991306484e-16 3.87443863521334e-17 
9.11671284554478e+00 4.11866190859990e-16 3.36751495772637e-17 
9.12711411519172e+00 3.57448286603128e-16 2.92591241918723e-17 
9.13751538483866e+00 3.10115334800149e-16 2.54134820785492e-17 
9.14791665448561e+00 2.68959090777232e-16 2.20657205237739e-17 
9.15831792413255e+00 2.33185851258728e-16 1.91523981151629e-17 
9.16871919377949e+00 2.02102257478491e-16 1.66180224424517e-17 
9.17912046342643e+00 1.75102825790149e-16 1.44140717451558e-17 
9.18952173307338e+00 1.51658999669174e-16 1.24981347041927e-17 
9.19992300272032e+00 1.31309541076148e-16 1.08331543983853e-17 
9.21032427236726e+00 1.13652100478077e-16 9.38676406493376e-18 
9.22072554201420e+00 9.83358237091104e-17 8.13070373818571e-18 
9.23112681166115e+00 8.50548705666599e-17 7.04030811351629e-18 
9.24152808130809e+00 7.35427348269946e-17 6.09405711082718e-18 
9.25192935095503e+00 6.35672684426747e-17 5.27318161115544e-18 
9.26233062060197e+00 5.49263242456610e-17 4.56131772446952e-18 
9.27273189024891e+00 4.74439416964053e-17 3.94420372969865e-18 
9.28313315989586e+00 4.09670092435046e-17 3.40941452078032e-18 
9.29353442954280e+00 3.53623448264789e-17 2.94612900516274e-18 
9.30393569918974e+00 3.05141430867306e-17 2.54492644280169e-18 
9.31433696883668e+00 2.63217440560727e-17 2.19760819228597e-18 
9.32473823848362e+00 2.26976835637073e-17 1.89704175346830e-18 
9.33513950813057e+00 1.95659904258103e-17 1.63702436923477e-18 
9.34554077777751e+00 1.68606997320169e-17 1.41216377847197e-18 
9.35594204742445e+00 1.45245552867099e-17 1.21777400291516e-18 
9.36634331707139e+00 1.25078775591305e-17 1.04978430684885e-18 
9.37674458671833e+00 1.07675763972863e-17 9.04659694545654e-19 
9.38714585636528e+00 9.26629031277687e-18 7.79331509390703e-19 
9.39754712601222e+00 7.97163638803648e-18 6.71136873965209e-19 
9.40794839565916e+00 6.85555683042587e-18 5.77765864722699e-19 
9.41834966530610e+00 5.89374993123590e-18 4.97215450736011e-19 
9.42875093495305e+00 5.06517471040421e-18 4.27749345494748e-19 
9.43915220459999e+00 4.35161986471913e-18 3.67863025814978e-19 
9.44955347424693e+00 3.73732881068450e-18 3.16253264287908e-19 
9.45995474389387e+00 3.20867364264815e-18 2.71791602848038e-19 
9.47035601354081e+00 2.75387172956086e-18 2.33501266315887e-19 
9.48075728318776e+00 2.36273946510234e-18 2.00537077342987e-19 
9.49115855283470e+00 2.02647837935593e-18 1.72167989097704e-19 
9.50155982248164e+00 1.73748942761038e-18 1.47761900198197e-19 
9.51196109212858e+00 1.48921180368220e-18 1.26772458634461e-19 
9.52236236177552e+00 1.27598309060629e-18 1.08727598440548e-19 
9.53276363142247e+00 1.09291796875500e-18 9.32195853119526e-20 
9.54316490106941e+00 9.35803057563777e-19 7.98963757681895e-20 
9.55356617071635e+00 8.01005778352910e-19 6.84541193273612e-20 
9.56396744036329e+00 6.85395397769719e-19 5.86306549198465e-20 
9.57436871001024e+00 5.86274648995599e-19 5.01998718027023e-20 
9.58476997965718e+00 5.01320535339610e-19 4.29668218796390e-20 
9.59517124930412e+00 4.28533101927081e-19 3.67634848781261e-20 
9.60557251895106e+00 3.66191119182796e-19 3.14451005442961e-20 
9.61597378859800e+00 3.12813759595110e-19 2.68869931155418e-20 
9.62637505824495e+00 2.67127469366486e-19 2.29818230200963e-20 
9.63677632789189e+00 2.28037341231720e-19 1.96372092081411e-20 
9.64717759753883e+00 1.94602385907475e-19 1.67736728943687e-20 
9.65757886718577e+00 1.66014179033765e-19 1.43228599227725e-20 
9.66798013683271e+00 1.41578429576157e-19 1.22260045694875e-20 
9.67838140647966e+00 1.20699075786334e-19 1.04326024828607e-20 
9.68878267612660e+00 1.02864567114657e-19 8.89926471281738e-21 
9.69918394577354e+00 8.76360359340580e-20 7.58872848394275e-21 
9.70958521542048e+00 7.46371024467162e-20 6.46900358850362e-21 
9.71998648506742e+00 6.35450904697188e-20 5.51263607815226e-21 
9.73038775471437e+00 5.40834616027563e-20 4.69607336989054e-21 
9.74078902436131e+00 4.60153011544073e-20 3.99911699990180e-21 
9.75119029400825e+00 3.91377116540928e-20 3.40445109906294e-21 
9.76159156365519e+00 3.32769892495989e-20 2.89723626214298e-21 
9.77199283330214e+00 2.82844751735912e-20 2.46475987015623e-21 
9.78239410294908e+00 2.40329890954001e-20 2.09613512938140e-21 
9.79279537259602e+00 2.04137638516647e-20 1.78204213501824e-21 
9.80319664224296e+00 1.73338120282867e-20 1.51450517312609e-21 
9.81359791188990e+00 1.47136643704376e-20 1.28670125950787e-21 
9.82399918153685e+00 1.24854282219631e-20 1.09279559437492e-21 
9.83440045118379e+00 1.05911213099930e-20 9.27800200725317e-22 
9.84480172083073e+00 8.98124234237562e-21 7.87452524386791e-22 
9.85520299047767e+00 7.61354520291305e-21 6.68111215056236e-22 
9.86560426012461e+00 6.45198812370582e-21 5.66666689501087e-22 
9.87600552977156e+00 5.46583318201158e-21 4.80464408276448e-22 
9.88640679941850e+00 4.62887489492456e-21 4.07239082731055e-22 
9.89680806906544e+00 3.91877964184494e-21 3.45058275698267e-22 
9.90720933871238e+00 3.31652019542211e-21 2.92274072286204e-22 
9.91761060835933e+00 2.80589184131913e-21 2.47481681101370e-22 
9.92801187800627e+00 2.37309846334638e-21 2.09483984975632e-22 
9.93841314765321e+00 2.00639860449252e-21 1.77261197212830e-22 
9.94881441730015e+00 1.69580292186476e-21 1.49944897473619e-22 
9.95921568694709e+00 1.43281566547255e-21 1.26795823229093e-22 
9.96961695659404e+00 1.21021385392395e-21 1.07184880448218e-22 
9.98001822624098e+00 1.02185871761792e-21 9.05769127585688e-23 
9.99041949588792e+00 8.62534751943985e-22 7.65168333944468e-23 
1.00008207655349e+01 7.27812386664049e-22 6.46182610907283e-23 
1.00112220351818e+01 6.14006333792673e-22 5.45525856402443e-23 
1.00216233048287e+01 5.17935539895747e-22 4.60455776850427e-23 
1.00320245744757e+01 4.36845698767782e-22 3.88606074011925e-23 
1.00424258441226e+01 3.68408754687699e-22 3.27929398936219e-23 
1.00528271137696e+01 3.10657171430339e-22 2.76694336177818e-23 
1.00632283834165e+01 2.61928300823046e-22 2.33436826970601e-23 
1.00736296530635e+01 2.20817304764812e-22 1.96919033981857e-23 
1.00840309227104e+01 1.86137320420501e-22 1.66094511914657e-23 
1.00944321923573e+01 1.56885758273271e-22 1.40078720902878e-23 
1.01048334620043e+01 1.32215792286301e-22 1.18124066167212e-23 
1.01152347316512e+01 1.11412245194587e-22 9.95987717177151e-24 
1.01256360012982e+01 9.38711938288424e-23 8.39690013512625e-24 
1.01360372709451e+01 7.90827226859139e-23 7.07837296489406e-24 
1.01464385405921e+01 6.66163415218265e-23 5.96619415487595e-24 
1.01568398102390e+01 5.61086569466510e-23 5.02818034084040e-24 
1.01672410798859e+01 4.72529508750984e-23 4.23715030268067e-24 
1.01776423495329e+01 3.97903719559516e-23 3.57015023445564e-24 
1.01880436191798e+01 3.35024912290212e-23 3.00779857502895e-24 
1.01984448888268e+01 2.82050114805047e-23 2.53373201519371e-24 
1.02088461584737e+01 2.37424521385367e-23 2.13413711351929e-24 
1.02192474281206e+01 1.99836589626971e-23 1.79735433968093e-24 
1.02296486977676e+01 1.68180109911111e-23 1.51354338608135e-24 
1.02400499674145e+01 1.41522168582574e-23 1.27440030159465e-24 
1.02504512370615e+01 1.19076092298198e-23 1.07291845230647e-24 
1.02608525067084e+01 1.00178601791505e-23 9.03186543101644e-25 
1.02712537763554e+01 8.42705224415198e-24 7.60217974718137e-25 
1.02816550460023e+01 7.08804998503542e-24 6.39806692157253e-25 
1.02920563156492e+01 5.96112539329835e-24 5.38405426465387e-25 
1.03024575852962e+01 5.01279771835429e-24 4.53022863528850e-25 
1.03128588549431e+01 4.21485438214417e-24 3.81136808155221e-25 
1.03232601245901e+01 3.54352481455244e-24 3.20620864191261e-25 
1.03336613942370e+01 2.97878340819846e-24 2.69682534325775e-25 
1.03440626638840e+01 2.50376148268938e-24 2.26810967205379e-25 
1.03544639335309e+01 2.10425126944994e-24 1.90732853584159e-25 
1.03648652031778e+01 1.76828756662805e-24 1.60375205087852e-25 
1.03752664728248e+01 1.48579494367920e-24 1.34833945282708e-25 
1.03856677424717e+01 1.24829026000774e-24 1.13347408590570e-25 
1.03960690121187e+01 1.04863185476856e-24 1.03527485673364e-25 
