Energy(eV)           EEDF(eV^-(3/2))      Anisotropy(eV^-(3/2))
1.03946408970568e-03 7.23360422277802e+00 5.98702791894751e-03 
3.11839226911705e-03 7.16006409222967e+00 8.05629891247962e-03 
5.19732044852842e-03 7.05127630720581e+00 1.14455912270070e-02 
7.27624862793979e-03 6.92807651475705e+00 1.38512388072041e-02 
9.35517680735116e-03 6.79995092018359e+00 1.55828272432072e-02 
1.14341049867625e-02 6.67513593382844e+00 1.69631117128238e-02 
1.35130331661739e-02 6.55073605805646e+00 1.81044883804318e-02 
1.55919613455853e-02 6.43073163430385e+00 1.90560929779246e-02 
1.76708895249966e-02 6.31252916279625e+00 1.99285872687946e-02 
1.97498177044080e-02 6.19664356136542e+00 2.06566878546939e-02 
2.18287458838194e-02 6.08368430992156e+00 2.12840343655928e-02 
2.39076740632307e-02 5.97319801285520e+00 2.18041644195117e-02 
2.59866022426421e-02 5.86624399582495e+00 2.21759374326717e-02 
2.80655304220535e-02 5.76371141851910e+00 2.24082401489745e-02 
3.01444586014648e-02 5.66634629016265e+00 2.25996953076905e-02 
3.22233867808762e-02 5.57263626377419e+00 2.28442450495509e-02 
3.43023149602876e-02 5.48144541805474e+00 2.30697908391377e-02 
3.63812431396990e-02 5.39318856580054e+00 2.32110880418081e-02 
3.84601713191103e-02 5.30822196183745e+00 2.32723887560505e-02 
4.05390994985217e-02 5.22685028361229e+00 2.33290786200727e-02 
4.26180276779331e-02 5.14803173951083e+00 2.34158047495871e-02 
4.46969558573444e-02 5.07157501966929e+00 2.34681086218106e-02 
4.67758840367558e-02 4.99767499576709e+00 2.34654603807289e-02 
4.88548122161672e-02 4.92650000713830e+00 2.34101168400928e-02 
5.09337403955785e-02 4.85819449152891e+00 2.33213362237072e-02 
5.30126685749899e-02 4.79262569966345e+00 2.32033108491863e-02 
5.50915967544013e-02 4.72988654897470e+00 2.30400672561499e-02 
5.71705249338126e-02 4.67006668889982e+00 2.28313660526627e-02 
5.92494531132240e-02 4.61324004184186e+00 2.25775336875577e-02 
6.13283812926354e-02 4.55946597344829e+00 2.22785052590861e-02 
6.34073094720467e-02 4.50879023178817e+00 2.19338345383933e-02 
6.54862376514581e-02 4.46124566116257e+00 2.15427045876448e-02 
6.75651658308695e-02 4.41685269492587e+00 2.11039397629192e-02 
6.96440940102809e-02 4.37561963072227e+00 2.06718351287895e-02 
7.17230221896922e-02 4.33704203562230e+00 2.03727841967184e-02 
7.38019503691036e-02 4.30010992499015e+00 2.01644745916591e-02 
7.58808785485150e-02 4.26484924182522e+00 1.99275054347263e-02 
7.79598067279263e-02 4.23128045410770e+00 1.96618422916914e-02 
8.00387349073377e-02 4.19941876859505e+00 1.93673260665359e-02 
8.21176630867491e-02 4.16927429875803e+00 1.90436770011133e-02 
8.41965912661604e-02 4.14085218761267e+00 1.86904991798705e-02 
8.62755194455718e-02 4.11415268623108e+00 1.83072856647839e-02 
8.83544476249832e-02 4.08917118878004e+00 1.78934244007881e-02 
9.04333758043945e-02 4.06589822504900e+00 1.74482050480164e-02 
9.25123039838059e-02 4.04431941159504e+00 1.69708269143902e-02 
9.45912321632173e-02 4.02441536286121e+00 1.64604081811268e-02 
9.66701603426287e-02 4.00616156392134e+00 1.59159966358562e-02 
9.87490885220400e-02 3.98952820687931e+00 1.53365821556354e-02 
1.00828016701451e-01 3.97447999340748e+00 1.48997404687083e-02 
1.02906944880863e-01 3.96023061982181e+00 1.46494599292659e-02 
1.04985873060274e-01 3.94669470048702e+00 1.44030215499341e-02 
1.07064801239685e-01 3.93387209092220e+00 1.41390511760363e-02 
1.09143729419097e-01 3.92176102329657e+00 1.38573974665007e-02 
1.11222657598508e-01 3.91035810664318e+00 1.35578872087400e-02 
1.13301585777920e-01 3.89965832197934e+00 1.32403270511006e-02 
1.15380513957331e-01 3.88965501252734e+00 1.29045054203452e-02 
1.17459442136742e-01 3.88033986925730e+00 1.25501946424110e-02 
1.19538370316154e-01 3.87170291200583e+00 1.22077580026579e-02 
1.21617298495565e-01 3.86364512919033e+00 1.19622389409287e-02 
1.23696226674976e-01 3.85593527347393e+00 1.17895149841499e-02 
1.25775154854388e-01 3.84857356827196e+00 1.16058558177979e-02 
1.27854083033799e-01 3.84155961020302e+00 1.14112190354158e-02 
1.29933011213211e-01 3.83489237012999e+00 1.12055554237948e-02 
1.32011939392622e-01 3.82857019327007e+00 1.09888093925293e-02 
1.34090867572033e-01 3.82259079840263e+00 1.07609194410569e-02 
1.36169795751445e-01 3.81695127620812e+00 1.05218186656003e-02 
1.38248723930856e-01 3.81164808677466e+00 1.02714353088612e-02 
1.40327652110267e-01 3.80667705631372e+00 1.00096933558592e-02 
1.42406580289679e-01 3.80203337313022e+00 9.73651318001507e-03 
1.44485508469090e-01 3.79771158289744e+00 9.45181224463018e-03 
1.46564436648501e-01 3.79370558329166e+00 9.15550586629711e-03 
1.48643364827913e-01 3.79000861804663e+00 8.84750804887942e-03 
1.50722293007324e-01 3.78661327049328e+00 8.59603845071789e-03 
1.52801221186736e-01 3.78340408442892e+00 8.42066823406084e-03 
1.54880149366147e-01 3.78035987591912e+00 8.25109893400292e-03 
1.56959077545558e-01 3.77747909504559e+00 8.07436731172385e-03 
1.59038005724970e-01 3.77475993678713e+00 7.89044898597225e-03 
1.61116933904381e-01 3.77220034025456e+00 7.69931844379767e-03 
1.63195862083792e-01 3.76979798779189e+00 7.50094923263981e-03 
1.65274790263204e-01 3.76755030395331e+00 7.29531416776677e-03 
1.67353718442615e-01 3.76545445436561e+00 7.08238555713157e-03 
1.69432646622027e-01 3.76350734448692e+00 6.87744321607083e-03 
1.71511574801438e-01 3.76168849517789e+00 6.73523395059467e-03 
1.73590502980849e-01 3.75993817903208e+00 6.64394961245163e-03 
1.75669431160261e-01 3.75825621097573e+00 6.54872279511927e-03 
1.77748359339672e-01 3.75664232816877e+00 6.44954936676882e-03 
1.79827287519083e-01 3.75509619000253e+00 6.34642478556468e-03 
1.81906215698495e-01 3.75361737807728e+00 6.23934412660715e-03 
1.83985143877906e-01 3.75220539616018e+00 6.12830211068056e-03 
1.86064072057318e-01 3.75085967012433e+00 6.01329313490836e-03 
1.88143000236729e-01 3.74957954786972e+00 5.89431130551722e-03 
1.90221928416140e-01 3.74836429922692e+00 5.77135047282884e-03 
1.92300856595552e-01 3.74721311584424e+00 5.64440426875165e-03 
1.94379784774963e-01 3.74612511105952e+00 5.51346614702209e-03 
1.96458712954374e-01 3.74509931975732e+00 5.37852942658622e-03 
1.98537641133786e-01 3.74413469821280e+00 5.23958733858883e-03 
2.00616569313197e-01 3.74323012392316e+00 5.16396630693729e-03 
2.02695497492608e-01 3.74233733345354e+00 5.17340168731836e-03 
2.04774425672020e-01 3.74144430463359e+00 5.19973800107098e-03 
2.06853353851431e-01 3.74055117275513e+00 5.22554621220781e-03 
2.08932282030843e-01 3.73965807167922e+00 5.25082689006867e-03 
2.11011210210254e-01 3.73876513383807e+00 5.27558060395693e-03 
2.13090138389665e-01 3.73787249023701e+00 5.29980792291182e-03 
2.15169066569077e-01 3.73698027045640e+00 5.32350941550833e-03 
2.17247994748488e-01 3.73608860265372e+00 5.34668564966296e-03 
2.19326922927899e-01 3.73519761356555e+00 5.36933719243100e-03 
2.21405851107311e-01 3.73430742850965e+00 5.39146460982309e-03 
2.23484779286722e-01 3.73341817138708e+00 5.41306846660398e-03 
2.25563707466134e-01 3.73252996468428e+00 5.43414932611363e-03 
2.27642635645545e-01 3.73164292947526e+00 5.45470775007594e-03 
2.29721563824956e-01 3.73075718542375e+00 5.47474429841658e-03 
2.31800492004368e-01 3.72987285078537e+00 5.49425952909581e-03 
2.33879420183779e-01 3.72899004240990e+00 5.51325399792219e-03 
2.35958348363190e-01 3.72810887574344e+00 5.53172825838407e-03 
2.38037276542602e-01 3.72722946483070e+00 5.54968286147709e-03 
2.40116204722013e-01 3.72635192231728e+00 5.56711835553324e-03 
2.42195132901424e-01 3.72547635945190e+00 5.58403528606707e-03 
2.44274061080836e-01 3.72460288608875e+00 5.60043419560554e-03 
2.46352989260247e-01 3.72373161068975e+00 5.61631562353232e-03 
2.48431917439659e-01 3.72286264032690e+00 5.63168010595592e-03 
2.50510845619070e-01 3.72199608068460e+00 5.71843714345682e-03 
2.52589773798481e-01 3.72108787144748e+00 5.90117392813958e-03 
2.54668701977893e-01 3.72012107800680e+00 6.10964203420367e-03 
2.56747630157304e-01 3.71909351393352e+00 6.32042079330648e-03 
2.58826558336715e-01 3.71800296644667e+00 6.53348653390330e-03 
2.60905486516127e-01 3.71684719698916e+00 6.74881458023473e-03 
2.62984414695538e-01 3.71562394182918e+00 6.96637922941151e-03 
2.65063342874950e-01 3.71433091268788e+00 7.18615372885198e-03 
2.67142271054361e-01 3.71296579739385e+00 7.40811025403064e-03 
2.69221199233772e-01 3.71152626056482e+00 7.63221988660483e-03 
2.71300127413184e-01 3.71000994431719e+00 7.85845259291972e-03 
2.73379055592595e-01 3.70841446900385e+00 8.08677720288519e-03 
2.75457983772006e-01 3.70673743398068e+00 8.31716138928152e-03 
2.77536911951418e-01 3.70497641840232e+00 8.54957164748160e-03 
2.79615840130829e-01 3.70312898204758e+00 8.78397327566277e-03 
2.81694768310240e-01 3.70119266617492e+00 9.02033035549492e-03 
2.83773696489652e-01 3.69916499440831e+00 9.25860573335635e-03 
2.85852624669063e-01 3.69704347365407e+00 9.49876100207873e-03 
2.87931552848475e-01 3.69482559504879e+00 9.74075648328874e-03 
2.90010481027886e-01 3.69250883493884e+00 9.98455121040053e-03 
2.92089409207297e-01 3.69009065589160e+00 1.02301029122160e-02 
2.94168337386709e-01 3.68756850773894e+00 1.04773679972227e-02 
2.96247265566120e-01 3.68493982865284e+00 1.07263015386358e-02 
2.98326193745531e-01 3.68220204625376e+00 1.09768572601872e-02 
3.00405121924943e-01 3.67935257875159e+00 1.12501848003755e-02 
3.02484050104354e-01 3.67636690026599e+00 1.15548561197809e-02 
3.04562978283766e-01 3.67323148826014e+00 1.18703016791601e-02 
3.06641906463177e-01 3.66994221360966e+00 1.21875790532736e-02 
3.08720834642588e-01 3.66649493857968e+00 1.25066019732146e-02 
3.10799762822000e-01 3.66288551953227e+00 1.28272815173053e-02 
3.12878691001411e-01 3.65910980971414e+00 1.31495260978786e-02 
3.14957619180822e-01 3.65516366212438e+00 1.34732414509494e-02 
3.17036547360234e-01 3.65104293246166e+00 1.37983306289229e-02 
3.19115475539645e-01 3.64674348215025e+00 1.41246939964181e-02 
3.21194403719056e-01 3.64226118144412e+00 1.44522292293296e-02 
3.23273331898468e-01 3.63759191260804e+00 1.47808313172444e-02 
3.25352260077879e-01 3.63273157317476e+00 1.51103925693175e-02 
3.27431188257291e-01 3.62767607927670e+00 1.54408026237123e-02 
3.29510116436702e-01 3.62242136905086e+00 1.57719484607040e-02 
3.31589044616113e-01 3.61696340611526e+00 1.61037144195749e-02 
3.33667972795525e-01 3.61129818311493e+00 1.64359822193683e-02 
3.35746900974936e-01 3.60542172533565e+00 1.67686309836202e-02 
3.37825829154347e-01 3.59933009438291e+00 1.71015372691693e-02 
3.39904757333759e-01 3.59301939192399e+00 1.74345750991043e-02 
3.41983685513170e-01 3.58648576349021e+00 1.77676159999732e-02 
3.44062613692582e-01 3.57972540233684e+00 1.81005290433089e-02 
3.46141541871993e-01 3.57273455335736e+00 1.84331808915518e-02 
3.48220470051404e-01 3.56550951704905e+00 1.87654358484467e-02 
3.50299398230816e-01 3.55804665352636e+00 1.91107243856493e-02 
3.52378326410227e-01 3.55032039234246e+00 1.94759078452448e-02 
3.54457254589638e-01 3.54231415334316e+00 1.98473795735817e-02 
3.56536182769050e-01 3.53402342285329e+00 2.02176891063190e-02 
3.58615110948461e-01 3.52544378719657e+00 2.05866480283948e-02 
3.60694039127873e-01 3.51657093887472e+00 2.09540651864407e-02 
3.62772967307284e-01 3.50740068278613e+00 2.13197468164246e-02 
3.64851895486695e-01 3.49792894247573e+00 2.16834966791412e-02 
3.66930823666107e-01 3.48815176640733e+00 2.20451162035245e-02 
3.69009751845518e-01 3.47806533424922e+00 2.24044046377406e-02 
3.71088680024929e-01 3.46766596316363e+00 2.27611592080531e-02 
3.73167608204341e-01 3.45695011409024e+00 2.31151752853783e-02 
3.75246536383752e-01 3.44591439801356e+00 2.34662465594513e-02 
3.77325464563163e-01 3.43455558220383e+00 2.38141652205062e-02 
3.79404392742575e-01 3.42287059642060e+00 2.41587221483428e-02 
3.81483320921986e-01 3.41085653906798e+00 2.44997071086314e-02 
3.83562249101398e-01 3.39851068329035e+00 2.48369089563040e-02 
3.85641177280809e-01 3.38583048299691e+00 2.51701158458243e-02 
3.87720105460220e-01 3.37281357880332e+00 2.54991154481366e-02 
3.89799033639632e-01 3.35945780387855e+00 2.58236951740588e-02 
3.91877961819043e-01 3.34576118968473e+00 2.61436424038586e-02 
3.93956889998454e-01 3.33172197159773e+00 2.64587447227388e-02 
3.96035818177866e-01 3.31733859439612e+00 2.67687901619180e-02 
3.98114746357277e-01 3.30260971760588e+00 2.70735674449997e-02 
4.00193674536689e-01 3.28753422068842e+00 2.73683264701189e-02 
4.02272602716100e-01 3.27212195723956e+00 2.76499605650595e-02 
4.04351530895511e-01 3.25637982913667e+00 2.79229236174230e-02 
4.06430459074923e-01 3.24030760869156e+00 2.81901141549552e-02 
4.08509387254334e-01 3.22390528363997e+00 2.84513468288757e-02 
4.10588315433745e-01 3.20717306070558e+00 2.87064383533302e-02 
4.12667243613157e-01 3.19011136896418e+00 2.89552077400135e-02 
4.14746171792568e-01 3.17272086299829e+00 2.91974765343541e-02 
4.16825099971979e-01 3.15500242583237e+00 2.94330690528411e-02 
4.18904028151391e-01 3.13695717163924e+00 2.96618126210600e-02 
4.20982956330802e-01 3.11858644820811e+00 2.98835378120122e-02 
4.23061884510214e-01 3.09989183916554e+00 3.00980786842539e-02 
4.25140812689625e-01 3.08087516594026e+00 3.03052730193986e-02 
4.27219740869036e-01 3.06153848946350e+00 3.05049625585116e-02 
4.29298669048448e-01 3.04188411159677e+00 3.06969932369181e-02 
4.31377597227859e-01 3.02191457627927e+00 3.08812154169349e-02 
4.33456525407270e-01 3.00163267038762e+00 3.10574841180367e-02 
4.35535453586682e-01 2.98104142430103e+00 3.12256592439574e-02 
4.37614381766093e-01 2.96014411216539e+00 3.13856058062249e-02 
4.39693309945505e-01 2.93894425185042e+00 3.15371941436306e-02 
4.41772238124916e-01 2.91744560459433e+00 3.16803001371231e-02 
4.43851166304327e-01 2.89565217433114e+00 3.18148054196312e-02 
4.45930094483739e-01 2.87356820669619e+00 3.19405975803040e-02 
4.48009022663150e-01 2.85119818770630e+00 3.20575703626833e-02 
4.50087950842561e-01 2.82854684211115e+00 3.21656238563112e-02 
4.52166879021973e-01 2.80561913141347e+00 3.22646646812776e-02 
4.54245807201384e-01 2.78242025155624e+00 3.23546061652537e-02 
4.56324735380795e-01 2.75895563027542e+00 3.24353685125200e-02 
4.58403663560207e-01 2.73523092411796e+00 3.25068789645422e-02 
4.60482591739618e-01 2.71125201512501e+00 3.25690719516615e-02 
4.62561519919030e-01 2.68702500718130e+00 3.26218892354508e-02 
4.64640448098441e-01 2.66255622203225e+00 3.26652800413411e-02 
4.66719376277852e-01 2.63785219497107e+00 3.26992011811140e-02 
4.68798304457264e-01 2.61291967019894e+00 3.27236171648825e-02 
4.70877232636675e-01 2.58776559586203e+00 3.27385003022121e-02 
4.72956160816086e-01 2.56239711876982e+00 3.27438307920371e-02 
4.75035088995498e-01 2.53682157880007e+00 3.27395968010664e-02 
4.77114017174909e-01 2.51104650299634e+00 3.27257945303868e-02 
4.79192945354320e-01 2.48507959936487e+00 3.27024282700060e-02 
4.81271873533732e-01 2.45892875037819e+00 3.26695104410988e-02 
4.83350801713143e-01 2.43260200619369e+00 3.26270616257403e-02 
4.85429729892555e-01 2.40610757759605e+00 3.25751105839556e-02 
4.87508658071966e-01 2.37945382867299e+00 3.25136942579345e-02 
4.89587586251377e-01 2.35264926923472e+00 3.24428577632804e-02 
4.91666514430789e-01 2.32570254698790e+00 3.23626543672142e-02 
4.93745442610200e-01 2.29862243947573e+00 3.22731454536763e-02 
4.95824370789611e-01 2.27141784579618e+00 3.21744004752967e-02 
4.97903298969023e-01 2.24409777811132e+00 3.20664968922332e-02 
4.99982227148434e-01 2.21667135296086e+00 3.19484389858833e-02 
5.02061155327846e-01 2.18915239393382e+00 3.18192983318515e-02 
5.04140083507257e-01 2.16155481353797e+00 3.16804059192284e-02 
5.06219011686668e-01 2.13388772760150e+00 3.15330420175434e-02 
5.08297939866080e-01 2.10616031063839e+00 3.13773216026740e-02 
5.10376868045491e-01 2.07838178691722e+00 3.12133665609202e-02 
5.12455796224902e-01 2.05056142144023e+00 3.10413055443966e-02 
5.14534724404314e-01 2.02270851084755e+00 3.08612738155816e-02 
5.16613652583725e-01 1.99483237426186e+00 3.06734130813074e-02 
5.18692580763137e-01 1.96694234408891e+00 3.04778713164911e-02 
5.20771508942548e-01 1.93904775678947e+00 3.02748025779359e-02 
5.22850437121959e-01 1.91115794363840e+00 3.00643668085587e-02 
5.24929365301371e-01 1.88328222148659e+00 2.98467296324262e-02 
5.27008293480782e-01 1.85542988354161e+00 2.96220621410019e-02 
5.29087221660193e-01 1.82761019018292e+00 2.93905406710242e-02 
5.31166149839605e-01 1.79983235982719e+00 2.91523465744655e-02 
5.33245078019016e-01 1.77210555985976e+00 2.89076659810345e-02 
5.35324006198427e-01 1.74443889764739e+00 2.86566895537053e-02 
5.37402934377839e-01 1.71684141164799e+00 2.83996122377766e-02 
5.39481862557250e-01 1.68932206263238e+00 2.81366330039691e-02 
5.41560790736662e-01 1.66188972503297e+00 2.78679545860947e-02 
5.43639718916073e-01 1.63455317843415e+00 2.75937832138388e-02 
5.45718647095484e-01 1.60732109921854e+00 2.73143283412027e-02 
5.47797575274896e-01 1.58020205238325e+00 2.70298023711726e-02 
5.49876503454307e-01 1.55320448353964e+00 2.67404203771804e-02 
5.51955431633718e-01 1.52633671110965e+00 2.64463998219272e-02 
5.54034359813130e-01 1.49960691873161e+00 2.61479602741515e-02 
5.56113287992541e-01 1.47302314788751e+00 2.58453231239209e-02 
5.58192216171953e-01 1.44659329076356e+00 2.55387112970249e-02 
5.60271144351364e-01 1.42032508335507e+00 2.52283489690529e-02 
5.62350072530775e-01 1.39422609882630e+00 2.49144612797271e-02 
5.64429000710187e-01 1.36830374113516e+00 2.45972740480693e-02 
5.66507928889598e-01 1.34256523893205e+00 2.42770134889635e-02 
5.68586857069009e-01 1.31701763974176e+00 2.39539059316721e-02 
5.70665785248421e-01 1.29166780443609e+00 2.36281775408570e-02 
5.72744713427832e-01 1.26652240200488e+00 2.33000540406423e-02 
5.74823641607244e-01 1.24158790463189e+00 2.29697604422418e-02 
5.76902569786655e-01 1.21687058308160e+00 2.26375207756681e-02 
5.78981497966066e-01 1.19237650240201e+00 2.23035578260177e-02 
5.81060426145478e-01 1.16811151794822e+00 2.19680928748117e-02 
5.83139354324889e-01 1.14408127173023e+00 2.16313454468568e-02 
5.85218282504300e-01 1.12029118908833e+00 2.12935330630700e-02 
5.87297210683712e-01 1.09674647569824e+00 2.09548709996927e-02 
5.89376138863123e-01 1.07345211490755e+00 2.06155720542942e-02 
5.91455067042534e-01 1.05041286540448e+00 2.02758463189507e-02 
5.93533995221946e-01 1.02763325921904e+00 1.99359009609591e-02 
5.95612923401357e-01 1.00511760005592e+00 1.95959400114156e-02 
5.97691851580769e-01 9.82869961958029e-01 1.92561641619788e-02 
5.99770779760180e-01 9.60894188298594e-01 1.89167705701000e-02 
6.01849707939591e-01 9.39193891099224e-01 1.85779526729847e-02 
6.03928636119003e-01 9.17772450670658e-01 1.82399000105228e-02 
6.06007564298414e-01 8.96633015572239e-01 1.79027980573979e-02 
6.08086492477825e-01 8.75778502885572e-01 1.75668280645629e-02 
6.10165420657237e-01 8.55211598797187e-01 1.72321669102405e-02 
6.12244348836648e-01 8.34934759484471e-01 1.68989869605827e-02 
6.14323277016059e-01 8.14950212298578e-01 1.65674559400969e-02 
6.16402205195471e-01 7.95259957237465e-01 1.62377368119221e-02 
6.18481133374882e-01 7.75865768701734e-01 1.59099876680100e-02 
6.20560061554294e-01 7.56769197525465e-01 1.55843616292431e-02 
6.22638989733705e-01 7.37971573273764e-01 1.52610067554975e-02 
6.24717917913116e-01 7.19474006798356e-01 1.49400659656320e-02 
6.26796846092528e-01 7.01277393042141e-01 1.46216769673619e-02 
6.28875774271939e-01 6.83382414083273e-01 1.43059721969543e-02 
6.30954702451350e-01 6.65789542409013e-01 1.39930787686573e-02 
6.33033630630762e-01 6.48499044409275e-01 1.36831184337535e-02 
6.35112558810173e-01 6.31510984079554e-01 1.33762075491111e-02 
6.37191486989585e-01 6.14825226922660e-01 1.30724570550803e-02 
6.39270415168996e-01 5.98441444038502e-01 1.27719724625674e-02 
6.41349343348407e-01 5.82359116390975e-01 1.24748538491017e-02 
6.43428271527819e-01 5.66577539240887e-01 1.21811958636865e-02 
6.45507199707230e-01 5.51095826733726e-01 1.18910877402186e-02 
6.47586127886641e-01 5.35912916631012e-01 1.16046133192370e-02 
6.49665056066053e-01 5.21027575173929e-01 1.13218510777539e-02 
6.51743984245464e-01 5.06438402067894e-01 1.10428741669041e-02 
6.53822912424876e-01 4.92143835576757e-01 1.07677504571359e-02 
6.55901840604287e-01 4.78142157715354e-01 1.04965425906618e-02 
6.57980768783698e-01 4.64431499529196e-01 1.02293080408704e-02 
6.60059696963110e-01 4.51009846450181e-01 9.96609917839723e-03 
6.62138625142521e-01 4.37875043717334e-01 9.70696334354121e-03 
6.64217553321932e-01 4.25024801851707e-01 9.45194292470999e-03 
6.66296481501344e-01 4.12456702174770e-01 9.20107544257009e-03 
6.68375409680755e-01 4.00168202359780e-01 8.95439363957388e-03 
6.70454337860167e-01 3.88156642005840e-01 8.71192557453276e-03 
6.72533266039578e-01 3.76419248224602e-01 8.47369472190298e-03 
6.74612194218989e-01 3.64953141229792e-01 8.23972007544933e-03 
6.76691122398401e-01 3.53755339920019e-01 8.01001625595253e-03 
6.78770050577812e-01 3.42822767445613e-01 7.78459362262614e-03 
6.80848978757223e-01 3.32152256750515e-01 7.56345838791013e-03 
6.82927906936635e-01 3.21740556080586e-01 7.34661273531179e-03 
6.85006835116046e-01 3.11584334449988e-01 7.13405493996708e-03 
6.87085763295457e-01 3.01680187057649e-01 6.92577949159988e-03 
6.89164691474869e-01 2.92024640646167e-01 6.72177721956215e-03 
6.91243619654280e-01 2.82614158795833e-01 6.52203541964272e-03 
6.93322547833692e-01 2.73445147146844e-01 6.32653798233900e-03 
6.95401476013103e-01 2.64513958543134e-01 6.13526552229321e-03 
6.97480404192514e-01 2.55816898091589e-01 5.94819550860180e-03 
6.99559332371926e-01 2.47350228130830e-01 5.76529836572029e-03 
7.01638260551337e-01 2.39110281806453e-01 5.58653738528499e-03 
7.03717188730748e-01 2.31093498047608e-01 5.41189026060506e-03 
7.05796116910160e-01 2.23296001456231e-01 5.24133865532887e-03 
7.07875045089571e-01 2.15713894950312e-01 5.07484512658964e-03 
7.09953973268982e-01 2.08343264137012e-01 4.91236993048823e-03 
7.12032901448394e-01 2.01180181567533e-01 4.75387114978826e-03 
7.14111829627805e-01 1.94220710870708e-01 4.59930482041541e-03 
7.16190757807217e-01 1.87460910762604e-01 4.44862505656366e-03 
7.18269685986628e-01 1.80896838929780e-01 4.30178417422127e-03 
7.20348614166039e-01 1.74524555784198e-01 4.15873281294033e-03 
7.22427542345451e-01 1.68340128088084e-01 4.01942005568466e-03 
7.24506470524862e-01 1.62339632447385e-01 3.88379354660139e-03 
7.26585398704273e-01 1.56519158672762e-01 3.75179960657237e-03 
7.28664326883685e-01 1.50874813007368e-01 3.62338334641286e-03 
7.30743255063096e-01 1.45402721220957e-01 3.49848877759509e-03 
7.32822183242507e-01 1.40099031570156e-01 3.37705892038466e-03 
7.34901111421919e-01 1.34959917624985e-01 3.25903590928904e-03 
7.36980039601330e-01 1.29981580961996e-01 3.14436109572656e-03 
7.39058967780742e-01 1.25160253724646e-01 3.03297514783535e-03 
7.41137895960153e-01 1.20492201051745e-01 2.92481814735106e-03 
7.43216824139564e-01 1.15973723375061e-01 2.81982968349146e-03 
7.45295752318976e-01 1.11601158587381e-01 2.71794894379612e-03 
7.47374680498387e-01 1.07370884082519e-01 2.61911480187789e-03 
7.49453608677798e-01 1.03279318668969e-01 2.52326590205183e-03 
7.51532536857210e-01 9.93229243590607e-02 2.43034074081589e-03 
7.53611465036621e-01 9.54982080356756e-02 2.34027774516552e-03 
7.55690393216033e-01 9.18017229986981e-02 2.25301534773252e-03 
7.57769321395444e-01 8.82300703935559e-02 2.16849205874581e-03 
7.59848249574855e-01 8.47799005243148e-02 2.08664653481894e-03 
7.61927177754267e-01 8.14479140539247e-02 2.00741764457619e-03 
7.64006105933678e-01 7.82308630943202e-02 1.93074453113534e-03 
7.66085034113089e-01 7.51255521891790e-02 1.85656667147154e-03 
7.68163962292501e-01 7.21288391922308e-02 1.78482393269229e-03 
7.70242890471912e-01 6.92376360440840e-02 1.71545662525928e-03 
7.72321818651324e-01 6.64489094506097e-02 1.64840555319752e-03 
7.74400746830735e-01 6.37596814659737e-02 1.58361206133717e-03 
7.76479675010146e-01 6.11670299834616e-02 1.52101807963777e-03 
7.78558603189558e-01 5.86680891372745e-02 1.46056616464870e-03 
7.80637531368969e-01 5.62600496185058e-02 1.40219953816342e-03 
7.82716459548380e-01 5.39401589085288e-02 1.34586212312800e-03 
7.84795387727792e-01 5.17057214330372e-02 1.29149857686815e-03 
7.86874315907203e-01 4.95540986399848e-02 1.23905432170127e-03 
7.88953244086614e-01 4.74827090046681e-02 1.18847557300249e-03 
7.91032172266026e-01 4.54890279651841e-02 1.13970936479587e-03 
7.93111100445437e-01 4.35705877914794e-02 1.09270357294386e-03 
7.95190028624849e-01 4.17249773911825e-02 1.04740693600949e-03 
7.97268956804260e-01 3.99498420553803e-02 1.00376907386701e-03 
7.99347884983671e-01 3.82428831474680e-02 9.61740504138184e-04 
8.01426813163083e-01 3.66018577381560e-02 9.21272656531560e-04 
8.03505741342494e-01 3.50245781896759e-02 8.82317885162985e-04 
8.05584669521905e-01 3.35089116921755e-02 8.44829478936015e-04 
8.07663597701317e-01 3.20527797552395e-02 8.08761670060692e-04 
8.09742525880728e-01 3.06541576574119e-02 7.74069640789241e-04 
8.11821454060140e-01 2.93110738565401e-02 7.40709528446956e-04 
8.13900382239551e-01 2.80216093636884e-02 7.08638428836012e-04 
8.15979310418962e-01 2.67838970833072e-02 6.77814398089311e-04 
8.18058238598374e-01 2.55961211222722e-02 6.48196453050771e-04 
8.20137166777785e-01 2.44565160703335e-02 6.19744570257362e-04 
8.22216094957196e-01 2.33633662544446e-02 5.92419683597259e-04 
8.24295023136608e-01 2.23150049693618e-02 5.66183680717249e-04 
8.26373951316019e-01 2.13098136868298e-02 5.40999398251195e-04 
8.28452879495430e-01 2.03462212455910e-02 5.16830615939934e-04 
8.30531807674842e-01 1.94227030243762e-02 4.93642049711527e-04 
8.32610735854253e-01 1.85377800999562e-02 4.71399343789148e-04 
8.34689664033665e-01 1.76900183922537e-02 4.50069061892268e-04 
8.36768592213076e-01 1.68780277984357e-02 4.29618677594990e-04 
8.38847520392487e-01 1.61004613178252e-02 4.10016563903684e-04 
8.40926448571899e-01 1.53560141693954e-02 3.91231982114178e-04 
8.43005376751310e-01 1.46434229035266e-02 3.73235070006906e-04 
8.45084304930721e-01 1.39614645096301e-02 3.55996829436508e-04 
8.47163233110133e-01 1.33089555211670e-02 3.39489113370423e-04 
8.49242161289544e-01 1.26847511195109e-02 3.23684612429075e-04 
8.51321089468956e-01 1.20877442380305e-02 3.08556840978284e-04 
8.53400017648367e-01 1.15168646676927e-02 2.94080122822559e-04 
8.55478945827778e-01 1.09710781654154e-02 2.80229576545962e-04 
8.57557874007190e-01 1.04493855663259e-02 2.66981100545263e-04 
8.59636802186601e-01 9.95082190101450e-03 2.54311357798149e-04 
8.61715730366012e-01 9.47445551880044e-03 2.42197760407307e-04 
8.63794658545424e-01 9.01938721796553e-03 2.30618453959277e-04 
8.65873586724835e-01 8.58474938384221e-03 2.19552301735090e-04 
8.67952514904247e-01 8.16970513558265e-03 2.08978868807821e-04 
8.70031443083658e-01 7.77344748237328e-03 1.98878406060321e-04 
8.72110371263069e-01 7.39519848980053e-03 1.89231834154657e-04 
8.74189299442481e-01 7.03420845701606e-03 1.80020727482933e-04 
8.76268227621892e-01 6.68975510529505e-03 1.71227298127500e-04 
8.78347155801303e-01 6.36114277852747e-03 1.62834379856836e-04 
8.80426083980715e-01 6.04770165613115e-03 1.54825412181745e-04 
8.82505012160126e-01 5.74878697882642e-03 1.47184424494912e-04 
8.84583940339537e-01 5.46377828766435e-03 1.39896020315313e-04 
8.86662868518949e-01 5.19207867665582e-03 1.32945361657437e-04 
8.88741796698360e-01 4.93311405930486e-03 1.26318153543861e-04 
8.90820724877772e-01 4.68633244930864e-03 1.20000628678255e-04 
8.92899653057183e-01 4.45120325564673e-03 1.13979532294585e-04 
8.94978581236594e-01 4.22721659224490e-03 1.08242107196924e-04 
8.97057509416006e-01 4.01388260236295e-03 1.02776079003048e-04 
8.99136437595417e-01 3.81073079782193e-03 9.75696416037750e-05 
9.01215365774828e-01 3.61730941315469e-03 9.26114428488309e-05 
9.03294293954240e-01 3.43318477473257e-03 8.78905704689339e-05 
9.05373222133651e-01 3.25794068489320e-03 8.33965382427112e-05 
9.07452150313062e-01 3.09117782106712e-03 7.91192724160546e-05 
9.09531078492474e-01 2.93251314987575e-03 7.50490983805518e-05 
9.11610006671885e-01 2.78157935614966e-03 7.11767276167195e-05 
9.13688934851297e-01 2.63802428679407e-03 6.74932449068872e-05 
9.15767863030708e-01 2.50151040940771e-03 6.39900958217560e-05 
9.17846791210119e-01 2.37171428554240e-03 6.06590744838761e-05 
9.19925719389531e-01 2.24832605847256e-03 5.74923116105573e-05 
9.22004647568942e-01 2.13104895532803e-03 5.44822628380192e-05 
9.24083575748353e-01 2.01959880342801e-03 5.16216973279493e-05 
9.26162503927765e-01 1.91370356064054e-03 4.89036866570189e-05 
9.28241432107176e-01 1.81310285957928e-03 4.63215939893364e-05 
9.30320360286588e-01 1.71754756543769e-03 4.38690635312804e-05 
9.32399288465999e-01 1.62679934725087e-03 4.15400102676635e-05 
9.34478216645410e-01 1.54063026236556e-03 3.93286099777102e-05 
9.36557144824822e-01 1.45882235389107e-03 3.72292895289084e-05 
9.38636073004233e-01 1.38116726089620e-03 3.52367174463990e-05 
9.40715001183644e-01 1.30746584111129e-03 3.33457947552009e-05 
9.42793929363056e-01 1.23752780588866e-03 3.15516460922443e-05 
9.44872857542467e-01 1.17117136717040e-03 2.98496110848733e-05 
9.46951785721879e-01 1.10822289620840e-03 2.82352359922084e-05 
9.49030713901290e-01 1.04851659377848e-03 2.67042656055108e-05 
9.51109642080701e-01 9.91894171627982e-04 2.52526354034597e-05 
9.53188570260113e-01 9.38204544894541e-04 2.38764639580641e-05 
9.55267498439524e-01 8.87303535232445e-04 2.25720455867474e-05 
9.57346426618935e-01 8.39053584382543e-04 2.13358432459876e-05 
9.59425354798347e-01 7.93323477921553e-04 2.01644816617659e-05 
9.61504282977758e-01 7.49988078927114e-04 1.90547406919560e-05 
9.63583211157169e-01 7.08928071295862e-04 1.80035489156950e-05 
9.65662139336581e-01 6.70029712453176e-04 1.70079774446918e-05 
9.67741067515992e-01 6.33184595195011e-04 1.60652339513697e-05 
9.69819995695404e-01 5.98289418404378e-04 1.51726569086895e-05 
9.71898923874815e-01 5.65245766387523e-04 1.43277100364664e-05 
9.73977852054226e-01 5.33959896577645e-04 1.35279769489736e-05 
9.76056780233638e-01 5.04342535357075e-04 1.27711559986157e-05 
9.78135708413049e-01 4.76308681752186e-04 1.20550553104596e-05 
9.80214636592460e-01 4.49777418758866e-04 1.13775880024258e-05 
9.82293564771872e-01 4.24671732060182e-04 1.07367675859624e-05 
9.84372492951283e-01 4.00918335901828e-04 1.01307035420623e-05 
9.86451421130695e-01 3.78447505895082e-04 9.55759706752209e-06 
9.88530349310106e-01 3.57192918521283e-04 9.01573698638971e-06 
9.90609277489517e-01 3.37091497116264e-04 8.50349582160655e-06 
9.92688205668929e-01 3.18083264117660e-04 8.01932602190904e-06 
9.94767133848340e-01 3.00111199362641e-04 7.56175633912394e-06 
9.96846062027751e-01 2.83121104228309e-04 7.12938835106465e-06 
9.98924990207163e-01 2.67061471411714e-04 6.72089312531300e-06 
1.00100391838657e+00 2.51883360151251e-04 6.33577092398239e-06 
1.00308284656599e+00 2.37543998651878e-04 5.97270564736458e-06 
1.00516177474540e+00 2.23998611342322e-04 5.62985505149771e-06 
1.00724070292481e+00 2.11204653341686e-04 5.30612197828677e-06 
1.00931963110422e+00 1.99121771053975e-04 5.00047663890668e-06 
1.01139855928363e+00 1.87711694730134e-04 4.71194242424196e-06 
1.01347748746304e+00 1.76938135971089e-04 4.43959330108801e-06 
1.01555641564245e+00 1.66766689963903e-04 4.18255132713221e-06 
1.01763534382187e+00 1.57164742250748e-04 3.93998427982088e-06 
1.01971427200128e+00 1.48101379837811e-04 3.71110339438781e-06 
1.02179320018069e+00 1.39547306458464e-04 3.49516120648668e-06 
1.02387212836010e+00 1.31474761811975e-04 3.29144949503224e-06 
1.02595105653951e+00 1.23857444605859e-04 3.09929732101265e-06 
1.02802998471892e+00 1.16670439236509e-04 2.91806915819033e-06 
1.03010891289833e+00 1.09890145949147e-04 2.74716311175800e-06 
1.03218784107774e+00 1.03494214324283e-04 2.58600922116290e-06 
1.03426676925716e+00 9.74614799438919e-05 2.43406784345391e-06 
1.03634569743657e+00 9.17719040962568e-05 2.29082811364430e-06 
1.03842462561598e+00 8.64065163840804e-05 2.15580647871635e-06 
1.04050355379539e+00 8.13473601058501e-05 2.02854530202450e-06 
1.04258248197480e+00 7.65774402856946e-05 1.90861153497913e-06 
1.04466141015421e+00 7.20806742320315e-05 1.79559545301542e-06 
1.04674033833362e+00 6.78418445101886e-05 1.68910945297021e-06 
1.04881926651304e+00 6.38465542189079e-05 1.58878690910391e-06 
1.05089819469245e+00 6.00811844651926e-05 1.49428108511566e-06 
1.05297712287186e+00 5.65328539363538e-05 1.40526409960711e-06 
1.05505605105127e+00 5.31893804723506e-05 1.32142594255373e-06 
1.05713497923068e+00 5.00392445456031e-05 1.24247354044290e-06 
1.05921390741009e+00 4.70715545593939e-05 1.16812986783460e-06 
1.06129283558950e+00 4.42760138797639e-05 1.09813310319403e-06 
1.06337176376892e+00 4.16428895194620e-05 1.03223582693565e-06 
1.06545069194833e+00 3.91629823960178e-05 9.70204259704946e-07 
1.06752962012774e+00 3.68275990893929e-05 9.11817539008067e-07 
1.06960854830715e+00 3.46285250279134e-05 8.56867032380496e-07 
1.07168747648656e+00 3.25579990343165e-05 8.05155685363303e-07 
1.07376640466597e+00 3.06086891667490e-05 7.56497402630849e-07 
1.07584533284538e+00 2.87736697924430e-05 7.10716460685743e-07 
1.07792426102479e+00 2.70463998345680e-05 6.67646950606262e-07 
1.08000318920421e+00 2.54207021354248e-05 6.27132249398244e-07 
1.08208211738362e+00 2.38907438817016e-05 5.89024518567604e-07 
1.08416104556303e+00 2.24510180399672e-05 5.53184228591325e-07 
1.08623997374244e+00 2.10963257529323e-05 5.19479708023967e-07 
1.08831890192185e+00 1.98217596492653e-05 4.87786716033684e-07 
1.09039783010126e+00 1.86226880219175e-05 4.57988037216428e-07 
1.09247675828067e+00 1.74947398319840e-05 4.29973097589319e-07 
1.09455568646009e+00 1.64337904971179e-05 4.03637600714589e-07 
1.09663461463950e+00 1.54359484254197e-05 3.78883182953660e-07 
1.09871354281891e+00 1.44975422575470e-05 3.55617086897235e-07 
1.10079247099832e+00 1.36151087815377e-05 3.33751852061571e-07 
1.10287139917773e+00 1.27853814865119e-05 3.13205021983593e-07 
1.10495032735714e+00 1.20052797230147e-05 2.93898866888189e-07 
1.10702925553655e+00 1.12718984392968e-05 2.75760121139999e-07 
1.10910818371597e+00 1.05824984642906e-05 2.58719734729270e-07 
1.11118711189538e+00 9.93449730943888e-06 2.42712638077079e-07 
1.11326604007479e+00 9.32546046287311e-06 2.27677519479323e-07 
1.11534496825420e+00 8.75309315071489e-06 2.13556614541557e-07 
1.11742389643361e+00 8.21523254149654e-06 2.00295506987980e-07 
1.11950282461302e+00 7.70984037086322e-06 1.87842940257686e-07 
1.12158175279243e+00 7.23499596483342e-06 1.76150639329853e-07 
1.12366068097184e+00 6.78888964095819e-06 1.65173142246741e-07 
1.12573960915126e+00 6.36981646773503e-06 1.54867640829426e-07 
1.12781853733067e+00 5.97617036360107e-06 1.45193830106028e-07 
1.12989746551008e+00 5.60643851775479e-06 1.36113765995889e-07 
1.13197639368949e+00 5.25919611593696e-06 1.27591730815815e-07 
1.13405532186890e+00 4.93310135514272e-06 1.19594106196068e-07 
1.13613425004831e+00 4.62689073203784e-06 1.12089253014394e-07 
1.13821317822772e+00 4.33937459061674e-06 1.05047397976015e-07 
1.14029210640714e+00 4.06943291536774e-06 9.84405264862300e-08 
1.14237103458655e+00 3.81601135690508e-06 9.22422814801200e-08 
1.14444996276596e+00 3.57811747768769e-06 8.64278678908484e-08 
1.14652889094537e+00 3.35481720607467e-06 8.09739624542581e-08 
1.14860781912478e+00 3.14523148756609e-06 7.58586285628846e-08 
1.15068674730419e+00 2.94853312264887e-06 7.10612358972032e-08 
1.15276567548360e+00 2.76394378120985e-06 6.65623845759096e-08 
1.15484460366302e+00 2.59073118399542e-06 6.23438335803496e-08 
1.15692353184243e+00 2.42820644208822e-06 5.83884332208770e-08 
1.15900246002184e+00 2.27572154583933e-06 5.46800614249720e-08 
1.16108138820125e+00 2.13266699513875e-06 5.12035636384132e-08 
1.16316031638066e+00 1.99846956333009e-06 4.79446961416968e-08 
1.16523924456007e+00 1.87259018747702e-06 4.48900725942610e-08 
1.16731817273948e+00 1.75452197807133e-06 4.20271136289212e-08 
1.16939710091890e+00 1.64378834163523e-06 3.93439993282862e-08 
1.17147602909831e+00 1.53994121001573e-06 3.68296244238178e-08 
1.17355495727772e+00 1.44255937049619e-06 3.44735560666454e-08 
1.17563388545713e+00 1.35124689116173e-06 3.22659940272753e-08 
1.17771281363654e+00 1.26563163625038e-06 3.01977331889511e-08 
1.17979174181595e+00 1.18536386650245e-06 2.82601282066564e-08 
1.18187066999536e+00 1.11011491978709e-06 2.64450602106209e-08 
1.18394959817477e+00 1.03957596753737e-06 2.47449054397040e-08 
1.18602852635419e+00 9.73456842765407e-07 2.31525056962147e-08 
1.18810745453360e+00 9.11484935656421e-07 2.16611405195932e-08 
1.19018638271301e+00 8.53404152956303e-07 2.02645009819432e-08 
1.19226531089242e+00 7.98973937572268e-07 1.89566650136756e-08 
1.19434423907183e+00 7.47968345000004e-07 1.77320741725325e-08 
1.19642316725124e+00 7.00175173374884e-07 1.65855117739979e-08 
1.19850209543065e+00 6.55395144119218e-07 1.55120823055962e-08 
1.20058102361007e+00 6.13441130322851e-07 1.45062450658964e-08 
1.20265995178948e+00 5.74134806456399e-07 1.35636250028514e-08 
1.20473887996889e+00 5.37311052062041e-07 1.26811557532635e-08 
1.20681780814830e+00 5.02815603605343e-07 1.18552798537543e-08 
1.20889673632771e+00 4.70503606322212e-07 1.10824268341701e-08 
1.21097566450712e+00 4.40239052606045e-07 1.03592472966572e-08 
1.21305459268653e+00 4.11894253079017e-07 9.68259952274442e-09 
1.21513352086595e+00 3.85349338502300e-07 9.04953687118408e-09 
1.21721244904536e+00 3.60491790780285e-07 8.45729592128527e-09 
1.21929137722477e+00 3.37216001409113e-07 7.90328531896968e-09 
1.22137030540418e+00 3.15422855809957e-07 7.38507528514186e-09 
1.22344923358359e+00 2.95019342073047e-07 6.90038774820437e-09 
1.22552816176300e+00 2.75918182719409e-07 6.44708706466868e-09 
1.22760708994241e+00 2.58037488164060e-07 6.02317129382019e-09 
1.22968601812182e+00 2.41300430637123e-07 5.62676399429685e-09 
1.23176494630124e+00 2.25634937388171e-07 5.25610651224091e-09 
1.23384387448065e+00 2.10973402064341e-07 4.90955073238612e-09 
1.23592280266006e+00 1.97252413214476e-07 4.58555226505481e-09 
1.23800173083947e+00 1.84412498930041e-07 4.28266404356398e-09 
1.24008065901888e+00 1.72397886688820e-07 3.99953030798237e-09 
1.24215958719829e+00 1.61156277519803e-07 3.73488095254437e-09 
1.24423851537770e+00 1.50638633657159e-07 3.48752621531719e-09 
1.24631744355712e+00 1.40798978898065e-07 3.25635168993699e-09 
1.24839637173653e+00 1.31594210923478e-07 3.04031364038266e-09 
1.25047529991594e+00 1.22983924882826e-07 2.83843460084609e-09 
1.25255422809535e+00 1.14930247583245e-07 2.64979924378664e-09 
1.25463315627476e+00 1.07397681661439e-07 2.47355050023101e-09 
1.25671208445417e+00 1.00352959151642e-07 2.30888591729835e-09 
1.25879101263358e+00 9.37649038966550e-08 2.15505423879863e-09 
1.26086994081300e+00 8.76043022805182e-08 2.01135219557146e-09 
1.26294886899241e+00 8.18437817912973e-08 1.87712149300690e-09 
1.26502779717182e+00 7.64576969506547e-08 1.75174598392010e-09 
1.26710672535123e+00 7.14220221735580e-08 1.63464901564109e-09 
1.26918565353064e+00 6.67142511466465e-08 1.52529094083186e-09 
1.27126458171005e+00 6.23133023375512e-08 1.42316678215677e-09 
1.27334350988946e+00 5.81994302699109e-08 1.32780404151175e-09 
1.27542243806887e+00 5.43541422200120e-08 1.23876064506394e-09 
1.27750136624829e+00 5.07601200109795e-08 1.15562301586889e-09 
1.27958029442770e+00 4.74011465993166e-08 1.07800426631854e-09 
1.28165922260711e+00 4.42620371664003e-08 1.00554250313098e-09 
1.28373815078652e+00 4.13285744443378e-08 9.37899238025393e-10 
1.28581707896593e+00 3.85874480214389e-08 8.74757897632439e-10 
1.28789600714534e+00 3.60261973875054e-08 8.15822426574216e-10 
1.28997493532475e+00 3.36331584932364e-08 7.60815978009369e-10 
1.29205386350417e+00 3.13974136113396e-08 7.09479686279716e-10 
1.29413279168358e+00 2.93087442994724e-08 6.61571516615630e-10 
1.29621171986299e+00 2.73575872769480e-08 6.16865187159712e-10 
1.29829064804240e+00 2.55349930382791e-08 5.75149158852977e-10 
1.30036957622181e+00 2.38325870371260e-08 5.36256217801413e-10 
1.30244850440122e+00 2.22426006685838e-08 5.00008795146851e-10 
1.30452743258063e+00 2.07577179420287e-08 4.66200933461972e-10 
1.30660636076005e+00 1.93710612560677e-08 4.34658155119054e-10 
1.30868528893946e+00 1.80761980259452e-08 4.05230227668525e-10 
1.31076421711887e+00 1.68671122470722e-08 3.77776771774873e-10 
1.31284314529828e+00 1.57381778502610e-08 3.52166623037016e-10 
1.31492207347769e+00 1.46841337375613e-08 3.28277234564436e-10 
1.31700100165710e+00 1.37000603943536e-08 3.05994117747644e-10 
1.31907992983651e+00 1.27813579797242e-08 2.85210318819600e-10 
1.32115885801592e+00 1.19237258031221e-08 2.65825928953227e-10 
1.32323778619534e+00 1.11231431009274e-08 2.47747625779673e-10 
1.32531671437475e+00 1.03758510318454e-08 2.30888244343018e-10 
1.32739564255416e+00 9.67833581501183e-09 2.15166375630278e-10 
1.32947457073357e+00 9.02731293936693e-09 2.00505990931136e-10 
1.33155349891298e+00 8.41971237724615e-09 1.86836090390454e-10 
1.33363242709239e+00 7.85266473926154e-09 1.74090374218582e-10 
1.33571135527180e+00 7.32348831142514e-09 1.62206935120216e-10 
1.33779028345122e+00 6.82967691910865e-09 1.51127970592434e-10 
1.33986921163063e+00 6.36888856585575e-09 1.40799513826958e-10 
1.34194813981004e+00 5.93893479827881e-09 1.31171182030858e-10 
1.34402706798945e+00 5.53777075129121e-09 1.22195941054278e-10 
1.34610599616886e+00 5.16348583076323e-09 1.13829885283514e-10 
1.34818492434827e+00 4.81429499335292e-09 1.06032031823271e-10 
1.35026385252768e+00 4.48853058576479e-09 9.87641280533366e-11 
1.35234278070710e+00 4.18463470803800e-09 9.19904717025426e-11 
1.35442170888651e+00 3.90115206767082e-09 8.56777426369768e-11 
1.35650063706592e+00 3.63672329345840e-09 7.97948456101117e-11 
1.35857956524533e+00 3.39007867986432e-09 7.43127632700918e-11 
1.36065849342474e+00 3.16003233457054e-09 6.92044187640477e-11 
1.36273742160415e+00 2.94547670356238e-09 6.44445473211451e-11 
1.36481634978356e+00 2.74537744971217e-09 6.00095762353116e-11 
1.36689527796298e+00 2.55876866233253e-09 5.58775127053756e-11 
1.36897420614239e+00 2.38474837658565e-09 5.20278390248460e-11 
1.37105313432180e+00 2.22247438296181e-09 4.84414146458900e-11 
1.37313206250121e+00 2.07116030828612e-09 4.51003846723832e-11 
1.37521099068062e+00 1.93007195088042e-09 4.19880943653131e-11 
1.37728991886003e+00 1.79852385360344e-09 3.90890092704423e-11 
1.37936884703944e+00 1.67587609951974e-09 3.63886406030934e-11 
1.38144777521885e+00 1.56153131591232e-09 3.38734755482951e-11 
1.38352670339827e+00 1.45493187325744e-09 3.15309121564425e-11 
1.38560563157768e+00 1.35555726662805e-09 2.93491985351485e-11 
1.38768455975709e+00 1.26292166778699e-09 2.73173760571937e-11 
1.38976348793650e+00 1.17657163697632e-09 2.54252263224953e-11 
1.39184241611591e+00 1.09608398410767e-09 2.36632216288873e-11 
1.39392134429532e+00 1.02106376971353e-09 2.20224787223115e-11 
1.39600027247473e+00 9.51142436633076e-10 2.04947156118134e-11 
1.39807920065415e+00 8.85976063981563e-10 1.90722112486007e-11 
1.40015812883356e+00 8.25243735491587e-10 1.77477678813980e-11 
1.40223705701297e+00 7.68646014819682e-10 1.65146759124831e-11 
1.40431598519238e+00 7.15903520885343e-10 1.53666810901654e-11 
1.40639491337179e+00 6.66755596753185e-10 1.42979538841192e-11 
1.40847384155120e+00 6.20959065984658e-10 1.33030608999515e-11 
1.41055276973061e+00 5.78287070775138e-10 1.23769381987162e-11 
1.41263169791003e+00 5.38527986557060e-10 1.15148663958214e-11 
1.41471062608944e+00 5.01484408091476e-10 1.07124474219477e-11 
1.41678955426885e+00 4.66972202390483e-10 9.96558283624702e-12 
1.41886848244826e+00 4.34819624112760e-10 9.27045358924592e-12 
1.42094741062767e+00 4.04866489355193e-10 8.62350113957735e-12 
1.42302633880708e+00 3.76963404026465e-10 8.02140983492696e-12 
1.42510526698649e+00 3.50971043234664e-10 7.46109047344440e-12 
1.42718419516590e+00 3.26759478351466e-10 6.93966496735197e-12 
1.42926312334532e+00 3.04207548631234e-10 6.45445203561184e-12 
1.43134205152473e+00 2.83202274465444e-10 6.00295385731124e-12 
1.43342097970414e+00 2.63638309541923e-10 5.58284362191095e-12 
1.43549990788355e+00 2.45417429355457e-10 5.19195391669850e-12 
1.43757883606296e+00 2.28448053682005e-10 4.82826589571149e-12 
1.43965776424237e+00 2.12644800783850e-10 4.48989917806506e-12 
1.44173669242178e+00 1.97928071258149e-10 4.17510242704815e-12 
1.44381562060120e+00 1.84223659577164e-10 3.88224456456041e-12 
1.44589454878061e+00 1.71462391495548e-10 3.60980657845984e-12 
1.44797347696002e+00 1.59579785618984e-10 3.35637388319432e-12 
1.45005240513943e+00 1.48515737539739e-10 3.12062919670991e-12 
1.45213133331884e+00 1.38214225048759e-10 2.90134589907790e-12 
1.45421026149825e+00 1.28623033031360e-10 2.69738184057109e-12 
1.45628918967766e+00 1.19693496744602e-10 2.50767356905879e-12 
1.45836811785708e+00 1.11380262259690e-10 2.33123094858903e-12 
1.46044704603649e+00 1.03641062932405e-10 2.16713214289387e-12 
1.46252597421590e+00 9.64365108391079e-11 2.01451893929938e-12 
1.46460490239531e+00 8.97299021855858e-11 1.87259239015204e-12 
1.46668383057472e+00 8.34870357611553e-11 1.74060875039685e-12 
1.46876275875413e+00 7.76760435714275e-11 1.61787569136566e-12 
1.47084168693354e+00 7.22672328401051e-11 1.50374877216333e-12 
1.47292061511295e+00 6.72329386234810e-11 1.39762815128135e-12 
1.47499954329237e+00 6.25473863311208e-11 1.29895552222828e-12 
1.47707847147178e+00 5.81865634927850e-11 1.20721125804968e-12 
1.47915739965119e+00 5.41281001551840e-11 1.12191175062148e-12 
1.48123632783060e+00 5.03511573328513e-11 1.04260693154609e-12 
1.48331525601001e+00 4.68363229754612e-11 9.68877962362110e-13 
1.48539418418942e+00 4.35655149494658e-11 9.00335082602451e-13 
1.48747311236883e+00 4.05218905651529e-11 8.36615605004854e-13 
1.48955204054825e+00 3.76897622112764e-11 7.77382047896630e-13 
1.49163096872766e+00 3.50545186884248e-11 7.22320395445865e-13 
1.49370989690707e+00 3.26025518594089e-11 6.71138477097072e-13 
1.49578882508648e+00 3.03211882602800e-11 6.23564458093392e-13 
1.49786775326589e+00 2.81986253392605e-11 5.79345433532679e-13 
1.49994668144530e+00 2.62238720129814e-11 5.38287539610381e-13 
1.50202560962471e+00 2.43867579547709e-11 5.00205621165359e-13 
1.50410453780413e+00 2.26778048121875e-11 4.64844877523962e-13 
1.50618346598354e+00 2.10881116333251e-11 4.31973491658410e-13 
1.50826239416295e+00 1.96093927113146e-11 4.01416991465704e-13 
1.51034132234236e+00 1.82339352739776e-11 3.73013075247479e-13 
1.51242025052177e+00 1.69545600673060e-11 3.46610767057308e-13 
1.51449917870118e+00 1.57645846360016e-11 3.22069630349984e-13 
1.51657810688059e+00 1.46577891176060e-11 2.99259035932063e-13 
1.51865703506001e+00 1.36283843791513e-11 2.78057480485706e-13 
1.52073596323942e+00 1.26709823368360e-11 2.58351952192231e-13 
1.52281489141883e+00 1.17805683100176e-11 2.40037340218842e-13 
1.52489381959824e+00 1.09524752708858e-11 2.23015885053068e-13 
1.52697274777765e+00 1.01823598605657e-11 2.07196666875412e-13 
1.52905167595706e+00 9.46618005116281e-12 1.92495129352822e-13 
1.53113060413647e+00 8.80017434142785e-12 1.78832636414531e-13 
1.53320953231588e+00 8.18084238133824e-12 1.66136059738730e-13 
1.53528846049530e+00 7.60492692799999e-12 1.54337394833977e-13 
1.53736738867471e+00 7.06939704189777e-12 1.43373403744218e-13 
1.53944631685412e+00 6.57143243870181e-12 1.33185282541329e-13 
1.54152524503353e+00 6.10840891760131e-12 1.23718351894988e-13 
1.54360417321294e+00 5.67788479250809e-12 1.14921769126958e-13 
1.54568310139235e+00 5.27758825748348e-12 1.06748260266175e-13 
1.54776202957176e+00 4.90540562241365e-12 9.91538707229026e-14 
1.54984095775118e+00 4.55937035931362e-12 9.20977332950823e-14 
1.55191988593059e+00 4.23765290370151e-12 8.55418523084671e-14 
1.55399881411000e+00 3.93855115927016e-12 7.94509027744976e-14 
1.55607774228941e+00 3.66048165761337e-12 7.37920435266403e-14 
1.55815667046882e+00 3.40197132805402e-12 6.85347433674211e-14 
1.56023559864823e+00 3.16164983568902e-12 6.36506193250096e-14 
1.56231452682764e+00 2.93824244862518e-12 5.91132861802724e-14 
1.56439345500706e+00 2.73056339804578e-12 5.48982164830283e-14 
1.56647238318647e+00 2.53750969723163e-12 5.09826103300927e-14 
1.56855131136588e+00 2.35805538797630e-12 4.73452742278655e-14 
1.57063023954529e+00 2.19124618499356e-12 4.39665084089425e-14 
1.57270916772470e+00 2.03619449092659e-12 4.08280020157530e-14 
1.57478809590411e+00 1.89207475644321e-12 3.79127356047583e-14 
1.57686702408352e+00 1.75811916164878e-12 3.52048904625029e-14 
1.57894595226293e+00 1.63361359667659e-12 3.26897642599655e-14 
1.58102488044235e+00 1.51789392083281e-12 3.03536926044053e-14 
1.58310380862176e+00 1.41034248108734e-12 2.81839760783870e-14 
1.58518273680117e+00 1.31038487201919e-12 2.61688123840678e-14 
1.58726166498058e+00 1.21748692055285e-12 2.42972332372679e-14 
1.58934059315999e+00 1.13115187996614e-12 2.25590456804708e-14 
1.59141952133940e+00 1.05091781871580e-12 2.09447775068220e-14 
1.59349844951881e+00 9.76355190620201e-13 1.94456265085436e-14 
1.59557737769823e+00 9.07064573863711e-13 1.80534132830559e-14 
1.59765630587764e+00 8.42674567149358e-13 1.67605373486014e-14 
1.59973523405705e+00 7.82839832129364e-13 1.55599363383924e-14 
1.60181416223646e+00 7.27239271991254e-13 1.44450480583450e-14 
1.60389309041587e+00 6.75574336774162e-13 1.34097752083889e-14 
1.60597201859528e+00 6.27567446639103e-13 1.24484525812459e-14 
1.60805094677469e+00 5.82960524921715e-13 1.15558165655040e-14 
1.61012987495411e+00 5.41513633359223e-13 1.07269767918617e-14 
1.61220880313352e+00 5.03003702408030e-13 9.95738977262614e-15 
1.61428773131293e+00 4.67223350057014e-13 9.24283439498276e-15 
1.61636665949234e+00 4.33979782996739e-13 8.57938913826930e-15 
1.61844558767175e+00 4.03093774428645e-13 7.96341089452390e-15 
1.62052451585116e+00 3.74398713193123e-13 7.39151527999111e-15 
1.62260344403057e+00 3.47739719262966e-13 6.86055833310109e-15 
1.62468237220998e+00 3.22972820991113e-13 6.36761950172274e-15 
1.62676130038940e+00 2.99964189820439e-13 5.90998582927319e-15 
1.62884022856881e+00 2.78589428460230e-13 5.48513725557766e-15 
1.63091915674822e+00 2.58732908810484e-13 5.09073295424529e-15 
1.63299808492763e+00 2.40287156172597e-13 4.72459863379168e-15 
1.63507701310704e+00 2.23152276524721e-13 4.38471473482359e-15 
1.63715594128645e+00 2.07235423863258e-13 4.06920546033235e-15 
1.63923486946586e+00 1.92450304819777e-13 3.77632858054520e-15 
1.64131379764528e+00 1.78716717956108e-13 3.50446595787929e-15 
1.64339272582469e+00 1.65960125320499e-13 3.25211474135414e-15 
1.64547165400410e+00 1.54111254015439e-13 3.01787918336369e-15 
1.64755058218351e+00 1.43105725683848e-13 2.80046303500759e-15 
1.64962951036292e+00 1.32883711965689e-13 2.59866247925007e-15 
1.65170843854233e+00 1.23389614112360e-13 2.41135956402902e-15 
1.65378736672174e+00 1.14571765072154e-13 2.23751610009410e-15 
1.65586629490116e+00 1.06382152477324e-13 2.07616799082228e-15 
1.65794522308057e+00 9.87761610724134e-14 1.92641996355760e-15 
1.66002415125998e+00 9.17123332250929e-14 1.78744067415896e-15 
1.66210307943939e+00 8.51521462552837e-14 1.65845815842805e-15 
1.66418200761880e+00 7.90598054063446e-14 1.53875560593883e-15 
1.66626093579821e+00 7.34020513640059e-14 1.42766743350933e-15 
1.66833986397762e+00 6.81479813049526e-14 1.32457563715679e-15 
1.67041879215703e+00 6.32688825279031e-14 1.22890640286460e-15 
1.67249772033645e+00 5.87380777860465e-14 1.14012695787284e-15 
1.67457664851586e+00 5.45307815011433e-14 1.05774264549144e-15 
1.67665557669527e+00 5.06239660967684e-14 9.81294207631285e-16 
1.67873450487468e+00 4.69962377413800e-14 9.10355260361333e-16 
1.68081343305409e+00 4.36277208414091e-14 8.44529948834694e-16 
1.68289236123350e+00 4.04999506706320e-14 7.83450768888917e-16 
1.68497128941291e+00 3.75957735649578e-14 7.26776543520223e-16 
1.68705021759233e+00 3.48992541516472e-14 6.74190543263576e-16 
1.68912914577174e+00 3.23955891190933e-14 6.25398740284012e-16 
1.69120807395115e+00 3.00710270678237e-14 5.80128186703794e-16 
1.69328700213056e+00 2.79127940155088e-14 5.38125508358755e-16 
1.69536593030997e+00 2.59090241586535e-14 4.99155505798938e-16 
1.69744485848938e+00 2.40486955214517e-14 4.62999854926608e-16 
1.69952378666879e+00 2.23215701481587e-14 4.29455900202135e-16 
1.70160271484821e+00 2.07181385193979e-14 3.98335533847858e-16 
1.70368164302762e+00 1.92295678952079e-14 3.69464154944398e-16 
1.70576057120703e+00 1.78476543084656e-14 3.42679702745708e-16 
1.70783949938644e+00 1.65647779516884e-14 3.17831758940428e-16 
1.70991842756585e+00 1.53738617182463e-14 2.94780713960230e-16 
1.71199735574526e+00 1.42683326757705e-14 2.73396992782589e-16 
1.71407628392467e+00 1.32420862651438e-14 2.53560335997775e-16 
1.71615521210409e+00 1.22894530329548e-14 2.35159132209460e-16 
1.71823414028350e+00 1.14051677187897e-14 2.18089798116826e-16 
1.72031306846291e+00 1.05843405312805e-14 2.02256202884888e-16 
1.72239199664232e+00 9.82243045849650e-15 1.87569133650296e-16 
1.72447092482173e+00 9.11522046911614e-15 1.73945799233474e-16 
1.72654985300114e+00 8.45879447091224e-15 1.61309369335739e-16 
1.72862878118055e+00 7.84951590246482e-15 1.49588546693124e-16 
1.73070770935996e+00 7.28400784274739e-15 1.38717169838134e-16 
1.73278663753938e+00 6.75913453134766e-15 1.28633844287391e-16 
1.73486556571879e+00 6.27198419963240e-15 1.19281600128125e-16 
1.73694449389820e+00 5.81985312018462e-15 1.10607574120483e-16 
1.73902342207761e+00 5.40023078836813e-15 1.02562714566429e-16 
1.74110235025702e+00 5.01078615594319e-15 9.51015073203907e-17 
1.74318127843643e+00 4.64935484230006e-15 8.81817214323221e-17 
1.74526020661584e+00 4.31392725412399e-15 8.17641730212277e-17 
1.74733913479526e+00 4.00263754918371e-15 7.58125060769412e-17 
1.74941806297467e+00 3.71375338447129e-15 7.02929889806340e-17 
1.75149699115408e+00 3.44566639313829e-15 6.51743256206469e-17 
1.75357591933349e+00 3.19688333859394e-15 6.04274800602257e-17 
1.75565484751290e+00 2.96601789777612e-15 5.60255137880874e-17 
1.75773377569231e+00 2.75178302899462e-15 5.19434346517883e-17 
1.75981270387172e+00 2.55298388289669e-15 4.81580566380134e-17 
1.76189163205114e+00 2.36851121803341e-15 4.46478697235113e-17 
1.76397056023055e+00 2.19733528522791e-15 4.13929190757523e-17 
1.76604948840996e+00 2.03850014747753e-15 3.83746929338221e-17 
1.76812841658937e+00 1.89111840447441e-15 3.55760185478356e-17 
1.77020734476878e+00 1.75436629301576e-15 3.29809655995311e-17 
1.77228627294819e+00 1.62747913660810e-15 3.05747565679271e-17 
1.77436520112760e+00 1.50974711945875e-15 2.83436835422139e-17 
1.77644412930701e+00 1.40051136180447e-15 2.62750310196132e-17 
1.77852305748643e+00 1.29916027515915e-15 2.43570042589743e-17 
1.78060198566584e+00 1.20512617757965e-15 2.25786627915548e-17 
1.78268091384525e+00 1.11788215045915e-15 2.09298587189297e-17 
1.78475984202466e+00 1.03693911966751e-15 1.94011794544360e-17 
1.78683877020407e+00 9.61843145076469e-16 1.79838945891425e-17 
1.78891769838348e+00 8.92172903639312e-16 1.66699065861603e-17 
1.79099662656289e+00 8.27537352246342e-16 1.54517050283066e-17 
1.79307555474231e+00 7.67573557555505e-16 1.43223241638260e-17 
1.79515448292172e+00 7.11944680905666e-16 1.32753035131530e-17 
1.79723341110113e+00 6.60338107264388e-16 1.23046513166787e-17 
1.79931233928054e+00 6.12463707946546e-16 1.14048106192507e-17 
1.80139126745995e+00 5.68052227569108e-16 1.05706278017753e-17 
1.80347019563936e+00 5.26853786384792e-16 9.79732338388551e-18 
1.80554912381877e+00 4.88636489766759e-16 9.08046493426135e-18 
1.80762805199819e+00 4.53185137201336e-16 8.41594193691107e-18 
1.80970698017760e+00 4.20300023689210e-16 7.79994247260360e-18 
1.81178590835701e+00 3.89795826960432e-16 7.22893158474898e-18 
1.81386483653642e+00 3.61500574377712e-16 6.69963120840497e-18 
1.81594376471583e+00 3.35254683838355e-16 6.20900154979893e-18 
1.81802269289524e+00 3.10910073390125e-16 5.75422381184229e-18 
1.82010162107465e+00 2.88329334652595e-16 5.33268416862294e-18 
1.82218054925406e+00 2.67384965485030e-16 4.94195889883247e-18 
1.82425947743348e+00 2.47958657666619e-16 4.57980059455634e-18 
1.82633840561289e+00 2.29940635656502e-16 4.24412536786360e-18 
1.82841733379230e+00 2.13229042781340e-16 3.93300098321026e-18 
1.83049626197171e+00 1.97729371458466e-16 3.64463584884788e-18 
1.83257519015112e+00 1.83353934304541e-16 3.37736880523614e-18 
1.83465411833053e+00 1.70021373204272e-16 3.12965965291901e-18 
1.83673304650994e+00 1.57656203622453e-16 2.90008036646699e-18 
1.83881197468936e+00 1.46188391636422e-16 2.68730694493148e-18 
1.84089090286877e+00 1.35552961346108e-16 2.49011185282673e-18 
1.84296983104818e+00 1.25689630486068e-16 2.30735700896665e-18 
1.84504875922759e+00 1.16542472219282e-16 2.13798728355884e-18 
1.84712768740700e+00 1.08059601236757e-16 1.98102446681165e-18 
1.84920661558641e+00 1.00192882421008e-16 1.83556167495881e-18 
1.85128554376582e+00 9.28976604559545e-17 1.70075816206454e-18 
1.85336447194524e+00 8.61325088813909e-17 1.57583450825396e-18 
1.85544340012465e+00 7.98589971975342e-17 1.46006815713065e-18 
1.85752232830406e+00 7.40414747248935e-17 1.35278927710907e-18 
1.85960125648347e+00 6.86468700172981e-17 1.25337692321320e-18 
1.86168018466288e+00 6.36445047119316e-17 1.16125547758556e-18 
1.86375911284229e+00 5.90059207800883e-17 1.07589134852134e-18 
1.86583804102170e+00 5.47047202165404e-17 9.96789909300758e-19 
1.86791696920111e+00 5.07164162742845e-17 9.23492659444826e-19 
1.86999589738053e+00 4.70182954153967e-17 8.55574592275673e-19 
1.87207482555994e+00 4.35892892081249e-17 7.92641753827181e-19 
1.87415375373935e+00 4.04098554554991e-17 7.34328979232791e-19 
1.87623268191876e+00 3.74618678919568e-17 6.80297793720371e-19 
1.87831161009817e+00 3.47285138320361e-17 6.30234466274878e-19 
1.88039053827758e+00 3.21941991993466e-17 5.83848204893016e-19 
1.88246946645699e+00 2.98444604050291e-17 5.40869483155648e-19 
1.88454839463641e+00 2.76658825829857e-17 5.01048488587101e-19 
1.88662732281582e+00 2.56460237245062e-17 4.64153683960432e-19 
1.88870625099523e+00 2.37733442877389e-17 4.29970473347837e-19 
1.89078517917464e+00 2.20371418879214e-17 3.98299965309186e-19 
1.89286410735405e+00 2.04274907025789e-17 3.68957826162736e-19 
1.89494303553346e+00 1.89351852521606e-17 3.41773216793209e-19 
1.89702196371287e+00 1.75516882409703e-17 3.16587806926683e-19 
1.89910089189229e+00 1.62690821658851e-17 2.93251176235832e-19 
1.90117982007170e+00 1.50800207766826e-17 2.71581047547143e-19 
1.90325874825111e+00 1.39776490593331e-17 2.51465747032000e-19 
1.90533767643052e+00 1.29556634886270e-17 2.32836905675206e-19 
1.90741660460993e+00 1.20082176040580e-17 2.15584948108112e-19 
1.90949553278934e+00 1.11298889676990e-17 1.99608355242715e-19 
1.91157446096875e+00 1.03156485031047e-17 1.84813073609101e-19 
1.91365338914817e+00 9.56083204425431e-18 1.71111967868801e-19 
1.91573231732758e+00 8.86111393577717e-18 1.58424313358145e-19 
1.91781124550699e+00 8.21248253706972e-18 1.46675325744137e-19 
1.91989017368640e+00 7.61121749346269e-18 1.35795725087269e-19 
1.92196910186581e+00 7.05386864739756e-18 1.25721331802269e-19 
1.92404803004522e+00 6.53723647167209e-18 1.16392692190106e-19 
1.92612695822463e+00 6.05835391526566e-18 1.07754731383730e-19 
1.92820588640404e+00 5.61446956010357e-18 9.97564317068978e-20 
1.93028481458346e+00 5.20303199440642e-18 9.23505345909506e-20 
1.93236374276287e+00 4.82167531503856e-18 8.54932643294061e-20 
1.93444267094228e+00 4.46820567755230e-18 7.91440720753854e-20 
1.93652159912169e+00 4.14058881845988e-18 7.32653986030262e-20 
1.93860052730110e+00 3.83693847968180e-18 6.78224544617107e-20 
1.94067945548051e+00 3.55550567015067e-18 6.27830162518092e-20 
1.94275838365992e+00 3.29466870421934e-18 5.81172378432697e-20 
1.94483731183934e+00 3.05292396085830e-18 5.37974754442774e-20 
1.94691624001875e+00 2.82887731165261e-18 4.97981255068687e-20 
1.94899516819816e+00 2.62123616934622e-18 4.60954745302583e-20 
1.95107409637757e+00 2.42880211215080e-18 4.26675598911430e-20 
1.95315302455698e+00 2.25046404225743e-18 3.94940408937704e-20 
1.95523195273639e+00 2.08519183997971e-18 3.65560792914675e-20 
1.95731088091580e+00 1.93203047773241e-18 3.38362285859450e-20 
1.95938980909522e+00 1.79009456062694e-18 3.13183314613431e-20 
1.96146873727463e+00 1.65856326285637e-18 2.89874247569465e-20 
1.96354766545404e+00 1.53667563126345e-18 2.68296514260393e-20 
1.96562659363345e+00 1.42372622954575e-18 2.48321789687439e-20 
1.96770552181286e+00 1.31906109846507e-18 2.29831238641235e-20 
1.96978444999227e+00 1.22207400920405e-18 2.12714815615301e-20 
1.97186337817168e+00 1.13220298866060e-18 1.96870616233594e-20 
1.97394230635109e+00 1.04892709700074e-18 1.82204276412025e-20 
1.97602123453051e+00 9.71763439209917e-19 1.68628415750458e-20 
1.97810016270992e+00 9.00264393700560e-19 1.56062121908021e-20 
1.98017909088933e+00 8.34015042256412e-19 1.44430472952316e-20 
1.98225801906874e+00 7.72630786729167e-19 1.33664094893427e-20 
1.98433694724815e+00 7.15755138956071e-19 1.23698751817884e-20 
1.98641587542756e+00 6.63057671344597e-19 1.14474966227104e-20 
1.98849480360697e+00 6.14232116477355e-19 1.05937667360343e-20 
1.99057373178639e+00 5.68994604932089e-19 9.80358654448963e-21 
1.99265265996580e+00 5.27082031292749e-19 9.07223499670718e-21 
1.99473158814521e+00 4.88250539052385e-19 8.39534101973072e-21 
1.99681051632462e+00 4.52274115781207e-19 7.76885763323039e-21 
1.99888944450403e+00 4.18943290557231e-19 7.18903797371954e-21 
2.00096837268344e+00 3.88063926235983e-19 6.65241308820610e-21 
2.00304730086285e+00 3.59456099673086e-19 6.15577136702640e-21 
2.00512622904227e+00 3.32953063512028e-19 5.69613949517176e-21 
2.00720515722168e+00 3.08400283612036e-19 5.27076481027992e-21 
2.00928408540109e+00 2.85654546620094e-19 4.87709896367620e-21 
2.01136301358050e+00 2.64583132589349e-19 4.51278278846201e-21 
2.01344194175991e+00 2.45063047915566e-19 4.17563228570125e-21 
2.01552086993932e+00 2.26980314206014e-19 3.86362564629328e-21 
2.01759979811873e+00 2.10229309013137e-19 3.57489123217907e-21 
2.01967872629815e+00 1.94712154660337e-19 3.30769644614130e-21 
2.02175765447756e+00 1.80338151660866e-19 3.06043742466167e-21 
2.02383658265697e+00 1.67023253484668e-19 2.83162949311965e-21 
2.02591551083638e+00 1.54689579663517e-19 2.61989832708415e-21 
2.02799443901579e+00 1.43264964443279e-19 2.42397176758927e-21 
2.03007336719520e+00 1.32682538394738e-19 2.24267224212082e-21 
2.03215229537461e+00 1.22880340582444e-19 2.07490974659450e-21 
2.03423122355402e+00 1.13800959065381e-19 1.91967534690004e-21 
2.03631015173344e+00 1.05391197665023e-19 1.77603516163651e-21 
2.03838907991285e+00 9.76017670863295e-20 1.64312479049159e-21 
2.04046800809226e+00 9.03869986164303e-20 1.52014415533682e-21 
2.04254693627167e+00 8.37045787547793e-20 1.40635272353795e-21 
2.04462586445108e+00 7.75153032482893e-20 1.30106508522778e-21 
2.04670479263049e+00 7.17828491159800e-20 1.20364685837245e-21 
2.04878372080990e+00 6.64735633506515e-20 1.11351089739194e-21 
2.05086264898932e+00 6.15562670806020e-20 1.03011378288355e-21 
2.05294157716873e+00 5.70020740629816e-20 9.52952571653785e-22 
2.05502050534814e+00 5.27842224625261e-20 8.81561787798508e-22 
2.05709943352755e+00 4.88779189455917e-20 8.15510636992958e-22 
2.05917836170696e+00 4.52601941900691e-20 7.54400427470063e-22 
2.06125728988637e+00 4.19097689772704e-20 6.97862182385664e-22 
2.06333621806578e+00 3.88069300926452e-20 6.45554429399160e-22 
2.06541514624519e+00 3.59334153185252e-20 5.97161154345129e-22 
2.06749407442461e+00 3.32723068543476e-20 5.52389906841111e-22 
2.06957300260402e+00 3.08079325482587e-20 5.10970046575053e-22 
2.07165193078343e+00 2.85257743689255e-20 4.72651119847899e-22 
2.07373085896284e+00 2.64123835880473e-20 4.37201356717540e-22 
2.07580978714225e+00 2.44553021826842e-20 4.04406279804170e-22 
2.07788871532166e+00 2.26429900023438e-20 3.88436163323293e-22 
