Energy(eV)           EEDF(eV^-(3/2))      Anisotropy(eV^-(3/2))
2.38247073430181e-03 9.31123077307207e-01 1.53670046326184e-04 
7.14741220290542e-03 9.30744469441249e-01 2.09822546359743e-04 
1.19123536715090e-02 9.30297829923943e-01 2.87646129913184e-04 
1.66772951401126e-02 9.29851671284395e-01 3.42329702692185e-04 
2.14422366087163e-02 9.29407685765386e-01 3.86887958744278e-04 
2.62071780773199e-02 9.28972111783727e-01 4.18308459293709e-04 
3.09721195459235e-02 9.28568006688032e-01 4.40726137208550e-04 
3.57370610145271e-02 9.28184989661621e-01 4.60595034871454e-04 
4.05020024831307e-02 9.27823621350588e-01 4.76733716933380e-04 
4.52669439517343e-02 9.27481770519960e-01 4.90097784755443e-04 
5.00318854203379e-02 9.27158880046892e-01 4.98561508234039e-04 
5.47968268889415e-02 9.26859484414556e-01 5.00309574266061e-04 
5.95617683575452e-02 9.26586817510143e-01 4.94927929245085e-04 
6.43267098261488e-02 9.26344578402764e-01 4.81760651974490e-04 
6.90916512947524e-02 9.26135256433531e-01 4.64161759096107e-04 
7.38565927633560e-02 9.25954386001776e-01 4.51177581268016e-04 
7.86215342319596e-02 9.25790297867208e-01 4.41519102920916e-04 
8.33864757005632e-02 9.25644111575609e-01 4.27183199438909e-04 
8.81514171691668e-02 9.25516511014562e-01 4.08176025397944e-04 
9.29163586377704e-02 9.25407744537730e-01 3.84506490511542e-04 
9.76813001063741e-02 9.25317624937650e-01 3.56327332903777e-04 
1.02446241574978e-01 9.25245396554020e-01 3.34618340604741e-04 
1.07211183043581e-01 9.25180907182840e-01 3.22275338337487e-04 
1.11976124512185e-01 9.25124238682590e-01 3.07462831256245e-04 
1.16741065980789e-01 9.25075351428349e-01 2.90184730882083e-04 
1.21506007449392e-01 9.25034084301528e-01 2.75349555802672e-04 
1.26270948917996e-01 9.24997312101273e-01 2.65267460363904e-04 
1.31035890386599e-01 9.24964387186199e-01 2.54923974475468e-04 
1.35800831855203e-01 9.24935294829233e-01 2.43106163258455e-04 
1.40565773323807e-01 9.24909977051776e-01 2.29816041525209e-04 
1.45330714792410e-01 9.24888332620564e-01 2.15056518329772e-04 
1.50095656261014e-01 9.24870217042352e-01 2.00976618212177e-04 
1.54860597729617e-01 9.24854698831523e-01 1.90177417807388e-04 
1.59625539198221e-01 9.24841016606170e-01 1.80716480849435e-04 
1.64390480666825e-01 9.24829123752500e-01 1.70346226767331e-04 
1.69155422135428e-01 9.24818957147344e-01 1.60185790272695e-04 
1.73920363604032e-01 9.24810163834871e-01 1.52936445616304e-04 
1.78685305072635e-01 9.24802138061924e-01 1.47813717519742e-04 
1.83450246541239e-01 9.24794872838281e-01 1.42195522795544e-04 
1.88215188009843e-01 9.24788356307426e-01 1.36082210283951e-04 
1.92980129478446e-01 9.24782571746476e-01 1.29474239688904e-04 
1.97745070947050e-01 9.24777497566061e-01 1.22485517851993e-04 
2.02510012415654e-01 9.24773089200898e-01 1.19509016577660e-04 
2.07274953884257e-01 9.24768675589848e-01 1.20954597272413e-04 
2.12039895352861e-01 9.24764260230498e-01 1.22337354802122e-04 
2.16804836821464e-01 9.24759846542696e-01 1.23657290646567e-04 
2.21569778290068e-01 9.24755437868549e-01 1.24914406309072e-04 
2.26334719758672e-01 9.24751037472423e-01 1.26108703254177e-04 
2.31099661227275e-01 9.24746648540955e-01 1.27240182969794e-04 
2.35864602695879e-01 9.24742274183045e-01 1.28308846953945e-04 
2.40629544164482e-01 9.24737917429862e-01 1.29314696665833e-04 
2.45394485633086e-01 9.24733581234853e-01 1.30257733560214e-04 
2.50159427101690e-01 9.24729268473737e-01 1.33922907079617e-04 
2.54924368570293e-01 9.24724617721484e-01 1.42886193616229e-04 
2.59689310038897e-01 9.24719265877295e-01 1.54389518600343e-04 
2.64454251507501e-01 9.24713152230762e-01 1.66217502737756e-04 
2.69219192976104e-01 9.24706214003186e-01 1.78369990722776e-04 
2.73984134444708e-01 9.24698386348397e-01 1.90846837713602e-04 
2.78749075913311e-01 9.24689602353667e-01 2.03647904922772e-04 
2.83514017381915e-01 9.24679793040715e-01 2.16773056270720e-04 
2.88278958850519e-01 9.24668887366806e-01 2.30222155768210e-04 
2.93043900319122e-01 9.24656812225960e-01 2.43995065432711e-04 
2.97808841787726e-01 9.24643492450271e-01 2.58160917337770e-04 
3.02573783256329e-01 9.24628836185308e-01 2.74404405285181e-04 
3.07338724724933e-01 9.24612391254231e-01 2.92547300174226e-04 
3.12103666193537e-01 9.24594030600522e-01 3.11117883146853e-04 
3.16868607662140e-01 9.24573623572151e-01 3.30115837893688e-04 
3.21633549130744e-01 9.24551035925678e-01 3.49540837505647e-04 
3.26398490599347e-01 9.24526129830721e-01 3.69392541244857e-04 
3.31163432067951e-01 9.24498763874809e-01 3.89670591831753e-04 
3.35928373536555e-01 9.24468793068640e-01 4.10374613062057e-04 
3.40693315005158e-01 9.24436068851767e-01 4.31504207628767e-04 
3.45458256473762e-01 9.24400439098731e-01 4.53058955173650e-04 
3.50223197942366e-01 9.24361748125665e-01 4.75754065279970e-04 
3.54988139410969e-01 9.24319599091169e-01 5.00152091739518e-04 
3.59753080879573e-01 9.24273599333144e-01 5.25578178895387e-04 
3.64518022348176e-01 9.24223538868455e-01 5.51494550727082e-04 
3.69282963816780e-01 9.24169202979230e-01 5.77900472934546e-04 
3.74047905285384e-01 9.24110372226458e-01 6.04795166777186e-04 
3.78812846753987e-01 9.24046822464556e-01 6.32177806556318e-04 
3.83577788222591e-01 9.23978324856941e-01 6.60047517169762e-04 
3.88342729691194e-01 9.23904645892653e-01 6.88403371719739e-04 
3.93107671159798e-01 9.23825547404075e-01 7.17244389133264e-04 
3.97872612628402e-01 9.23740786585788e-01 7.46539214677030e-04 
4.02637554097005e-01 9.23650130002676e-01 7.75746562356882e-04 
4.07402495565609e-01 9.23553583599236e-01 8.04914689376867e-04 
4.12167437034212e-01 9.23450911310833e-01 8.34538151140207e-04 
4.16932378502816e-01 9.23341872991802e-01 8.64615769667078e-04 
4.21697319971420e-01 9.23226224437507e-01 8.95146306159243e-04 
4.26462261440023e-01 9.23103717407589e-01 9.26128458962030e-04 
4.31227202908627e-01 9.22974099650471e-01 9.57560861526698e-04 
4.35992144377231e-01 9.22837114929117e-01 9.89442080350925e-04 
4.40757085845834e-01 9.22692503048122e-01 1.02177061288615e-03 
4.45522027314438e-01 9.22539999882153e-01 1.05454488545397e-03 
4.50286968783041e-01 9.22379337405796e-01 1.08776325114618e-03 
4.55051910251645e-01 9.22210243724830e-01 1.12142398769741e-03 
4.59816851720249e-01 9.22032443108990e-01 1.15552529535067e-03 
4.64581793188852e-01 9.21845656026255e-01 1.19006529470749e-03 
4.69346734657456e-01 9.21649599178691e-01 1.22504202456591e-03 
4.74111676126059e-01 9.21443985539911e-01 1.26045343974411e-03 
4.78876617594663e-01 9.21228524394176e-01 1.29629740889425e-03 
4.83641559063267e-01 9.21002921377195e-01 1.33257171230369e-03 
4.88406500531870e-01 9.20766878518648e-01 1.36927403968883e-03 
4.93171442000474e-01 9.20520094286501e-01 1.40640198797800e-03 
4.97936383469077e-01 9.20262263633123e-01 1.44392981499946e-03 
5.02701324937681e-01 9.19993094824560e-01 1.48152865594676e-03 
5.07466266406285e-01 9.19712516821334e-01 1.51922563214485e-03 
5.12231207874888e-01 9.19420227321265e-01 1.55732592786190e-03 
5.16996149343492e-01 9.19115920900432e-01 1.59582676164708e-03 
5.21761090812096e-01 9.18799289065454e-01 1.63472525183371e-03 
5.26526032280699e-01 9.18470020307685e-01 1.67401841445160e-03 
5.31290973749303e-01 9.18127800159347e-01 1.71370316114287e-03 
5.36055915217906e-01 9.17772311251646e-01 1.75377629707363e-03 
5.40820856686510e-01 9.17403233374907e-01 1.79423451884912e-03 
5.45585798155114e-01 9.17020243540764e-01 1.83507441243787e-03 
5.50350739623717e-01 9.16623016046444e-01 1.87629245110443e-03 
5.55115681092321e-01 9.16211222541166e-01 1.91788499334529e-03 
5.59880622560924e-01 9.15784532094720e-01 1.95984828083649e-03 
5.64645564029528e-01 9.15342611268227e-01 2.00217843639523e-03 
5.69410505498132e-01 9.14885124187139e-01 2.04487146194985e-03 
5.74175446966735e-01 9.14411732616501e-01 2.08792323652726e-03 
5.78940388435339e-01 9.13922096038512e-01 2.13132951425693e-03 
5.83705329903943e-01 9.13415871732409e-01 2.17508592239402e-03 
5.88470271372546e-01 9.12892714856722e-01 2.21918795936293e-03 
5.93235212841150e-01 9.12352278533911e-01 2.26363099281747e-03 
5.98000154309753e-01 9.11794213937428e-01 2.30841025773384e-03 
6.02765095778357e-01 9.11218170381226e-01 2.35352085452917e-03 
6.07530037246961e-01 9.10623795411746e-01 2.39895774719644e-03 
6.12294978715564e-01 9.10010734902403e-01 2.44471576148537e-03 
6.17059920184168e-01 9.09378633150606e-01 2.49078958310552e-03 
6.21824861652771e-01 9.08727132977322e-01 2.53717375596721e-03 
6.26589803121375e-01 9.08055875829224e-01 2.58386268046360e-03 
6.31354744589979e-01 9.07364501883423e-01 2.63085061178048e-03 
6.36119686058582e-01 9.06652650154826e-01 2.67813165825882e-03 
6.40884627527186e-01 9.05919958606124e-01 2.72569977979465e-03 
6.45649568995790e-01 9.05166064260432e-01 2.77354878628617e-03 
6.50414510464393e-01 9.04390603316592e-01 2.82167233613661e-03 
6.55179451932997e-01 9.03593211267162e-01 2.87006393479306e-03 
6.59944393401600e-01 9.02773523019094e-01 2.91871693334630e-03 
6.64709334870204e-01 9.01931173017115e-01 2.96762452719441e-03 
6.69474276338808e-01 9.01065795369814e-01 3.01677975475270e-03 
6.74239217807411e-01 9.00177023978456e-01 3.06617549622834e-03 
6.79004159276015e-01 8.99264492668504e-01 3.11580447246233e-03 
6.83769100744618e-01 8.98327835323877e-01 3.16565924382990e-03 
6.88534042213222e-01 8.97366686023921e-01 3.21573220921603e-03 
6.93298983681826e-01 8.96380679183108e-01 3.26601560506349e-03 
6.98063925150429e-01 8.95369449693451e-01 3.31648708267818e-03 
7.02828866619033e-01 8.94332650869459e-01 3.36699859277547e-03 
7.07593808087636e-01 8.93270094285168e-01 3.41755822840543e-03 
7.12358749556240e-01 8.92181422615430e-01 3.46829334534479e-03 
7.17123691024844e-01 8.91066279608640e-01 3.51919547108238e-03 
7.21888632493447e-01 8.89924310239187e-01 3.57025596986286e-03 
7.26653573962051e-01 8.88755160862457e-01 3.62146604232811e-03 
7.31418515430655e-01 8.87558479372384e-01 3.67281672523842e-03 
7.36183456899258e-01 8.86333915361504e-01 3.72429889129472e-03 
7.40948398367862e-01 8.85081120283498e-01 3.77590324905750e-03 
7.45713339836465e-01 8.83799747618194e-01 3.82762034295686e-03 
7.50478281305069e-01 8.82489453038984e-01 3.87944055341198e-03 
7.55243222773673e-01 8.81149894582630e-01 3.93135409705030e-03 
7.60008164242276e-01 8.79780732821418e-01 3.98335102703387e-03 
7.64773105710880e-01 8.78381631037608e-01 4.03542123349248e-03 
7.69538047179483e-01 8.76952255400152e-01 4.08755444407558e-03 
7.74302988648087e-01 8.75492275143608e-01 4.13974022461297e-03 
7.79067930116691e-01 8.74001362749224e-01 4.19196797988930e-03 
7.83832871585294e-01 8.72479194128117e-01 4.24422695454752e-03 
7.88597813053898e-01 8.70925448806487e-01 4.29650623410724e-03 
7.93362754522501e-01 8.69339810112828e-01 4.34879474610622e-03 
7.98127695991105e-01 8.67721965367037e-01 4.40108126137514e-03 
8.02892637459709e-01 8.66071606071374e-01 4.45335439543665e-03 
8.07657578928312e-01 8.64388428103200e-01 4.50560261003518e-03 
8.12422520396916e-01 8.62672131909401e-01 4.55781421480455e-03 
8.17187461865519e-01 8.60922422702433e-01 4.60997736906511e-03 
8.21952403334123e-01 8.59139010657903e-01 4.66208008376641e-03 
8.26717344802727e-01 8.57321611113584e-01 4.71411022356663e-03 
8.31482286271330e-01 8.55469944769797e-01 4.76605550905089e-03 
8.36247227739934e-01 8.53583737891041e-01 4.81790351909698e-03 
8.41012169208538e-01 8.51662722508793e-01 4.86964169338572e-03 
8.45777110677141e-01 8.49706636625360e-01 4.92125733506073e-03 
8.50542052145745e-01 8.47715224418689e-01 4.97273761353621e-03 
8.55306993614348e-01 8.45688236448014e-01 5.02406956745357e-03 
8.60071935082952e-01 8.43625429860241e-01 5.07524010779149e-03 
8.64836876551556e-01 8.41526568596939e-01 5.12623602113206e-03 
8.69601818020159e-01 8.39391423601824e-01 5.17704397308057e-03 
8.74366759488763e-01 8.37219773028615e-01 5.22765051183799e-03 
8.79131700957366e-01 8.35011402449122e-01 5.27804207193432e-03 
8.83896642425970e-01 8.32766105061443e-01 5.32820497811803e-03 
8.88661583894574e-01 8.30483681898139e-01 5.37812544940717e-03 
8.93426525363177e-01 8.28163942034229e-01 5.42778960329714e-03 
8.98191466831781e-01 8.25806702794887e-01 5.47718346012634e-03 
9.02956408300385e-01 8.23411789962671e-01 5.52629294760822e-03 
9.07721349768988e-01 8.20979037984152e-01 5.57510390551790e-03 
9.12486291237592e-01 8.18508290175784e-01 5.62360209054320e-03 
9.17251232706195e-01 8.15999398928849e-01 5.67177318129403e-03 
9.22016174174799e-01 8.13452225913337e-01 5.71960278347291e-03 
9.26781115643403e-01 8.10866642280579e-01 5.76707643520668e-03 
9.31546057112006e-01 8.08242528864477e-01 5.81417961253417e-03 
9.36310998580610e-01 8.05579776381158e-01 5.86089773505634e-03 
9.41075940049213e-01 8.02878285626884e-01 5.90721617173986e-03 
9.45840881517817e-01 8.00137967674042e-01 5.95312024688075e-03 
9.50605822986421e-01 7.97358744065024e-01 5.99859524622282e-03 
9.55370764455024e-01 7.94540547003845e-01 6.04362642322675e-03 
9.60135705923628e-01 7.91683319545281e-01 6.08819900549425e-03 
9.64900647392232e-01 7.88787015781376e-01 6.13229820134202e-03 
9.69665588860835e-01 7.85851601025102e-01 6.17590920652265e-03 
9.74430530329439e-01 7.82877051991002e-01 6.21901721109282e-03 
9.79195471798042e-01 7.79863356972618e-01 6.26160740642288e-03 
9.83960413266646e-01 7.76810516016508e-01 6.30366499234956e-03 
9.88725354735250e-01 7.73718541092663e-01 6.34517518446543e-03 
9.93490296203853e-01 7.70587456261122e-01 6.38612322154124e-03 
9.98255237672457e-01 7.67417297834598e-01 6.42601993637832e-03 
1.00302017914106e+00 7.64209077858955e-01 6.46179457052902e-03 
1.00778512060966e+00 7.60969130483642e-01 6.49397136220838e-03 
1.01255006207827e+00 7.57697571614256e-01 6.52560185092150e-03 
1.01731500354687e+00 7.54394526269639e-01 6.55667575387188e-03 
1.02207994501547e+00 7.51060128646477e-01 6.58718285905255e-03 
1.02684488648408e+00 7.47694522180502e-01 6.61711303034813e-03 
1.03160982795268e+00 7.44297859604176e-01 6.64645621267891e-03 
1.03637476942129e+00 7.40870303000784e-01 6.67520243718392e-03 
1.04113971088989e+00 7.37412023854826e-01 6.70334182643891e-03 
1.04590465235849e+00 7.33923203098623e-01 6.73086459970677e-03 
1.05066959382710e+00 7.30404031155053e-01 6.75776107821757e-03 
1.05543453529570e+00 7.26854707976301e-01 6.78402169047525e-03 
1.06019947676430e+00 7.23275443078570e-01 6.80963697758536e-03 
1.06496441823291e+00 7.19666455572628e-01 6.83459759860341e-03 
1.06972935970151e+00 7.16027974190140e-01 6.85889433589779e-03 
1.07449430117011e+00 7.12360237305668e-01 6.88251810052631e-03 
1.07925924263872e+00 7.08663492954279e-01 6.90545993761991e-03 
1.08402418410732e+00 7.04937998844670e-01 6.92771103177233e-03 
1.08878912557593e+00 7.01184022367730e-01 6.94926271242952e-03 
1.09355406704453e+00 6.97401840600470e-01 6.97010645927599e-03 
1.09831900851313e+00 6.93591740305230e-01 6.99023390761610e-03 
1.10308394998174e+00 6.89754017924113e-01 7.00963685374023e-03 
1.10784889145034e+00 6.85888979568553e-01 7.02830726027977e-03 
1.11261383291894e+00 6.81996941003965e-01 7.04623726154125e-03 
1.11737877438755e+00 6.78078227629403e-01 7.06341916881540e-03 
1.12214371585615e+00 6.74133174452172e-01 7.07984547566056e-03 
1.12690865732475e+00 6.70162126057321e-01 7.09550886315136e-03 
1.13167359879336e+00 6.66165436571975e-01 7.11040220509315e-03 
1.13643854026196e+00 6.62143469624448e-01 7.12451857319391e-03 
1.14120348173057e+00 6.58096598298075e-01 7.13785124218868e-03 
1.14596842319917e+00 6.54025205079741e-01 7.15039369491583e-03 
1.15073336466777e+00 6.49929681803034e-01 7.16213962733863e-03 
1.15549830613638e+00 6.45810429586008e-01 7.17308295350538e-03 
1.16026324760498e+00 6.41667858763503e-01 7.18321781044679e-03 
1.16502818907358e+00 6.37502388813993e-01 7.19253856300383e-03 
1.16979313054219e+00 6.33314448280943e-01 7.20103980858137e-03 
1.17455807201079e+00 6.29104474688634e-01 7.20871638182474e-03 
1.17932301347939e+00 6.24872914452449e-01 7.21556335921233e-03 
1.18408795494800e+00 6.20620222783598e-01 7.22157606356128e-03 
1.18885289641660e+00 6.16346863588265e-01 7.22675006843934e-03 
1.19361783788520e+00 6.12053309361181e-01 7.23108120247982e-03 
1.19838277935381e+00 6.07740041073609e-01 7.23487144917437e-03 
1.20314772082241e+00 6.03406783365607e-01 7.23969960564635e-03 
1.20791266229102e+00 5.99050042377643e-01 7.24520210802185e-03 
1.21267760375962e+00 5.94670359667716e-01 7.24975159327599e-03 
1.21744254522822e+00 5.90268287600263e-01 7.25334333646487e-03 
1.22220748669683e+00 5.85844389196236e-01 7.25597294947310e-03 
1.22697242816543e+00 5.81399237975190e-01 7.25763638649082e-03 
1.23173736963403e+00 5.76933417789378e-01 7.25832994932343e-03 
1.23650231110264e+00 5.72447522649886e-01 7.25805029252333e-03 
1.24126725257124e+00 5.67942156544820e-01 7.25679442833941e-03 
1.24603219403984e+00 5.63417933249585e-01 7.25455973147651e-03 
1.25079713550845e+00 5.58875476129298e-01 7.25134394365716e-03 
1.25556207697705e+00 5.54315417933373e-01 7.24714517797866e-03 
1.26032701844566e+00 5.49738400582364e-01 7.24196192306034e-03 
1.26509195991426e+00 5.45145074947088e-01 7.23579304697286e-03 
1.26985690138286e+00 5.40536100620149e-01 7.22863780094263e-03 
1.27462184285147e+00 5.35912145679910e-01 7.22049582282623e-03 
1.27938678432007e+00 5.31273886447022e-01 7.21136714034885e-03 
1.28415172578867e+00 5.26622007233605e-01 7.20125217410007e-03 
1.28891666725728e+00 5.21957200085184e-01 7.19015174027882e-03 
1.29368160872588e+00 5.17280164515511e-01 7.17806705318612e-03 
1.29844655019448e+00 5.12591607234373e-01 7.16470901117335e-03 
1.30321149166309e+00 5.07893050971757e-01 7.14872086588921e-03 
1.30797643313169e+00 5.03189034082818e-01 7.13045515953869e-03 
1.31274137460030e+00 4.98480211493373e-01 7.11133075670695e-03 
1.31750631606890e+00 4.93767241645507e-01 7.09135187650351e-03 
1.32227125753750e+00 4.89050786243444e-01 7.07052306076885e-03 
1.32703619900611e+00 4.84331509995832e-01 7.04884917353452e-03 
1.33180114047471e+00 4.79610080354569e-01 7.02633540026965e-03 
1.33656608194331e+00 4.74887167250355e-01 7.00298724691279e-03 
1.34133102341192e+00 4.70163442825097e-01 6.97881053868786e-03 
1.34609596488052e+00 4.65439581161354e-01 6.95381141870311e-03 
1.35086090634912e+00 4.60716258008973e-01 6.92799634633178e-03 
1.35562584781773e+00 4.55994150509097e-01 6.90137209537422e-03 
1.36039078928633e+00 4.51273936915707e-01 6.87394575200042e-03 
1.36515573075493e+00 4.46556296314899e-01 6.84572471247227e-03 
1.36992067222354e+00 4.41841908342050e-01 6.81671668064643e-03 
1.37468561369214e+00 4.37131452897092e-01 6.78692966525786e-03 
1.37945055516075e+00 4.32425609858055e-01 6.75637197698309e-03 
1.38421549662935e+00 4.27725058793092e-01 6.72505222528436e-03 
1.38898043809795e+00 4.23030478671172e-01 6.69297931503707e-03 
1.39374537956656e+00 4.18342547571654e-01 6.66016244293890e-03 
1.39851032103516e+00 4.13661942392922e-01 6.62661109370242e-03 
1.40327526250376e+00 4.08989338560315e-01 6.59233503603502e-03 
1.40804020397237e+00 4.04325409733536e-01 6.55734431840473e-03 
1.41280514544097e+00 3.99670827513768e-01 6.52164926459547e-03 
1.41757008690957e+00 3.95026261150690e-01 6.48526046905399e-03 
1.42233502837818e+00 3.90392377249633e-01 6.44818879203023e-03 
1.42709996984678e+00 3.85769839479068e-01 6.41044535451378e-03 
1.43186491131539e+00 3.81159308278655e-01 6.37204153296985e-03 
1.43662985278399e+00 3.76561440568075e-01 6.33298895387809e-03 
1.44139479425259e+00 3.71976889456854e-01 6.29329948807575e-03 
1.44615973572120e+00 3.67406303955409e-01 6.25298524491080e-03 
1.45092467718980e+00 3.62850328687532e-01 6.21205856620836e-03 
1.45568961865840e+00 3.58309603604539e-01 6.17053202005322e-03 
1.46045456012701e+00 3.53784763701296e-01 6.12841839439378e-03 
1.46521950159561e+00 3.49276438734352e-01 6.08573069047216e-03 
1.46998444306421e+00 3.44785252942401e-01 6.04248211608421e-03 
1.47474938453282e+00 3.40311824769280e-01 5.99868607867438e-03 
1.47951432600142e+00 3.35856766589743e-01 5.95435617827139e-03 
1.48427926747003e+00 3.31420684438209e-01 5.90950620026922e-03 
1.48904420893863e+00 3.27004177740718e-01 5.86415010805898e-03 
1.49380915040723e+00 3.22607839050295e-01 5.81830203551772e-03 
1.49857409187584e+00 3.18232253785951e-01 5.77153920581102e-03 
1.50333903334444e+00 3.13879457023708e-01 5.72218063678883e-03 
1.50810397481304e+00 3.09555719454130e-01 5.67078866192159e-03 
1.51286891628165e+00 3.05261368829583e-01 5.61920348565527e-03 
1.51763385775025e+00 3.00996724743987e-01 5.56743715456716e-03 
1.52239879921885e+00 2.96762098550328e-01 5.51550171231936e-03 
1.52716374068746e+00 2.92557793282082e-01 5.46340919457518e-03 
1.53192868215606e+00 2.88384103578578e-01 5.41117162392646e-03 
1.53669362362467e+00 2.84241315614349e-01 5.35880100483520e-03 
1.54145856509327e+00 2.80129707032515e-01 5.30630931859336e-03 
1.54622350656187e+00 2.76049546882228e-01 5.25370851830363e-03 
1.55098844803048e+00 2.72001095560214e-01 5.20101052388470e-03 
1.55575338949908e+00 2.67984604756451e-01 5.14822721710459e-03 
1.56051833096768e+00 2.64000317403999e-01 5.09537043664530e-03 
1.56528327243629e+00 2.60048467633017e-01 5.04245197320222e-03 
1.57004821390489e+00 2.56129280728987e-01 4.98948356462116e-03 
1.57481315537349e+00 2.52242973095160e-01 4.93647689107715e-03 
1.57957809684210e+00 2.48389752219248e-01 4.88344357029722e-03 
1.58434303831070e+00 2.44569816644366e-01 4.83039515283128e-03 
1.58910797977930e+00 2.40783355944242e-01 4.77734311737385e-03 
1.59387292124791e+00 2.37030550702700e-01 4.72429886613938e-03 
1.59863786271651e+00 2.33311572497415e-01 4.67127372029559e-03 
1.60340280418512e+00 2.29626583887945e-01 4.61827891545632e-03 
1.60816774565372e+00 2.25975738408044e-01 4.56532559723765e-03 
1.61293268712232e+00 2.22359180562234e-01 4.51242481688061e-03 
1.61769762859093e+00 2.18777045826646e-01 4.45958752694234e-03 
1.62246257005953e+00 2.15229460654103e-01 4.40682457705944e-03 
1.62722751152813e+00 2.11716542483443e-01 4.35414670978605e-03 
1.63199245299674e+00 2.08238399753053e-01 4.30156455650900e-03 
1.63675739446534e+00 2.04795131918603e-01 4.24908863344330e-03 
1.64152233593394e+00 2.01386829474948e-01 4.19672933771010e-03 
1.64628727740255e+00 1.98013573982174e-01 4.14449694349954e-03 
1.65105221887115e+00 1.94675438095763e-01 4.09240159832109e-03 
1.65581716033976e+00 1.91372485600838e-01 4.04045331934401e-03 
1.66058210180836e+00 1.88104771450446e-01 3.98866198982979e-03 
1.66534704327696e+00 1.84872341807860e-01 3.93703735565903e-03 
1.67011198474557e+00 1.81675234092840e-01 3.88558902195439e-03 
1.67487692621417e+00 1.78513477031812e-01 3.83432644980216e-03 
1.67964186768277e+00 1.75387090711925e-01 3.78325895307445e-03 
1.68440680915138e+00 1.72296086638931e-01 3.73239569535315e-03 
1.68917175061998e+00 1.69240467798832e-01 3.68174568695822e-03 
1.69393669208858e+00 1.66220228723246e-01 3.63131778208141e-03 
1.69870163355719e+00 1.63235355558429e-01 3.58112067602700e-03 
1.70346657502579e+00 1.60285826137889e-01 3.53116290256155e-03 
1.70823151649440e+00 1.57371610058542e-01 3.48145283137363e-03 
1.71299645796300e+00 1.54492668760332e-01 3.43199866564448e-03 
1.71776139943160e+00 1.51648955609245e-01 3.38280843973158e-03 
1.72252634090021e+00 1.48840415983668e-01 3.33389001696547e-03 
1.72729128236881e+00 1.46066987363989e-01 3.28525108756114e-03 
1.73205622383741e+00 1.43328599425396e-01 3.23689916664507e-03 
1.73682116530602e+00 1.40625174133769e-01 3.18884159239798e-03 
1.74158610677462e+00 1.37956625844613e-01 3.14108552431483e-03 
1.74635104824322e+00 1.35322861404930e-01 3.09363794158186e-03 
1.75111598971183e+00 1.32723780257963e-01 3.04650564157168e-03 
1.75588093118043e+00 1.30159274550714e-01 2.99969523845655e-03 
1.76064587264903e+00 1.27629229244171e-01 2.95321316193998e-03 
1.76541081411764e+00 1.25133522226129e-01 2.90706565610716e-03 
1.77017575558624e+00 1.22672024426541e-01 2.86125877839362e-03 
1.77494069705485e+00 1.20244599935296e-01 2.81579839867284e-03 
1.77970563852345e+00 1.17851106122335e-01 2.77069019846225e-03 
1.78447057999205e+00 1.15491393760010e-01 2.72593967024712e-03 
1.78923552146066e+00 1.13165307147603e-01 2.68155211692241e-03 
1.79400046292926e+00 1.10872684237890e-01 2.63753265135208e-03 
1.79876540439786e+00 1.08613356765672e-01 2.59388619604478e-03 
1.80353034586647e+00 1.06387150378171e-01 2.55061748294594e-03 
1.80829528733507e+00 1.04193884767190e-01 2.50773105334509e-03 
1.81306022880367e+00 1.02033373802940e-01 2.46523125789750e-03 
1.81782517027228e+00 9.99054256694342e-02 2.42312225675971e-03 
1.82259011174088e+00 9.78098430013590e-02 2.38140801983713e-03 
1.82735505320949e+00 9.57464230223068e-02 2.34009232714310e-03 
1.83211999467809e+00 9.37149576842820e-02 2.29917876926816e-03 
1.83688493614669e+00 9.17152338083760e-02 2.25867074795798e-03 
1.84164987761530e+00 8.97470332265103e-02 2.21857147679869e-03 
1.84641481908390e+00 8.78101329241489e-02 2.17888398200820e-03 
1.85117976055250e+00 8.59043051838773e-02 2.13961110333170e-03 
1.85594470202111e+00 8.40293177297503e-02 2.10075549503994e-03 
1.86070964348971e+00 8.21849338723071e-02 2.06231962702854e-03 
1.86547458495831e+00 8.03709126541539e-02 2.02430578601625e-03 
1.87023952642692e+00 7.85870089960157e-02 1.98671607684051e-03 
1.87500446789552e+00 7.68329738431587e-02 1.94955242384867e-03 
1.87976940936413e+00 7.51085543120834e-02 1.91281657238213e-03 
1.88453435083273e+00 7.34134938373934e-02 1.87651009035182e-03 
1.88929929230133e+00 7.17475323187416e-02 1.84063436990293e-03 
1.89406423376994e+00 7.01104062677587e-02 1.80519062916645e-03 
1.89882917523854e+00 6.85018489548692e-02 1.77033219725591e-03 
1.90359411670714e+00 6.69209296459846e-02 1.73648404226204e-03 
1.90835905817575e+00 6.53655187206911e-02 1.70344055726804e-03 
1.91312399964435e+00 6.38355034094221e-02 1.67071273757045e-03 
1.91788894111295e+00 6.23307636116348e-02 1.63830586825520e-03 
1.92265388258156e+00 6.08511720510044e-02 1.60622500299563e-03 
1.92741882405016e+00 5.93965944340357e-02 1.57447496367338e-03 
1.93218376551876e+00 5.79668896119132e-02 1.54306034020004e-03 
1.93694870698737e+00 5.65619097454116e-02 1.51198549053761e-03 
1.94171364845597e+00 5.51815004726852e-02 1.48125454091598e-03 
1.94647858992458e+00 5.38255010797520e-02 1.45087138624494e-03 
1.95124353139318e+00 5.24937446734896e-02 1.42083969071875e-03 
1.95600847286178e+00 5.11860583569565e-02 1.39116288861017e-03 
1.96077341433039e+00 4.99022634068518e-02 1.36184418525136e-03 
1.96553835579899e+00 4.86421754529280e-02 1.33288655819855e-03 
1.97030329726759e+00 4.74056046591678e-02 1.30429275857707e-03 
1.97506823873620e+00 4.61923559065381e-02 1.27606531260346e-03 
1.97983318020480e+00 4.50022289771337e-02 1.24820652328085e-03 
1.98459812167340e+00 4.38350187395240e-02 1.22071847226383e-03 
1.98936306314201e+00 4.26905153351152e-02 1.19360302188880e-03 
1.99412800461061e+00 4.15685043653446e-02 1.16686181736547e-03 
1.99889294607922e+00 4.04687670795207e-02 1.14049628912538e-03 
2.00365788754782e+00 3.93910805631265e-02 1.11450765532281e-03 
2.00842282901642e+00 3.83352179264062e-02 1.08889692448336e-03 
2.01318777048503e+00 3.73009484930533e-02 1.06366489829551e-03 
2.01795271195363e+00 3.62880379888248e-02 1.03881217454035e-03 
2.02271765342223e+00 3.52962487299045e-02 1.01433915015413e-03 
2.02748259489084e+00 3.43253398108445e-02 9.90246024418844e-04 
2.03224753635944e+00 3.33750672919130e-02 9.66532802275436e-04 
2.03701247782804e+00 3.24451843856822e-02 9.43199297754119e-04 
2.04177741929665e+00 3.15354416426931e-02 9.20245137516816e-04 
2.04654236076525e+00 3.06455871360343e-02 8.97669764505889e-04 
2.05130730223386e+00 2.97753666446792e-02 8.75472441693656e-04 
2.05607224370246e+00 2.89245238354273e-02 8.53652255927214e-04 
2.06083718517106e+00 2.80928004433001e-02 8.32208121862797e-04 
2.06560212663967e+00 2.72799364502443e-02 8.11138785984021e-04 
2.07036706810827e+00 2.64856702620023e-02 7.90442830698330e-04 
2.07513200957687e+00 2.57097388830111e-02 7.70118678505806e-04 
2.07989695104548e+00 2.49518780891970e-02 7.50164596234706e-04 
2.08466189251408e+00 2.42118225985364e-02 7.30578699337958e-04 
2.08942683398268e+00 2.34893062392597e-02 7.11358956244822e-04 
2.09419177545129e+00 2.27840621155784e-02 6.92503192762067e-04 
2.09895671691989e+00 2.20958227708200e-02 6.73959294214404e-04 
2.10372165838850e+00 2.14245834823887e-02 6.55606768627393e-04 
2.10848659985710e+00 2.07707071613146e-02 6.37514464408713e-04 
2.11325154132570e+00 2.01338462329010e-02 6.19824323674801e-04 
2.11801648279431e+00 1.95136569500633e-02 6.02530513120947e-04 
2.12278142426291e+00 1.89097994441673e-02 5.85627190466808e-04 
2.12754636573151e+00 1.83219377726066e-02 5.69108507713834e-04 
2.13231130720012e+00 1.77497399631553e-02 5.52968614333076e-04 
2.13707624866872e+00 1.71928780551343e-02 5.37201660382326e-04 
2.14184119013732e+00 1.66510281374325e-02 5.21801799551553e-04 
2.14660613160593e+00 1.61238703834240e-02 5.06763192135747e-04 
2.15137107307453e+00 1.56110890828259e-02 4.92080007934339e-04 
2.15613601454313e+00 1.51123726705421e-02 4.77746429076483e-04 
2.16090095601174e+00 1.46274137525411e-02 4.63756652771539e-04 
2.16566589748034e+00 1.41559091288152e-02 4.50104893984199e-04 
2.17043083894895e+00 1.36975598134723e-02 4.36785388033815e-04 
2.17519578041755e+00 1.32520710520122e-02 4.23792393117488e-04 
2.17996072188615e+00 1.28191523358387e-02 4.11120192756676e-04 
2.18472566335476e+00 1.23985174140634e-02 3.98763098167048e-04 
2.18949060482336e+00 1.19898843026546e-02 3.86715450551436e-04 
2.19425554629196e+00 1.15929752909888e-02 3.74971623315884e-04 
2.19902048776057e+00 1.12075169458615e-02 3.63543010060904e-04 
2.20378542922917e+00 1.08331433333272e-02 3.52461418066365e-04 
2.20855037069777e+00 1.04693744181027e-02 3.41696431575525e-04 
2.21331531216638e+00 1.01159803924629e-02 3.31195614491440e-04 
2.21808025363498e+00 9.77273401607450e-03 3.20954784589696e-04 
2.22284519510359e+00 9.43941066756295e-03 3.10969748557643e-04 
2.22761013657219e+00 9.11578839298954e-03 3.01236305018588e-04 
2.23237507804079e+00 8.80164795126956e-03 2.91750247487491e-04 
2.23714001950940e+00 8.49677285656316e-03 2.82507367256794e-04 
2.24190496097800e+00 8.20094941767409e-03 2.73503456211076e-04 
2.24666990244660e+00 7.91396677449384e-03 2.64734309569376e-04 
2.25143484391521e+00 7.63561693153068e-03 2.56195728554142e-04 
2.25619978538381e+00 7.36569478856568e-03 2.47883522985874e-04 
2.26096472685241e+00 7.10399816847975e-03 2.39793513802627e-04 
2.26572966832102e+00 6.85032784229785e-03 2.31921535503665e-04 
2.27049460978962e+00 6.60448755149827e-03 2.24263438516680e-04 
2.27525955125822e+00 6.36628402763695e-03 2.16815091488076e-04 
2.28002449272683e+00 6.13552700933824e-03 2.09572383495942e-04 
2.28478943419543e+00 5.91202925670532e-03 2.02531226185424e-04 
2.28955437566404e+00 5.69560656320478e-03 1.95687555826343e-04 
2.29431931713264e+00 5.48607776508144e-03 1.89037335292951e-04 
2.29908425860124e+00 5.28326474836067e-03 1.82576555965885e-04 
2.30384920006985e+00 5.08699245349653e-03 1.76301239556416e-04 
2.30861414153845e+00 4.89708887772542e-03 1.70207439853215e-04 
2.31337908300705e+00 4.71338507518545e-03 1.64291244391927e-04 
2.31814402447566e+00 4.53571515486311e-03 1.58548776047964e-04 
2.32290896594426e+00 4.36391627642909e-03 1.52976194552982e-04 
2.32767390741286e+00 4.19782864402606e-03 1.47569697935598e-04 
2.33243884888147e+00 4.03729549807172e-03 1.42325523886993e-04 
2.33720379035007e+00 3.88216310514083e-03 1.37239951052107e-04 
2.34196873181868e+00 3.73228074599022e-03 1.32309300247225e-04 
2.34673367328728e+00 3.58750070179132e-03 1.27529935604793e-04 
2.35149861475588e+00 3.44767823863467e-03 1.22898265646407e-04 
2.35626355622449e+00 3.31267159037099e-03 1.18410744284952e-04 
2.36102849769309e+00 3.18234193985356e-03 1.14063871756941e-04 
2.36579343916169e+00 3.05655339864636e-03 1.09854195486165e-04 
2.37055838063030e+00 2.93517298526244e-03 1.05778310879803e-04 
2.37532332209890e+00 2.81807060199655e-03 1.01832862058217e-04 
2.38008826356750e+00 2.70511901041602e-03 9.80145425196728e-05 
2.38485320503611e+00 2.59619380557306e-03 9.43200957413106e-05 
2.38961814650471e+00 2.49117338900171e-03 9.07463157176888e-05 
2.39438308797332e+00 2.38993894056159e-03 8.72900474382961e-05 
2.39914802944192e+00 2.29237438919042e-03 8.39481873054447e-05 
2.40391297091052e+00 2.19836638262639e-03 8.07176834939920e-05 
2.40867791237913e+00 2.10780425616070e-03 7.75955362543702e-05 
2.41344285384773e+00 2.02058000048003e-03 7.45787981604277e-05 
2.41820779531633e+00 1.93658822865762e-03 7.16645743036031e-05 
2.42297273678494e+00 1.85572614235075e-03 6.88500224349804e-05 
2.42773767825354e+00 1.77789349726177e-03 6.61323530567928e-05 
2.43250261972214e+00 1.70299256791835e-03 6.35088294649413e-05 
2.43726756119075e+00 1.63092811182802e-03 6.09767677441189e-05 
2.44203250265935e+00 1.56160733306081e-03 5.85335367171418e-05 
2.44679744412795e+00 1.49493984531263e-03 5.61765578500834e-05 
2.45156238559656e+00 1.43083763450094e-03 5.39033051148165e-05 
2.45632732706516e+00 1.36921502094325e-03 5.17113048105723e-05 
2.46109226853377e+00 1.30998862116744e-03 4.95981353461180e-05 
2.46585721000237e+00 1.25307730940191e-03 4.75614269841538e-05 
2.47062215147097e+00 1.19840217879229e-03 4.55988615495264e-05 
2.47538709293958e+00 1.14588650239008e-03 4.37081721028393e-05 
2.48015203440818e+00 1.09545569395724e-03 4.18871425810401e-05 
2.48491697587678e+00 1.04703726862975e-03 4.01336074065461e-05 
2.48968191734539e+00 1.00056080348132e-03 3.84454510664544e-05 
2.49444685881399e+00 9.55957898027645e-04 3.68206076633741e-05 
2.49921180028259e+00 9.13162134709826e-04 3.52582965831056e-05 
2.50397674175120e+00 8.72099345787529e-04 3.37586957960807e-05 
2.50874168321980e+00 8.32689831590253e-04 3.23178847787658e-05 
2.51350662468841e+00 7.94876553880252e-04 3.09309504020251e-05 
2.51827156615701e+00 7.58604003062140e-04 2.95962429976150e-05 
2.52303650762561e+00 7.23818176284227e-04 2.83121470090959e-05 
2.52780144909422e+00 6.90466555019934e-04 2.70770809996446e-05 
2.53256639056282e+00 6.58498082173821e-04 2.58894976233043e-05 
2.53733133203142e+00 6.27863138755828e-04 2.47478835610811e-05 
2.54209627350003e+00 5.98513520166337e-04 2.36507594233053e-05 
2.54686121496863e+00 5.70402412133592e-04 2.25966796196710e-05 
2.55162615643723e+00 5.43484366344006e-04 2.15842321983688e-05 
2.55639109790584e+00 5.17715275804742e-04 2.06120386557179e-05 
2.56115603937444e+00 4.93052349976880e-04 1.96787537176969e-05 
2.56592098084305e+00 4.69454089716319e-04 1.87830650947639e-05 
2.57068592231165e+00 4.46880262058423e-04 1.79236932113445e-05 
2.57545086378025e+00 4.25291874881245e-04 1.70993909113509e-05 
2.58021580524886e+00 4.04651151480985e-04 1.63089431410794e-05 
2.58498074671746e+00 3.84921505092124e-04 1.55511666108181e-05 
2.58974568818606e+00 3.66067513383521e-04 1.48249094364730e-05 
2.59451062965467e+00 3.48054892960494e-04 1.41290507625039e-05 
2.59927557112327e+00 3.30850473901760e-04 1.34625003674347e-05 
2.60404051259187e+00 3.14422174358845e-04 1.28241982531821e-05 
2.60880545406048e+00 2.98738975244423e-04 1.22131142194191e-05 
2.61357039552908e+00 2.83770895034791e-04 1.16282474241625e-05 
2.61833533699768e+00 2.69488964710542e-04 1.10686259317487e-05 
2.62310027846629e+00 2.55865202858272e-04 1.05333062493303e-05 
2.62786521993489e+00 2.42872590955009e-04 1.00213728529990e-05 
2.63263016140350e+00 2.30485048855877e-04 9.53193770460661e-06 
2.63739510287210e+00 2.18677410504369e-04 9.06413976032950e-06 
2.64216004434070e+00 2.07425399883461e-04 8.61714447198473e-06 
2.64692498580931e+00 1.96705607224689e-04 8.19014328207852e-06 
2.65168992727791e+00 1.86495465491218e-04 7.78235311353254e-06 
2.65645486874651e+00 1.76773227149861e-04 7.39301585500083e-06 
2.66121981021512e+00 1.67517941245923e-04 7.02139784265765e-06 
2.66598475168372e+00 1.58709430793751e-04 6.66678933930230e-06 
2.67074969315232e+00 1.50328270494849e-04 6.32850401159421e-06 
2.67551463462093e+00 1.42355764794404e-04 6.00587840619775e-06 
2.68027957608953e+00 1.34773926286157e-04 5.69827142558241e-06 
2.68504451755814e+00 1.27565454474594e-04 5.40506380419101e-06 
2.68980945902674e+00 1.20713714902511e-04 5.12565758565574e-06 
2.69457440049534e+00 1.14202718651166e-04 4.85947560170833e-06 
2.69933934196395e+00 1.08017102219344e-04 4.60596095339820e-06 
2.70410428343255e+00 1.02142107786860e-04 4.36457649520059e-06 
2.70886922490115e+00 9.65635638672104e-05 4.13480432256432e-06 
2.71363416636976e+00 9.12678663533375e-05 3.91614526341766e-06 
2.71839910783836e+00 8.62419599597173e-05 3.70811837412020e-06 
2.72316404930696e+00 8.14733200632799e-05 3.51026044031796e-06 
2.72792899077557e+00 7.69499349449897e-05 3.32212548312918e-06 
2.73269393224417e+00 7.26602884332625e-05 3.14328427105951e-06 
2.73745887371278e+00 6.85933429497730e-05 2.97332383801682e-06 
2.74222381518138e+00 6.47385229576145e-05 2.81184700776751e-06 
2.74698875664998e+00 6.10856988112059e-05 2.65847192515005e-06 
2.75175369811859e+00 5.76251710068063e-05 2.51283159433448e-06 
2.75651863958719e+00 5.43476548319860e-05 2.37457342439131e-06 
2.76128358105579e+00 5.12442654119248e-05 2.24335878240838e-06 
2.76604852252440e+00 4.83065031499507e-05 2.11886255437043e-06 
2.77081346399300e+00 4.55262395593070e-05 2.00077271399272e-06 
2.77557840546160e+00 4.28957034827346e-05 1.88878989967765e-06 
2.78034334693021e+00 4.04074676960788e-05 1.78262699974188e-06 
2.78510828839881e+00 3.80544358917814e-05 1.68200874604066e-06 
2.78987322986741e+00 3.58298300377933e-05 1.58667131609603e-06 
2.79463817133602e+00 3.37271781071375e-05 1.49636194381664e-06 
2.79940311280462e+00 3.17403021730803e-05 1.41082411893936e-06 
2.80416805427323e+00 2.98634976943124e-05 1.32980663283353e-06 
2.80893299574183e+00 2.80914061598050e-05 1.25311538036390e-06 
2.81369793721043e+00 2.64185803218143e-05 1.18057239614238e-06 
2.81846287867904e+00 2.48398324375794e-05 1.11197033480427e-06 
2.82322782014764e+00 2.33502232827808e-05 1.04711120409356e-06 
2.82799276161624e+00 2.19450515544878e-05 9.85806000157038e-07 
2.83275770308485e+00 2.06198436537771e-05 9.27874353964554e-07 
2.83752264455345e+00 1.93703438382426e-05 8.73144188679202e-07 
2.84228758602205e+00 1.81925047346661e-05 8.21451387794958e-07 
2.84705252749066e+00 1.70824782021828e-05 7.72639473853445e-07 
2.85181746895926e+00 1.60366065363489e-05 7.26559297546387e-07 
2.85658241042787e+00 1.50514140046032e-05 6.83068737005880e-07 
2.86134735189647e+00 1.41235987037108e-05 6.42032407080684e-07 
2.86611229336507e+00 1.32500247298788e-05 6.03321378393347e-07 
2.87087723483368e+00 1.24277146523488e-05 5.66812905970180e-07 
2.87564217630228e+00 1.16538422813894e-05 5.32390167233797e-07 
2.88040711777088e+00 1.09257257217406e-05 4.99942009146151e-07 
2.88517205923949e+00 1.02408207026961e-05 4.69362704288604e-07 
2.88993700070809e+00 9.59671417614929e-06 4.40551715664682e-07 
2.89470194217669e+00 8.99111817407426e-06 4.13413470010662e-07 
2.89946688364530e+00 8.42186391706397e-06 3.87857139399077e-07 
2.90423182511390e+00 7.88689616570214e-06 3.63796430920463e-07 
2.90899676658251e+00 7.38426780670372e-06 3.41149384229321e-07 
2.91376170805111e+00 6.91213466592079e-06 3.19838176741221e-07 
2.91852664951971e+00 6.46875054047522e-06 2.99788936269244e-07 
2.92329159098832e+00 6.05246244244606e-06 2.80931560889489e-07 
2.92805653245692e+00 5.66170604670896e-06 2.63199545827240e-07 
2.93282147392552e+00 5.29500133569447e-06 2.46529817157421e-07 
2.93758641539413e+00 4.95094843400432e-06 2.30862572115261e-07 
2.94235135686273e+00 4.62822362599630e-06 2.16141125815657e-07 
2.94711629833133e+00 4.32557554962116e-06 2.02311764182360e-07 
2.95188123979994e+00 4.04182155996780e-06 1.89323602891052e-07 
2.95664618126854e+00 3.77584425614490e-06 1.77128452133398e-07 
2.96141112273715e+00 3.52658816529950e-06 1.65680687012353e-07 
2.96617606420575e+00 3.29305657774369e-06 1.54937123382341e-07 
2.97094100567435e+00 3.07430852733076e-06 1.44856898951329e-07 
2.97570594714296e+00 2.86945591139079e-06 1.35401359465412e-07 
2.98047088861156e+00 2.67766074470260e-06 1.26533949800096e-07 
2.98523583008016e+00 2.49813254214472e-06 1.18220109786212e-07 
2.99000077154877e+00 2.33012582483118e-06 1.10427174602165e-07 
2.99476571301737e+00 2.17293774469959e-06 1.03124279568018e-07 
2.99953065448597e+00 2.02590582267795e-06 9.62816901266432e-08 
3.00429559595458e+00 1.88841857268709e-06 8.98712228302893e-08 
3.00906053742318e+00 1.75990301963060e-06 8.38682557680489e-08 
3.01382547889179e+00 1.63979936015634e-06 7.82497440076477e-08 
3.01859042036039e+00 1.52758094475043e-06 7.29922323247844e-08 
3.02335536182899e+00 1.42275243313184e-06 6.80736166602836e-08 
3.02812030329760e+00 1.32484804460204e-06 6.34730715552453e-08 
3.03288524476620e+00 1.23342989893825e-06 5.91709811480708e-08 
3.03765018623480e+00 1.14808644359545e-06 5.51488735790457e-08 
3.04241512770341e+00 1.06843096315321e-06 5.13893586536400e-08 
3.04718006917201e+00 9.94100167109263e-07 4.78760686210279e-08 
3.05194501064061e+00 9.24752852282019e-07 4.45936019295609e-08 
3.05670995210922e+00 8.60068636239633e-07 4.15274698260218e-08 
3.06147489357782e+00 7.99746758323318e-07 3.86640456704553e-08 
3.06623983504642e+00 7.43504944977779e-07 3.59905168432188e-08 
3.07100477651503e+00 6.91078336241905e-07 3.34948391256096e-08 
3.07576971798363e+00 6.42218470388241e-07 3.11656934400121e-08 
3.08053465945224e+00 5.96692323830490e-07 2.89924448399676e-08 
3.08529960092084e+00 5.54281403544355e-07 2.69651036449025e-08 
3.09006454238944e+00 5.14780889368579e-07 2.50742886184582e-08 
3.09482948385805e+00 4.77998823670187e-07 2.33111920934461e-08 
3.09959442532665e+00 4.43755345970746e-07 2.16675469504059e-08 
3.10435936679525e+00 4.11881970239069e-07 2.01355953605854e-08 
3.10912430826386e+00 3.82220902660307e-07 1.87080592078660e-08 
3.11388924973246e+00 3.54624397791889e-07 1.73781121077561e-08 
3.11865419120106e+00 3.28954151113385e-07 1.61393529450481e-08 
3.12341913266967e+00 3.05080726070250e-07 1.49857808550930e-08 
3.12818407413827e+00 2.82883013800533e-07 1.39117715768923e-08 
3.13294901560688e+00 2.62247723819293e-07 1.29120551093420e-08 
3.13771395707548e+00 2.43068904017573e-07 1.19816946049802e-08 
3.14247889854408e+00 2.25247488411590e-07 1.11160664385135e-08 
3.14724384001269e+00 2.08690871153333e-07 1.03108413902006e-08 
3.15200878148129e+00 1.93312505386131e-07 9.56196688688160e-09 
3.15677372294989e+00 1.79031525598105e-07 8.86565024604739e-09 
3.16153866441850e+00 1.65772392192799e-07 8.21834287085060e-09 
3.16630360588710e+00 1.53464557059797e-07 7.61672534637312e-09 
3.17106854735570e+00 1.42042148988946e-07 7.05769338978298e-09 
3.17583348882431e+00 1.31443677829889e-07 6.53834460924212e-09 
3.18059843029291e+00 1.21611756354182e-07 6.05596602856576e-09 
3.18536337176152e+00 1.12492838830348e-07 5.60802233668830e-09 
3.19012831323012e+00 1.04036975372893e-07 5.19214482296100e-09 
3.19489325469872e+00 9.61975811747166e-08 4.80612096119610e-09 
3.19965819616733e+00 8.89312197785319e-08 4.44788460718310e-09 
3.20442313763593e+00 8.21973995869430e-08 4.11550677613801e-09 
3.20918807910453e+00 7.59583828528478e-08 3.80718696820783e-09 
3.21395302057314e+00 7.01790064318618e-08 3.52124501174261e-09 
3.21871796204174e+00 6.48265136166020e-08 3.25611339556878e-09 
3.22348290351034e+00 5.98703964090002e-08 3.01033006295224e-09 
3.22824784497895e+00 5.52822476214001e-08 2.78253164133037e-09 
3.23301278644755e+00 5.10356222301044e-08 2.57144708322024e-09 
3.23777772791615e+00 4.71059074363531e-08 2.37589169497958e-09 
3.24254266938476e+00 4.34702009194839e-08 2.19476153130764e-09 
3.24730761085336e+00 4.01071967953351e-08 2.02702813452883e-09 
3.25207255232197e+00 3.69970788198416e-08 1.87173359880422e-09 
3.25683749379057e+00 3.41214204033244e-08 1.72798594046654e-09 
3.26160243525917e+00 3.14630910252307e-08 1.59495475667555e-09 
3.26636737672778e+00 2.90061686621071e-08 1.47186715554451e-09 
3.27113231819638e+00 2.67358578634350e-08 1.35800394179642e-09 
3.27589725966498e+00 2.46384131306783e-08 1.25269604287316e-09 
3.28066220113359e+00 2.27010672745424e-08 1.15532116124271e-09 
3.28542714260219e+00 2.09119644440631e-08 1.06530063943170e-09 
3.29019208407079e+00 1.92600975387895e-08 9.82096525053981e-10 
3.29495702553940e+00 1.77352497320360e-08 9.05208823812036e-10 
3.29972196700800e+00 1.63279398489989e-08 8.34172929119025e-10 
3.30448690847661e+00 1.50293713585112e-08 7.68557217626415e-10 
3.30925184994521e+00 1.38313847513749e-08 7.07960800546596e-10 
3.31401679141381e+00 1.27264130916153e-08 6.52011421233543e-10 
3.31878173288242e+00 1.17074405396674e-08 6.00363490028609e-10 
3.32354667435102e+00 1.07679636584858e-08 5.52696247894278e-10 
3.32831161581962e+00 9.90195532488172e-09 5.08712050847354e-10 
3.33307655728823e+00 9.10383107907817e-09 4.68134767666164e-10 
3.33784149875683e+00 8.36841775556990e-09 4.30708283784673e-10 
3.34260644022543e+00 7.69092424789500e-09 3.96195104701466e-10 
3.34737138169404e+00 7.06691426891677e-09 3.64375052624231e-10 
3.35213632316264e+00 6.49228097669068e-09 3.35044050441855e-10 
3.35690126463125e+00 5.96322334398638e-09 3.08012987467460e-10 
3.36166620609985e+00 5.47622415707016e-09 2.83106661727698e-10 
3.36643114756845e+00 5.02802953645488e-09 2.60162793887325e-10 
3.37119608903706e+00 4.61562987901396e-09 2.39031108194371e-10 
3.37596103050566e+00 4.23624212715569e-09 2.19572476110972e-10 
3.38072597197426e+00 3.88729327668500e-09 2.01658118558980e-10 
3.38549091344287e+00 3.56640504056144e-09 1.85168862958651e-10 
3.39025585491147e+00 3.27137959101289e-09 1.69994451473673e-10 
3.39502079638007e+00 3.00018630740390e-09 1.56032897097379e-10 
3.39978573784868e+00 2.75094946190074e-09 1.43189884423858e-10 
3.40455067931728e+00 2.52193677933983e-09 1.31378212144427e-10 
3.40931562078588e+00 2.31154881180751e-09 1.20517274495300e-10 
3.41408056225449e+00 2.11830907229114e-09 1.10532579056804e-10 
3.41884550372309e+00 1.94085487537912e-09 1.01355298468754e-10 
3.42361044519170e+00 1.77792883638301e-09 9.29218537812021e-11 
3.42837538666030e+00 1.62837098344207e-09 8.51735273051353e-11 
3.43314032812890e+00 1.49111144016011e-09 7.80561029644367e-11 
3.43790526959751e+00 1.36516363912870e-09 7.15195322789478e-11 
3.44267021106611e+00 1.24961802931979e-09 6.55176242292180e-11 
3.44743515253471e+00 1.14363624279510e-09 6.00077573669938e-11 
3.45220009400332e+00 1.04644568848875e-09 5.49506126420282e-11 
3.45696503547192e+00 9.57334542982369e-10 5.03099255158113e-11 
3.46172997694052e+00 8.75647110217722e-10 4.60522560266829e-11 
3.46649491840913e+00 8.00779523988071e-10 4.21467755588466e-11 
3.47125985987773e+00 7.32175768824124e-10 3.85650691503950e-11 
3.47602480134634e+00 6.69323996551050e-10 3.52809522528859e-11 
3.48078974281494e+00 6.11753117346050e-10 3.22703009275854e-11 
3.48555468428354e+00 5.59029645578263e-10 2.95108945314955e-11 
3.49031962575215e+00 5.10754782070359e-10 2.69822700099804e-11 
3.49508456722075e+00 4.66561715689847e-10 2.46655869724473e-11 
3.49984950868935e+00 4.26113128363369e-10 2.25435027833729e-11 
3.50461445015796e+00 3.89098888714262e-10 2.06000569532151e-11 
3.50937939162656e+00 3.55233920557286e-10 1.88205641626270e-11 
3.51414433309516e+00 3.24256233449198e-10 1.71915152991052e-11 
3.51890927456377e+00 2.95925103394220e-10 1.57004859279437e-11 
3.52367421603237e+00 2.70019392643341e-10 1.43360516593110e-11 
3.52843915750098e+00 2.46335998309732e-10 1.30877099105932e-11 
3.53320409896958e+00 2.24688420252904e-10 1.19458075980090e-11 
3.53796904043818e+00 2.04905439365038e-10 1.09014743240635e-11 
3.54273398190679e+00 1.86829898027232e-10 9.94656065779442e-12 
3.54749892337539e+00 1.70317575094418e-10 9.07358113313482e-12 
3.55226386484399e+00 1.55236148318064e-10 8.27566161717290e-12 
3.55702880631260e+00 1.41464237628176e-10 7.54649072477522e-12 
3.56179374778120e+00 1.28890523173137e-10 6.88027497905055e-12 
3.56655868924980e+00 1.17412932459697e-10 6.27169743858402e-12 
3.57132363071841e+00 1.06937891348377e-10 5.71587953236082e-12 
3.57608857218701e+00 9.73796340434953e-11 5.20834586192154e-12 
3.58085351365561e+00 8.86595675740987e-11 4.74499174763447e-12 
3.58561845512422e+00 8.07056865939285e-11 4.32205331211818e-12 
3.59038339659282e+00 7.34520346369326e-11 3.93607990887750e-12 
3.59514833806143e+00 6.68382082513443e-11 3.58390871820174e-12 
3.59991327953003e+00 6.08089007014259e-11 3.26264864365354e-12 
3.60467822099863e+00 5.53136813810297e-11 2.96964968659254e-12 
3.60944316246724e+00 5.03063512762773e-11 2.70247978245245e-12 
3.61420810393584e+00 4.57444088667285e-11 2.45891073874288e-12 
3.61897304540444e+00 4.15889798629999e-11 2.23689840325026e-12 
3.62373798687305e+00 3.78045144714451e-11 2.03457193706538e-12 
3.62850292834165e+00 3.43585093167259e-11 1.85021945814663e-12 
3.63326786981025e+00 3.12212520672293e-11 1.68227484408239e-12 
3.63803281127886e+00 2.83655869587167e-11 1.52930560307181e-12 
3.64279775274746e+00 2.57666995508200e-11 1.39000172905926e-12 
3.64756269421607e+00 2.34019191798528e-11 1.26316546336850e-12 
3.65232763568467e+00 2.12505376906108e-11 1.14770189112038e-12 
3.65709257715327e+00 1.92936431400913e-11 1.04261030621841e-12 
3.66185751862188e+00 1.75139672680257e-11 9.46976283779209e-13 
3.66662246009048e+00 1.58957456233718e-11 8.59964403599807e-13 
3.67138740155908e+00 1.44245893230398e-11 7.80811572616842e-13 
3.67615234302769e+00 1.30873674996226e-11 7.08820898350334e-13 
3.68091728449629e+00 1.18720995692772e-11 6.43356069059004e-13 
3.68568222596489e+00 1.07678565195860e-11 5.83836199787924e-13 
3.69044716743350e+00 9.76467048065581e-12 5.29731106682415e-13 
3.69521210890210e+00 8.85345190125883e-12 4.80556974893585e-13 
3.69997705037071e+00 8.02591370586074e-12 4.35872388128352e-13 
3.70474199183931e+00 7.27450185823906e-12 3.95274690416585e-13 
3.70950693330791e+00 6.59233180339348e-12 3.58396652995385e-13 
3.71427187477652e+00 5.97313030186972e-12 3.24903421359611e-13 
3.71903681624512e+00 5.41118220973304e-12 2.94489719511720e-13 
3.72380175771372e+00 4.90128179348468e-12 2.66877290275186e-13 
3.72856669918233e+00 4.43868820244498e-12 2.41812552225291e-13 
3.73333164065093e+00 4.01908475174598e-12 2.19064455349807e-13 
3.73809658211953e+00 3.63854169728162e-12 1.98422518989570e-13 
3.74286152358814e+00 3.29348220994053e-12 1.79695036934383e-13 
3.74762646505674e+00 2.98065128036400e-12 1.62707435771533e-13 
3.75239140652534e+00 2.69708730748965e-12 1.47300773710207e-13 
3.75715634799395e+00 2.44009614440431e-12 1.33330368142615e-13 
3.76192128946255e+00 2.20722739367450e-12 1.20664541158290e-13 
3.76668623093116e+00 1.99625276147403e-12 1.09183473108190e-13 
3.77145117239976e+00 1.80514629560208e-12 9.87781551255553e-14 
3.77621611386836e+00 1.63206634698905e-12 8.93494322563803e-14 
3.78098105533697e+00 1.47533910762010e-12 8.08071295388266e-14 
3.78574599680557e+00 1.33344359006043e-12 7.30692540024451e-14 
3.79051093827417e+00 1.20499792502524e-12 6.60612661390286e-14 
3.79527587974278e+00 1.08874686378121e-12 5.97154149311488e-14 
3.80004082121138e+00 9.83550381665630e-13 5.39701310156155e-14 
3.80480576267998e+00 8.88373287732331e-13 4.87694730105869e-14 
3.80957070414859e+00 8.02275753541614e-13 4.40626224499612e-14 
3.81433564561719e+00 7.24404681460708e-13 3.98034231498814e-14 
3.81910058708580e+00 6.53985839585718e-13 3.59499611823257e-14 
3.82386552855440e+00 5.90316696583048e-13 3.24641819523122e-14 
3.82863047002300e+00 5.32759895423120e-13 2.93115411704615e-14 
3.83339541149161e+00 4.80737310183063e-13 2.64606867836508e-14 
3.83816035296021e+00 4.33724634865814e-13 2.38831691751715e-14 
3.84292529442881e+00 3.91246457555988e-13 2.15531771739639e-14 
3.84769023589742e+00 3.52871777240156e-13 1.94472976217900e-14 
3.85245517736602e+00 3.18209924290538e-13 1.75442964391346e-14 
3.85722011883462e+00 2.86906848974109e-13 1.58249193065958e-14 
3.86198506030323e+00 2.58641745428856e-13 1.42717102398305e-14 
3.86675000177183e+00 2.33123981368696e-13 1.28688464839452e-14 
3.87151494324043e+00 2.10090306359743e-13 1.16019882886668e-14 
3.87627988470904e+00 1.89302313872912e-13 1.04581422496954e-14 
3.88104482617764e+00 1.70544134479248e-13 9.42553701526756e-15 
3.88580976764625e+00 1.53620339531703e-13 8.49351026099509e-15 
3.89057470911485e+00 1.38354036485435e-13 7.65240593128201e-15 
3.89533965058345e+00 1.24585138662364e-13 6.89348083278343e-15 
3.90010459205206e+00 1.12168793777395e-13 6.20881974512365e-15 
3.90486953352066e+00 1.00973956925497e-13 5.59125828704935e-15 
3.90963447498926e+00 9.08820949914154e-14 5.03431284292160e-15 
3.91439941645787e+00 8.17860105974250e-14 4.53211691546655e-15 
3.91916435792647e+00 7.35887747581685e-14 4.07936332648512e-15 
3.92392929939507e+00 6.62027583739353e-14 3.67125173820558e-15 
3.92869424086368e+00 5.95487535722999e-14 3.30344101455129e-15 
3.93345918233228e+00 5.35551767100575e-14 2.97200598415919e-15 
3.93822412380089e+00 4.81573455793515e-14 2.67339820586188e-15 
3.94298906526949e+00 4.32968240297692e-14 2.40441037284884e-15 
3.94775400673809e+00 3.89208278274753e-14 2.16214402413680e-15 
3.95251894820670e+00 3.49816861281697e-14 1.94398026156688e-15 
3.95728388967530e+00 3.14363534474166e-14 1.74755319754871e-15 
3.96204883114390e+00 2.82459674739018e-14 1.57072588340904e-15 
3.96681377261251e+00 2.53754484923004e-14 1.41156849067694e-15 
3.97157871408111e+00 2.27931365662263e-14 1.26833853813525e-15 
3.97634365554971e+00 2.04704629814113e-14 1.13946297615821e-15 
3.98110859701832e+00 1.83816527678033e-14 1.02352195689401e-15 
3.98587353848692e+00 1.65034554093874e-14 9.19234134380902e-16 
3.99063847995553e+00 1.48149011147062e-14 8.25443352837101e-16 
3.99540342142413e+00 1.32970802615527e-14 7.41106594257844e-16 
4.00016836289273e+00 1.19329438482157e-14 6.65276949100022e-16 
4.00493330436134e+00 1.07070550513783e-14 5.97103011102063e-16 
4.00969824582994e+00 9.60553020609075e-15 5.35824188576039e-16 
4.01446318729854e+00 8.61591980754731e-15 4.80753914439221e-16 
4.01922812876715e+00 7.72700308878201e-15 4.31271681297533e-16 
4.02399307023575e+00 6.92866856540373e-15 3.86818103832494e-16 
4.02875801170435e+00 6.21180600711333e-15 3.46888990769816e-16 
4.03352295317296e+00 5.56820876181311e-15 3.11029982293282e-16 
4.03828789464156e+00 4.99048545721556e-15 2.78831699929002e-16 
4.04305283611017e+00 4.47198019499851e-15 2.49925360792406e-16 
4.04781777757877e+00 4.00670043452852e-15 2.23978812519902e-16 
4.05258271904737e+00 3.58925183770846e-15 2.00692949237275e-16 
4.05734766051598e+00 3.21477941425748e-15 1.79798472582958e-16 
4.06211260198458e+00 2.87891436830730e-15 1.61052965138354e-16 
4.06687754345318e+00 2.57772610314757e-15 1.44238246648786e-16 
4.07164248492179e+00 2.30767889177902e-15 1.29157986174342e-16 
4.07640742639039e+00 2.06559276709494e-15 1.15635545814308e-16 
4.08117236785899e+00 1.84860822742832e-15 1.03512033924456e-16 
4.08593730932760e+00 1.65415439125560e-15 9.26445478136849e-17 
4.09070225079620e+00 1.47992026938792e-15 8.29045877839984e-17 
4.09546719226481e+00 1.32382885432366e-15 7.41766260825993e-17 
4.10023213373341e+00 1.18401375487252e-15 6.63568158825746e-17 
4.10499707520201e+00 1.05879812995545e-15 5.93518268133340e-17 
4.10976201667062e+00 9.46675698876381e-16 5.30777948366444e-17 
4.11452695813922e+00 8.46293626570998e-16 4.74593754205276e-17 
4.11929189960782e+00 7.56437101563593e-16 4.24288900121957e-17 
4.12405684107643e+00 6.76015441787721e-16 3.79255567624022e-17 
4.12882178254503e+00 6.04049579214947e-16 3.38947973159701e-17 
4.13358672401363e+00 5.39660788539383e-16 3.02876122649823e-17 
4.13835166548224e+00 4.82060538120722e-16 2.70600185695390e-17 
4.14311660695084e+00 4.30541353119981e-16 2.41725428928710e-17 
4.14788154841944e+00 3.84468591383299e-16 2.15897653790499e-17 
4.15264648988805e+00 3.43273042243180e-16 1.92799089281409e-17 
4.15741143135665e+00 3.06444267107138e-16 1.72144695004791e-17 
4.16217637282526e+00 2.73524608575966e-16 1.53678834134159e-17 
4.16694131429386e+00 2.44103801955240e-16 1.37172279845872e-17 
4.17170625576246e+00 2.17814129464478e-16 1.22419522293031e-17 
4.17647119723107e+00 1.94326063272428e-16 1.09236346395192e-17 
4.18123613869967e+00 1.73344348752288e-16 9.74576536117621e-18 
4.18600108016827e+00 1.54604484109869e-16 8.69355034833622e-18 
4.19076602163688e+00 1.37869556838591e-16 7.75373530911497e-18 
4.19553096310548e+00 1.22927401341109e-16 6.91444747225405e-18 
4.20029590457408e+00 1.09588045567626e-16 6.16505339644976e-18 
4.20506084604269e+00 9.76814176912527e-17 5.49603121919002e-18 
4.20982578751129e+00 8.70552867034446e-17 4.89885589961919e-18 
4.21459072897990e+00 7.75734133969536e-17 4.36589615244818e-18 
4.21935567044850e+00 6.91138905364417e-17 3.89032189860762e-18 
4.22412061191710e+00 6.15676531220017e-17 3.46602117452088e-18 
4.22888555338571e+00 5.48371415501739e-17 3.08752554674373e-18 
4.23365049485431e+00 4.88351021903867e-17 2.74994317336140e-18 
4.23841543632291e+00 4.34835114400102e-17 2.44889873893039e-18 
4.24318037779152e+00 3.87126107146003e-17 2.18047956678992e-18 
4.24794531926012e+00 3.44600410861112e-17 1.94118728205158e-18 
4.25271026072872e+00 3.06700674141529e-17 1.72789446123169e-18 
4.25747520219733e+00 2.72928828357864e-17 1.53780576098092e-18 
4.26224014366593e+00 2.42839853987609e-17 1.36842306928478e-18 
4.26700508513454e+00 2.16036194513431e-17 1.21751426839777e-18 
4.27177002660314e+00 1.92162751478618e-17 1.08308524012200e-18 
4.27653496807174e+00 1.70902401008338e-17 9.63354781289155e-19 
4.28129990954035e+00 1.51971978153247e-17 8.56732130854000e-19 
4.28606485100895e+00 1.35118680855936e-17 7.61796840217978e-19 
4.29082979247755e+00 1.20116850240159e-17 6.77280745601504e-19 
4.29559473394616e+00 1.06765088331306e-17 6.02051825766885e-19 
4.30035967541476e+00 9.48836782826845e-18 5.35099750428640e-19 
4.30512461688336e+00 8.43122757494845e-18 4.75522944514655e-19 
4.30988955835197e+00 7.49078432603887e-18 4.22517011278232e-19 
4.31465449982057e+00 6.65428023212534e-18 3.75364373304235e-19 
4.31941944128917e+00 5.91033805782743e-18 3.33425004879689e-19 
4.32418438275778e+00 5.24881336986014e-18 2.96128142170759e-19 
4.32894932422638e+00 4.66066237206387e-18 2.62964869308514e-19 
4.33371426569499e+00 4.13782375078580e-18 2.33481488965831e-19 
4.33847920716359e+00 3.67311306301633e-18 2.07273595425012e-19 
4.34324414863219e+00 3.26012835148395e-18 1.83980776596148e-19 
4.34800909010080e+00 2.89316580722077e-18 1.63281879045917e-19 
4.35277403156940e+00 2.56714442248653e-18 1.44890776921530e-19 
4.35753897303800e+00 2.27753868678552e-18 1.28552591782766e-19 
4.36230391450661e+00 2.02031847729321e-18 1.14040315856574e-19 
4.36706885597521e+00 1.79189538346610e-18 1.01151796166725e-19 
4.37183379744381e+00 1.58907478496511e-18 8.97070414223579e-20 
4.37659873891242e+00 1.40901307320289e-18 7.95458175252150e-20 
4.38136368038102e+00 1.24917947065959e-18 7.05255011220802e-20 
4.38612862184963e+00 1.10732195934743e-18 6.25191638278745e-20 
4.39089356331823e+00 9.81436881115469e-19 5.54138626134920e-20 
4.39565850478683e+00 8.69741818475761e-19 4.91091144243641e-20 
4.40042344625544e+00 7.70651405846845e-19 4.35155354011960e-20 
4.40518838772404e+00 6.82755758037914e-19 3.85536271405682e-20 
4.40995332919264e+00 6.04801235878002e-19 3.41526942845878e-20 
4.41471827066125e+00 5.35673298524117e-19 3.02498793875605e-20 
4.41948321212985e+00 4.74381218515903e-19 2.67893024934947e-20 
4.42424815359845e+00 4.20044459401381e-19 2.37212941889473e-20 
4.42901309506706e+00 3.71880537025441e-19 2.10017120872568e-20 
4.43377803653566e+00 3.29194204607567e-19 1.85913317669412e-20 
4.43854297800427e+00 2.91367818769154e-19 1.64553041418689e-20 
4.44330791947287e+00 2.57852758911355e-19 1.45626720953266e-20 
4.44807286094147e+00 2.28161785978042e-19 1.28859399747053e-20 
4.45283780241008e+00 2.01862238832600e-19 1.14006902275508e-20 
4.45760274387868e+00 1.78569977381817e-19 1.00852420715556e-20 
4.46236768534728e+00 1.57943991329958e-19 8.92034763822710e-21 
4.46713262681589e+00 1.39681602161827e-19 7.88892151920572e-21 
4.47189756828449e+00 1.23514193743662e-19 6.97580008157542e-21 
4.47666250975309e+00 1.09203413892168e-19 6.16752730944017e-21 
4.48142745122170e+00 9.65377954818846e-20 5.45216427840392e-21 
4.48619239269030e+00 8.53297512175341e-20 4.81911968175056e-21 
4.49095733415890e+00 7.54129011608476e-20 4.25899910599001e-21 
4.49572227562751e+00 6.66396965333235e-20 3.76347100252242e-21 
4.50048721709611e+00 5.88793072735296e-20 3.32521316764487e-21 
4.50525215856472e+00 5.20161435698698e-20 2.93769113103874e-21 
4.51001710003332e+00 4.59474799110212e-20 2.59503634937392e-21 
4.51478204150192e+00 4.05819986094614e-20 2.29207116470366e-21 
4.51954698297053e+00 3.58387999280927e-20 2.02423157183406e-21 
4.52431192443913e+00 3.16462227333688e-20 1.78747444420263e-21 
4.52907686590773e+00 2.79407975787850e-20 1.57821855324904e-21 
4.53384180737634e+00 2.46663174731072e-20 1.39329221170517e-21 
4.53860674884494e+00 2.17730132151278e-20 1.22988680325489e-21 
4.54337169031354e+00 1.92168216261946e-20 1.08551554240224e-21 
4.54813663178215e+00 1.69587363025389e-20 9.57976880878288e-22 
4.55290157325075e+00 1.49642316587244e-20 8.45322041474029e-22 
4.55766651471936e+00 1.32027520567197e-20 7.45826217670652e-22 
4.56243145618796e+00 1.16472587258618e-20 6.57963028615215e-22 
4.56719639765656e+00 1.02738279895654e-20 5.80381864545572e-22 
4.57196133912517e+00 9.06129503595562e-21 5.11887798314204e-22 
4.57672628059377e+00 7.99093811139631e-21 4.51423774742279e-22 
4.58149122206237e+00 7.04619858684240e-21 3.98054821639463e-22 
4.58625616353098e+00 6.21243285480322e-21 3.50954054886116e-22 
4.59102110499958e+00 5.47669246637898e-21 3.09390275379848e-22 
4.59578604646818e+00 4.82752931947706e-21 2.72716978243245e-22 
4.60055098793679e+00 4.25482306642390e-21 2.40362614782088e-22 
4.60531592940539e+00 3.74962822665182e-21 2.11821965547980e-22 
4.61008087087400e+00 3.30403877232162e-21 1.86648498740745e-22 
4.61484581234260e+00 2.91106820552598e-21 1.64447602302453e-22 
4.61961075381120e+00 2.56454336856737e-21 1.44870590600647e-22 
4.62437569527981e+00 2.25901042680233e-21 1.27609397746660e-22 
4.62914063674841e+00 1.98965163943689e-21 1.12391879499898e-22 
4.63390557821701e+00 1.75221168989226e-21 9.89776545081298e-23 
4.63867051968562e+00 1.54293248611344e-21 8.71544234494593e-23 
4.64343546115422e+00 1.35849546440455e-21 7.67347115827350e-23 
4.64820040262282e+00 1.19597053976924e-21 6.75529863766452e-23 
4.65296534409143e+00 1.05277094284876e-21 5.94631073600038e-23 
4.65773028556003e+00 9.26613269750214e-22 5.23360701935835e-23 
4.66249522702863e+00 8.15482147559851e-22 4.60580112756746e-23 
4.66726016849724e+00 7.17598986221682e-22 4.05284430201739e-23 
4.67202510996584e+00 6.31394347693970e-22 3.56586933415735e-23 
4.67679005143445e+00 5.55483516729039e-22 3.13705258938454e-23 
4.68155499290305e+00 4.88644905017786e-22 2.75949202827250e-23 
4.68631993437165e+00 4.29800962474812e-22 2.42709938413560e-23 
4.69108487584026e+00 3.78001306714961e-22 2.13450486615152e-23 
4.69584981730886e+00 3.32407814821592e-22 1.87697294367727e-23 
4.70061475877746e+00 2.92281450806164e-22 1.65032793267067e-23 
4.70537970024607e+00 2.56970628129692e-22 1.45088825164517e-23 
4.71014464171467e+00 2.25900929674353e-22 1.27540834445217e-23 
4.71490958318327e+00 1.98566027951036e-22 1.12102738227886e-23 
4.71967452465188e+00 1.74519666401775e-22 9.85223959236622e-24 
4.72443946612048e+00 1.53368578667526e-22 8.65776086276151e-24 
4.72920440758909e+00 1.34766236874938e-22 7.60725868214626e-24 
4.73396934905769e+00 1.18407332557634e-22 6.68348319564650e-24 
4.73873429052629e+00 1.04022904952084e-22 5.87123837650980e-24 
4.74349923199490e+00 9.13760412583651e-23 5.15713907108171e-24 
4.74826417346350e+00 8.02580821769690e-23 4.52939659087267e-24 
4.75302911493210e+00 7.04852737526683e-23 3.97762952086488e-24 
4.75779405640071e+00 6.18958133893725e-23 3.49269679902468e-24 
4.76255899786931e+00 5.43472439469427e-23 3.26450811086839e-24 
