Energy(eV)           EEDF(eV^-(3/2))      Anisotropy(eV^-(3/2))
1.36690835282361e-01 3.23403469060792e-02 3.22442829799362e-03 
4.10072505847083e-01 3.22432482825075e-02 1.38530453919016e-02 
6.83454176411805e-01 3.21392476431551e-02 1.31990155657370e-02 
9.56835846976526e-01 3.20144498771501e-02 1.28652237230063e-02 
1.23021751754125e+00 3.18676521604404e-02 1.25921354547078e-02 
1.50359918810597e+00 3.17004689491239e-02 1.23400048299126e-02 
1.77698085867069e+00 3.15177350442894e-02 1.20961394656692e-02 
2.05036252923541e+00 3.13225163475040e-02 1.18539917329232e-02 
2.32374419980014e+00 3.11094067503515e-02 1.16174049473034e-02 
2.59712587036486e+00 3.08793052092875e-02 1.13843207848562e-02 
2.87050754092958e+00 3.06276405828580e-02 1.11581606152723e-02 
3.14388921149430e+00 3.03565513836749e-02 1.09375757459071e-02 
3.41727088205902e+00 3.00700443293867e-02 1.07234158079445e-02 
3.69065255262375e+00 2.97686094520566e-02 1.05187890711123e-02 
3.96403422318847e+00 2.94537537632022e-02 1.03231689057307e-02 
4.23741589375319e+00 2.91252324352797e-02 1.01355126668007e-02 
4.51079756431791e+00 2.87820319666999e-02 9.95642929744751e-03 
4.78417923488263e+00 2.84261404691553e-02 9.78661820484493e-03 
5.05756090544735e+00 2.80591465524708e-02 9.62516598472305e-03 
5.33094257601208e+00 2.76792569509791e-02 9.47013769839615e-03 
5.60432424657680e+00 2.72860406633260e-02 9.31963425157446e-03 
5.87770591714152e+00 2.68799290779331e-02 9.17293760674252e-03 
6.15108758770624e+00 2.64612727383501e-02 9.02990566176223e-03 
6.42446925827096e+00 2.60291954374249e-02 8.89086249645971e-03 
6.69785092883569e+00 2.55841095219742e-02 8.75560080267428e-03 
6.97123259940041e+00 2.51264172366601e-02 8.62359357429549e-03 
7.24461426996513e+00 2.46534744347560e-02 8.49446908058348e-03 
7.51799594052985e+00 2.41611911904965e-02 8.36811819234072e-03 
7.79137761109457e+00 2.36502159491629e-02 8.24403642770079e-03 
8.06475928165929e+00 2.31211758122050e-02 8.12245528524571e-03 
8.33814095222402e+00 2.25786930784220e-02 8.00296325197472e-03 
8.61152262278874e+00 2.20246516525880e-02 7.88552583925325e-03 
8.88490429335346e+00 2.14594800475014e-02 7.77003315612219e-03 
9.15828596391818e+00 2.08836056327536e-02 7.65641067473087e-03 
9.43166763448290e+00 2.02974411454359e-02 7.54467716962310e-03 
9.70504930504763e+00 1.97013848461027e-02 7.43485320249877e-03 
9.97843097561235e+00 1.90958195467906e-02 7.32724484664887e-03 
1.02518126461771e+01 1.84882472294763e-02 7.22160097757188e-03 
1.05251943167418e+01 1.78884819505734e-02 7.11741138095871e-03 
1.07985759873065e+01 1.72963882862377e-02 7.01493745997864e-03 
1.10719576578712e+01 1.67118632602898e-02 6.91378873093377e-03 
1.13453393284360e+01 1.61348364246332e-02 6.81378190931084e-03 
1.16187209990007e+01 1.55652352665947e-02 6.71400902438166e-03 
1.18921026695654e+01 1.50025926259321e-02 6.61280204357466e-03 
1.21654843401301e+01 1.44475928634874e-02 6.50958698081793e-03 
1.24388660106948e+01 1.39044864035409e-02 6.40435404876686e-03 
1.27122476812596e+01 1.33733068085987e-02 6.29758531652696e-03 
1.29856293518243e+01 1.28540076020295e-02 6.18936354813237e-03 
1.32590110223890e+01 1.23465544845338e-02 6.07975130462516e-03 
1.35323926929537e+01 1.18509562613075e-02 5.96893218668002e-03 
1.38057743635185e+01 1.13671996455295e-02 5.85700386317218e-03 
1.40791560340832e+01 1.08951497847930e-02 5.74395145909967e-03 
1.43525377046479e+01 1.04347847583675e-02 5.62993205925967e-03 
1.46259193752126e+01 9.98606988973464e-03 5.51519119589409e-03 
1.48993010457773e+01 9.54888231991631e-03 5.39956797532150e-03 
1.51726827163421e+01 9.12311060714505e-03 5.28278809964798e-03 
1.54460643869068e+01 8.70967569983814e-03 5.16483039195566e-03 
1.57194460574715e+01 8.30851339976207e-03 5.04612822716890e-03 
1.59928277280362e+01 7.91937709766921e-03 4.92295802678419e-03 
1.62662093986009e+01 7.54190419940013e-03 4.79531821837867e-03 
1.65395910691657e+01 7.17596925072930e-03 4.66381912924736e-03 
1.68129727397304e+01 6.82218811208118e-03 4.52954521927519e-03 
1.70863544102951e+01 6.48043259829349e-03 4.39352639803864e-03 
1.73597360808598e+01 6.15180480883444e-03 4.25564952439732e-03 
1.76331177514246e+01 5.83620166793315e-03 4.11620971990357e-03 
1.79064994219893e+01 5.53374235508644e-03 3.97567514013361e-03 
1.81798810925540e+01 5.24405951898703e-03 3.83464542584921e-03 
1.84532627631187e+01 4.96720510182602e-03 3.69353217353035e-03 
1.87266444336834e+01 4.70279659962288e-03 3.55305661397972e-03 
1.90000261042482e+01 4.45088379670372e-03 3.41365428344152e-03 
1.92734077748129e+01 4.21098085404140e-03 3.27591060304321e-03 
1.95467894453776e+01 3.98298896977606e-03 3.13999263202898e-03 
1.98201711159423e+01 3.76640496933467e-03 3.00633578716841e-03 
2.00935527865071e+01 3.56108783257131e-03 2.87493303543572e-03 
2.03669344570718e+01 3.36523331640948e-03 2.74673527493429e-03 
2.06403161276365e+01 3.17849841574339e-03 2.62173757023681e-03 
2.09136977982012e+01 3.00048485986824e-03 2.50015666216448e-03 
2.11870794687659e+01 2.83107460751785e-03 2.38195612459390e-03 
2.14604611393307e+01 2.66987621064620e-03 2.26732187256069e-03 
2.17338428098954e+01 2.51674759526322e-03 2.15617982254010e-03 
2.20072244804601e+01 2.37130939698425e-03 2.04870113520571e-03 
2.22806061510248e+01 2.23343698226035e-03 1.94498299428745e-03 
2.25539878215896e+01 2.10287079913310e-03 1.84534033711321e-03 
2.28273694921543e+01 1.97940802686589e-03 1.74976049555991e-03 
2.31007511627190e+01 1.86264647272755e-03 1.65825301039475e-03 
2.33741328332837e+01 1.75235978954165e-03 1.57061538558051e-03 
2.36475145038484e+01 1.64817800110631e-03 1.48681313717263e-03 
2.39208961744132e+01 1.54988538826621e-03 1.40666678397553e-03 
2.41942778449779e+01 1.45715094494027e-03 1.33014470443271e-03 
2.44676595155426e+01 1.36976393745174e-03 1.25706792498414e-03 
2.47410411861073e+01 1.28741060047408e-03 1.18740105126651e-03 
2.50144228566720e+01 1.20991781959026e-03 1.12099044310258e-03 
2.52878045272368e+01 1.13686853589989e-03 1.05787892516873e-03 
2.55611861978015e+01 1.06797329439424e-03 9.97944104495981e-04 
2.58345678683662e+01 1.00298179824359e-03 9.41080594849905e-04 
2.61079495389309e+01 9.41730328373927e-04 8.87109795375482e-04 
2.63813312094957e+01 8.83992711322061e-04 8.35940662144957e-04 
2.66547128800604e+01 8.29617594705365e-04 7.87409769691040e-04 
2.69280945506251e+01 7.78400869926951e-04 7.41437790929648e-04 
2.72014762211898e+01 7.30210526164199e-04 6.97909280115657e-04 
2.74748578917545e+01 6.84882517676650e-04 6.56769374636310e-04 
2.77482395623193e+01 6.42278793450123e-04 6.17894410787481e-04 
2.80216212328840e+01 6.02225092126999e-04 5.81191062297479e-04 
2.82950029034487e+01 5.64596613826956e-04 5.46522900192921e-04 
2.85683845740134e+01 5.29238060997100e-04 5.13803849258508e-04 
2.88417662445782e+01 4.96036815762474e-04 4.82911292118585e-04 
2.91151479151429e+01 4.64854594470201e-04 4.53766048091388e-04 
2.93885295857076e+01 4.35589950589022e-04 4.26257955467422e-04 
2.96619112562723e+01 4.08119858693043e-04 4.00314308171650e-04 
2.99352929268370e+01 3.82353098908715e-04 3.75840461155402e-04 
3.02086745974018e+01 3.58178367084367e-04 3.52790272714092e-04 
3.04820562679665e+01 3.35507681475347e-04 3.31100627891993e-04 
3.07554379385312e+01 3.14240712287083e-04 3.10714897703974e-04 
3.10288196090959e+01 2.94301215229199e-04 2.91545919772985e-04 
3.13022012796607e+01 2.75600744456366e-04 2.73532218829807e-04 
3.15755829502254e+01 2.58071507539698e-04 2.56596810120232e-04 
3.18489646207901e+01 2.41635542309483e-04 2.40684637458376e-04 
3.21223462913548e+01 2.26232612951778e-04 2.25727628798906e-04 
3.23957279619195e+01 2.11794015753254e-04 2.11676640461139e-04 
3.26691096324843e+01 1.98266400199243e-04 1.98472644044873e-04 
3.29424913030490e+01 1.85590107997478e-04 1.86074160326127e-04 
3.32158729736137e+01 1.73718775372523e-04 1.74433627143553e-04 
3.34892546441784e+01 1.62601617990657e-04 1.63515317396572e-04 
3.37626363147431e+01 1.52194758016191e-04 1.53273474770475e-04 
3.40360179853079e+01 1.42449711731741e-04 1.43670573306008e-04 
3.43093996558726e+01 1.33327848264366e-04 1.34662930253625e-04 
3.45827813264373e+01 1.24786714693295e-04 1.26217364926590e-04 
3.48561629970020e+01 1.16792307551582e-04 1.18295552339227e-04 
3.51295446675668e+01 1.09307453522806e-04 1.10870737874198e-04 
3.54029263381315e+01 1.02304486603421e-04 1.03909101218776e-04 
3.56763080086962e+01 9.57481335546292e-05 9.73843266407353e-05 
3.59496896792609e+01 8.96117900425004e-05 9.12642045555020e-05 
3.62230713498256e+01 8.38670546428422e-05 8.55256671877944e-05 
3.64964530203904e+01 7.84908366754603e-05 8.01428933013288e-05 
3.67698346909551e+01 7.34582640989099e-05 7.50957926800515e-05 
3.70432163615198e+01 6.87490162587147e-05 7.03617127792248e-05 
3.73165980320845e+01 6.43413107622468e-05 6.59228690484701e-05 
3.75899797026493e+01 6.02172726522722e-05 6.17611549597608e-05 
3.78633613732140e+01 5.63594414339852e-05 5.78626390385773e-05 
3.81367430437787e+01 5.27518751445686e-05 5.42112235801298e-05 
3.84101247143434e+01 4.93773176756203e-05 5.07925773416416e-05 
3.86835063849081e+01 4.62214562565333e-05 4.75905658121526e-05 
3.89568880554729e+01 4.32692627915998e-05 4.45922907499007e-05 
3.92302697260376e+01 4.05082233372107e-05 4.17836789398886e-05 
3.95036513966023e+01 3.79252472631334e-05 3.91534180259060e-05 
3.97770330671670e+01 3.55093929198218e-05 3.66892333716308e-05 
4.00504147377317e+01 3.32492544115885e-05 3.43818305727700e-05 
4.03237964082965e+01 3.11358206522404e-05 3.22212419378382e-05 
4.05971780788612e+01 2.91592123391391e-05 3.01993945024110e-05 
4.08705597494259e+01 2.73108259255229e-05 2.83068762405085e-05 
4.11439414199906e+01 2.55817943505435e-05 2.65357680054656e-05 
4.14173230905554e+01 2.39646208341901e-05 2.48776263865074e-05 
4.16907047611201e+01 2.24516022054413e-05 2.33255302098379e-05 
4.19640864316848e+01 2.10362050428731e-05 2.18721576018253e-05 
4.22374681022495e+01 1.97117509785281e-05 2.05115102615314e-05 
4.25108497728142e+01 1.84725657550967e-05 1.92372391428586e-05 
4.27842314433790e+01 1.73128148228960e-05 1.80440802090333e-05 
4.30576131139437e+01 1.62275197621370e-05 1.69264619753965e-05 
4.33309947845084e+01 1.52116065543545e-05 1.58797601920265e-05 
4.36043764550731e+01 1.42607336757835e-05 1.48991265089216e-05 
4.38777581256379e+01 1.33704864537690e-05 1.39805217769953e-05 
4.41511397962026e+01 1.25370774499081e-05 1.31197248985701e-05 
4.44245214667673e+01 1.17566638799204e-05 1.23132064704919e-05 
4.46979031373320e+01 1.10259405236188e-05 1.15572893047330e-05 
4.49712848078967e+01 1.03415609110291e-05 1.08488881139418e-05 
4.52446664784615e+01 9.70063966496451e-06 1.01847978702105e-05 
4.55180481490262e+01 9.10026125732541e-06 9.56232052817463e-06 
4.57914298195909e+01 8.53790597712761e-06 8.97866118271511e-06 
4.60648114901556e+01 8.01103265749570e-06 8.43145955618005e-06 
4.63381931607204e+01 7.51744018162250e-06 7.91827716908777e-06 
4.66115748312851e+01 7.05491274745091e-06 7.43704845882730e-06 
4.68849565018498e+01 6.62152691949546e-06 6.98564486521571e-06 
4.71583381724145e+01 6.21534981047509e-06 6.56225806273039e-06 
4.74317198429792e+01 5.83470009467141e-06 6.16502910791912e-06 
4.77051015135440e+01 5.47789100328736e-06 5.79237427471661e-06 
4.79784831841087e+01 5.14345238258369e-06 5.44266096222143e-06 
4.82518648546734e+01 4.82990405488993e-06 5.11448469115242e-06 
4.85252465252381e+01 4.53595257033868e-06 4.80641212706524e-06 
4.87986281958028e+01 4.26031681612045e-06 4.51722293994655e-06 
4.90720098663676e+01 4.00187602989020e-06 4.24568172572659e-06 
4.93453915369323e+01 3.75951039686659e-06 3.99072769573313e-06 
4.96187732074970e+01 3.53223854421701e-06 3.75127903073351e-06 
4.98921548780617e+01 3.31908134847321e-06 3.52639728456578e-06 
5.01655365486265e+01 3.11915220706321e-06 3.31509339883302e-06 
5.04389182191912e+01 2.93138196542568e-06 3.11667022256856e-06 
5.07122998897559e+01 2.75504557020452e-06 2.93024720572143e-06 
5.09856815603206e+01 2.58941827628230e-06 2.75511757246428e-06 
5.12590632308853e+01 2.43386190855606e-06 2.59056386295692e-06 
5.15324449014501e+01 2.28773949157960e-06 2.43596353140759e-06 
5.18058265720148e+01 2.15048922079362e-06 2.29068584800447e-06 
5.20792082425795e+01 2.02155113173219e-06 2.15417481722607e-06 
5.23525899131442e+01 1.90042363525158e-06 2.02586845025248e-06 
5.26259715837090e+01 1.78661464618098e-06 1.90527707141038e-06 
5.28993532542737e+01 1.67969083815592e-06 1.79191426932316e-06 
5.31727349248384e+01 1.57922116753658e-06 1.68535713514948e-06 
5.34461165954031e+01 1.48482370432094e-06 1.58517911836602e-06 
5.37194982659678e+01 1.39611902668135e-06 1.49100708284150e-06 
5.39928799365326e+01 1.31277046595647e-06 1.40246533043059e-06 
5.42662616070973e+01 1.23444398485808e-06 1.31922458915076e-06 
5.45396432776620e+01 1.16084277938253e-06 1.24095387709470e-06 
5.48130249482267e+01 1.09167272177912e-06 1.16736258407407e-06 
5.50864066187915e+01 1.02667212490401e-06 1.09817003070346e-06 
5.53597882893562e+01 9.65592067747007e-07 1.03313000256022e-06 
5.56331699599209e+01 9.08201013670712e-07 9.71994398638421e-07 
5.59065516304856e+01 8.54267641454327e-07 9.14534548201622e-07 
5.61799333010503e+01 8.03585655031531e-07 8.60519575363423e-07 
5.64533149716151e+01 7.55951658541763e-07 8.09745907528153e-07 
5.67266966421798e+01 7.11184035938260e-07 7.62010489058577e-07 
5.70000783127445e+01 6.69103898084854e-07 7.17133995613774e-07 
5.72734599833092e+01 6.29551320233525e-07 6.74937788166819e-07 
5.75468416538739e+01 5.92368925909766e-07 6.35263865225536e-07 
5.78202233244387e+01 5.57415859289760e-07 5.97955023670217e-07 
5.80936049950034e+01 5.24553633558256e-07 5.62872016796505e-07 
5.83669866655681e+01 4.93658160345799e-07 5.29876466207638e-07 
5.86403683361328e+01 4.64607543891373e-07 4.98845792662587e-07 
5.89137500066976e+01 4.37292424041085e-07 4.69658467633623e-07 
5.91871316772623e+01 4.11605445882502e-07 4.42206379984013e-07 
5.94605133478270e+01 3.87450209619707e-07 4.16382155005789e-07 
5.97338950183917e+01 3.64732177140946e-07 3.92090281803391e-07 
6.00072766889564e+01 3.43366371343356e-07 3.69236166517886e-07 
6.02806583595212e+01 3.23269520259616e-07 3.47735566209084e-07 
6.05540400300859e+01 3.04366698999186e-07 3.27505131401638e-07 
6.08274217006506e+01 2.86584540487514e-07 3.08470540535447e-07 
6.11008033712153e+01 2.69856968014662e-07 2.90558332068334e-07 
6.13741850417801e+01 2.54119324927946e-07 2.73702922171872e-07 
6.16475667123448e+01 2.39313324659586e-07 2.57839546901376e-07 
6.19209483829095e+01 2.25381972561295e-07 2.42910319544110e-07 
6.21943300534742e+01 2.12273842243215e-07 2.28858128873793e-07 
6.24677117240389e+01 1.99938680583981e-07 2.15631870207705e-07 
6.27410933946037e+01 1.88331103788419e-07 2.03181167567847e-07 
6.30144750651684e+01 1.77406791890337e-07 1.91460893412527e-07 
6.32878567357331e+01 1.67125684739889e-07 1.80426601178425e-07 
6.35612384062978e+01 1.57448685413777e-07 1.70038432335478e-07 
6.38346200768625e+01 1.48340425046721e-07 1.60257159496716e-07 
6.41080017474273e+01 1.39766406042464e-07 1.51047564648223e-07 
6.43813834179920e+01 1.31695395079800e-07 1.42375016049275e-07 
6.46547650885567e+01 1.24096945866335e-07 1.34208393218444e-07 
6.49281467591214e+01 1.16943471049889e-07 1.26517117889996e-07 
6.52015284296862e+01 1.10208093364783e-07 1.19273685072469e-07 
6.54749101002509e+01 1.03866440423519e-07 1.12451088661775e-07 
6.57482917708156e+01 9.78947799054256e-08 1.06025013591774e-07 
6.60216734413803e+01 9.22715749671449e-08 9.99716025972011e-08 
6.62950551119450e+01 8.69758652270412e-08 9.42693557178087e-08 
6.65684367825098e+01 8.19886152991628e-08 8.88971921043199e-08 
6.68418184530745e+01 7.72913085742578e-08 8.38360966998516e-08 
6.71152001236392e+01 7.28671168873235e-08 7.90674373379463e-08 
6.73885817942039e+01 6.86996786098406e-08 7.45743929006342e-08 
6.76619634647687e+01 6.47741135993945e-08 7.03404914196250e-08 
6.79353451353334e+01 6.10759610023727e-08 6.63508492673724e-08 
6.82087268058981e+01 5.75920603146527e-08 6.25909006689149e-08 
6.84821084764628e+01 5.43096276388903e-08 5.90474734079863e-08 
6.87554901470275e+01 5.12170208303880e-08 5.57076841973101e-08 
6.90288718175923e+01 4.83029358346660e-08 5.25598728799952e-08 
6.93022534881570e+01 4.55570714361271e-08 4.95926415838048e-08 
6.95756351587217e+01 4.29694297852415e-08 4.67956663868170e-08 
6.98490168292864e+01 4.05308941528924e-08 4.41588611762065e-08 
7.01223984998512e+01 3.82326198982162e-08 4.16728876598570e-08 
7.03957801704159e+01 3.60663534750981e-08 3.93286711514177e-08 
7.06691618409806e+01 3.40243081230501e-08 3.71179715312201e-08 
7.09425435115453e+01 3.20993843861847e-08 3.50329434593996e-08 
7.12159251821100e+01 3.02846959794002e-08 3.30664725653697e-08 
7.14893068526748e+01 2.85739506630410e-08 3.12116135993778e-08 
7.17626885232395e+01 2.69610476800497e-08 2.94620550350547e-08 
7.20360701938042e+01 2.54404093260097e-08 2.78116386851594e-08 
7.23094518643689e+01 2.40066298267581e-08 2.62547642058668e-08 
7.25828335349337e+01 2.26547640898398e-08 2.47859701471177e-08 
7.28562152054984e+01 2.13800213392529e-08 2.34002862575993e-08 
7.31295968760631e+01 2.01780166681541e-08 2.20928679821602e-08 
7.34029785466278e+01 1.90445036294890e-08 2.08593034103427e-08 
7.36763602171925e+01 1.79755934611668e-08 1.96952942902744e-08 
7.39497418877573e+01 1.69675215950199e-08 1.85969235511013e-08 
7.42231235583220e+01 1.60168387783953e-08 1.75603768174615e-08 
7.44965052288867e+01 1.51202071253401e-08 1.65821756473739e-08 
7.47698868994514e+01 1.42745667986998e-08 1.56589343232558e-08 
7.50432685700162e+01 1.34769578005558e-08 1.47874939475003e-08 
7.53166502405809e+01 1.27244095472919e-08 1.39649697731957e-08 
7.55900319111456e+01 1.20141989899830e-08 1.31886286160790e-08 
7.58634135817103e+01 1.13439553959832e-08 1.24557830187438e-08 
7.61367952522750e+01 1.07113837875770e-08 1.17640117699067e-08 
7.64101769228398e+01 1.01143762791266e-08 1.11109601246146e-08 
7.66835585934045e+01 9.55089307112069e-09 1.04944743401181e-08 
7.69569402639692e+01 9.01905977077837e-09 9.91246074085325e-09 
7.72303219345339e+01 8.51706316042761e-09 9.36300328125666e-09 
7.75037036050987e+01 8.04323628821856e-09 8.84424016813978e-09 
7.77770852756634e+01 7.59596715243317e-09 8.35446662003469e-09 
7.80504669462281e+01 7.17377311830870e-09 7.89202682945110e-09 
7.83238486167928e+01 6.77522089678660e-09 7.45540380810098e-09 
7.85972302873575e+01 6.39899164287631e-09 7.04312475531470e-09 
7.88706119579223e+01 6.04381081366626e-09 6.65383963308957e-09 
7.91439936284870e+01 5.70850512938488e-09 6.28623825402779e-09 
7.94173752990517e+01 5.39194107521168e-09 5.93911901838736e-09 
7.96907569696164e+01 5.09307475458506e-09 5.61131625025798e-09 
7.99641386401811e+01 4.81089795591351e-09 5.30176034434851e-09 
8.02375203107459e+01 4.54448179578561e-09 5.00941406643289e-09 
8.05109019813106e+01 4.29292940813071e-09 4.73332519724701e-09 
8.07842836518753e+01 4.05541416020751e-09 4.47257067635787e-09 
8.10576653224400e+01 3.83113814072023e-09 4.22630269107420e-09 
8.13310469930047e+01 3.61936563154833e-09 3.99369968499010e-09 
8.16044286635695e+01 3.41938667506229e-09 3.77400671847771e-09 
8.18778103341342e+01 3.23054639755715e-09 3.56649248698122e-09 
8.21511920046989e+01 3.05221302650616e-09 3.37048467406632e-09 
8.24245736752636e+01 2.88380358588411e-09 3.18533223247573e-09 
8.26979553458284e+01 2.72475581306098e-09 3.01043635878712e-09 
8.29713370163931e+01 2.57455068018097e-09 2.84521738435806e-09 
8.32447186869578e+01 2.43268772932169e-09 2.68914192059685e-09 
8.35181003575225e+01 2.29870481655849e-09 2.54169378901624e-09 
8.37914820280872e+01 2.17215644419173e-09 2.40239781639642e-09 
8.40648636986520e+01 2.05263107396966e-09 2.27079430479223e-09 
8.43382453692167e+01 1.93973208774163e-09 2.14645990074871e-09 
8.46116270397814e+01 1.83309297200123e-09 2.02898519315494e-09 
8.48850087103461e+01 1.73236058173000e-09 1.91799302026527e-09 
8.51583903809109e+01 1.63720846047495e-09 1.81311873428742e-09 
8.54317720514756e+01 1.54732213035229e-09 1.71402623246925e-09 
8.57051537220403e+01 1.46241078195500e-09 1.62039063972299e-09 
8.59785353926050e+01 1.38219433977316e-09 1.53191239327108e-09 
8.62519170631697e+01 1.30641372204843e-09 1.44830201914315e-09 
8.65252987337345e+01 1.23481946475185e-09 1.36929249324024e-09 
8.67986804042992e+01 1.16718072831595e-09 1.29462585534843e-09 
8.70720620748639e+01 1.10327529012229e-09 1.22406406005112e-09 
8.73454437454286e+01 1.04289745290034e-09 1.15737720369542e-09 
8.76188254159934e+01 9.85849239132014e-10 1.09435305182956e-09 
8.78922070865581e+01 9.31947336568399e-10 1.03478668235528e-09 
8.81655887571228e+01 8.81015348482714e-10 9.78488852810327e-10 
8.84389704276875e+01 8.32889894862325e-10 9.25276947818311e-10 
8.87123520982522e+01 7.87413784278602e-10 8.74982534654327e-10 
8.89857337688170e+01 7.44441353797391e-10 8.27443188005197e-10 
8.92591154393817e+01 7.03832471937900e-10 7.82508520023882e-10 
8.95324971099464e+01 6.65457272175641e-10 7.40033218449920e-10 
8.98058787805111e+01 6.29190862588147e-10 6.99882948586907e-10 
9.00792604510759e+01 5.94917466408952e-10 6.61928135701665e-10 
9.03526421216406e+01 5.62525761967272e-10 6.26048953128408e-10 
9.06260237922053e+01 5.31912523024837e-10 5.92129846358551e-10 
9.08994054627700e+01 5.02978513035926e-10 5.60063918623925e-10 
9.11727871333347e+01 4.75631686374671e-10 5.29748107123353e-10 
9.14461688038995e+01 4.49783570207605e-10 5.01087039710089e-10 
9.17195504744642e+01 4.25352080170494e-10 4.73988784648944e-10 
9.19929321450289e+01 4.02258331267621e-10 4.48368242929651e-10 
9.22663138155936e+01 3.80429114951751e-10 4.24143402540751e-10 
9.25396954861584e+01 3.59794087585644e-10 4.01238322966298e-10 
9.28130771567231e+01 3.40287950097269e-10 3.79579833369851e-10 
9.30864588272878e+01 3.21847968784314e-10 3.59100158862344e-10 
9.33598404978525e+01 3.04415893655249e-10 3.39734009359771e-10 
9.36332221684172e+01 2.87935771835958e-10 3.21420891109536e-10 
9.39066038389820e+01 2.72355636275043e-10 3.04102539448192e-10 
9.41799855095467e+01 2.57625576818452e-10 2.87724953732429e-10 
9.44533671801114e+01 2.43699227075375e-10 2.72236132891778e-10 
9.47267488506761e+01 2.30532062445201e-10 2.57587867232908e-10 
9.50001305212408e+01 2.18082709539412e-10 2.43733740655316e-10 
9.52735121918056e+01 2.06311444148241e-10 2.30630708700350e-10 
9.55468938623703e+01 1.95181344633851e-10 2.18237335662053e-10 
9.58202755329350e+01 1.84656966075387e-10 2.06515184662416e-10 
9.60936572034997e+01 1.74705356436751e-10 1.95427261720136e-10 
9.63670388740644e+01 1.65294885984130e-10 1.84939240487563e-10 
9.66404205446292e+01 1.56396142741884e-10 1.75018088703276e-10 
9.69138022151939e+01 1.47980898784826e-10 1.65633147468371e-10 
9.71871838857586e+01 1.40022899487954e-10 1.56754918462213e-10 
9.74605655563233e+01 1.32496950499486e-10 1.48356015217685e-10 
9.77339472268881e+01 1.25379613529279e-10 1.40410092073763e-10 
9.80073288974528e+01 1.18648399745257e-10 1.32892682788747e-10 
9.82807105680175e+01 1.12282383300664e-10 1.25780254482626e-10 
9.85540922385822e+01 1.06261488598838e-10 1.19050947067125e-10 
9.88274739091469e+01 1.00567031404113e-10 1.12683737433923e-10 
9.91008555797117e+01 9.51810889165259e-11 1.06659091548190e-10 
9.93742372502764e+01 9.00869771217938e-11 1.00958225899473e-10 
9.96476189208411e+01 8.52686939336090e-11 9.55636826729758e-11 
9.99210005914058e+01 8.07113403941292e-11 9.04589022485818e-11 
1.00194382261971e+02 7.64007654734984e-11 8.56293117363828e-11 
1.00467763932535e+02 7.23241005685972e-11 8.10608878754868e-11 
1.00741145603100e+02 6.84683730932700e-11 7.67401475965625e-11 
1.01014527273665e+02 6.48215086028424e-11 7.26533514300894e-11 
1.01287908944229e+02 6.13719441987386e-11 6.87877367742874e-11 
1.01561290614794e+02 5.81089147892334e-11 6.51310564274296e-11 
1.01834672285359e+02 5.50221119290986e-11 6.16719307440077e-11 
1.02108053955924e+02 5.21019360146363e-11 5.83994405208179e-11 
1.02381435626488e+02 4.93391951352949e-11 5.53034372112226e-11 
1.02654817297053e+02 4.67253273195847e-11 5.23741836609064e-11 
1.02928198967618e+02 4.42521346327961e-11 4.96026274545814e-11 
1.03201580638182e+02 4.19119790854249e-11 4.69800837877871e-11 
1.03474962308747e+02 3.96975477874758e-11 4.44984763969680e-11 
1.03748343979312e+02 3.76020256889082e-11 4.21500575466203e-11 
1.04021725649877e+02 3.56188881066135e-11 3.99276204480113e-11 
1.04295107320441e+02 3.37420530791986e-11 3.78242519485679e-11 
1.04568488991006e+02 3.19656980263906e-11 3.58335198667547e-11 
1.04841870661571e+02 3.02843941612855e-11 3.39492545035387e-11 
1.05115252332136e+02 2.86929444313648e-11 3.21657139025193e-11 
1.05388634002700e+02 2.71865021341055e-11 3.04773907708899e-11 
1.05662015673265e+02 2.57604276307183e-11 2.88791583073483e-11 
1.05935397343830e+02 2.44103930504820e-11 2.73660995303469e-11 
1.06208779014394e+02 2.31322555686106e-11 2.59336359950781e-11 
1.06482160684959e+02 2.19221498562407e-11 2.45773768870710e-11 
1.06755542355524e+02 2.07763759776493e-11 2.32932326679537e-11 
1.07028924026089e+02 1.96914810424779e-11 2.20772816088255e-11 
1.07302305696653e+02 1.86641600093503e-11 2.09258701575811e-11 
1.07575687367218e+02 1.76913278211548e-11 1.98354948643921e-11 
1.07849069037783e+02 1.67700316058897e-11 1.88028910468080e-11 
1.08122450708347e+02 1.58975144215867e-11 1.78249283038622e-11 
1.08395832378912e+02 1.50711375243834e-11 1.68986888651546e-11 
1.08669214049477e+02 1.42884367142806e-11 1.60213751047160e-11 
1.08942595720042e+02 1.35470534980238e-11 1.51903787935165e-11 
1.09215977390606e+02 1.28447849080100e-11 1.44031992129107e-11 
1.09489359061171e+02 1.21795225261881e-11 1.36575043836231e-11 
1.09762740731736e+02 1.15492965440243e-11 1.29510585445295e-11 
1.10036122402301e+02 1.09522217356243e-11 1.22817763026221e-11 
1.10309504072865e+02 1.03865364349393e-11 1.16476583888496e-11 
1.10582885743430e+02 9.85055465369407e-12 1.10468395606448e-11 
1.10856267413995e+02 9.34270057140863e-12 1.04775316749906e-11 
1.11129649084559e+02 8.86146608826060e-12 9.93806607588049e-12 
1.11403030755124e+02 8.40544135264540e-12 9.42684313782315e-12 
1.11676412425689e+02 7.97327712236528e-12 8.94236978341467e-12 
1.11949794096254e+02 7.56371179215102e-12 8.48321475002339e-12 
1.12223175766818e+02 7.17553800992356e-12 8.04804180599391e-12 
1.12496557437383e+02 6.80762661190764e-12 7.63557008090950e-12 
1.12769939107948e+02 6.45889700534772e-12 7.24460348153810e-12 
1.13043320778512e+02 6.12833837064126e-12 6.87399550327982e-12 
1.13316702449077e+02 5.81498337886211e-12 6.52267528767200e-12 
1.13590084119642e+02 5.51792697792324e-12 6.18961640066565e-12 
1.13863465790207e+02 5.23630306348967e-12 5.87385992133412e-12 
1.14136847460771e+02 4.96930112884335e-12 5.57448673258759e-12 
1.14410229131336e+02 4.71614555206382e-12 5.29063798481369e-12 
1.14683610801901e+02 4.47611035639437e-12 5.02149049750647e-12 
1.14956992472466e+02 4.24850081564274e-12 4.76627490114464e-12 
1.15230374143030e+02 4.03266654289600e-12 4.52425379483235e-12 
1.15503755813595e+02 3.82798515057104e-12 4.29473783412383e-12 
1.15777137484160e+02 3.63387385982098e-12 4.07706633089989e-12 
1.16050519154724e+02 3.44977498209403e-12 3.87062152349262e-12 
1.16323900825289e+02 3.27516621910081e-12 3.67481134130706e-12 
1.16597282495854e+02 3.10954775960308e-12 3.48908206597452e-12 
1.16870664166419e+02 2.95245142000288e-12 3.31290301525430e-12 
1.17144045836983e+02 2.80342917380394e-12 3.14577777959606e-12 
1.17417427507548e+02 2.66206126541974e-12 2.98723060812983e-12 
1.17690809178113e+02 2.52794601070262e-12 2.83681638355399e-12 
1.17964190848677e+02 2.40070700116717e-12 2.69410851798736e-12 
1.18237572519242e+02 2.27998403249315e-12 2.55870781017304e-12 
1.18510954189807e+02 2.16543950277568e-12 2.43023168101848e-12 
1.18784335860372e+02 2.05675034226691e-12 2.30832204041105e-12 
1.19057717530936e+02 1.95361369727803e-12 2.19263571175533e-12 
1.19331099201501e+02 1.85573974888496e-12 2.08285142096772e-12 
1.19604480872066e+02 1.76285676352828e-12 1.97866127653819e-12 
1.19877862542631e+02 1.67470470119384e-12 1.87977698027272e-12 
1.20151244213195e+02 1.59103970441785e-12 1.78592224462753e-12 
1.20424625883760e+02 1.51162840776072e-12 1.69683831329431e-12 
1.20698007554325e+02 1.43625192867804e-12 1.61227721101284e-12 
1.20971389224889e+02 1.36470080010894e-12 1.53200665196266e-12 
1.21244770895454e+02 1.29677851938989e-12 1.45580402916281e-12 
1.21518152566019e+02 1.23229703462985e-12 1.38346077968529e-12 
1.21791534236584e+02 1.17107990140902e-12 1.31477703128055e-12 
1.22064915907148e+02 1.11295826144650e-12 1.24956548552286e-12 
1.22338297577713e+02 1.05777365113951e-12 1.18764664861796e-12 
1.22611679248278e+02 1.00537441796467e-12 1.12885228660491e-12 
1.22885060918842e+02 9.55618219886333e-13 1.07302117554948e-12 
1.23158442589407e+02 9.08368831073684e-13 1.02000217675265e-12 
1.23431824259972e+02 8.63498366762659e-13 9.69650448836428e-13 
1.23705205930537e+02 8.20884435310152e-13 9.21830185451516e-13 
1.23978587601101e+02 7.80412119163349e-13 8.76411238226876e-13 
1.24251969271666e+02 7.41971435091417e-13 8.33271554636606e-13 
1.24525350942231e+02 7.05459098439262e-13 7.92294166510274e-13 
1.24798732612796e+02 6.70776257647698e-13 7.53369361450227e-13 
1.25072114283360e+02 6.37830065892198e-13 7.16391996676675e-13 
1.25345495953925e+02 6.06531659787723e-13 6.81263433608308e-13 
1.25618877624490e+02 5.76797559790145e-13 6.47889141313532e-13 
1.25892259295054e+02 5.48547866337865e-13 6.16180420522667e-13 
1.26165640965619e+02 5.21707507983067e-13 5.86052264943321e-13 
1.26439022636184e+02 4.96204631198391e-13 5.57424898011582e-13 
1.26712404306749e+02 4.71971713070638e-13 5.30221863864522e-13 
1.26985785977313e+02 4.48944123640685e-13 5.04371397515775e-13 
1.27259167647878e+02 4.27061118101669e-13 4.79804720411353e-13 
1.27532549318443e+02 4.06264552882757e-13 4.56457262385269e-13 
1.27805930989007e+02 3.86499770619543e-13 4.34267139503771e-13 
1.28079312659572e+02 3.67714453271302e-13 4.13176244120447e-13 
1.28352694330137e+02 3.49859411645828e-13 3.93128885203037e-13 
1.28626076000702e+02 3.32887560683452e-13 3.74072760967439e-13 
1.28899457671266e+02 3.16754624003166e-13 3.55957744043210e-13 
1.29172839341831e+02 3.01418218126014e-13 3.38736749548539e-13 
1.29446221012396e+02 2.86838481343253e-13 3.22364649406630e-13 
1.29719602682961e+02 2.72977255106676e-13 3.06799047294943e-13 
1.29992984353525e+02 2.59798645485107e-13 2.91999308151440e-13 
1.30266366024090e+02 2.47268291241675e-13 2.77927250160508e-13 
1.30539747694655e+02 2.35353865227336e-13 2.64546277021724e-13 
1.30813129365219e+02 2.24024419813475e-13 2.51821996007584e-13 
1.31086511035784e+02 2.13250834757013e-13 2.39721441929931e-13 
1.31359892706349e+02 2.03005231677287e-13 2.28213629304345e-13 
1.31633274376914e+02 1.93261374204775e-13 2.17268858160241e-13 
1.31906656047478e+02 1.83994144098440e-13 2.06859207459002e-13 
1.32180037718043e+02 1.75179898848706e-13 1.96957913969937e-13 
1.32453419388608e+02 1.66796002838124e-13 1.87539813301152e-13 
1.32726801059172e+02 1.58821146999744e-13 1.78580784020428e-13 
1.33000182729737e+02 1.51234929141361e-13 1.70058141958027e-13 
1.33273564400302e+02 1.44018139754649e-13 1.61950142602387e-13 
1.33546946070867e+02 1.37152386261425e-13 1.54236333712529e-13 
1.33820327741431e+02 1.30620348619605e-13 1.46897109775330e-13 
1.34093709411996e+02 1.24405442817760e-13 1.39914027412986e-13 
1.34367091082561e+02 1.18492049524715e-13 1.33269406117822e-13 
1.34640472753126e+02 1.12865212685173e-13 1.26946609764878e-13 
1.34913854423690e+02 1.07510844164071e-13 1.20929689110202e-13 
1.35187236094255e+02 1.02415453708538e-13 1.15203635223206e-13 
1.35460617764820e+02 9.75663320274706e-14 1.09754059707677e-13 
1.35733999435384e+02 9.29513087548834e-14 1.04567420727800e-13 
1.36007381105949e+02 8.85589163413218e-14 9.96307359473180e-14 
1.36280762776514e+02 8.43781731026779e-14 9.49317849070071e-14 
1.36554144447079e+02 8.03987299695043e-14 9.04588517012046e-14 
1.36827526117643e+02 7.66106759773116e-14 8.62009062249307e-14 
1.37100907788208e+02 7.30046696980381e-14 8.21473734539898e-14 
1.37374289458773e+02 6.95717648110631e-14 7.82882958071983e-14 
1.37647671129337e+02 6.63035278437048e-14 7.46141262320405e-14 
1.37921052799902e+02 6.31918817145850e-14 7.11158736847435e-14 
1.38194434470467e+02 6.02292112343496e-14 6.77849175226684e-14 
1.38467816141032e+02 5.74082227380088e-14 6.46131418970975e-14 
1.38741197811596e+02 5.47220382990453e-14 6.15927766000505e-14 
1.39014579482161e+02 5.21640691414352e-14 5.87165040188874e-14 
1.39287961152726e+02 4.97281009139279e-14 5.59772939586844e-14 
1.39561342823291e+02 4.74081813410425e-14 5.33685146766050e-14 
1.39834724493855e+02 4.51986962042468e-14 5.08838073512737e-14 
1.40108106164420e+02 4.30942678161515e-14 4.85171800291874e-14 
1.40381487834985e+02 4.10898231692947e-14 4.62628871262613e-14 
1.40654869505549e+02 3.91805027707227e-14 4.41155137097583e-14 
1.40928251176114e+02 3.73617217800839e-14 4.20698672869283e-14 
1.41201632846679e+02 3.56290881290736e-14 4.01210534347478e-14 
1.41475014517244e+02 3.39784573828657e-14 3.82643786005612e-14 
1.41748396187808e+02 3.24058591824135e-14 3.64954179840255e-14 
1.42021777858373e+02 3.09075464850791e-14 3.48099282092466e-14 
1.42295159528938e+02 2.94799294691233e-14 3.32039082671238e-14 
1.42568541199502e+02 2.81196197396889e-14 3.16735210386334e-14 
1.42841922870067e+02 2.68233709253023e-14 3.02151480199652e-14 
1.43115304540632e+02 2.55881183731940e-14 2.88253187838875e-14 
1.43388686211197e+02 2.44109257484570e-14 2.75007601335406e-14 
1.43662067881761e+02 2.32890206872197e-14 2.62383326846296e-14 
1.43935449552326e+02 2.22197467813068e-14 2.50350750254524e-14 
1.44208831222891e+02 2.12005956082826e-14 2.38881466882621e-14 
1.44482212893455e+02 2.02291635489760e-14 2.27948678321626e-14 
1.44755594564020e+02 1.93031805692305e-14 2.17526679484626e-14 
1.45028976234585e+02 1.84204713753175e-14 2.07591215286690e-14 
1.45302357905150e+02 1.75789812827835e-14 1.98119019170048e-14 
1.45575739575714e+02 1.67767412663226e-14 1.89088133771539e-14 
1.45849121246279e+02 1.60118912158882e-14 1.80477495662188e-14 
1.46122502916844e+02 1.52826484836845e-14 1.72267223704871e-14 
1.46395884587409e+02 1.45873287962496e-14 1.64438245297357e-14 
1.46669266257973e+02 1.39243179424457e-14 1.56972555735329e-14 
1.46942647928538e+02 1.32920905821113e-14 1.49852881736599e-14 
1.47216029599103e+02 1.26891847558050e-14 1.43062914778305e-14 
1.47489411269667e+02 1.21142188055056e-14 1.36587008117085e-14 
1.47762792940232e+02 1.15658684198565e-14 1.30410386759785e-14 
1.48036174610797e+02 1.10428818599415e-14 1.24518874585433e-14 
1.48309556281362e+02 1.05440592833047e-14 1.18899083332113e-14 
1.48582937951926e+02 1.00682664477566e-14 1.13538166776591e-14 
1.48856319622491e+02 9.61441608387352e-15 1.08423990872589e-14 
1.49129701293056e+02 9.18148023184211e-15 1.03544912257221e-14 
1.49403082963620e+02 8.76847345580444e-15 9.88899314546273e-15 
1.49676464634185e+02 8.37446395269511e-15 9.44484932588924e-15 
1.49949846304750e+02 7.99855842299090e-15 9.02102902594562e-15 
1.50223227975315e+02 7.63984661975645e-15 8.61651895810085e-15 
1.50496609645879e+02 7.29739175003002e-15 8.23041262132722e-15 
1.50769991316444e+02 6.97045190955540e-15 7.86179153862289e-15 
1.51043372987009e+02 6.65831454353817e-15 7.50985857212106e-15 
1.51316754657574e+02 6.36030476133624e-15 7.17384753056245e-15 
1.51590136328138e+02 6.07577437203322e-15 6.85303323482234e-15 
1.51863517998703e+02 5.80410938884748e-15 6.54671866450594e-15 
1.52136899669268e+02 5.54472011614013e-15 6.25424404215362e-15 
1.52410281339832e+02 5.29704792336665e-15 5.97497521429314e-15 
1.52683663010397e+02 5.06055628157863e-15 5.70831185105794e-15 
1.52957044680962e+02 4.83473687879398e-15 5.45367694180454e-15 
1.53230426351527e+02 4.61910151404306e-15 5.21052419723845e-15 
1.53503808022091e+02 4.41318761888493e-15 4.97832855147881e-15 
1.53777189692656e+02 4.21655092605028e-15 4.75659284511766e-15 
1.54050571363221e+02 4.02877045540108e-15 4.54483923621791e-15 
1.54323953033785e+02 3.84944188233366e-15 4.34261523493474e-15 
1.54597334704350e+02 3.67818204069479e-15 4.14948593548672e-15 
1.54870716374915e+02 3.51462292341722e-15 3.96503946595487e-15 
1.55144098045480e+02 3.35841574970091e-15 3.78887996187310e-15 
1.55417479716044e+02 3.20922553694101e-15 3.62063248851095e-15 
1.55690861386609e+02 3.06673477479964e-15 3.45993668448516e-15 
1.55964243057174e+02 2.93063851342442e-15 3.30645120815517e-15 
1.56237624727739e+02 2.80064768282161e-15 3.15984798664691e-15 
1.56511006398303e+02 2.67648464771628e-15 3.01981623288176e-15 
1.56784388068868e+02 2.55788620684423e-15 2.88605724170267e-15 
1.57057769739433e+02 2.44459956963140e-15 2.75828801945992e-15 
1.57331151409997e+02 2.33638506660708e-15 2.63623657460811e-15 
1.57604533080562e+02 2.23301250743253e-15 2.51964519763394e-15 
1.57877914751127e+02 2.13426363056340e-15 2.40826619861190e-15 
1.58151296421692e+02 2.03992880608264e-15 2.30186487153363e-15 
1.58424678092256e+02 1.94980924997193e-15 2.20021563592652e-15 
1.58698059762821e+02 1.86371403874412e-15 2.10310471629018e-15 
1.58971441433386e+02 1.78146211119043e-15 2.01032664904410e-15 
1.59244823103950e+02 1.70287956500148e-15 1.92168670475687e-15 
1.59518204774515e+02 1.62780146661167e-15 1.83699772544369e-15 
1.59791586445080e+02 1.55606940287905e-15 1.75608231455359e-15 
1.60064968115645e+02 1.48753311762593e-15 1.67876997302377e-15 
1.60338349786209e+02 1.42204829404753e-15 1.60489907954057e-15 
1.60611731456774e+02 1.35947803472591e-15 1.53431429681240e-15 
1.60885113127339e+02 1.29969085278354e-15 1.46686836241344e-15 
1.61158494797904e+02 1.24256201050580e-15 1.40241973949318e-15 
1.61431876468468e+02 1.18797169937308e-15 1.34083423652345e-15 
1.61705258139033e+02 1.13580625094799e-15 1.28198287914992e-15 
1.61978639809598e+02 1.08595648783087e-15 1.22574337537167e-15 
1.62252021480162e+02 1.03831881913443e-15 1.17199818748452e-15 
1.62525403150727e+02 9.92793746133088e-16 1.12063585760782e-15 
1.62798784821292e+02 9.49286853446362e-16 1.07154926069549e-15 
1.63072166491857e+02 9.07707454710052e-16 1.02463680386990e-15 
1.63345548162421e+02 8.67969489506421e-16 9.79800843305138e-16 
1.63618929832986e+02 8.29990295792137e-16 9.36948769516287e-16 
1.63892311503551e+02 7.93691421636616e-16 8.95991572570573e-16 
1.64165693174115e+02 7.58997512411968e-16 8.56844824298080e-16 
1.64439074844680e+02 7.25837045520343e-16 8.19427377777216e-16 
1.64712456515245e+02 6.94141321498529e-16 7.83662256366748e-16 
1.64985838185810e+02 6.63845129121048e-16 7.49475474758445e-16 
1.65259219856374e+02 6.34885830608517e-16 7.16796843768976e-16 
1.65532601526939e+02 6.07203963777062e-16 6.85558901468413e-16 
1.65805983197504e+02 5.80742412475919e-16 6.55697641803780e-16 
1.66079364868069e+02 5.55446951807700e-16 6.27151545410264e-16 
1.66352746538633e+02 5.31265495766772e-16 5.99862239356213e-16 
1.66626128209198e+02 5.08148590972128e-16 5.73773618236161e-16 
1.66899509879763e+02 4.86048734242570e-16 5.48832441621684e-16 
1.67172891550327e+02 4.64920819758151e-16 5.24987536931752e-16 
1.67446273220892e+02 4.44721519999121e-16 5.02190340537466e-16 
1.67719654891457e+02 4.25409690777433e-16 4.80394174715212e-16 
1.67993036562022e+02 4.06945809590918e-16 4.59554737779150e-16 
1.68266418232586e+02 3.89292342538172e-16 4.39629448154665e-16 
1.68539799903151e+02 3.72413234703961e-16 4.20577888394277e-16 
1.68813181573716e+02 3.56274242584331e-16 4.02361210070486e-16 
1.69086563244280e+02 3.40842471629634e-16 3.84942536063100e-16 
1.69359944914845e+02 3.26086677457858e-16 3.68286420568655e-16 
1.69633326585410e+02 3.11976846143128e-16 3.52359213625042e-16 
1.69906708255975e+02 2.98484467180320e-16 3.37128571075330e-16 
1.70180089926539e+02 2.85582152524205e-16 3.22563784914484e-16 
1.70453471597104e+02 2.73243883984055e-16 3.08635338534246e-16 
1.70726853267669e+02 2.61444667396012e-16 2.95315206132693e-16 
1.71000234938234e+02 2.50160756869608e-16 2.82576449008896e-16 
1.71273616608798e+02 2.39369340817325e-16 2.70393486965317e-16 
1.71546998279363e+02 2.29048745243062e-16 2.58741731820748e-16 
1.71820379949928e+02 2.19178148661652e-16 2.47597833455030e-16 
1.72093761620492e+02 2.09737766409852e-16 2.36939347070354e-16 
1.72367143291057e+02 2.00708591767982e-16 2.26744956274337e-16 
1.72640524961622e+02 1.92072563084797e-16 2.16994170946858e-16 
1.72913906632187e+02 1.83812328666213e-16 2.07667529528645e-16 
1.73187288302751e+02 1.75911398334485e-16 1.98746324646764e-16 
1.73460669973316e+02 1.68353929877748e-16 1.90212786569119e-16 
1.73734051643881e+02 1.61124866509460e-16 1.82049834009581e-16 
1.74007433314445e+02 1.54209742879525e-16 1.74241240521855e-16 
1.74280814985010e+02 1.47594809760391e-16 1.66771408147258e-16 
1.74554196655575e+02 1.41266857807933e-16 1.59625518352475e-16 
1.74827578326140e+02 1.35213330674457e-16 1.52789326402406e-16 
1.75100959996704e+02 1.29422164877184e-16 1.46249298293840e-16 
1.75374341667269e+02 1.23881892424382e-16 1.39992423934302e-16 
1.75647723337834e+02 1.18581495302883e-16 1.34006341385747e-16 
1.75921105008399e+02 1.13510498600512e-16 1.28279167110003e-16 
1.76194486678963e+02 1.08658838263120e-16 1.22799608711900e-16 
1.76467868349528e+02 1.04016945603297e-16 1.17556810674606e-16 
1.76741250020093e+02 9.95756271033590e-17 1.12540456678863e-16 
1.77014631690657e+02 9.53261411160546e-17 1.07740629398774e-16 
1.77288013361222e+02 9.12600886040095e-17 1.03147903371553e-16 
1.77561395031787e+02 8.73694827619794e-17 9.87532175565248e-17 
1.77834776702352e+02 8.36466496866450e-17 9.45479596375660e-17 
1.78108158372916e+02 8.00842915810877e-17 9.05238501722059e-17 
1.78381540043481e+02 7.66753964422536e-17 8.66730191282128e-17 
1.78654921714046e+02 7.34132954458225e-17 8.29879005564348e-17 
1.78928303384610e+02 7.02915808234909e-17 7.94613020838845e-17 
1.79201685055175e+02 6.73041579701300e-17 7.60863091430913e-17 
1.79475066725740e+02 6.44451707599041e-17 7.28563480773187e-17 
1.79748448396305e+02 6.17090488665984e-17 6.97650990495074e-17 
1.80021830066869e+02 5.90904398372057e-17 6.68065533535454e-17 
1.80295211737434e+02 5.65842520701444e-17 6.39749342072592e-17 
1.80568593407999e+02 5.41855930280426e-17 6.12647488078067e-17 
1.80841975078564e+02 5.18898082767912e-17 5.86707162868938e-17 
1.81115356749128e+02 4.96924252764450e-17 5.61878149978449e-17 
1.81388738419693e+02 4.75891888462496e-17 5.38112169780433e-17 
1.81662120090258e+02 4.55760100244201e-17 5.15363309094880e-17 
1.81935501760822e+02 4.36489982900591e-17 4.93587424940307e-17 
1.82208883431387e+02 4.18044150295755e-17 4.72742534878274e-17 
1.82482265101952e+02 4.00387028154319e-17 4.52788274498472e-17 
1.82755646772517e+02 3.83484430595808e-17 4.33686252131502e-17 
1.83029028443081e+02 3.67303826209331e-17 4.15399555169253e-17 
1.83302410113646e+02 3.51813952648341e-17 3.97893072435905e-17 
1.83575791784211e+02 3.36985058457491e-17 3.81133044897487e-17 
1.83849173454775e+02 3.22788552268482e-17 3.65087358673863e-17 
1.84122555125340e+02 3.09197222614083e-17 3.49725136100608e-17 
1.84395936795905e+02 2.96184918583649e-17 3.35017002418483e-17 
1.84669318466470e+02 2.83726749625762e-17 3.20934714261382e-17 
1.84942700137034e+02 2.71798794754255e-17 3.07451401837142e-17 
1.85216081807599e+02 2.60378284201071e-17 2.94541229202933e-17 
1.85489463478164e+02 2.49443334700746e-17 2.82179614000509e-17 
1.85762845148729e+02 2.38973114695955e-17 2.70342918910277e-17 
1.86036226819293e+02 2.28947603281997e-17 2.59008651881383e-17 
1.86309608489858e+02 2.19347740442725e-17 2.48155185172816e-17 
1.86582990160423e+02 2.10155207516399e-17 2.37761937452558e-17 
1.86856371830987e+02 2.01352563834083e-17 2.27809117931044e-17 
1.87129753501552e+02 1.92923046763663e-17 2.18277891990102e-17 
1.87403135172117e+02 1.84850695995647e-17 2.09150148142253e-17 
1.87676516842682e+02 1.77120171399528e-17 2.00408648696289e-17 
1.87949898513246e+02 1.69716866086677e-17 1.92036817482900e-17 
1.88223280183811e+02 1.62626740474244e-17 1.84018876924343e-17 
1.88496661854376e+02 1.55836425150378e-17 1.76339665349720e-17 
1.88770043524940e+02 1.49333068880788e-17 1.68984774313422e-17 
1.89043425195505e+02 1.43104431259485e-17 1.61940348802833e-17 
1.89316806866070e+02 1.37138745920927e-17 1.55193173798334e-17 
1.89590188536635e+02 1.31424806794664e-17 1.48730526975861e-17 
1.89863570207199e+02 1.25951842533359e-17 1.42540296617725e-17 
1.90136951877764e+02 1.20709594009000e-17 1.36610835273603e-17 
1.90410333548329e+02 1.15688199865923e-17 1.30931053724669e-17 
1.90683715218893e+02 1.10878267060683e-17 1.25490287613533e-17 
1.90957096889458e+02 1.06270766543130e-17 1.20278382979399e-17 
1.91230478560023e+02 1.01857097471733e-17 1.15285574694278e-17 
1.91503860230588e+02 9.76289921160900e-18 1.10502564334226e-17 
1.91777241901152e+02 9.35785743214716e-18 1.05920409364575e-17 
1.92050623571717e+02 8.96982728082221e-18 1.01530594042044e-17 
1.92324005242282e+02 8.59808744066313e-18 9.73249283875016e-18 
1.92597386912847e+02 8.24194450032409e-18 9.32956127500230e-18 
1.92870768583411e+02 7.90073780194030e-18 8.94351456926784e-18 
1.93144150253976e+02 7.57383223222347e-18 8.57363827917960e-18 
1.93417531924541e+02 7.26062263768934e-18 8.21924526403020e-18 
1.93690913595105e+02 6.96052725014759e-18 7.87968104029930e-18 
1.93964295265670e+02 6.67299170837186e-18 7.55431612137623e-18 
1.94237676936235e+02 6.39748306150766e-18 7.24255089600847e-18 
1.94511058606800e+02 6.13349343268703e-18 6.94380864157166e-18 
1.94784440277364e+02 5.88053454896209e-18 6.65753996843875e-18 
1.95057821947929e+02 5.63814107912783e-18 6.38321644688668e-18 
1.95331203618494e+02 5.40586564341020e-18 6.12033465646527e-18 
1.95604585289058e+02 5.18328185482034e-18 5.86841037201991e-18 
1.95877966959623e+02 4.96997976602729e-18 5.62698225357827e-18 
1.96151348630188e+02 4.76556864089804e-18 5.39560654186873e-18 
1.96424730300753e+02 4.56967279980450e-18 5.17386042101184e-18 
1.96698111971317e+02 4.38193414558033e-18 4.96133717836914e-18 
1.96971493641882e+02 4.20200837198482e-18 4.75764926939087e-18 
1.97244875312447e+02 4.02956726610707e-18 4.56242390067952e-18 
1.97518256983012e+02 3.86429524786771e-18 4.37530582368201e-18 
1.97791638653576e+02 3.70589146890257e-18 4.19595330353508e-18 
1.98065020324141e+02 3.55406665385559e-18 4.02404066586892e-18 
1.98338401994706e+02 3.40854501395925e-18 3.85925461735198e-18 
1.98611783665270e+02 3.26906136348438e-18 3.70129656767467e-18 
1.98885165335835e+02 3.13536286458613e-18 3.54987927075692e-18 
1.99158547006400e+02 3.00720639465306e-18 3.40472894198409e-18 
1.99431928676965e+02 2.88436013748966e-18 3.26558219181202e-18 
1.99705310347529e+02 2.76660117946924e-18 3.13218795651259e-18 
1.99978692018094e+02 2.65371696076333e-18 3.00430451965349e-18 
2.00252073688659e+02 2.54549985639310e-18 2.88170451671217e-18 
2.00525455359223e+02 2.44175087991259e-18 2.76417005810175e-18 
2.00798837029788e+02 2.34228296168053e-18 2.65148929931571e-18 
2.01072218700353e+02 2.24691768535553e-18 2.54345895294331e-18 
2.01345600370918e+02 2.15548345861042e-18 2.43988521028355e-18 
2.01618982041482e+02 2.06781661606076e-18 2.34058160637243e-18 
2.01892363712047e+02 1.98375974839962e-18 2.24537035885964e-18 
2.02165745382612e+02 1.90316270852647e-18 2.15408041815090e-18 
2.02439127053177e+02 1.82588108522465e-18 2.06654868874831e-18 
2.02712508723741e+02 1.75177712108644e-18 1.98261824827075e-18 
2.02985890394306e+02 1.68071831808492e-18 1.90213946169839e-18 
2.03259272064871e+02 1.61257827511895e-18 1.82496835447443e-18 
2.03532653735435e+02 1.54723541395030e-18 1.75096762915642e-18 
2.03806035406000e+02 1.48457374349050e-18 1.68000517911359e-18 
2.04079417076565e+02 1.42448169559326e-18 1.61195501623471e-18 
2.04352798747130e+02 1.36685282256666e-18 1.54669591292923e-18 
2.04626180417694e+02 1.31158473323911e-18 1.48411224876575e-18 
2.04899562088259e+02 1.25857972960005e-18 1.42409276957202e-18 
2.05172943758824e+02 1.20774383440265e-18 1.36653136017291e-18 
2.05446325429388e+02 1.15898737230839e-18 1.31132591037414e-18 
2.05719707099953e+02 1.11222408105970e-18 1.25837902032741e-18 
2.05993088770518e+02 1.06737164202344e-18 1.20759696408372e-18 
2.06266470441083e+02 1.02435086766791e-18 1.15889033353015e-18 
2.06539852111647e+02 9.83086185963677e-19 1.11217309101969e-18 
2.06813233782212e+02 9.43504897538094e-19 1.06736315729343e-18 
2.07086615452777e+02 9.05537617994508e-19 1.02438154544162e-18 
2.07359997123342e+02 8.69117598699554e-19 9.83152897742322e-19 
2.07633378793906e+02 8.34181130720205e-19 9.43604693889514e-19 
2.07906760464471e+02 8.00666923729465e-19 9.05667741240196e-19 
2.08180142135036e+02 7.68516474931716e-19 8.69275450865978e-19 
2.08453523805600e+02 7.37673501055734e-19 8.34364285300924e-19 
2.08726905476165e+02 7.08084275339396e-19 8.00873096538507e-19 
2.09000287146730e+02 6.79697108019413e-19 7.68743535008955e-19 
2.09273668817295e+02 6.52462654173939e-19 7.37919444158699e-19 
2.09547050487859e+02 6.26333438519907e-19 7.08347234054910e-19 
2.09820432158424e+02 6.01264136664026e-19 6.79975327654268e-19 
2.10093813828989e+02 5.77211140384583e-19 6.52754502131145e-19 
2.10367195499553e+02 5.54132814615492e-19 6.26637382370501e-19 
2.10640577170118e+02 5.31989099723080e-19 6.01578752841916e-19 
2.10913958840683e+02 5.10741746342252e-19 5.77535094241572e-19 
2.11187340511248e+02 4.90353951462981e-19 5.54464868484714e-19 
2.11460722181812e+02 4.70790573050450e-19 5.32328094777389e-19 
2.11734103852377e+02 4.52017797033352e-19 5.11086610072499e-19 
2.12007485522942e+02 4.34003333469392e-19 4.90703681176272e-19 
2.12280867193507e+02 4.16716111780471e-19 4.71144242806112e-19 
2.12554248864071e+02 4.00126460069655e-19 4.52374542632437e-19 
2.12827630534636e+02 3.84205826179040e-19 4.34362358887986e-19 
2.13101012205201e+02 3.68926941622863e-19 4.17076675515360e-19 
2.13374393875765e+02 3.54263566254285e-19 4.00487881105711e-19 
2.13647775546330e+02 3.40190638150508e-19 3.84567471568211e-19 
2.13921157216895e+02 3.26684039866657e-19 3.69288232019674e-19 
2.14194538887460e+02 3.13720735491406e-19 3.54623964616505e-19 
2.14467920558024e+02 3.01278556641284e-19 3.40549654874252e-19 
2.14741302228589e+02 2.89336327798365e-19 3.27041222507212e-19 
2.15014683899154e+02 2.77873670358126e-19 3.14075673527133e-19 
2.15288065569718e+02 2.66871117263296e-19 3.01630872122327e-19 
2.15561447240283e+02 2.56309933564214e-19 2.89685679766369e-19 
2.15834828910848e+02 2.46172221274138e-19 2.78219746338892e-19 
2.16108210581413e+02 2.36440755034100e-19 2.67213637367394e-19 
2.16381592251977e+02 2.27099078034045e-19 2.56648642747279e-19 
2.16654973922542e+02 2.18131351495619e-19 2.46506893141572e-19 
2.16928355593107e+02 2.09522442429741e-19 2.36771184799621e-19 
2.17201737263672e+02 2.01257785761622e-19 2.27425086050003e-19 
2.17475118934236e+02 1.93323464628091e-19 2.18452776846708e-19 
2.17748500604801e+02 1.85706084070343e-19 2.09839146208838e-19 
2.18021882275366e+02 1.78392844513042e-19 2.01569645241291e-19 
2.18295263945930e+02 1.71371426042671e-19 1.93630376300427e-19 
2.18568645616495e+02 1.64630055654510e-19 1.86007958344094e-19 
2.18842027287060e+02 1.58157401218826e-19 1.78689608534572e-19 
2.19115408957625e+02 1.51942633030848e-19 1.71663018871245e-19 
2.19388790628189e+02 1.45975326644046e-19 1.64916430880259e-19 
2.19662172298754e+02 1.40245519211724e-19 1.58438522573035e-19 
2.19935553969319e+02 1.34743620436990e-19 1.52218476815628e-19 
2.20208935639883e+02 1.29460464152176e-19 1.46245877738388e-19 
2.20482317310448e+02 1.24387226699343e-19 1.40510773326527e-19 
2.20755698981013e+02 1.19515474155050e-19 1.35003580481180e-19 
2.21029080651578e+02 1.14837087513914e-19 1.29715142325734e-19 
2.21302462322142e+02 1.10344305930966e-19 1.24636641187025e-19 
2.21575843992707e+02 1.06029658134396e-19 1.19759651069147e-19 
2.21849225663272e+02 1.01886002025513e-19 1.15076057886058e-19 
2.22122607333836e+02 9.79064617957932e-20 1.10578107515487e-19 
2.22395989004401e+02 9.40844641950906e-20 1.06258332671352e-19 
2.22669370674966e+02 9.04136808728328e-20 1.02109596914757e-19 
2.22942752345531e+02 8.68880615983126e-20 9.81250276067907e-20 
2.23216134016095e+02 8.35017813867814e-20 9.42980562210429e-20 
2.23489515686660e+02 8.02492709311771e-20 9.06223568650810e-20 
2.23762897357225e+02 7.71251681112226e-20 8.70918832091987e-20 
2.24036279027790e+02 7.41243458736121e-20 8.37008121084284e-20 
2.24309660698354e+02 7.12418677563764e-20 8.04435774351464e-20 
2.24583042368919e+02 6.84730134341567e-20 7.73148183732915e-20 
2.24856424039484e+02 6.58132379213156e-20 7.43094104176982e-20 
2.25129805710048e+02 6.32581949803108e-20 7.14224179485981e-20 
2.25403187380613e+02 6.08036996955671e-20 6.86491226379630e-20 
2.25676569051178e+02 5.84457499259653e-20 6.59849799456219e-20 
2.25949950721743e+02 5.61804919675790e-20 6.34256451522681e-20 
2.26223332392307e+02 5.40042402157728e-20 6.09669334489484e-20 
2.26496714062872e+02 5.19134456587611e-20 5.86048437975463e-20 
2.26770095733437e+02 4.99047139006350e-20 5.63355223131925e-20 
2.27043477404001e+02 4.79747762495125e-20 5.41552841358420e-20 
2.27316859074566e+02 4.61205062398677e-20 5.20605798305804e-20 
2.27590240745131e+02 4.43388930989883e-20 5.00480154381990e-20 
2.27863622415696e+02 4.26270568951547e-20 4.81143216416137e-20 
2.28137004086260e+02 4.09822241843644e-20 4.62563721489934e-20 
2.28410385756825e+02 3.94017419001070e-20 4.44711553957643e-20 
2.28683767427390e+02 3.78830549990006e-20 4.27557914007367e-20 
2.28957149097955e+02 3.64237191980392e-20 4.11075057926155e-20 
2.29230530768519e+02 3.50213804530510e-20 3.95236452675944e-20 
2.29503912439084e+02 3.36737866402761e-20 3.80016537470668e-20 
2.29777294109649e+02 3.23787687155229e-20 3.65390865542171e-20 
2.30050675780213e+02 3.11342514286922e-20 3.51335885259010e-20 
2.30324057450778e+02 2.99382360242837e-20 3.37829070157582e-20 
2.30597439121343e+02 2.87888100699543e-20 3.24848717981078e-20 
2.30870820791908e+02 2.76841315707172e-20 3.12374069959726e-20 
2.31144202462472e+02 2.66224379857377e-20 3.00385126284572e-20 
2.31417584133037e+02 2.56020316392671e-20 2.88862755537157e-20 
2.31690965803602e+02 2.46212879935878e-20 2.77788525237308e-20 
2.31964347474166e+02 2.36786422495172e-20 2.67144802246220e-20 
2.32237729144731e+02 2.27725969376608e-20 2.56914597141440e-20 
2.32511110815296e+02 2.19017096102849e-20 2.47081656347462e-20 
2.32784492485861e+02 2.10645998077795e-20 2.37630319195464e-20 
2.33057874156425e+02 2.02599377519018e-20 2.28545602471729e-20 
2.33331255826990e+02 1.94864507395430e-20 2.19813069115188e-20 
2.33604637497555e+02 1.87429127548573e-20 2.11418905815637e-20 
2.33878019168120e+02 1.80281503380288e-20 2.03349802389552e-20 
2.34151400838684e+02 1.73410330406783e-20 1.95593023006731e-20 
2.34424782509249e+02 1.66804788133057e-20 1.88136295364918e-20 
2.34698164179814e+02 1.60454452346647e-20 1.80967876074660e-20 
2.34971545850378e+02 1.54349344578784e-20 1.74076448826564e-20 
2.35244927520943e+02 1.48479851502376e-20 1.67451184419536e-20 
2.35518309191508e+02 1.42836770346247e-20 1.61081647181692e-20 
2.35791690862073e+02 1.37411234814723e-20 1.54957850086631e-20 
2.36065072532637e+02 1.32194756790497e-20 1.49070168750663e-20 
2.36338454203202e+02 1.27179158241550e-20 1.43409392044202e-20 
2.36611835873767e+02 1.22356609520022e-20 1.37966643043952e-20 
2.36885217544331e+02 1.17719566766515e-20 1.32733425512264e-20 
2.37158599214896e+02 1.13260807086582e-20 1.27701551234491e-20 
2.37431980885461e+02 1.08973371003062e-20 1.22863182707859e-20 
2.37705362556026e+02 1.04850594768217e-20 1.18210766341450e-20 
2.37978744226590e+02 1.00886057451939e-20 1.13737071667538e-20 
2.38252125897155e+02 9.70736106260008e-21 1.09435129924917e-20 
2.38525507567720e+02 9.34073297100490e-21 1.05298270079500e-20 
2.38798889238285e+02 8.98815412446774e-21 1.01320062351334e-20 
2.39072270908849e+02 8.64907781483566e-21 9.74943513072950e-21 
2.39345652579414e+02 8.32298047779535e-21 9.38152039284833e-21 
2.39619034249979e+02 8.00935757783736e-21 9.02769400155584e-21 
2.39892415920543e+02 7.70772591126197e-21 8.68740844257857e-21 
2.40165797591108e+02 7.41761982121999e-21 8.36013950118502e-21 
2.40439179261673e+02 7.13859331436626e-21 8.04538186897463e-21 
2.40712560932238e+02 6.87021657918202e-21 7.74265171138283e-21 
2.40985942602802e+02 6.61207793157952e-21 7.45148262639863e-21 
2.41259324273367e+02 6.36378061191542e-21 7.17142800425251e-21 
2.41532705943932e+02 6.12494457357875e-21 6.90205730946703e-21 
2.41806087614496e+02 5.89520353612605e-21 6.64295824974447e-21 
2.42079469285061e+02 5.67420662972096e-21 6.39373335510555e-21 
2.42352850955626e+02 5.46161568367475e-21 6.15400197157935e-21 
2.42626232626191e+02 5.25710673853970e-21 5.92339711451133e-21 
2.42899614296755e+02 5.06036755095869e-21 5.70156730370092e-21 
2.43172995967320e+02 4.87109898407980e-21 5.48817366873541e-21 
2.43446377637885e+02 4.68901271117984e-21 5.28289163632989e-21 
2.43719759308450e+02 4.51383249433410e-21 5.08540826620912e-21 
2.43993140979014e+02 4.34529207078768e-21 4.89542380269972e-21 
2.44266522649579e+02 4.18313632899358e-21 4.71264922252861e-21 
2.44539904320144e+02 4.02711936301604e-21 4.53680766172418e-21 
2.44813285990708e+02 3.87700555429819e-21 4.36763215822674e-21 
2.45086667661273e+02 3.73256778058303e-21 4.20486696424787e-21 
2.45360049331838e+02 3.59358841108226e-21 4.04826546799158e-21 
2.45633431002403e+02 3.45985765750272e-21 3.89759140079170e-21 
2.45906812672967e+02 3.33117448965529e-21 3.75261692353292e-21 
2.46180194343532e+02 3.20734511718503e-21 3.61312373712960e-21 
2.46453576014097e+02 3.08818383207874e-21 3.47890132042344e-21 
2.46726957684661e+02 2.97351161062307e-21 3.34974792658235e-21 
2.47000339355226e+02 2.86315689043539e-21 3.22546893516587e-21 
2.47273721025791e+02 2.75695428470908e-21 3.10587779246649e-21 
2.47547102696356e+02 2.65474529748162e-21 2.99079451702530e-21 
2.47820484366920e+02 2.55637713961983e-21 2.88004656482079e-21 
2.48093866037485e+02 2.46170338732899e-21 2.77346745252944e-21 
2.48367247708050e+02 2.37058289176018e-21 2.67089755370493e-21 
2.48640629378615e+02 2.28288038534972e-21 2.57218283043439e-21 
2.48914011049179e+02 2.19846547758331e-21 2.47717556616687e-21 
2.49187392719744e+02 2.11721321337364e-21 2.38573319719724e-21 
2.49460774390309e+02 2.03900314811324e-21 2.29771898735948e-21 
2.49734156060873e+02 1.96371986194715e-21 2.21300095148806e-21 
2.50007537731438e+02 1.89125210779340e-21 2.13145247678577e-21 
2.50280919402003e+02 1.82149328504416e-21 2.05295133107110e-21 
2.50554301072568e+02 1.75434065473351e-21 1.97738023525452e-21 
2.50827682743132e+02 1.68969577590284e-21 1.90462608593366e-21 
2.51101064413697e+02 1.62746377348419e-21 1.83458048284271e-21 
2.51374446084262e+02 1.56755374033216e-21 1.76713875149641e-21 
2.51647827754826e+02 1.50987807102237e-21 1.70220043093997e-21 
2.51921209425391e+02 1.45435283214524e-21 1.63966850007124e-21 
2.52194591095956e+02 1.40089714831703e-21 1.57944982775279e-21 
2.52467972766521e+02 1.34943354321857e-21 1.52145446059601e-21 
2.52741354437085e+02 1.29988737361975e-21 1.46559603856060e-21 
2.53014736107650e+02 1.25218714343786e-21 1.41179113945438e-21 
2.53288117778215e+02 1.20626398190530e-21 1.35995966282705e-21 
2.53561499448780e+02 1.16205193273516e-21 1.31002422675138e-21 
2.53834881119344e+02 1.11948747286897e-21 1.26191052249617e-21 
2.54108262789909e+02 1.07850977867157e-21 1.21554675941272e-21 
2.54381644460474e+02 1.03906028198429e-21 1.17086399254918e-21 
2.54655026131038e+02 1.00108291512734e-21 1.12779561168000e-21 
2.54928407801603e+02 9.64523701256804e-22 1.08627764370833e-21 
2.55201789472168e+02 9.29330979830018e-22 1.04624828206118e-21 
2.55475171142733e+02 8.95455028524171e-22 1.00764816543343e-21 
2.55748552813297e+02 8.62848270716817e-22 9.70419943948679e-22 
2.56021934483862e+02 8.31464926470419e-22 9.34508535546690e-22 
2.56295316154427e+02 8.01261203493186e-22 8.99860725503371e-22 
2.56568697824991e+02 7.72194974926572e-22 8.66425401574445e-22 
2.56842079495556e+02 7.44225955177056e-22 8.34153183699232e-22 
2.57115461166121e+02 7.17315402459781e-22 8.02996638902493e-22 
2.57388842836686e+02 6.91426280824520e-22 7.72909938290146e-22 
2.57662224507250e+02 6.66522985605062e-22 7.43849052683869e-22 
2.57935606177815e+02 6.42571492896886e-22 7.15822773777770e-22 
2.58208987848380e+02 6.19535736269343e-22 6.88841501658056e-22 
2.58482369518944e+02 5.97381125852641e-22 6.62865617261156e-22 
2.58755751189509e+02 5.76074310361059e-22 6.37857158323266e-22 
2.59029132860074e+02 5.55583300562607e-22 6.13779546729664e-22 
2.59302514530639e+02 5.35877249468921e-22 5.90597736873092e-22 
2.59575896201203e+02 5.16926566353755e-22 5.68277964783682e-22 
2.59849277871768e+02 4.98702713641020e-22 5.46787884632467e-22 
2.60122659542333e+02 4.81178312239063e-22 5.26096337927830e-22 
2.60396041212898e+02 4.64326953775443e-22 5.06173479126091e-22 
2.60669422883462e+02 4.48123297950898e-22 4.86990563318571e-22 
2.60942804554027e+02 4.32542898877029e-22 4.68520061834993e-22 
2.61216186224592e+02 4.17562295095869e-22 4.50735466972093e-22 
2.61489567895156e+02 4.03158848875484e-22 4.33611398405782e-22 
2.61762949565721e+02 3.89310829487708e-22 4.17123423628794e-22 
2.62036331236286e+02 3.75997264407459e-22 4.00691383129307e-22 
2.62309712906851e+02 3.63234250587093e-22 3.84291972770127e-22 
2.62583094577415e+02 3.51002337540770e-22 3.68458748125599e-22 
2.62856476247980e+02 3.39282942635985e-22 3.53167946122860e-22 
2.63129857918545e+02 3.28058222835876e-22 3.38396708070291e-22 
2.63403239589109e+02 3.17311140674496e-22 3.24122934941528e-22 
2.63676621259674e+02 3.07025345559444e-22 3.10325356582550e-22 
2.63950002930239e+02 2.97185235401123e-22 2.96983399025170e-22 
2.64223384600804e+02 2.87775846671009e-22 2.84077247165130e-22 
2.64496766271368e+02 2.78782912101116e-22 2.71587723184533e-22 
2.64770147941933e+02 2.70192758755622e-22 2.59496343158525e-22 
2.65043529612498e+02 2.61992362187061e-22 2.47785205743412e-22 
2.65316911283063e+02 2.54169251836159e-22 2.36437043127287e-22 
2.65590292953627e+02 2.46711562004292e-22 2.25435119211796e-22 
2.65863674624192e+02 2.39607943948674e-22 2.14763275283050e-22 
2.66137056294757e+02 2.32847614006185e-22 2.04405836980423e-22 
2.66410437965321e+02 2.26420271798856e-22 1.94347655027941e-22 
2.66683819635886e+02 2.20316145822110e-22 1.84574020344014e-22 
2.66957201306451e+02 2.14525917219150e-22 1.75070700139919e-22 
2.67230582977016e+02 2.09040763126777e-22 1.65823860579984e-22 
2.67503964647580e+02 2.03852285517173e-22 1.56820098522707e-22 
2.67777346318145e+02 1.98952552576582e-22 1.48046371192337e-22 
2.68050727988710e+02 1.94334032149374e-22 1.39490023809120e-22 
2.68324109659274e+02 1.89989631408875e-22 1.31138725780697e-22 
2.68597491329839e+02 1.85912634471760e-22 1.22980494440964e-22 
2.68870873000404e+02 1.82096740606072e-22 1.15003637313573e-22 
2.69144254670969e+02 1.78536005614176e-22 1.07196772153604e-22 
2.69417636341533e+02 1.75224878810388e-22 9.95487748760590e-23 
2.69691018012098e+02 1.72158147798156e-22 9.20487960708751e-23 
2.69964399682663e+02 1.69330974438611e-22 8.46862142269099e-23 
2.70237781353228e+02 1.66738842672544e-22 7.74506488685291e-23 
2.70511163023792e+02 1.64377593691512e-22 7.03319187404801e-23 
2.70784544694357e+02 1.62243376477720e-22 6.33200516933117e-23 
2.71057926364922e+02 1.60332682380977e-22 5.64052475269283e-23 
2.71331308035486e+02 1.58642298069943e-22 4.95778847322172e-23 
2.71604689706051e+02 1.57169339711163e-22 4.28284877212349e-23 
2.71878071376616e+02 1.55911208043473e-22 3.61477305135531e-23 
2.72151453047181e+02 1.54865622349449e-22 2.95264081091481e-23 
2.72424834717745e+02 1.54030577381212e-22 2.29554371899472e-23 
2.72698216388310e+02 1.53404377309901e-22 1.64258314177512e-23 
2.72971598058875e+02 1.52985594245794e-22 9.92869920424516e-24 
2.73244979729439e+02 1.52773102347749e-22 6.68808861384572e-24 
