Energy(eV)           EEDF(eV^-(3/2))      Anisotropy(eV^-(3/2))
3.84430309757747e-02 5.22943656544419e-02 1.05845646348033e-03 
1.15329092927324e-01 5.22615470065074e-02 4.35971487881376e-03 
1.92215154878873e-01 5.22535699733080e-02 4.45426301217875e-03 
2.69101216830423e-01 5.22495355312037e-02 4.58379360656514e-03 
3.45987278781972e-01 5.22432232994585e-02 4.68984598871490e-03 
4.22873340733521e-01 5.22322768133903e-02 4.79037941856368e-03 
4.99759402685070e-01 5.22163042766080e-02 4.89127788300826e-03 
5.76645464636620e-01 5.21952160537841e-02 4.99090065238988e-03 
6.53531526588169e-01 5.21688867046016e-02 5.08862117834444e-03 
7.30417588539718e-01 5.21371325380443e-02 5.18400724341713e-03 
8.07303650491268e-01 5.20998235733746e-02 5.27673690266856e-03 
8.84189712442817e-01 5.20568044015938e-02 5.36662182097120e-03 
9.61075774394366e-01 5.20079236016291e-02 5.45374161508313e-03 
1.03796183634592e+00 5.19530367914193e-02 5.53766165472304e-03 
1.11484789829747e+00 5.18930296591533e-02 5.61874390846544e-03 
1.19173396024901e+00 5.18278194360124e-02 5.69638718222755e-03 
1.26862002220056e+00 5.17570775939879e-02 5.77091359359375e-03 
1.34550608415211e+00 5.16803853470715e-02 5.84279957562060e-03 
1.42239214610366e+00 5.15982327456112e-02 5.91271821315797e-03 
1.49927820805521e+00 5.15105404072916e-02 5.98067742355062e-03 
1.57616427000676e+00 5.14178766669399e-02 6.04716749254740e-03 
1.65305033195831e+00 5.13208566644462e-02 6.11217394065758e-03 
1.72993639390986e+00 5.12194374143052e-02 6.17516838721168e-03 
1.80682245586141e+00 5.11135850075357e-02 6.23582656397398e-03 
1.88370851781296e+00 5.10032744553601e-02 6.29397852733660e-03 
1.96059457976451e+00 5.08879858822689e-02 6.34947724892249e-03 
2.03748064171606e+00 5.07664488678728e-02 6.40185942206501e-03 
2.11436670366761e+00 5.06386358071537e-02 6.45088523808173e-03 
2.19125276561916e+00 5.05057579949335e-02 6.49656886960989e-03 
2.26813882757070e+00 5.03679295350004e-02 6.53869633491215e-03 
2.34502488952225e+00 5.02244360748587e-02 6.57706286553813e-03 
2.42191095147380e+00 5.00753021157037e-02 6.61159192660470e-03 
2.49879701342535e+00 4.99205661893339e-02 6.64185594324040e-03 
2.57568307537690e+00 4.97596988359314e-02 6.66737374792173e-03 
2.65256913732845e+00 4.95921423287506e-02 6.68812571073621e-03 
2.72945519928000e+00 4.94179742742236e-02 6.70441004838987e-03 
2.80634126123155e+00 4.92372768228703e-02 6.71652313157649e-03 
2.88322732318310e+00 4.90504954597866e-02 6.72475045621443e-03 
2.96011338513465e+00 4.88579784895326e-02 6.72936343662339e-03 
3.03699944708620e+00 4.86598175011024e-02 6.73061715975869e-03 
3.11388550903775e+00 4.84567126653610e-02 6.72870516765576e-03 
3.19077157098930e+00 4.82487714637850e-02 6.72377401933550e-03 
3.26765763294085e+00 4.80360921639314e-02 6.71592661746988e-03 
3.34454369489239e+00 4.78187773720225e-02 6.70521165065432e-03 
3.42142975684394e+00 4.75969350371955e-02 6.69167120317901e-03 
3.49831581879549e+00 4.73706776026316e-02 6.67529413523683e-03 
3.57520188074704e+00 4.71401262486984e-02 6.65604659797204e-03 
3.65208794269859e+00 4.69054625708363e-02 6.63403246187967e-03 
3.72897400465014e+00 4.66670631556844e-02 6.60944954303203e-03 
3.80586006660169e+00 4.64250500575109e-02 6.58251675368080e-03 
3.88274612855324e+00 4.61795427528763e-02 6.55341644360524e-03 
3.95963219050479e+00 4.59306592618018e-02 6.52230910650457e-03 
4.03651825245634e+00 4.56785157004728e-02 6.48934603164713e-03 
4.11340431440789e+00 4.54227033563213e-02 6.45470337289176e-03 
4.19029037635944e+00 4.51633270243605e-02 6.41846723040783e-03 
4.26717643831099e+00 4.49005048409224e-02 6.38072343036247e-03 
4.34406250026254e+00 4.46343553055733e-02 6.34155368666719e-03 
4.42094856221409e+00 4.43649966420303e-02 6.30105559241550e-03 
4.49783462416563e+00 4.40925455671828e-02 6.25933370193243e-03 
4.57472068611718e+00 4.38174429532263e-02 6.21645489029366e-03 
4.65160674806873e+00 4.35401605613149e-02 6.17250550942788e-03 
4.72849281002028e+00 4.32608009709922e-02 6.12761698783616e-03 
4.80537887197183e+00 4.29794636541543e-02 6.08189290290975e-03 
4.88226493392338e+00 4.26962453085998e-02 6.03542574944234e-03 
4.95915099587493e+00 4.24112400197065e-02 5.98829095049625e-03 
5.03603705782648e+00 4.21245402390501e-02 5.94053908734989e-03 
5.11292311977803e+00 4.18356032979045e-02 5.89230032368428e-03 
5.18980918172958e+00 4.15445064574527e-02 5.84362177489899e-03 
5.26669524368113e+00 4.12513447055852e-02 5.79457420368371e-03 
5.34358130563268e+00 4.09562106574645e-02 5.74522095053496e-03 
5.42046736758423e+00 4.06591944859269e-02 5.69562697275645e-03 
5.49735342953578e+00 4.03603834307767e-02 5.64585786937034e-03 
5.57423949148732e+00 4.00598618202295e-02 5.59596909714616e-03 
5.65112555343887e+00 3.97577117366673e-02 5.54600816202224e-03 
5.72801161539042e+00 3.94540128769448e-02 5.49602415618335e-03 
5.80489767734197e+00 3.91488422229421e-02 5.44606463139829e-03 
5.88178373929352e+00 3.88422742408463e-02 5.39617314269466e-03 
5.95866980124507e+00 3.85343808432948e-02 5.34638980367748e-03 
6.03555586319662e+00 3.82252315554091e-02 5.29674755099638e-03 
6.11244192514817e+00 3.79146128933000e-02 5.24730757996349e-03 
6.18932798709972e+00 3.76025834873828e-02 5.19809053693501e-03 
6.26621404905127e+00 3.72892103588748e-02 5.14912796756684e-03 
6.34310011100282e+00 3.69745581532517e-02 5.10044831159578e-03 
6.41998617295437e+00 3.66586891165430e-02 5.05207998259500e-03 
6.49687223490592e+00 3.63416629340916e-02 5.00405162661803e-03 
6.57375829685747e+00 3.60235366742407e-02 4.95639012045028e-03 
6.65064435880902e+00 3.57043648825626e-02 4.90911898166611e-03 
6.72753042076056e+00 3.53841997472422e-02 4.86225843808593e-03 
6.80441648271211e+00 3.50630912119204e-02 4.81582563881850e-03 
6.88130254466366e+00 3.47410871400958e-02 4.76983510132631e-03 
6.95818860661521e+00 3.44182333929845e-02 4.72429944232798e-03 
7.03507466856676e+00 3.40945739156596e-02 4.67921966680214e-03 
7.11196073051831e+00 3.37686721774450e-02 4.63470870135133e-03 
7.18884679246986e+00 3.34405291077898e-02 4.59068805040583e-03 
7.26573285442141e+00 3.31102117025284e-02 4.54716133618322e-03 
7.34261891637296e+00 3.27777847686004e-02 4.50413469116388e-03 
7.41950497832451e+00 3.24433109649141e-02 4.46161362890314e-03 
7.49639104027606e+00 3.21068507976919e-02 4.41960318293126e-03 
7.57327710222761e+00 3.17684626472925e-02 4.37810751806171e-03 
7.65016316417916e+00 3.14282028293670e-02 4.33712960010239e-03 
7.72704922613071e+00 3.10861256837015e-02 4.29667121227338e-03 
7.80393528808225e+00 3.07422836466347e-02 4.25673305036041e-03 
7.88082135003380e+00 3.03967273381814e-02 4.21731477780367e-03 
7.95770741198535e+00 3.00495056379912e-02 4.17841521983306e-03 
8.03459347393690e+00 2.97006657520842e-02 4.14002923569780e-03 
8.11147953588845e+00 2.93512294912683e-02 4.10210146079254e-03 
8.18836559784000e+00 2.90012741135581e-02 4.06468407354045e-03 
8.26525165979155e+00 2.86508237980852e-02 4.02777687030762e-03 
8.34213772174310e+00 2.82999016295082e-02 3.99137636548685e-03 
8.41902378369465e+00 2.79485296171532e-02 3.95547892326983e-03 
8.49590984564620e+00 2.75967287278928e-02 3.92008060691003e-03 
8.57279590759775e+00 2.72445189337262e-02 3.88517711202194e-03 
8.64968196954930e+00 2.68919192594961e-02 3.85076377984817e-03 
8.72656803150085e+00 2.65389478313839e-02 3.81683563498197e-03 
8.80345409345239e+00 2.61856219208712e-02 3.78338744612690e-03 
8.88034015540394e+00 2.58319579847616e-02 3.75041376150105e-03 
8.95722621735549e+00 2.54779717047914e-02 3.71790893513032e-03 
9.03411227930704e+00 2.51236780246489e-02 3.68586719136794e-03 
9.11099834125859e+00 2.47690911789442e-02 3.65428265095944e-03 
9.18788440321014e+00 2.44142247263488e-02 3.62314929563184e-03 
9.26477046516169e+00 2.40590915864482e-02 3.59246096924497e-03 
9.34165652711324e+00 2.37037040739197e-02 3.56221146345492e-03 
9.41854258906479e+00 2.33480739195410e-02 3.53239456886559e-03 
9.49542865101634e+00 2.29922122945415e-02 3.50300404400669e-03 
9.57231471296789e+00 2.26361298379266e-02 3.47403360779653e-03 
9.64920077491944e+00 2.22798366826668e-02 3.44547694825036e-03 
9.72608683687099e+00 2.19233424815821e-02 3.41732772531366e-03 
9.80297289882254e+00 2.15666564332216e-02 3.38957960468063e-03 
9.87985896077408e+00 2.12097873008850e-02 3.36222627801666e-03 
9.95674502272563e+00 2.08527434341569e-02 3.33526144758911e-03 
1.00336310846772e+01 2.04955327909840e-02 3.30863345096349e-03 
1.01105171466287e+01 2.01414215827516e-02 3.28221560303555e-03 
1.01874032085803e+01 1.97905808717312e-02 3.25616461381452e-03 
1.02642892705318e+01 1.94429632213434e-02 3.23048549363154e-03 
1.03411753324834e+01 1.90985220204986e-02 3.20517203130027e-03 
1.04180613944349e+01 1.87572114696595e-02 3.18021810948778e-03 
1.04949474563865e+01 1.84189865678548e-02 3.15561768928687e-03 
1.05718335183380e+01 1.80838031021646e-02 3.13136480478095e-03 
1.06487195802896e+01 1.77516176360012e-02 3.10745356229688e-03 
1.07256056422411e+01 1.74223874988541e-02 3.08387813574680e-03 
1.08024917041927e+01 1.70960707756621e-02 3.06063277432704e-03 
1.08793777661442e+01 1.67726262950172e-02 3.03771180618728e-03 
1.09562638280958e+01 1.64520136178631e-02 3.01510964088525e-03 
1.10331498900473e+01 1.61341930252889e-02 2.99282077947414e-03 
1.11100359519989e+01 1.58191255052068e-02 2.97083981088895e-03 
1.11869220139504e+01 1.55067727410360e-02 2.94916139955837e-03 
1.12638080759020e+01 1.51970971011152e-02 2.92778028744177e-03 
1.13406941378535e+01 1.48900616270612e-02 2.90669131150878e-03 
1.14175801998051e+01 1.45856300196120e-02 2.88588940967675e-03 
1.14944662617566e+01 1.42837666258698e-02 2.86536961162055e-03 
1.15713523237082e+01 1.39844364272113e-02 2.84502333546978e-03 
1.16482383856597e+01 1.36875986471413e-02 2.82455749077053e-03 
1.17251244476113e+01 1.33932556264947e-02 2.80369021070902e-03 
1.18020105095628e+01 1.31014490673434e-02 2.78231030114737e-03 
1.18788965715144e+01 1.28122248121050e-02 2.76034881674046e-03 
1.19557826334659e+01 1.25256280196823e-02 2.73772199777051e-03 
1.20326686954175e+01 1.22417264600441e-02 2.71442117942416e-03 
1.21095547573690e+01 1.19606057675427e-02 2.69049302630763e-03 
1.21864408193206e+01 1.16823248102209e-02 2.66598511625381e-03 
1.22633268812721e+01 1.14069355784872e-02 2.64094296079614e-03 
1.23402129432237e+01 1.11344852116708e-02 2.61541090334480e-03 
1.24170990051752e+01 1.08650161300731e-02 2.58943221925271e-03 
1.24939850671268e+01 1.05985661662685e-02 2.56304911757251e-03 
1.25708711290783e+01 1.03351686955189e-02 2.53630274516485e-03 
1.26477571910299e+01 1.00748527649537e-02 2.50923319225949e-03 
1.27246432529814e+01 9.81764322156975e-03 2.48187950086940e-03 
1.28015293149330e+01 9.56356083841813e-03 2.45427967547777e-03 
1.28784153768845e+01 9.31262243915393e-03 2.42646899586629e-03 
1.29553014388361e+01 9.06484078357571e-03 2.39846899632822e-03 
1.30321875007876e+01 8.82022420462230e-03 2.37018858145402e-03 
1.31090735627392e+01 8.57876787333193e-03 2.34142233707837e-03 
1.31859596246907e+01 8.34051404031437e-03 2.31204040901092e-03 
1.32628456866423e+01 8.10551662429667e-03 2.28204002466399e-03 
1.33397317485938e+01 7.87382976777136e-03 2.25145293988729e-03 
1.34166178105454e+01 7.64550128307394e-03 2.22031808228858e-03 
1.34935038724969e+01 7.42057897813841e-03 2.18868420036069e-03 
1.35703899344485e+01 7.19910274199492e-03 2.15660306864617e-03 
1.36472759964000e+01 6.98110874843794e-03 2.12412930713740e-03 
1.37241620583516e+01 6.76662813067086e-03 2.09132518517640e-03 
1.38010481203031e+01 6.55568539330569e-03 2.05825381760894e-03 
1.38779341822546e+01 6.34829866550591e-03 2.02491797065671e-03 
1.39548202442062e+01 6.14446738775477e-03 1.99122128757454e-03 
1.40317063061577e+01 5.94420964377498e-03 1.95706954695978e-03 
1.41085923681093e+01 5.74756211984635e-03 1.92243923172916e-03 
1.41854784300608e+01 5.55455826969506e-03 1.88733826172624e-03 
1.42623644920124e+01 5.36523479618048e-03 1.85178136211086e-03 
1.43392505539639e+01 5.17962331824408e-03 1.81579170843416e-03 
1.44161366159155e+01 4.99775788853225e-03 1.77941822772699e-03 
1.44930226778670e+01 4.81967047054825e-03 1.74272797791220e-03 
1.45699087398186e+01 4.64538082223518e-03 1.70576971056433e-03 
1.46467948017701e+01 4.47490369028204e-03 1.66858783855000e-03 
1.47236808637217e+01 4.30825587791613e-03 1.63124313013500e-03 
1.48005669256732e+01 4.14544347363329e-03 1.59379861505425e-03 
1.48774529876248e+01 3.98646899828716e-03 1.55631769014225e-03 
1.49543390495763e+01 3.83132932451518e-03 1.51887054758588e-03 
1.50312251115279e+01 3.68001452769133e-03 1.48157070191770e-03 
1.51081111734794e+01 3.53330494064152e-03 1.44440273567693e-03 
1.51849972354310e+01 3.39121498952248e-03 1.40748885175304e-03 
1.52618832973825e+01 3.25366912755318e-03 1.37088854646562e-03 
1.53387693593341e+01 3.12058747087786e-03 1.33464949499945e-03 
1.54156554212856e+01 2.99188631339427e-03 1.29881547662200e-03 
1.54925414832372e+01 2.86747861272574e-03 1.26342654203338e-03 
1.55694275451887e+01 2.74727444797153e-03 1.22851918046422e-03 
1.56463136071403e+01 2.63118144992170e-03 1.19412648587570e-03 
1.57231996690918e+01 2.51910520449193e-03 1.16027823277473e-03 
1.58000857310434e+01 2.41094849448001e-03 1.12666299966726e-03 
1.58769717929949e+01 2.30662652817888e-03 1.09332653948516e-03 
1.59538578549465e+01 2.20604014064156e-03 1.06033198395369e-03 
1.60307439168980e+01 2.10914655680676e-03 1.02772120215430e-03 
1.61076299788496e+01 2.01584809693001e-03 9.95568167618840e-04 
1.61845160408011e+01 1.92608984599425e-03 9.63911347703387e-04 
1.62614021027527e+01 1.83976036322391e-03 9.32793362585062e-04 
1.63382881647042e+01 1.75679787826755e-03 9.02228241649791e-04 
1.64151742266558e+01 1.67709034650390e-03 8.72250502614471e-04 
1.64920602886073e+01 1.60057179097596e-03 8.42854951787168e-04 
1.65689463505589e+01 1.52712572769141e-03 8.14029051210301e-04 
1.66458324125104e+01 1.45668028239172e-03 7.85742915069452e-04 
1.67227184744620e+01 1.38913508905698e-03 7.58004725483117e-04 
1.67996045364135e+01 1.32443004988247e-03 7.30827282496131e-04 
1.68764905983651e+01 1.26246446507321e-03 7.04232481621144e-04 
1.69533766603166e+01 1.20317639570502e-03 6.78224737023994e-04 
1.70302627222682e+01 1.14646639114374e-03 6.52787114437661e-04 
1.71071487842197e+01 1.09202972962373e-03 6.27957174426623e-04 
1.71840348461713e+01 1.03976247868833e-03 6.03715891521298e-04 
1.72609209081228e+01 9.89624463821812e-04 5.80063849608642e-04 
1.73378069700744e+01 9.41541668254826e-04 5.57015730371585e-04 
1.74146930320259e+01 8.95471961503731e-04 5.34571503259003e-04 
1.74915790939775e+01 8.51341870727849e-04 5.12741976986883e-04 
1.75684651559290e+01 8.09107983614569e-04 4.91522689040120e-04 
1.76453512178806e+01 7.68698126023975e-04 4.70920839432888e-04 
1.77222372798321e+01 7.30068221584344e-04 4.50928421515035e-04 
1.77991233417837e+01 6.93147988435061e-04 4.31549356573948e-04 
1.78760094037352e+01 6.57893238055678e-04 4.12772815562690e-04 
1.79528954656868e+01 6.24236043648879e-04 3.94599798928593e-04 
1.80297815276383e+01 5.92132587471840e-04 3.77033935565891e-04 
1.81066675895899e+01 5.61527607592532e-04 3.60099390283831e-04 
1.81835536515414e+01 5.32373643408994e-04 3.43795501984293e-04 
1.82604397134930e+01 5.04602700627415e-04 3.28113883440526e-04 
1.83373257754445e+01 4.78167794653471e-04 3.13032531906443e-04 
1.84142118373961e+01 4.53005255095396e-04 2.98540342252805e-04 
1.84910978993476e+01 4.29070596196804e-04 2.84615517468574e-04 
1.85679839612992e+01 4.06304384180445e-04 2.71246535428416e-04 
1.86448700232507e+01 3.84664655234802e-04 2.58411995489698e-04 
1.87217560852023e+01 3.64096093843325e-04 2.46100114290211e-04 
1.87986421471538e+01 3.44559255217756e-04 2.34290037070634e-04 
1.88755282091054e+01 3.26002800182786e-04 2.22969857665317e-04 
1.89524142710569e+01 3.08389777524764e-04 2.12119382441323e-04 
1.90293003330085e+01 2.91672665128753e-04 2.01733810534899e-04 
1.91061863949600e+01 2.75821556888735e-04 1.91804085271019e-04 
1.91830724569115e+01 2.60790799408424e-04 1.82324313222586e-04 
1.92599585188631e+01 2.46545872867935e-04 1.73273883889458e-04 
1.93368445808146e+01 2.33044240418431e-04 1.64638574609196e-04 
1.94137306427662e+01 2.20254217749502e-04 1.56398250587941e-04 
1.94906167047177e+01 2.08137020135929e-04 1.48539496394365e-04 
1.95675027666693e+01 1.96663612959308e-04 1.41043562022337e-04 
1.96443888286208e+01 1.85798682562715e-04 1.33897823509767e-04 
1.97212748905724e+01 1.75515664987310e-04 1.27084855357227e-04 
1.97981609525239e+01 1.65782451370443e-04 1.20592804780377e-04 
1.98750470144755e+01 1.56574776735470e-04 1.14405507005615e-04 
1.99519330764270e+01 1.47863485805087e-04 1.08511856286620e-04 
2.00288191383786e+01 1.39626448699729e-04 1.02898656902634e-04 
2.01057052003301e+01 1.31833277203852e-04 9.75613849956813e-05 
2.01825912622817e+01 1.24462985910403e-04 9.24877628634315e-05 
2.02594773242332e+01 1.17491346081293e-04 8.76674410926935e-05 
2.03363633861848e+01 1.10899781098008e-04 8.30868033091886e-05 
2.04132494481363e+01 1.04666434838859e-04 7.87361228522008e-05 
2.04901355100879e+01 9.87744848756485e-05 7.46029762098042e-05 
2.05670215720394e+01 9.32042297606816e-05 7.06784325559724e-05 
2.06439076339910e+01 8.79404486461102e-05 6.69511665873325e-05 
2.07207936959425e+01 8.29653951185645e-05 6.34129870217824e-05 
2.07976797578941e+01 7.82653090491292e-05 6.00535783406735e-05 
2.08745658198456e+01 7.38242164096685e-05 5.68654353225545e-05 
2.09514518817972e+01 6.96296879758376e-05 5.38391697947925e-05 
2.10283379437487e+01 6.56673551985838e-05 5.09682468958608e-05 
2.11052240057003e+01 6.19262419534623e-05 4.82445776098133e-05 
2.11821100676518e+01 5.83933605563691e-05 4.56621572458482e-05 
2.12589961296034e+01 5.50584850843783e-05 4.32131360781160e-05 
2.13358821915549e+01 5.19099179825513e-05 4.08916498947239e-05 
2.14127682535065e+01 4.89384589167034e-05 3.86905418246118e-05 
2.14896543154580e+01 4.61336202374632e-05 3.66044755520382e-05 
2.15665403774096e+01 4.34871298079950e-05 3.46269718860578e-05 
2.16434264393611e+01 4.09895900668190e-05 3.27531783327191e-05 
2.17203125013127e+01 3.86335683316791e-05 3.09772326178356e-05 
2.17971985632642e+01 3.64106485831226e-05 2.92947251723625e-05 
2.18740846252158e+01 3.43141568168042e-05 2.77003548309951e-05 
2.19509706871673e+01 3.23365603049074e-05 2.61901170597806e-05 
2.20278567491189e+01 3.04718702713255e-05 2.47597790545307e-05 
2.21047428110704e+01 2.87137671071735e-05 2.34064402896248e-05 
2.21816288730220e+01 2.70567674989708e-05 2.21262220125908e-05 
2.22585149349735e+01 2.54946691975758e-05 2.09156935724002e-05 
2.23354009969251e+01 2.40224980411442e-05 1.97707228018072e-05 
2.24122870588766e+01 2.26347365958865e-05 1.86881457540163e-05 
2.24891731208282e+01 2.13269489764991e-05 1.76642626034325e-05 
2.25660591827797e+01 2.00942278257022e-05 1.66962304530203e-05 
2.26429452447313e+01 1.89326182825592e-05 1.57807371371398e-05 
2.27198313066828e+01 1.78377563781111e-05 1.49152289540068e-05 
2.27967173686344e+01 1.68061169856125e-05 1.40967412608864e-05 
2.28736034305859e+01 1.58338200335444e-05 1.33229807511183e-05 
2.29504894925375e+01 1.49177241986852e-05 1.25912942577458e-05 
2.30273755544890e+01 1.40543802489405e-05 1.18996391450629e-05 
2.31042616164406e+01 1.32410022799407e-05 1.12456616787944e-05 
2.31811476783921e+01 1.24745216646490e-05 1.06275273714716e-05 
2.32580337403437e+01 1.17524405185818e-05 1.00431079901719e-05 
2.33349198022952e+01 1.10720299920302e-05 9.49073903697594e-06 
2.34118058642468e+01 1.04310663692291e-05 8.96851503493121e-06 
2.34886919261983e+01 9.82712562640365e-06 8.47494337581923e-06 
2.35655779881499e+01 9.25822854031601e-06 8.00832042549668e-06 
2.36424640501014e+01 8.72222219057086e-06 7.56730796014885e-06 
2.37193501120530e+01 8.21734533680317e-06 7.15038296668062e-06 
2.37962361740045e+01 7.74168613650190e-06 6.75634583734132e-06 
2.38731222359561e+01 7.29367765880641e-06 6.38383516050639e-06 
2.39500082979076e+01 6.87162241055914e-06 6.03177574683201e-06 
2.40268943598592e+01 6.47412663644911e-06 5.69897856809900e-06 
2.41037804218107e+01 6.09970583471221e-06 5.38451425972912e-06 
2.41806664837623e+01 5.74711602164192e-06 5.08731791023469e-06 
2.42575525457138e+01 5.41501114273353e-06 4.80651989605039e-06 
2.43344386076654e+01 5.10228153955846e-06 4.54113714367217e-06 
2.44113246696169e+01 4.80773378862447e-06 4.29038733125451e-06 
2.44882107315685e+01 4.53038241085596e-06 4.05339327792599e-06 
2.45650967935200e+01 4.26916941938842e-06 3.82945518851466e-06 
2.46419828554716e+01 4.02321976963375e-06 3.61779034250022e-06 
2.47188689174231e+01 3.79159565156816e-06 3.41777276011986e-06 
2.47957549793746e+01 3.57352022691163e-06 3.22870396975750e-06 
2.48726410413262e+01 3.36816232166891e-06 3.05002399637084e-06 
2.49495271032777e+01 3.17483242774024e-06 2.88110949624198e-06 
2.50264131652293e+01 2.99279399362761e-06 2.72140576298912e-06 
2.51032992271808e+01 2.82116736320690e-06 2.57048272185535e-06 
2.51801852891324e+01 2.65928111147163e-06 2.42786150887378e-06 
2.52570713510839e+01 2.50662253309634e-06 2.29304704878593e-06 
2.53339574130355e+01 2.36263997052050e-06 2.16564825867330e-06 
2.54108434749870e+01 2.22687570622770e-06 2.04523221256043e-06 
2.54877295369386e+01 2.09883816898046e-06 1.93144808200396e-06 
2.55646155988901e+01 1.97811882349945e-06 1.82390842406082e-06 
2.56415016608417e+01 1.86427972165588e-06 1.72229858913140e-06 
2.57183877227932e+01 1.75695630801517e-06 1.62627189612624e-06 
2.57952737847448e+01 1.65575848117462e-06 1.53554620183849e-06 
2.58721598466963e+01 1.56036100500855e-06 1.44981134804159e-06 
2.59490459086479e+01 1.47041646343475e-06 1.36881438979768e-06 
2.60259319705994e+01 1.38563476571590e-06 1.29228870821534e-06 
2.61028180325510e+01 1.30571568956268e-06 1.22002006942504e-06 
2.61797040945025e+01 1.23039913391088e-06 1.15176926357837e-06 
2.62565901564541e+01 1.15940646564489e-06 1.08733085425758e-06 
2.63334762184056e+01 1.09250413101719e-06 1.02647867427465e-06 
2.64103622803572e+01 1.02944453654178e-06 9.69027261702481e-07 
2.64872483423087e+01 9.70019832774806e-07 9.14774921224189e-07 
2.65641344042603e+01 9.14010023030057e-07 8.63555943412578e-07 
2.66410204662118e+01 8.61230151576358e-07 8.15190468837686e-07 
2.67179065281634e+01 8.11484755698613e-07 7.69530453081337e-07 
2.67947925901149e+01 7.64609267734573e-07 7.26415519097714e-07 
2.68716786520665e+01 7.20430034399255e-07 6.85713418525001e-07 
2.69485647140180e+01 6.78800642620612e-07 6.47281155616384e-07 
2.70254507759696e+01 6.39566825124019e-07 6.11000605037694e-07 
2.71023368379211e+01 6.02598332816791e-07 5.76744276703537e-07 
2.71792228998727e+01 5.67758129035065e-07 5.44406670866864e-07 
2.72561089618242e+01 5.34930354748458e-07 5.13874128910622e-07 
2.73329950237758e+01 5.03993287034013e-07 4.85052436661668e-07 
2.74098810857273e+01 4.74843876309152e-07 4.57840272642839e-07 
2.74867671476789e+01 4.47374008795187e-07 4.32153509226124e-07 
2.75636532096304e+01 4.21492036161740e-07 4.07901828444715e-07 
2.76405392715820e+01 3.97101938061480e-07 3.85010116540167e-07 
2.77174253335335e+01 3.74122212983439e-07 3.63397868896257e-07 
2.77943113954851e+01 3.52467586360527e-07 3.42998026088367e-07 
2.78711974574366e+01 3.32065586178019e-07 3.23738834815374e-07 
2.79480835193882e+01 3.12840485519351e-07 3.05560431784842e-07 
2.80249695813397e+01 2.94727846784412e-07 2.88398288204399e-07 
2.81018556432913e+01 2.77659919256038e-07 2.72198332646019e-07 
2.81787417052428e+01 2.61579472342383e-07 2.56903090527123e-07 
2.82556277671944e+01 2.46426968887888e-07 2.42464983421375e-07 
2.83325138291459e+01 2.32151632936391e-07 2.28833451315738e-07 
2.84093998910975e+01 2.18700581545056e-07 2.15966115448352e-07 
2.84862859530490e+01 2.06028661837625e-07 2.03817894290047e-07 
2.85631720150006e+01 1.94088905501038e-07 1.92350945782643e-07 
2.86400580769521e+01 1.82841164547477e-07 1.81525075754126e-07 
2.87169441389037e+01 1.72243727520834e-07 1.71306495998667e-07 
2.87938302008552e+01 1.62260900673081e-07 1.61659371895741e-07 
2.88707162628068e+01 1.52855644457867e-07 1.52553537143208e-07 
2.89476023247583e+01 1.43996228948880e-07 1.43957045460283e-07 
2.90244883867099e+01 1.35649766381915e-07 1.35842966027396e-07 
2.91013744486614e+01 1.27788053943868e-07 1.28182820218848e-07 
2.91782605106130e+01 1.20381893217177e-07 1.20952567052116e-07 
2.92551465725645e+01 1.13406219681023e-07 1.14126820016226e-07 
2.93320326345161e+01 1.06835113171817e-07 1.07684118824904e-07 
2.94089186964676e+01 1.00646301331726e-07 1.01601833860823e-07 
2.94858047584192e+01 9.48167768472798e-08 9.58608090656376e-08 
2.95626908203707e+01 8.93267514498472e-08 9.04408724989005e-08 
2.96395768823223e+01 8.41558059268774e-08 8.53249250978215e-08 
2.97164629442738e+01 7.92863619449508e-08 8.04949855282130e-08 
2.97933490062254e+01 7.47002998163105e-08 7.59357906456101e-08 
2.98702350681769e+01 7.03820072199592e-08 7.16313113477998e-08 
2.99471211301285e+01 6.63154076008667e-08 6.75679227243085e-08 
3.00240071920800e+01 6.24866376698250e-08 6.37308754114858e-08 
3.01008932540316e+01 5.88778749748836e-08 6.01105629604826e-08 
3.01777793159831e+01 5.54763421716282e-08 5.66942290465048e-08 
3.02546653779346e+01 5.22697298584222e-08 5.34708998895921e-08 
3.03315514398862e+01 4.92474148776758e-08 5.04292396689310e-08 
3.04084375018377e+01 4.63984456698355e-08 4.75595725287956e-08 
3.04853235637893e+01 4.37133607848337e-08 4.48517932566497e-08 
3.05622096257408e+01 4.11824177587352e-08 4.22972653428953e-08 
3.06390956876924e+01 3.87971908744825e-08 3.98869815495259e-08 
3.07159817496439e+01 3.65490141956079e-08 3.76132340860630e-08 
3.07928678115955e+01 3.44303853017825e-08 3.54679952440361e-08 
3.08697538735470e+01 3.24335966475454e-08 3.34443869840178e-08 
3.09466399354986e+01 3.05519687704027e-08 3.15352553650609e-08 
3.10235259974501e+01 2.87786472515845e-08 2.97344635742784e-08 
3.11004120594017e+01 2.71076860557995e-08 2.80356370109130e-08 
3.11772981213532e+01 2.55329901065727e-08 2.64333009169334e-08 
3.12541841833048e+01 2.40492669203037e-08 2.49217757335860e-08 
3.13310702452563e+01 2.26510972155562e-08 2.34961779611290e-08 
3.14079563072079e+01 2.13337708086457e-08 2.21514478354248e-08 
3.14848423691594e+01 2.00924697938094e-08 2.08832298167766e-08 
3.15617284311110e+01 1.89230027369133e-08 1.96870167746331e-08 
3.16386144930625e+01 1.78210868264390e-08 1.85589245434129e-08 
3.17155005550141e+01 1.67829927041708e-08 1.74949386890127e-08 
3.17923866169656e+01 1.58049136259509e-08 1.64915958417467e-08 
3.18692726789172e+01 1.48835317753379e-08 1.55453207794916e-08 
3.19461587408687e+01 1.40154639149901e-08 1.46530257264113e-08 
3.20230448028203e+01 1.31977587166117e-08 1.38115269509449e-08 
3.20999308647718e+01 1.24274096522828e-08 1.30180718792783e-08 
3.21768169267234e+01 1.17017917198276e-08 1.22698256956014e-08 
3.22537029886749e+01 1.10182334392286e-08 1.15643349401452e-08 
3.23305890506265e+01 1.03744003377094e-08 1.08990757342618e-08 
3.24074751125780e+01 9.76791889794405e-09 1.02718614935221e-08 
3.24843611745296e+01 9.19671327497863e-09 9.68044540088171e-09 
3.25612472364811e+01 8.65867490630411e-09 9.12287895136353e-09 
3.26381332984327e+01 8.15195814833373e-09 8.59716217728792e-09 
3.27150193603842e+01 7.67469001783723e-09 8.10155893569797e-09 
3.27919054223358e+01 7.22522974613004e-09 7.63428916588228e-09 
3.28687914842873e+01 6.80191378929833e-09 7.19380612189123e-09 
3.29456775462389e+01 6.40328369207575e-09 6.77852562610277e-09 
3.30225636081904e+01 6.02786209174303e-09 6.38706982507643e-09 
3.30994496701420e+01 5.67435275081933e-09 6.01802900497986e-09 
3.31763357320935e+01 5.34144379616621e-09 5.67017589960387e-09 
3.32532217940451e+01 5.02798331125579e-09 5.34225616373738e-09 
3.33301078559966e+01 4.73280650636018e-09 5.03317677849863e-09 
3.34069939179482e+01 4.45488984949570e-09 4.74182174580273e-09 
3.34838799798997e+01 4.19319926312288e-09 4.46721771041223e-09 
3.35607660418513e+01 3.94682541105805e-09 4.20837184984879e-09 
3.36376521038028e+01 3.71485036845319e-09 3.96441745749340e-09 
3.37145381657544e+01 3.49646636402744e-09 3.73447136464792e-09 
3.37914242277059e+01 3.29085867901516e-09 3.51776189972990e-09 
3.38683102896575e+01 3.09730986460341e-09 3.31350349816472e-09 
3.39451963516090e+01 2.91509689715122e-09 3.12100916163226e-09 
3.40220824135606e+01 2.74358264521916e-09 2.93961719055597e-09 
3.40989684755121e+01 2.58215971455077e-09 2.76875272446533e-09 
3.41758545374637e+01 2.43026131744825e-09 2.60782595716776e-09 
3.42527405994152e+01 2.28730722371086e-09 2.45628658771643e-09 
3.43296266613668e+01 2.15278538968595e-09 2.31356728408522e-09 
3.44065127233183e+01 2.02618240243396e-09 2.17917119115745e-09 
3.44833987852699e+01 1.90704486366531e-09 2.05259563046134e-09 
3.45602848472214e+01 1.79491846542084e-09 1.93340001301940e-09 
3.46371709091730e+01 1.68940172617080e-09 1.82113893120664e-09 
3.47140569711245e+01 1.59009262243342e-09 1.71542168307539e-09 
3.47909430330761e+01 1.49663563359985e-09 1.61585359435210e-09 
3.48678290950276e+01 1.40867498858398e-09 1.52208819552283e-09 
3.49447151569792e+01 1.32589585573569e-09 1.43377575642783e-09 
3.50216012189307e+01 1.24798338134791e-09 1.35060444481388e-09 
3.50984872808823e+01 1.17465449317871e-09 1.27225987111201e-09 
3.51753733428338e+01 1.10563060490099e-09 1.19846558502939e-09 
3.52522594047854e+01 1.04066616942106e-09 1.12894770005955e-09 
3.53291454667369e+01 9.79515761896182e-10 1.06346635668141e-09 
3.54060315286885e+01 9.21961760611332e-10 1.00177974788505e-09 
3.54829175906400e+01 8.67786797138406e-10 9.43674942722074e-10 
3.55598036525916e+01 8.16798001341991e-10 8.88937447698169e-10 
3.56366897145431e+01 7.68802853870228e-10 8.37378239320597e-10 
3.57135757764947e+01 7.23630422789729e-10 7.88807052051602e-10 
3.57904618384462e+01 6.81110197124985e-10 7.43056087376122e-10 
3.58673479003978e+01 6.41090689298630e-10 6.99956570748557e-10 
3.59442339623493e+01 6.03420880742136e-10 6.59359546884040e-10 
3.60211200243008e+01 5.67966517662440e-10 6.21115304481785e-10 
3.60980060862524e+01 5.34593845540141e-10 5.85091616793747e-10 
3.61748921482039e+01 5.03183884920892e-10 5.51155682296496e-10 
3.62517782101555e+01 4.73618171711684e-10 5.19190125211320e-10 
3.63286642721070e+01 4.45791263975377e-10 4.89077143586093e-10 
3.64055503340586e+01 4.19598240042285e-10 4.60712545592328e-10 
3.64824363960101e+01 3.94945656025960e-10 4.33991834454264e-10 
3.65593224579617e+01 3.71740584505278e-10 4.08822522280022e-10 
3.66362085199132e+01 3.49900215124079e-10 3.85111914502917e-10 
3.67130945818648e+01 3.29342243520049e-10 3.62777913168652e-10 
3.67899806438163e+01 3.09993283429541e-10 3.41738292741501e-10 
3.68668667057679e+01 2.91780439113219e-10 3.21920178621296e-10 
3.69437527677194e+01 2.74638676433706e-10 3.03250631727778e-10 
3.70206388296710e+01 2.58503432674534e-10 2.85664965119440e-10 
3.70975248916225e+01 2.43317075717165e-10 2.69098477188017e-10 
3.71744109535741e+01 2.29022423233053e-10 2.53493749174560e-10 
3.72512970155256e+01 2.15568403032153e-10 2.38793386471442e-10 
3.73281830774772e+01 2.02904369446163e-10 2.24946422218441e-10 
3.74050691394287e+01 1.90985063868967e-10 2.11901943432599e-10 
3.74819552013803e+01 1.79765630024126e-10 1.99614710476786e-10 
3.75588412633318e+01 1.69205961413524e-10 1.88039559869750e-10 
3.76357273252834e+01 1.59266329315049e-10 1.77136335874888e-10 
3.77126133872349e+01 1.49911193086812e-10 1.66864975089213e-10 
3.77894994491865e+01 1.41105365388542e-10 1.57189834566939e-10 
3.78663855111380e+01 1.32817351859100e-10 1.48075374919133e-10 
3.79432715730896e+01 1.25015987382847e-10 1.39489958998158e-10 
3.80201576350411e+01 1.17673363402409e-10 1.31402060437383e-10 
3.80970436969927e+01 1.10761877223767e-10 1.23783597818266e-10 
3.81739297589442e+01 1.04256797997549e-10 1.16606604525597e-10 
3.82508158208958e+01 9.81336782172227e-11 1.09846155338488e-10 
3.83277018828473e+01 9.23706030724205e-11 1.03477441324250e-10 
3.84045879447989e+01 8.69459195689911e-11 9.74783387911159e-11 
3.84814740067504e+01 8.18402084156213e-11 9.18268398286064e-11 
3.85583600687020e+01 7.70342916925958e-11 8.65033074346274e-11 
3.86352461306535e+01 7.25109615784889e-11 8.14882183504659e-11 
3.87121321926051e+01 6.82532323125517e-11 7.67641427863713e-11 
3.87890182545566e+01 6.42458558177505e-11 7.23137614987400e-11 
3.88659043165082e+01 6.04737879240911e-11 6.81216038230908e-11 
3.89427903784597e+01 5.69235172214894e-11 6.41723055895344e-11 
3.90196764404113e+01 5.35817192120296e-11 6.04521350357203e-11 
3.90965625023628e+01 5.04364214655275e-11 5.69474622383239e-11 
3.91734485643144e+01 4.74758226120571e-11 5.36460988503350e-11 
3.92503346262659e+01 4.46893140171772e-11 5.05359533062362e-11 
3.93272206882175e+01 4.20664433688835e-11 4.76062071460065e-11 
3.94041067501690e+01 3.95978105879682e-11 4.48461333937886e-11 
3.94809928121206e+01 3.72741582553988e-11 4.22461294402364e-11 
3.95578788740721e+01 3.50871572820845e-11 3.97966787521091e-11 
3.96347649360237e+01 3.30286086069822e-11 3.74892578367455e-11 
3.97116509979752e+01 3.10911322310883e-11 3.53154238603646e-11 
3.97885370599268e+01 2.92674665313673e-11 3.32676110712680e-11 
3.98654231218783e+01 2.75510725823034e-11 3.13383290290451e-11 
3.99423091838299e+01 2.59355191093662e-11 2.95208619795418e-11 
4.00191952457814e+01 2.44150125483872e-11 2.78088037585619e-11 
4.00960813077330e+01 2.29840864833369e-11 2.61964204797023e-11 
4.01729673696845e+01 2.16376196703258e-11 2.46780255065053e-11 
4.02498534316361e+01 2.03704959446893e-11 2.32483001256505e-11 
4.03267394935876e+01 1.91781038819184e-11 2.19019150383725e-11 
4.04036255555392e+01 1.80559209030270e-11 2.06340898707541e-11 
4.04805116174907e+01 1.69998687866121e-11 1.94401077268126e-11 
4.05573976794423e+01 1.60059492784628e-11 1.83157354174307e-11 
4.06342837413938e+01 1.50705553744871e-11 1.72567976546685e-11 
4.07111698033454e+01 1.41901520108136e-11 1.62595454466820e-11 
4.07880558652969e+01 1.33615486585783e-11 1.53202825507347e-11 
4.08649419272485e+01 1.25816194776022e-11 1.44356884749825e-11 
4.09418279892000e+01 1.18475420650732e-11 1.36024907282751e-11 
4.10187140511516e+01 1.11565521606675e-11 1.28177480635018e-11 
4.10956001131031e+01 1.05061527809729e-11 1.20785628672361e-11 
4.11724861750547e+01 9.89389917965769e-12 1.13823295747925e-11 
4.12493722370062e+01 9.31758206671327e-12 1.07264822467221e-11 
4.13262582989578e+01 8.77503906528900e-12 1.01087124699114e-11 
4.14031443609093e+01 8.26431524959250e-12 9.52674778364839e-12 
4.14800304228608e+01 7.78349781018187e-12 8.97854284275285e-12 
4.15569164848124e+01 7.33085673803776e-12 8.46208489453883e-12 
4.16338025467639e+01 6.90469982104624e-12 7.97556150928423e-12 
4.17106886087155e+01 6.50349594683474e-12 7.51718978064769e-12 
4.17875746706670e+01 6.12574791240601e-12 7.08536351719717e-12 
4.18644607326186e+01 5.77010050826346e-12 6.67850325118419e-12 
4.19413467945701e+01 5.43522893722098e-12 6.29518542488558e-12 
4.20182328565217e+01 5.11993357142517e-12 5.93401065350790e-12 
4.20951189184732e+01 4.82304205098471e-12 5.59371712523277e-12 
4.21720049804248e+01 4.54349236875144e-12 5.27306487989353e-12 
4.22488910423763e+01 4.28024695957460e-12 4.97093536616044e-12 
4.23257771043279e+01 4.03236556078993e-12 4.68622977415037e-12 
4.24026631662794e+01 3.79892981296234e-12 4.41795645217679e-12 
4.24795492282310e+01 3.57910716316734e-12 4.16514157356120e-12 
4.25564352901825e+01 3.37208468183957e-12 3.92690590446534e-12 
4.26333213521341e+01 3.17712511781313e-12 3.70238629718319e-12 
4.27102074140856e+01 2.99350879665959e-12 3.49080311598349e-12 
4.27870934760372e+01 2.82058279820242e-12 3.29139123484155e-12 
4.28639795379887e+01 2.65770994240260e-12 3.10345926664028e-12 
4.29408655999403e+01 2.50431193916478e-12 2.92632890594693e-12 
4.30177516618918e+01 2.35982459093914e-12 2.75938696546238e-12 
4.30946377238434e+01 2.22373565890009e-12 2.60203204693549e-12 
4.31715237857949e+01 2.09554551918838e-12 2.45372026489023e-12 
4.32484098477465e+01 1.97480039705252e-12 2.31391835361849e-12 
4.33252959096980e+01 1.86105780798330e-12 2.18214384974557e-12 
4.34021819716496e+01 1.75391573049388e-12 2.05792385264947e-12 
4.34790680336011e+01 1.65298224598458e-12 1.94083034242405e-12 
4.35559540955527e+01 1.55790115004027e-12 1.83044390696238e-12 
4.36328401575042e+01 1.46832527717860e-12 1.72638478865673e-12 
4.37097262194558e+01 1.38393898858983e-12 1.62828097543887e-12 
4.37866122814073e+01 1.30443473125251e-12 1.53579549664712e-12 
4.38634983433589e+01 1.22953278581886e-12 1.44859834900793e-12 
4.39403844053104e+01 1.15896066505206e-12 1.36639049821475e-12 
4.40172704672620e+01 1.09247045809863e-12 1.28887917545042e-12 
4.40941565292135e+01 1.02982072179355e-12 1.21579898523653e-12 
4.41710425911651e+01 9.70791716010699e-13 1.14689016476074e-12 
4.42479286531166e+01 9.15169483954941e-13 1.08191714948430e-12 
4.43248147150682e+01 8.62759236901804e-13 1.02064943723852e-12 
4.44017007770197e+01 8.13371356899556e-13 9.62877920062064e-13 
4.44785868389713e+01 7.66833157352161e-13 9.08398038627939e-13 
4.45554729009228e+01 7.22976574246480e-13 8.57024151068514e-13 
4.46323589628744e+01 6.81648501131758e-13 8.08574701544201e-13 
4.47092450248259e+01 6.42699963641128e-13 7.62884863744639e-13 
4.47861310867775e+01 6.05995202982184e-13 7.19793480973017e-13 
4.48630171487290e+01 5.71402153640176e-13 6.79154193010139e-13 
4.49399032106806e+01 5.38800428084970e-13 6.40823934542732e-13 
4.50167892726321e+01 5.08072939565036e-13 6.04674718640944e-13 
4.50936753345837e+01 4.79114875885020e-13 5.70581370111010e-13 
4.51705613965352e+01 4.51822671353736e-13 5.38430255076590e-13 
4.52474474584868e+01 4.26101037722904e-13 5.08108446660640e-13 
4.53243335204383e+01 4.01857394352204e-13 4.79512609831315e-13 
4.54012195823899e+01 3.79007282975778e-13 4.52541868411058e-13 
4.54781056443414e+01 3.57468660440282e-13 4.27104515877046e-13 
4.55549917062930e+01 3.37166657584596e-13 4.03111047259504e-13 
4.56318777682445e+01 3.18028559423658e-13 3.80480064852507e-13 
4.57087638301961e+01 2.99987988317276e-13 3.59132141938149e-13 
4.57856498921476e+01 2.82980488031557e-13 3.38995020927968e-13 
4.58625359540992e+01 2.66947201484531e-13 3.19998208648368e-13 
4.59394220160507e+01 2.51830985367197e-13 3.02077552509051e-13 
4.60163080780023e+01 2.37579644095649e-13 2.85170479285516e-13 
4.60931941399538e+01 2.24142510655595e-13 2.69220024459856e-13 
4.61700802019054e+01 2.11473290808333e-13 2.54170637136576e-13 
4.62469662638569e+01 1.99527053694492e-13 2.39971728531721e-13 
4.63238523258085e+01 1.88262733700343e-13 2.26573975045355e-13 
4.64007383877600e+01 1.77640481256985e-13 2.13932443845327e-13 
4.64776244497116e+01 1.67623863955120e-13 2.02003334368762e-13 
4.65545105116631e+01 1.58177534024722e-13 1.90746731895106e-13 
4.66313965736147e+01 1.49269165188697e-13 1.80123734967315e-13 
4.67082826355662e+01 1.40867398613211e-13 1.70098881663659e-13 
4.67851686975178e+01 1.32943547523475e-13 1.60637616784480e-13 
4.68620547594693e+01 1.25469788066935e-13 1.51708430109626e-13 
4.69389408214209e+01 1.18420659798752e-13 1.43280622768143e-13 
4.70158268833724e+01 1.11771471980787e-13 1.35326192006757e-13 
4.70927129453239e+01 1.05499624611741e-13 1.27817861053783e-13 
4.71695990072755e+01 9.95832042649569e-14 1.20730740745580e-13 
4.72464850692270e+01 9.40021473285201e-14 1.14040591494251e-13 
4.73233711311786e+01 8.87370026262522e-14 1.07725288450919e-13 
4.74002571931301e+01 8.37699558937739e-14 1.01763287962546e-13 
4.74771432550817e+01 7.90837391839811e-14 9.61349197302853e-14 
4.75540293170332e+01 7.46625332901507e-14 9.08210334580926e-14 
4.76309153789848e+01 7.04910063570791e-14 8.58041386362308e-14 
4.77078014409363e+01 6.65551089315882e-14 8.10672099994616e-14 
4.77846875028879e+01 6.28412263249443e-14 7.65946930817246e-14 
4.78615735648394e+01 5.93368791893836e-14 7.23714496637936e-14 
4.79384596267910e+01 5.60299760428041e-14 6.83836450629979e-14 
4.80153456887425e+01 5.29094307063932e-14 6.46178170024478e-14 
4.80922317506941e+01 4.99645030407572e-14 6.10616586823762e-14 
4.81691178126456e+01 4.71853432074470e-14 5.77031964831983e-14 
4.82460038745972e+01 4.45624101045770e-14 5.45314811801771e-14 
4.83228899365487e+01 4.20869512104085e-14 5.15358616338719e-14 
4.83997759985003e+01 3.97504894705668e-14 4.87065950289394e-14 
4.84766620604518e+01 3.75452464241999e-14 4.60342052370022e-14 
4.85535481224034e+01 3.54636894055555e-14 4.35100216585581e-14 
4.86304341843549e+01 3.34989047244946e-14 4.11256122905186e-14 
4.87073202463065e+01 3.16441980212174e-14 3.88732596055640e-14 
4.87842063082580e+01 2.98934234572299e-14 3.67454595418973e-14 
4.88610923702096e+01 2.82406309198692e-14 3.47353418477927e-14 
4.89379784321611e+01 2.66803564633191e-14 3.28362272541587e-14 
4.90148644941127e+01 2.52073108137109e-14 3.10419988266683e-14 
4.90917505560642e+01 2.38166356702952e-14 2.93467104997457e-14 
4.91686366180158e+01 2.25036286249379e-14 2.77449151998026e-14 
4.92455226799673e+01 2.12639693804262e-14 2.62313187273950e-14 
4.93224087419189e+01 2.00934767812317e-14 2.48010697297877e-14 
4.93992948038704e+01 1.89883085198204e-14 2.34494536295420e-14 
4.94761808658220e+01 1.79447464883505e-14 2.21721489215380e-14 
4.95530669277735e+01 1.69593731165768e-14 2.09649564728252e-14 
4.96299529897251e+01 1.60288817052266e-14 1.98240260883937e-14 
4.97068390516766e+01 1.51502321634651e-14 1.87456170589807e-14 
4.97837251136282e+01 1.43204833815386e-14 1.77262984725457e-14 
4.98606111755797e+01 1.35369308054998e-14 1.67627373728845e-14 
4.99374972375313e+01 1.27969582558954e-14 1.58518758822636e-14 
5.00143832994828e+01 1.20981594870269e-14 1.49905926495317e-14 
5.00912693614344e+01 1.14377715258786e-14 1.41763553280401e-14 
5.01681554233859e+01 1.08135154909991e-14 1.34064872351571e-14 
5.02450414853375e+01 1.02233865017068e-14 1.26785292894464e-14 
5.03219275472890e+01 9.66553789377078e-15 1.19901650597421e-14 
5.03988136092406e+01 9.13817907973341e-15 1.13392651813755e-14 
5.04756996711921e+01 8.63966042269253e-15 1.07237596536847e-14 
5.05525857331437e+01 8.16838267981637e-15 1.01417451873878e-14 
5.06294717950952e+01 7.72287218314204e-15 9.59137194424965e-15 
5.07063578570468e+01 7.30170054810671e-15 9.07093866468471e-15 
5.07832439189983e+01 6.90355127192522e-15 8.57879221037401e-15 
5.08601299809499e+01 6.52714853950113e-15 8.11341186781737e-15 
5.09370160429014e+01 6.17131622228752e-15 7.67332024142725e-15 
5.10139021048530e+01 5.83491474722716e-15 7.25715796878555e-15 
5.10907881668045e+01 5.51689336606521e-15 6.86360467712772e-15 
5.11676742287561e+01 5.21623417098444e-15 6.49144520449398e-15 
5.12445602907076e+01 4.93199840442235e-15 6.13949947899744e-15 
5.13214463526592e+01 4.66327680957079e-15 5.80668121477005e-15 
5.13983324146107e+01 4.40923066234714e-15 5.49193570315805e-15 
5.14752184765623e+01 4.16904773747063e-15 5.19429184146642e-15 
5.15521045385138e+01 3.94197866601669e-15 4.91280694016175e-15 
5.16289906004654e+01 3.72729787973838e-15 4.64661284425982e-15 
5.17058766624169e+01 3.52433582841818e-15 4.39486696243402e-15 
5.17827627243685e+01 3.33244433768783e-15 4.15679315400120e-15 
5.18596487863200e+01 3.15102515914197e-15 3.93163827603828e-15 
5.19365348482716e+01 2.97949924119904e-15 3.71870843200089e-15 
5.20134209102231e+01 2.81733203073693e-15 3.51733041287225e-15 
5.20903069721747e+01 2.66400621348244e-15 3.32688383535075e-15 
5.21671930341262e+01 2.51904413795724e-15 3.14676692386817e-15 
5.22440790960778e+01 2.38198363232607e-15 2.97642500599159e-15 
5.23209651580293e+01 2.25239787898294e-15 2.81532014489550e-15 
5.23978512199809e+01 2.12987395947360e-15 2.66295640624089e-15 
5.24747372819324e+01 2.01403047047118e-15 2.51885290628982e-15 
5.25516233438839e+01 1.90449848797627e-15 2.38256621725655e-15 
5.26285094058355e+01 1.80093718216583e-15 2.25366644552972e-15 
5.27053954677870e+01 1.70301692714767e-15 2.13175710063415e-15 
5.27822815297386e+01 1.61043314271966e-15 2.01645386169740e-15 
5.28591675916901e+01 1.52289130703136e-15 1.90740219809450e-15 
5.29360536536417e+01 1.44011922722193e-15 1.80425852100289e-15 
5.30129397155932e+01 1.36185373987744e-15 1.70670581097542e-15 
5.30898257775448e+01 1.28785158943723e-15 1.61443688573653e-15 
5.31667118394963e+01 1.21787762573538e-15 1.52716826085580e-15 
5.32435979014479e+01 1.15171444863206e-15 1.44462529534980e-15 
5.33204839633994e+01 1.08915193355054e-15 1.36655448587787e-15 
5.33973700253510e+01 1.02999578269849e-15 1.29271027867362e-15 
5.34742560873025e+01 9.74058228674513e-16 1.22286597487552e-15 
5.35511421492541e+01 9.21165616624827e-16 1.15680202121223e-15 
5.36280282112056e+01 8.71150152976979e-16 1.09431568387597e-15 
5.37049142731572e+01 8.23856628691972e-16 1.03521065157540e-15 
5.37818003351087e+01 7.79135095235826e-16 9.79305617461303e-16 
5.38586863970603e+01 7.36846826525217e-16 9.26425046947915e-16 
5.39355724590118e+01 6.96857817590401e-16 8.76406791343819e-16 
5.40124585209634e+01 6.59044071687501e-16 8.29093889501091e-16 
5.40893445829149e+01 6.23285828933721e-16 7.84341322756127e-16 
5.41662306448665e+01 5.89472255206662e-16 7.42008734237365e-16 
5.42431167068180e+01 5.57496318517580e-16 7.01966422273732e-16 
5.43200027687696e+01 5.27258947591490e-16 6.64088874291238e-16 
5.43968888307211e+01 4.98664483039382e-16 6.28260084817912e-16 
5.44737748926727e+01 4.71624365783311e-16 5.94367812516306e-16 
5.45506609546242e+01 4.46053098329407e-16 5.62308299140728e-16 
5.46275470165758e+01 4.21871516355378e-16 5.31981168555907e-16 
5.47044330785273e+01 3.99003202692845e-16 5.03293614342679e-16 
5.47813191404789e+01 3.77377389329471e-16 4.76155868791284e-16 
5.48582052024304e+01 3.56925773187843e-16 4.50484919176445e-16 
5.49350912643820e+01 3.37585090421428e-16 4.26200482819176e-16 
5.50119773263335e+01 3.19294288822088e-16 4.03228305250505e-16 
5.50888633882851e+01 3.01996811528884e-16 3.81496584625723e-16 
5.51657494502366e+01 2.85638085990778e-16 3.60938898967511e-16 
5.52426355121882e+01 2.70167549989893e-16 3.41491029594784e-16 
5.53195215741397e+01 2.55536421603863e-16 3.23093559292554e-16 
5.53964076360913e+01 2.41699496708415e-16 3.05689050075985e-16 
5.54732936980428e+01 2.28613168390696e-16 2.89224349397949e-16 
5.55501797599944e+01 2.16237021784998e-16 2.73648082589029e-16 
5.56270658219459e+01 2.04532074942190e-16 2.58912700015201e-16 
5.57039518838975e+01 1.93462193918455e-16 2.44972248988690e-16 
5.57808379458490e+01 1.82992530258076e-16 2.31784191066125e-16 
5.58577240078006e+01 1.73090776655083e-16 2.19307422177288e-16 
5.59346100697521e+01 1.63725779002683e-16 2.07503885954404e-16 
5.60114961317037e+01 1.54868650643568e-16 1.96336814332747e-16 
5.60883821936552e+01 1.46491539419577e-16 1.85772159876127e-16 
5.61652682556068e+01 1.38568616484378e-16 1.75777032215414e-16 
5.62421543175583e+01 1.31074980987278e-16 1.66320969741449e-16 
5.63190403795099e+01 1.23987537612098e-16 1.57374550009371e-16 
5.63959264414614e+01 1.17284023481115e-16 1.48910518870188e-16 
5.64728125034130e+01 1.10943786979789e-16 1.40902555419836e-16 
5.65496985653645e+01 1.04946923198733e-16 1.33326274601175e-16 
5.66265846273161e+01 9.92749651820037e-17 1.26158129452233e-16 
5.67034706892676e+01 9.39101157616713e-17 1.19376301401834e-16 
5.67803567512192e+01 8.88358611069475e-17 1.12959724502383e-16 
5.68572428131707e+01 8.40362881694301e-17 1.06888876038449e-16 
5.69341288751223e+01 7.94966292929597e-17 1.01144909143505e-16 
5.70110149370738e+01 7.52026556975671e-17 9.57103549183345e-17 
5.70879009990254e+01 7.11411609193571e-17 9.05683513526175e-17 
5.71647870609769e+01 6.72994218348942e-17 8.57032668884400e-17 
5.72416731229285e+01 6.36656278221947e-17 8.11000149183693e-17 
5.73185591848800e+01 6.02284017801566e-17 7.67446076103753e-17 
5.73954452468316e+01 5.69771811230882e-17 7.26235464531834e-17 
5.74723313087831e+01 5.39017920954714e-17 6.87243141663174e-17 
5.75492173707347e+01 5.09927880220566e-17 6.50348328282114e-17 
5.76261034326862e+01 4.82410709688356e-17 6.15439008146289e-17 
5.77029894946378e+01 4.56381920585503e-17 5.82407109903193e-17 
5.77798755565893e+01 4.31760151949753e-17 5.51152388380042e-17 
5.78567616185409e+01 4.08469837108320e-17 5.21578140337553e-17 
5.79336476804924e+01 3.86438214638534e-17 4.93594652358136e-17 
5.80105337424439e+01 3.65597696026962e-17 4.67115391092315e-17 
5.80874198043955e+01 3.45883208682147e-17 4.42060066290311e-17 
5.81643058663470e+01 3.27234298360392e-17 4.18351242815670e-17 
5.82411919282986e+01 3.09592767225139e-17 3.95917061910826e-17 
5.83180779902501e+01 2.92904540839750e-17 3.74688228131040e-17 
5.83949640522017e+01 2.77117568405389e-17 3.54600427094985e-17 
5.84718501141532e+01 2.62183480762938e-17 3.35591645712351e-17 
5.85487361761048e+01 2.48055723614526e-17 3.17604320375773e-17 
5.86256222380563e+01 2.34691029998117e-17 3.00582953493224e-17 
5.87025083000079e+01 2.22047760559218e-17 2.84476022267303e-17 
5.87793943619594e+01 2.10087211319554e-17 2.69233858661842e-17 
5.88562804239110e+01 1.98772137961404e-17 2.54810345532560e-17 
5.89331664858625e+01 1.88067917368101e-17 2.41161030815931e-17 
5.90100525478141e+01 1.77941235454909e-17 2.28244634773976e-17 
5.90869386097656e+01 1.68361118880017e-17 2.16021372443473e-17 
5.91638246717172e+01 1.59297768239386e-17 2.04454293094107e-17 
5.92407107336687e+01 1.50723474502446e-17 1.93507787863323e-17 
5.93175967956203e+01 1.42611581416280e-17 1.83148780162892e-17 
5.93944828575718e+01 1.34937299583835e-17 1.73345397989777e-17 
5.94713689195234e+01 1.27676783723825e-17 1.64068031917812e-17 
5.95482549814749e+01 1.20807855857435e-17 1.55288153853911e-17 
5.96251410434265e+01 1.14309184669894e-17 1.46979257388855e-17 
5.97020271053780e+01 1.08160927983466e-17 1.39115806793093e-17 
5.97789131673296e+01 1.02344002887409e-17 1.31674072847195e-17 
5.98557992292811e+01 9.68406565320127e-18 1.24631197670752e-17 
5.99326852912327e+01 9.16338169556189e-18 1.17965937685211e-17 
6.00095713531842e+01 8.67076002202009e-18 1.11657839295516e-17 
6.00864574151358e+01 8.20467409817305e-18 1.05687891490971e-17 
6.01633434770873e+01 7.76370299684680e-18 1.00037785024355e-17 
6.02402295390389e+01 7.34648001530316e-18 9.46904933010225e-18 
6.03171156009904e+01 6.95173327032397e-18 8.96296155334983e-18 
6.03940016629420e+01 6.57824000756157e-18 8.48399036087276e-18 
6.04708877248935e+01 6.22486217301528e-18 8.03066753671676e-18 
6.05477737868451e+01 5.89050576836870e-18 7.60162788063392e-18 
6.06246598487966e+01 5.57415245932677e-18 7.19555699214822e-18 
6.07015459107482e+01 5.27482341789298e-18 6.81123254068062e-18 
6.07784319726997e+01 4.99160741042211e-18 6.44747779300546e-18 
6.08553180346513e+01 4.72362862992586e-18 6.10319830631162e-18 
6.09322040966028e+01 4.47007165706322e-18 5.77734056523110e-18 
6.10090901585544e+01 4.23015284077042e-18 5.46892460701984e-18 
6.10859762205059e+01 4.00314248135647e-18 5.17700720452564e-18 
6.11628622824575e+01 3.78833936680708e-18 4.90071087584958e-18 
6.12397483444090e+01 3.58509048804905e-18 4.63919113891453e-18 
6.13166344063606e+01 3.39276837957103e-18 4.39166228066586e-18 
6.13935204683121e+01 3.21078864450218e-18 4.15736815679343e-18 
6.14704065302637e+01 3.03858979380106e-18 3.93560515826118e-18 
6.15472925922152e+01 2.87564882108883e-18 3.72569624019466e-18 
6.16241786541668e+01 2.72146326221852e-18 3.52701132215564e-18 
6.17010647161183e+01 2.57556503935139e-18 3.33894416672288e-18 
6.17779507780699e+01 2.43750449559333e-18 3.16093052246664e-18 
6.18548368400214e+01 2.30686270121106e-18 2.99242753851421e-18 
6.19317229019730e+01 2.18323724521155e-18 2.83292990075999e-18 
6.20086089639245e+01 2.06625317503256e-18 2.68195146319881e-18 
6.20854950258761e+01 1.95555035451586e-18 2.53903966915979e-18 
6.21623810878276e+01 1.85079318338676e-18 2.40375918601531e-18 
6.22392671497792e+01 1.75165934959479e-18 2.27570471058824e-18 
6.23161532117307e+01 1.65784846628921e-18 2.15448648197372e-18 
6.23930392736823e+01 1.56907205748592e-18 2.03974150955961e-18 
6.24699253356338e+01 1.48506124679857e-18 1.93112066065289e-18 
6.25468113975854e+01 1.40555784140713e-18 1.82829882764005e-18 
6.26236974595369e+01 1.33032116285274e-18 1.73096338802094e-18 
6.27005835214885e+01 1.25912011173538e-18 1.63882304598222e-18 
6.27774695834400e+01 1.19173925316649e-18 1.55159771909623e-18 
6.28543556453916e+01 1.12797174024956e-18 1.46902664067183e-18 
6.29312417073431e+01 1.06762471706612e-18 1.39085908610728e-18 
6.30081277692947e+01 1.01051302890584e-18 1.31686145888350e-18 
6.30850138312462e+01 9.56464028964184e-19 1.24680914305859e-18 
6.31618998931978e+01 9.05311979207750e-19 1.18049286827102e-18 
6.32387859551493e+01 8.56902321920395e-19 1.11771146327305e-18 
6.33156720171009e+01 8.11086694308558e-19 1.05827746587183e-18 
6.33925580790524e+01 7.67726728830023e-19 1.00201067565632e-18 
6.34694441410039e+01 7.26689613383169e-19 9.48743121530955e-19 
6.35463302029555e+01 6.87851474764108e-19 8.98313392792069e-19 
6.36232162649071e+01 6.51093418185662e-19 8.50571069888639e-19 
6.37001023268586e+01 6.16304539252888e-19 8.05371536560289e-19 
6.37769883888101e+01 5.83378401713749e-19 7.62580013446891e-19 
6.38538744507617e+01 5.52215711518869e-19 7.22066973104322e-19 
6.39307605127132e+01 5.22721181559712e-19 6.83711719825734e-19 
6.40076465746648e+01 4.94805906113341e-19 6.47398273450144e-19 
6.40845326366163e+01 4.68384572694953e-19 6.13018454821018e-19 
6.41614186985679e+01 4.43377578527748e-19 5.80468327022965e-19 
6.42383047605194e+01 4.19708542268897e-19 5.49650992027861e-19 
6.43151908224710e+01 3.97306186853829e-19 5.20473336934589e-19 
6.43920768844225e+01 3.76102125136094e-19 4.92848535120378e-19 
6.44689629463741e+01 3.56032533975097e-19 4.66693168149405e-19 
6.45458490083256e+01 3.37036181962084e-19 4.41929441403003e-19 
6.46227350702772e+01 3.19055918756852e-19 4.18482619403859e-19 
6.46996211322287e+01 3.02036918351079e-19 3.96282998034543e-19 
6.47765071941803e+01 2.85928004102113e-19 3.75263619037077e-19 
6.48533932561318e+01 2.70680083905493e-19 3.55362025642347e-19 
6.49302793180834e+01 2.56247329104136e-19 3.36518225757619e-19 
6.50071653800349e+01 2.42585780540218e-19 3.18676254864828e-19 
6.50840514419865e+01 2.29654397500967e-19 3.01782360748677e-19 
6.51609375039380e+01 2.17413815931779e-19 2.85786284623462e-19 
6.52378235658896e+01 2.05827290980190e-19 2.70639863101518e-19 
6.53147096278411e+01 1.94859572364848e-19 2.56298236521318e-19 
6.53915956897927e+01 1.84477746655182e-19 2.42718246606514e-19 
6.54684817517442e+01 1.74650246668529e-19 2.29859652250337e-19 
6.55453678136958e+01 1.65347592881522e-19 2.17683782874536e-19 
6.56222538756473e+01 1.56541515393417e-19 2.06154548514749e-19 
6.56991399375989e+01 1.48205611639290e-19 1.95237295395123e-19 
6.57760259995504e+01 1.40314563950148e-19 1.84899680336911e-19 
6.58529120615020e+01 1.32844724889593e-19 1.75110649331467e-19 
6.59297981234535e+01 1.25773420061877e-19 1.65841216169455e-19 
6.60066841854051e+01 1.19079469059597e-19 1.57063551852724e-19 
6.60835702473566e+01 1.12742564202989e-19 1.48751677966976e-19 
6.61604563093082e+01 1.06743734202157e-19 1.40880654866452e-19 
6.62373423712597e+01 1.01064790532265e-19 1.33427199153307e-19 
6.63142284332113e+01 9.56887401278799e-20 1.26368959886782e-19 
6.63911144951628e+01 9.05992920077806e-20 1.19685068501148e-19 
6.64680005571144e+01 8.57812246202531e-20 1.13355493464378e-19 
6.65448866190659e+01 8.12199461403802e-20 1.07361530049081e-19 
6.66217726810175e+01 7.69018214638964e-20 1.01685224910583e-19 
6.66986587429690e+01 7.28137803200347e-20 9.63098123091155e-20 
6.67755448049206e+01 6.89436083592131e-20 9.12192010076904e-20 
6.68524308668721e+01 6.52795978656178e-20 8.63983628178029e-20 
6.69293169288237e+01 6.18108068928735e-20 8.18328750461420e-20 
6.70062029907752e+01 5.85267479312554e-20 7.75092665901672e-20 
6.70830890527268e+01 5.54176186087907e-20 7.34146099007006e-20 
6.71599751146783e+01 5.24740241760633e-20 6.95368292790926e-20 
6.72368611766299e+01 4.96871829018611e-20 6.58643369800632e-20 
6.73137472385814e+01 4.70486786908637e-20 6.23863078509109e-20 
6.73906333005330e+01 4.45506439576128e-20 5.90923547844281e-20 
6.74675193624845e+01 4.21855390950929e-20 5.59727733856872e-20 
6.75444054244361e+01 3.99463153036866e-20 5.30182525063661e-20 
6.76212914863876e+01 3.78262179872248e-20 5.02200922198758e-20 
6.76981775483392e+01 3.58189317404553e-20 4.75699456329651e-20 
6.77750636102907e+01 3.39184050684097e-20 4.50600130897605e-20 
6.78519496722423e+01 3.21189794929877e-20 4.26828118703548e-20 
6.79288357341938e+01 3.04152332757832e-20 4.04313492238052e-20 
6.80057217961454e+01 2.88020963883204e-20 3.82989169320708e-20 
6.80826078580969e+01 2.72747111716434e-20 3.62792454867696e-20 
6.81594939200485e+01 2.58285347225539e-20 3.43663208252831e-20 
6.82363799820000e+01 2.44592146487189e-20 3.25545217122139e-20 
6.83132660439516e+01 2.31626802523060e-20 3.08384562471101e-20 
6.83901521059031e+01 2.19350317401435e-20 2.92130842856275e-20 
6.84670381678547e+01 2.07726214340788e-20 2.76735715790619e-20 
6.85439242298062e+01 1.96719549745418e-20 2.62153988691305e-20 
6.86208102917577e+01 1.86297636516683e-20 2.48342317518251e-20 
6.86976963537093e+01 1.76429162998852e-20 2.35260179007325e-20 
6.87745824156608e+01 1.67084837234889e-20 2.22868709547475e-20 
6.88514684776124e+01 1.58236601217262e-20 2.11131571655281e-20 
6.89283545395640e+01 1.49858204754460e-20 2.00013917930886e-20 
6.90052406015155e+01 1.41924504685071e-20 1.89483163311554e-20 
6.90821266634671e+01 1.34411976068572e-20 1.79508060590700e-20 
6.91590127254186e+01 1.27298087146564e-20 1.70059388725567e-20 
6.92358987873701e+01 1.20561754723754e-20 1.61109127868806e-20 
6.93127848493217e+01 1.14182786662918e-20 1.52631072881399e-20 
6.93896709112732e+01 1.08142287567803e-20 1.44600097132146e-20 
6.94665569732248e+01 1.02422161491642e-20 1.36992699366248e-20 
6.95434430351763e+01 9.70054733625947e-21 1.29786346691962e-20 
6.96203290971279e+01 9.18760053814390e-21 1.22959962064305e-20 
6.96972151590794e+01 8.70185790329891e-21 1.16493337915612e-20 
6.97741012210310e+01 8.24186593575865e-21 1.10367570720529e-20 
6.98509872829825e+01 7.80626418605029e-21 1.04564537651965e-20 
6.99278733449341e+01 7.39374994735694e-21 9.90672839871863e-21 
7.00047594068856e+01 7.00310382016238e-21 9.38596702212599e-21 
7.00816454688372e+01 6.63317008307301e-21 8.89266136202360e-21 
7.01585315307887e+01 6.28286216252443e-21 8.42536489474065e-21 
7.02354175927403e+01 5.95112972832186e-21 7.98271639446688e-21 
7.03123036546918e+01 5.63698964271685e-21 7.56340285183192e-21 
7.03891897166434e+01 5.33950085825961e-21 7.16619586684834e-21 
7.04660757785949e+01 5.05778246094761e-21 6.78991829846573e-21 
7.05429618405465e+01 4.79099127998238e-21 6.43346876291347e-21 
7.06198479024980e+01 4.53833796365616e-21 6.09579187242999e-21 
7.06967339644496e+01 4.29906700671278e-21 5.77590007379890e-21 
7.07736200264011e+01 4.07247107445649e-21 5.47284708843246e-21 
7.08505060883527e+01 3.85787318547843e-21 5.18574738093449e-21 
7.09273921503042e+01 3.65463947578599e-21 4.91375245481331e-21 
7.10042782122558e+01 3.46216330320996e-21 4.65606820917476e-21 
7.10811642742073e+01 3.27987662228242e-21 4.41193378184932e-21 
7.11580503361589e+01 3.10723580207013e-21 4.18063702407412e-21 
7.12349363981104e+01 2.94373176378391e-21 3.96149561624267e-21 
7.13118224600620e+01 2.78887732643444e-21 3.75387086529287e-21 
7.13887085220135e+01 2.64221624247882e-21 3.55715084807307e-21 
7.14655945839651e+01 2.50331190587048e-21 3.37076271376915e-21 
7.15424806459166e+01 2.37175540621074e-21 3.19415763642552e-21 
7.16193667078682e+01 2.24715545173602e-21 3.02682178481704e-21 
7.16962527698197e+01 2.12914554923991e-21 2.86826288932143e-21 
7.17731388317713e+01 2.01737501055087e-21 2.71802002389792e-21 
7.18500248937228e+01 1.91151535374244e-21 2.57565161359536e-21 
7.19269109556744e+01 1.81125227591726e-21 2.44074415749960e-21 
7.20037970176259e+01 1.71629136076974e-21 2.31290152195838e-21 
7.20806830795775e+01 1.62635091319868e-21 2.19175271928954e-21 
7.21575691415290e+01 1.54116704898456e-21 2.07694234856089e-21 
7.22344552034806e+01 1.46048729807427e-21 1.96813753232005e-21 
7.23113412654321e+01 1.38407514385682e-21 1.86501938170695e-21 
7.23882273273837e+01 1.31170431205073e-21 1.76728918230499e-21 
7.24651133893352e+01 1.24316281969533e-21 1.67466077368393e-21 
7.25419994512868e+01 1.17824787555882e-21 1.58686606552971e-21 
7.26188855132383e+01 1.11676949240646e-21 1.50364823359303e-21 
7.26957715751899e+01 1.05854593285575e-21 1.42476663839780e-21 
7.27726576371414e+01 1.00340693264860e-21 1.34999075016251e-21 
7.28495436990930e+01 9.51189633016096e-22 1.27910453449559e-21 
7.29264297610445e+01 9.01741457489628e-22 1.21190102830345e-21 
7.30033158229961e+01 8.54916478196519e-22 1.14818624984828e-21 
7.30802018849476e+01 8.10577984124946e-22 1.08777435608260e-21 
7.31570879468992e+01 7.68595234437715e-22 1.03049112817753e-21 
7.32339740088507e+01 7.28845751994562e-22 9.76169648240213e-22 
7.33108600708023e+01 6.91212421820275e-22 9.24653405833342e-22 
7.33877461327538e+01 6.55585540029975e-22 8.75792438738388e-22 
7.34646321947054e+01 6.21860220086472e-22 8.29446101005666e-22 
7.35415182566569e+01 5.89938224019812e-22 7.85479618410348e-22 
7.36184043186085e+01 5.59725643117040e-22 7.43766554129968e-22 
7.36952903805600e+01 5.31134535432597e-22 7.04185734881316e-22 
7.37721764425116e+01 5.04080851124659e-22 6.66623446359150e-22 
7.38490625044631e+01 4.78485897678677e-22 6.30970690809684e-22 
7.39259485664147e+01 4.54274483285585e-22 5.97125140828040e-22 
7.40028346283662e+01 4.31376228912055e-22 5.64988693381061e-22 
7.40797206903178e+01 4.09723905949183e-22 5.34469207403991e-22 
7.41566067522693e+01 3.89254612229000e-22 5.05478323087407e-22 
7.42334928142209e+01 3.69908282695257e-22 4.77933005894113e-22 
7.43103788761724e+01 3.51628744658863e-22 4.51753603321797e-22 
7.43872649381239e+01 3.34362382488486e-22 4.26865215441404e-22 
7.44641510000755e+01 3.18059085793499e-22 4.03195964383125e-22 
7.45410370620270e+01 3.02671051130942e-22 3.80678209244285e-22 
7.46179231239786e+01 2.88153635381561e-22 3.59247006260962e-22 
7.46948091859302e+01 2.74464279247715e-22 3.38841183916819e-22 
7.47716952478817e+01 2.61563276826932e-22 3.19401974191395e-22 
7.48485813098332e+01 2.49412807256021e-22 3.00873961894578e-22 
7.49254673717848e+01 2.37977630370283e-22 2.83203869557062e-22 
7.50023534337363e+01 2.27224214253260e-22 2.66340828562089e-22 
7.50792394956879e+01 2.17119851871379e-22 2.50237261387983e-22 
7.51561255576394e+01 2.07633824093268e-22 2.34847895775169e-22 
7.52330116195910e+01 1.98738931339939e-22 2.20128216823757e-22 
7.53098976815425e+01 1.90409358799698e-22 2.06036596282817e-22 
7.53867837434941e+01 1.82621203390143e-22 1.92532866000079e-22 
7.54636698054456e+01 1.75351829288266e-22 1.79578872536795e-22 
7.55405558673972e+01 1.68580351673857e-22 1.67137743132743e-22 
7.56174419293487e+01 1.62287049838136e-22 1.55174363631427e-22 
7.56943279913003e+01 1.56453813705914e-22 1.43654735613050e-22 
7.57712140532518e+01 1.51063607345240e-22 1.32546383973095e-22 
7.58481001152034e+01 1.46100883765564e-22 1.21817797023361e-22 
7.59249861771549e+01 1.41551092300537e-22 1.11438769193395e-22 
7.60018722391065e+01 1.37401066748073e-22 1.01379916916748e-22 
7.60787583010580e+01 1.33638570667464e-22 9.16129611243951e-23 
7.61556443630096e+01 1.30252663558842e-22 8.21103126578879e-23 
7.62325304249611e+01 1.27233278611557e-22 7.28452984868223e-23 
7.63094164869127e+01 1.24571571310002e-22 6.37918112339213e-23 
7.63863025488642e+01 1.22259524599267e-22 5.49244823656194e-23 
7.64631886108158e+01 1.20290284047343e-22 4.62183911867652e-23 
7.65400746727673e+01 1.18657785762029e-22 3.76491876160043e-23 
7.66169607347189e+01 1.17357082032469e-22 2.91928567191878e-23 
7.66938467966704e+01 1.16383987643122e-22 2.08257930816866e-23 
7.67707328586220e+01 1.15735399757389e-22 1.25246176083799e-23 
7.68476189205735e+01 1.15408958534312e-22 8.38866842788647e-24 
