Energy(eV)           EEDF(eV^-(3/2))      Anisotropy(eV^-(3/2))
1.42175823603759e+00 1.86164991367801e-02 7.81922815488291e-03 
4.26527470811276e+00 1.71267385658523e-02 1.67126904737646e-02 
7.10879118018794e+00 1.55105454385971e-02 1.41481200778241e-02 
9.95230765226311e+00 1.36734447738377e-02 1.21269418805112e-02 
1.27958241243383e+01 1.17306762664079e-02 1.02978709394944e-02 
1.56393405964135e+01 9.71277519226671e-03 8.54249032928307e-03 
1.84828570684886e+01 7.63040274874440e-03 6.63402233952853e-03 
2.13263735405638e+01 5.75450291087797e-03 4.83890949631502e-03 
2.41698900126390e+01 4.13360165434114e-03 3.40602847345406e-03 
2.70134064847142e+01 2.88433644537056e-03 2.32233083100812e-03 
2.98569229567893e+01 1.93088337459249e-03 1.58173166812805e-03 
3.27004394288645e+01 1.28362461061771e-03 1.05872402334447e-03 
3.55439559009397e+01 8.49193572609358e-04 7.09704304002898e-04 
3.83874723730149e+01 5.64444387035504e-04 4.73731041936370e-04 
4.12309888450900e+01 3.74034682784776e-04 3.19192278418472e-04 
4.40745053171652e+01 2.48075853817363e-04 2.16937925914524e-04 
4.69180217892404e+01 1.65681318627975e-04 1.49965086395518e-04 
4.97615382613156e+01 1.13259288674256e-04 1.04370987125080e-04 
5.26050547333907e+01 7.85419036040771e-05 7.35933595909940e-05 
5.54485712054659e+01 5.49663289748280e-05 5.23659334161305e-05 
5.82920876775411e+01 3.87564883617482e-05 3.75981580983442e-05 
6.11356041496162e+01 2.75621315523367e-05 2.71544139080937e-05 
6.39791206216914e+01 1.97125373529449e-05 1.97734551728546e-05 
6.68226370937666e+01 1.42013750575262e-05 1.44790173557080e-05 
6.96661535658418e+01 1.02998823845936e-05 1.06745345317707e-05 
7.25096700379169e+01 7.53644323967297e-06 7.90455731636029e-06 
7.53531865099921e+01 5.55681323452363e-06 5.88038969183213e-06 
7.81967029820673e+01 4.11646639702413e-06 4.39515439053201e-06 
8.10402194541425e+01 3.06244283046889e-06 3.30014591284794e-06 
8.38837359262176e+01 2.29094457043148e-06 2.48701534893893e-06 
8.67272523982928e+01 1.72331135261761e-06 1.88185769677006e-06 
8.95707688703680e+01 1.30437850261091e-06 1.42688651434745e-06 
9.24142853424432e+01 9.89889819719748e-07 1.08626024294628e-06 
9.52578018145183e+01 7.53632639328982e-07 8.29181415829992e-07 
9.81013182865935e+01 5.75385515045034e-07 6.35026167224889e-07 
1.00944834758669e+02 4.40697310140986e-07 4.87736853055702e-07 
1.03788351230744e+02 3.38551169453384e-07 3.75878399129362e-07 
1.06631867702819e+02 2.60940262432729e-07 2.90573807067786e-07 
1.09475384174894e+02 2.01728560226056e-07 2.25407401147913e-07 
1.12318900646969e+02 1.56460118511986e-07 1.75401546602571e-07 
1.15162417119045e+02 1.21715475961806e-07 1.36954514300042e-07 
1.18005933591120e+02 9.49905575419125e-08 1.07268277666253e-07 
1.20849450063195e+02 7.43565768116705e-08 8.42995295705267e-08 
1.23692966535270e+02 5.83899423848361e-08 6.64554545661561e-08 
1.26536483007345e+02 4.59898587058007e-08 5.25627161851686e-08 
1.29379999479420e+02 3.63378676188038e-08 4.17030421919580e-08 
1.32223515951496e+02 2.87986644646342e-08 3.31941740812269e-08 
1.35067032423571e+02 2.28967446889285e-08 2.65000166497105e-08 
1.37910548895646e+02 1.82616163817718e-08 2.12196755557998e-08 
1.40754065367721e+02 1.46140965587179e-08 1.70373198259612e-08 
1.43597581839796e+02 1.17356860626260e-08 1.37149696454533e-08 
1.46441098311871e+02 9.46069580737937e-09 1.10603455401956e-08 
1.49284614783947e+02 7.64776254424730e-09 8.93757187712984e-09 
1.52128131256022e+02 6.19464685208123e-09 7.23742452924814e-09 
1.54971647728097e+02 5.02811810557011e-09 5.87288586780366e-09 
1.57815164200172e+02 4.09008729761317e-09 4.77562423017122e-09 
1.60658680672247e+02 3.33397135416337e-09 3.89186942072674e-09 
1.63502197144323e+02 2.72346257611606e-09 3.17828349056560e-09 
1.66345713616398e+02 2.22935437729921e-09 2.60116286899083e-09 
1.69189230088473e+02 1.82877451726061e-09 2.13326239720577e-09 
1.72032746560548e+02 1.50326628547218e-09 1.75328906453186e-09 
1.74876263032623e+02 1.23830920690251e-09 1.44397840563926e-09 
1.77719779504698e+02 1.02214872237173e-09 1.19177378870431e-09 
1.80563295976774e+02 8.45495424329847e-10 9.85650560720473e-10 
1.83406812448849e+02 7.00804985043291e-10 8.16912502954795e-10 
1.86250328920924e+02 5.82088711013992e-10 6.78465300119448e-10 
1.89093845392999e+02 4.84467074842325e-10 5.64689013338317e-10 
1.91937361865074e+02 4.04049334976133e-10 4.70984751244118e-10 
1.94780878337149e+02 3.37654892757076e-10 3.93685945855904e-10 
1.97624394809225e+02 2.82738617769367e-10 3.29777440280081e-10 
2.00467911281300e+02 2.37214507949961e-10 2.76820415757993e-10 
2.03311427753375e+02 1.99383860494793e-10 2.32811502975507e-10 
2.06154944225450e+02 1.67875732990529e-10 1.96149170619994e-10 
2.08998460697525e+02 1.41596640101767e-10 1.65535201337798e-10 
2.11841977169600e+02 1.19641033112930e-10 1.39931111032055e-10 
2.14685493641676e+02 1.01273297573361e-10 1.18472628059943e-10 
2.17529010113751e+02 8.58826818600981e-11 1.00458025126866e-10 
2.20372526585826e+02 7.29714027680458e-11 8.52901611109711e-11 
2.23216043057901e+02 6.20885537013207e-11 7.25189230749130e-11 
2.26059559529976e+02 5.28994182040803e-11 6.17427807442130e-11 
2.28903076002052e+02 4.51293929640047e-11 5.26385881846368e-11 
2.31746592474127e+02 3.85518609239516e-11 4.49359128432521e-11 
2.34590108946202e+02 3.29759643394481e-11 3.84119768524600e-11 
2.37433625418277e+02 2.82437532831703e-11 3.28786089361295e-11 
2.40277141890352e+02 2.42219377199641e-11 2.81802073621041e-11 
2.43120658362427e+02 2.07999408558154e-11 2.41850897088801e-11 
2.45964174834503e+02 1.78842627309063e-11 2.07841933475307e-11 
2.48807691306578e+02 1.53971242887953e-11 1.78850294655348e-11 
2.51651207778653e+02 1.32725673984485e-11 1.54102543249577e-11 
2.54494724250728e+02 1.14551836841367e-11 1.32944668388800e-11 
2.57338240722803e+02 9.89859656055589e-12 1.14832338169054e-11 
2.60181757194878e+02 8.56397791478489e-12 9.93071094167997e-12 
2.63025273666954e+02 7.41824437432265e-12 8.59856291021497e-12 
2.65868790139029e+02 6.43363033174933e-12 7.45404299908724e-12 
2.68712306611104e+02 5.58643203777594e-12 6.46969923549927e-12 
2.71555823083179e+02 4.85670872941528e-12 5.62203394902827e-12 
2.74399339555254e+02 4.22740420323407e-12 4.89129754821208e-12 
2.77242856027329e+02 3.68413730604347e-12 4.26054825706220e-12 
2.80086372499405e+02 3.21458482737773e-12 3.71550924898206e-12 
2.82929888971480e+02 2.80833398751892e-12 3.24391474481618e-12 
2.85773405443555e+02 2.45644500521756e-12 2.83541043942472e-12 
2.88616921915630e+02 2.15134692298786e-12 2.48108359976499e-12 
2.91460438387705e+02 1.88652735540238e-12 2.17336597189171e-12 
2.94303954859781e+02 1.65637465318329e-12 1.90564515706799e-12 
2.97147471331856e+02 1.45562990367371e-12 1.67275283838849e-12 
2.99990987803931e+02 1.28037520673843e-12 1.46974763916021e-12 
3.02834504276006e+02 1.12715575010743e-12 1.29254732930136e-12 
3.05678020748081e+02 9.93043121220915e-13 1.13763543843606e-12 
3.08521537220156e+02 8.75559280448093e-13 1.00206621812051e-12 
3.11365053692232e+02 7.72572272968544e-13 8.83326764538030e-13 
3.14208570164307e+02 6.82220535760866e-13 7.79258393504619e-13 
3.17052086636382e+02 6.02899928605693e-13 6.87973916267134e-13 
3.19895603108457e+02 5.33207989756387e-13 6.07849539522235e-13 
3.22739119580532e+02 4.71934302051606e-13 5.37463954107124e-13 
3.25582636052607e+02 4.18019296471017e-13 4.75592266257288e-13 
3.28426152524683e+02 3.70547053381702e-13 4.21160996315067e-13 
3.31269668996758e+02 3.28714789700324e-13 3.73243535720238e-13 
3.34113185468833e+02 2.91827486073813e-13 3.31026814246549e-13 
3.36956701940908e+02 2.59275206860931e-13 2.93807905327261e-13 
3.39800218412983e+02 2.30529085555221e-13 2.60969250175952e-13 
3.42643734885059e+02 2.05124415469602e-13 2.31976122699317e-13 
3.45487251357134e+02 1.82657646520620e-13 2.06358156459381e-13 
3.48330767829209e+02 1.62773740237113e-13 1.83707452514179e-13 
3.51174284301284e+02 1.45163920423749e-13 1.63664763337777e-13 
3.54017800773359e+02 1.29556188755515e-13 1.45918081329376e-13 
3.56861317245434e+02 1.15713638008169e-13 1.30192274312842e-13 
3.59704833717510e+02 1.03427317073459e-13 1.16248033588030e-13 
3.62548350189585e+02 9.25149644005995e-14 1.03874076011520e-13 
3.65391866661660e+02 8.28156244071782e-14 9.28863619984536e-14 
3.68235383133735e+02 7.41886948825546e-14 8.31222137224655e-14 
3.71078899605810e+02 6.65098522641924e-14 7.44397384802432e-14 
3.73922416077885e+02 5.96703331109864e-14 6.67133838886467e-14 
3.76765932549961e+02 5.35738394477124e-14 5.98335183039297e-14 
3.79609449022036e+02 4.81359940669229e-14 5.37030646347219e-14 
3.82452965494111e+02 4.32819812859344e-14 4.82371835102186e-14 
3.85296481966186e+02 3.89461340826542e-14 4.33606205556429e-14 
3.88139998438261e+02 3.50701475001422e-14 3.90072990548376e-14 
3.90983514910336e+02 3.16027959898080e-14 3.51183387478507e-14 
3.93827031382412e+02 2.84985691195329e-14 3.16419831809078e-14 
3.96670547854487e+02 2.57174441573616e-14 2.85321371563081e-14 
3.99514064326562e+02 2.32238325523456e-14 2.57477243624823e-14 
4.02357580798637e+02 2.09858903717767e-14 2.32513635781025e-14 
4.05201097270712e+02 1.89750104239366e-14 2.10105879828536e-14 
4.08044613742787e+02 1.71671846725970e-14 1.89970274093313e-14 
4.10888130214863e+02 1.55409377983304e-14 1.71866669921125e-14 
4.13731646686938e+02 1.40772508667734e-14 1.55579972592486e-14 
4.16575163159013e+02 1.27590949346018e-14 1.40919838815818e-14 
4.19418679631088e+02 1.15713724718889e-14 1.27715562381055e-14 
4.22262196103163e+02 1.05005536247355e-14 1.15815832968428e-14 
4.25105712575239e+02 9.53463157193903e-15 1.05084732414044e-14 
4.27949229047314e+02 8.66283836956072e-15 9.54016358931849e-15 
4.30792745519389e+02 7.87560961860403e-15 8.66581746910179e-15 
4.33636261991464e+02 7.16436036574735e-15 7.87581468846401e-15 
4.36479778463539e+02 6.52145734821328e-15 7.16150859187161e-15 
4.39323294935614e+02 5.94004245382685e-15 6.51502742736105e-15 
4.42166811407690e+02 5.41334985628154e-15 5.92983367986794e-15 
4.45010327879765e+02 4.93572652492546e-15 5.39984324271924e-15 
4.47853844351840e+02 4.50241280832081e-15 4.91954191164309e-15 
4.50697360823915e+02 4.10910827510839e-15 4.48408585512669e-15 
4.53540877295990e+02 3.75196406344901e-15 4.08909712334075e-15 
4.56384393768065e+02 3.42749983886660e-15 3.73066327497637e-15 
4.59227910240141e+02 3.13259777585423e-15 3.40524548001486e-15 
4.62071426712216e+02 2.86443627819676e-15 3.10967839972808e-15 
4.64914943184291e+02 2.62048523853834e-15 2.84109700153383e-15 
4.67758459656366e+02 2.39845301853982e-15 2.59693674749269e-15 
4.70601976128441e+02 2.19628268818732e-15 2.37487539770378e-15 
4.73445492600517e+02 2.01210948338057e-15 2.17283368210881e-15 
4.76289009072592e+02 1.84425775109650e-15 1.98892925288953e-15 
4.79132525544667e+02 1.69120665256451e-15 1.82147781476057e-15 
4.81976042016742e+02 1.55158758841097e-15 1.66895612518719e-15 
4.84819558488817e+02 1.42415648685259e-15 1.53000003706710e-15 
4.87663074960892e+02 1.30779208136543e-15 1.40336451292065e-15 
4.90506591432968e+02 1.20147507726711e-15 1.28791989100727e-15 
4.93350107905043e+02 1.10428741917652e-15 1.18263269024957e-15 
4.96193624377118e+02 1.01539486478730e-15 1.08656766604152e-15 
4.99037140849193e+02 9.34046252881078e-16 9.98856830272661e-16 
5.01880657321268e+02 8.59544682721668e-16 9.18649235859209e-16 
5.04724173793343e+02 7.91212783727485e-16 8.45194829098543e-16 
5.07567690265419e+02 7.28521010513078e-16 7.77837332277423e-16 
5.10411206737494e+02 6.70988825451717e-16 7.16052090310821e-16 
5.13254723209569e+02 6.18175982656009e-16 6.59363488735098e-16 
5.16098239681644e+02 5.69682737989740e-16 6.07335527854677e-16 
5.18941756153719e+02 5.25142690586881e-16 5.59572717741121e-16 
5.21785272625795e+02 4.84222948044713e-16 5.15712340014829e-16 
5.24628789097870e+02 4.46618240003876e-16 4.75425175761237e-16 
5.27472305569945e+02 4.12051048772567e-16 4.38409144861257e-16 
5.30315822042020e+02 3.80266763078833e-16 4.04389899577816e-16 
5.33159338514095e+02 3.51033781957965e-16 3.73115589712901e-16 
5.36002854986170e+02 3.24139520089319e-16 3.44357347912851e-16 
5.38846371458245e+02 2.99390490942575e-16 3.17904976037621e-16 
5.41689887930321e+02 2.76609010145124e-16 2.93567342920331e-16 
5.44533404402396e+02 2.55633262490938e-16 2.71168825375692e-16 
5.47376920874471e+02 2.36314578170289e-16 2.50549634880306e-16 
5.50220437346546e+02 2.18517487200652e-16 2.31562877320915e-16 
5.53063953818621e+02 2.02117466395872e-16 2.14074821485054e-16 
5.55907470290697e+02 1.87000984026408e-16 1.97962466200959e-16 
5.58750986762772e+02 1.73063634185244e-16 1.83113760236327e-16 
5.61594503234847e+02 1.60210174019476e-16 1.69425584857078e-16 
5.64438019706922e+02 1.48352977560443e-16 1.56803931748479e-16 
5.67281536178997e+02 1.37412067671157e-16 1.45162225450345e-16 
5.70125052651072e+02 1.27313833984942e-16 1.34421467163996e-16 
5.72968569123148e+02 1.17991061192692e-16 1.24508852077608e-16 
5.75812085595223e+02 1.09381863544998e-16 1.15357926751991e-16 
5.78655602067298e+02 1.01429704798815e-16 1.06907458786480e-16 
5.81499118539373e+02 9.40825090799515e-17 9.91015484739208e-17 
5.84342635011448e+02 8.72926769086678e-17 9.18884130319484e-17 
5.87186151483524e+02 8.10153632921873e-17 8.52208916890524e-17 
5.90029667955599e+02 7.52078641507016e-17 7.90571464894984e-17 
5.92873184427674e+02 6.98336714376521e-17 7.33571301588228e-17 
5.95716700899749e+02 6.48593342604603e-17 6.80846248871913e-17 
5.98560217371824e+02 6.02539538537322e-17 6.32064797911446e-17 
6.01403733843899e+02 5.59892046546977e-17 5.86920653198717e-17 
6.04247250315974e+02 5.20389113191273e-17 5.45133313674603e-17 
6.07090766788050e+02 4.83790663535311e-17 5.06443506064823e-17 
6.09934283260125e+02 4.49874754857710e-17 4.70613671563409e-17 
6.12777799732200e+02 4.18437724671616e-17 4.37424139536857e-17 
6.15621316204275e+02 3.89291214511022e-17 4.06673535952204e-17 
6.18464832676350e+02 3.62262294613759e-17 3.78175574114050e-17 
6.21308349148426e+02 3.37190963634640e-17 3.51759398116277e-17 
6.24151865620501e+02 3.13930254018849e-17 3.27266888350208e-17 
6.26995382092576e+02 2.92344129436003e-17 3.04552950897396e-17 
6.29838898564651e+02 2.72307574123129e-17 2.83483252933817e-17 
6.32682415036726e+02 2.53704823015078e-17 2.63934467057481e-17 
6.35525931508801e+02 2.36429437734211e-17 2.45792366072230e-17 
6.38369447980877e+02 2.20382815298537e-17 2.28952029669174e-17 
6.41212964452952e+02 2.05474252950841e-17 2.13316239933163e-17 
6.44056480925027e+02 1.91619690359642e-17 1.98795656506746e-17 
6.46899997397102e+02 1.78741765090249e-17 1.85307463992091e-17 
6.49743513869177e+02 1.66768750702043e-17 1.72775518295524e-17 
6.52587030341252e+02 1.55634604666298e-17 1.61129205406389e-17 
6.55430546813328e+02 1.45278070950233e-17 1.50303572773667e-17 
6.58274063285403e+02 1.35642720640769e-17 1.40238365188379e-17 
6.61117579757478e+02 1.26676192825260e-17 1.30878133200119e-17 
6.63961096229553e+02 1.18330232722501e-17 1.22171414001874e-17 
6.66804612701628e+02 1.10560042755308e-17 1.14070823564134e-17 
6.69648129173704e+02 1.03324316244228e-17 1.06532364027733e-17 
6.72491645645779e+02 9.65846930913791e-18 9.95155055234544e-18 
6.75335162117854e+02 9.03057862445084e-18 9.29826020456306e-18 
6.78178678589929e+02 8.44547195665893e-18 8.68989589010932e-18 
6.81022195062004e+02 7.90011508231012e-18 8.12323370425001e-18 
6.83865711534079e+02 7.39168792682798e-18 7.59530109502921e-18 
6.86709228006155e+02 6.91758656533503e-18 7.10333478940588e-18 
6.89552744478230e+02 6.47538986967509e-18 6.64478576854250e-18 
6.92396260950305e+02 6.06286125329444e-18 6.21728351951328e-18 
6.95239777422380e+02 5.67792029638358e-18 5.81864031865457e-18 
6.98083293894455e+02 5.31864427030447e-18 5.44682082855306e-18 
7.00926810366530e+02 4.98324397522480e-18 5.09994579141153e-18 
7.03770326838606e+02 4.67006507419558e-18 4.77626614724371e-18 
7.06613843310681e+02 4.37756749871820e-18 4.47416622333887e-18 
7.09457359782756e+02 4.10432661808527e-18 4.19214168026007e-18 
7.12300876254831e+02 3.84901566974256e-18 3.92880227021990e-18 
7.15144392726906e+02 3.61040678574702e-18 3.68285302688055e-18 
7.17987909198981e+02 3.38735598982862e-18 3.45309665433710e-18 
7.20831425671057e+02 3.17880409966348e-18 3.23841746839955e-18 
7.23674942143132e+02 2.98376390391432e-18 3.03778346855064e-18 
7.26518458615207e+02 2.80132095635909e-18 2.85023261529365e-18 
7.29361975087282e+02 2.63062260614484e-18 2.67487462961030e-18 
7.32205491559357e+02 2.47087869756684e-18 2.51087925552705e-18 
7.35049008031433e+02 2.32135217718117e-18 2.35747782499817e-18 
7.37892524503508e+02 2.18135971112635e-18 2.21395320910953e-18 
7.40736040975583e+02 2.05026363516144e-18 2.07964118075358e-18 
7.43579557447658e+02 1.92747249980354e-18 1.95392180355021e-18 
7.46423073919733e+02 1.81243416508719e-18 1.83622062000593e-18 
7.49266590391808e+02 1.70463628240692e-18 1.72600126570016e-18 
7.52110106863884e+02 1.60360036590913e-18 1.62276650668260e-18 
7.54953623335959e+02 1.50888221873987e-18 1.52605189885712e-18 
7.57797139808034e+02 1.42006683838962e-18 1.43542669472707e-18 
7.60640656280109e+02 1.33676879405849e-18 1.35048839445949e-18 
7.63484172752184e+02 1.25862784482220e-18 1.27086353857011e-18 
7.66327689224259e+02 1.18530927405624e-18 1.19620302030732e-18 
7.69171205696335e+02 1.11650011750157e-18 1.12618260422673e-18 
7.72014722168410e+02 1.05190948066917e-18 1.06049884327611e-18 
7.74858238640485e+02 9.91265294381054e-19 9.98870048488014e-19 
7.77701755112560e+02 9.34314555910200e-19 9.41032923805894e-19 
7.80545271584635e+02 8.80820519108199e-19 8.86743130852025e-19 
7.83388788056710e+02 8.30563132368137e-19 8.35772033327014e-19 
7.86232304528786e+02 7.83336241003661e-19 7.87907241066017e-19 
7.89075821000861e+02 7.38947851266731e-19 7.42950273095842e-19 
7.91919337472936e+02 6.97218104470885e-19 7.00716896192402e-19 
7.94762853945011e+02 6.57979469481459e-19 6.61034058781365e-19 
7.97606370417086e+02 6.21074993776964e-19 6.23740153739661e-19 
8.00449886889162e+02 5.86358486161714e-19 5.88682880748079e-19 
8.03293403361237e+02 5.53692306067628e-19 5.55720273004546e-19 
8.06136919833312e+02 5.22948666364145e-19 5.24719409237336e-19 
8.08980436305387e+02 4.94008144931631e-19 4.95557292580670e-19 
8.11823952777462e+02 4.66759395850642e-19 4.68118931629730e-19 
8.14667469249537e+02 4.41097978519189e-19 4.42297214207787e-19 
8.17510985721613e+02 4.16926475157017e-19 4.17991652057091e-19 
8.20354502193688e+02 3.94153475104928e-19 3.95108603358096e-19 
8.23198018665763e+02 3.72693679358246e-19 3.73560183097170e-19 
8.26041535137838e+02 3.52467018794314e-19 3.53264459732394e-19 
8.28885051609913e+02 3.33398747204029e-19 3.34144508483396e-19 
8.31728568081988e+02 3.15418675207511e-19 3.16128585210235e-19 
8.34572084554064e+02 2.98461253088565e-19 2.99149303035047e-19 
8.37415601026139e+02 2.82464904739050e-19 2.83143786017013e-19 
8.40259117498214e+02 2.67372101466787e-19 2.68052952132256e-19 
8.43102633970289e+02 2.53128782530292e-19 2.53821648772303e-19 
8.45946150442364e+02 2.39684420996380e-19 2.40398027124527e-19 
8.48789666914440e+02 2.26991519365229e-19 2.27733660700722e-19 
8.51633183386515e+02 2.15005668529576e-19 2.15782997391589e-19 
8.54476699858590e+02 2.03685108738301e-19 2.04503460933514e-19 
8.57320216330665e+02 1.92990782804499e-19 1.93854967622519e-19 
8.60163732802740e+02 1.82885954273121e-19 1.83800010546290e-19 
8.63007249274815e+02 1.73336256105408e-19 1.74303233524665e-19 
8.65850765746891e+02 1.64309358886842e-19 1.65331523669420e-19 
8.68694282218966e+02 1.55775013547939e-19 1.56853683942175e-19 
8.71537798691041e+02 1.47704758267243e-19 1.48840531639231e-19 
8.74381315163116e+02 1.40071954245974e-19 1.41264590233619e-19 
8.77224831635191e+02 1.32851528631207e-19 1.34099618964222e-19 
8.80068348107266e+02 1.26017764777181e-19 1.27321843709285e-19 
8.82911864579342e+02 1.19545237993551e-19 1.20910229043456e-19 
8.85755381051417e+02 1.13413767537264e-19 1.14842988139781e-19 
8.88598897523492e+02 1.07604305586710e-19 1.09100624675519e-19 
8.91442413995567e+02 1.02098969405665e-19 1.03664731483505e-19 
8.94285930467642e+02 9.68808756493707e-20 9.85180408643256e-20 
8.97129446939717e+02 9.19341687967277e-20 9.36442425785295e-20 
8.99972963411793e+02 8.72438757124372e-20 8.90280282929666e-20 
9.02816479883868e+02 8.27959307994370e-20 8.46549311132791e-20 
9.05659996355943e+02 7.85770483303259e-20 8.05113647104574e-20 
9.08503512828018e+02 7.45747447311444e-20 7.65844815418168e-20 
9.11347029300093e+02 7.07772265305396e-20 7.28622070571656e-20 
9.14190545772169e+02 6.71734101577706e-20 6.93331140186138e-20 
9.17034062244244e+02 6.37528236588930e-20 6.59864519985128e-20 
9.19877578716319e+02 6.05056243802534e-20 6.28120353542396e-20 
9.22721095188394e+02 5.74225128797617e-20 5.98002679541188e-20 
9.25564611660469e+02 5.44947488806071e-20 5.69420423314008e-20 
9.28408128132544e+02 5.17140760804057e-20 5.42287591087992e-20 
9.31251644604620e+02 4.90727368163905e-20 5.16522345026437e-20 
9.34095161076695e+02 4.65634067771945e-20 4.92047130337849e-20 
9.36938677548770e+02 4.41792089597660e-20 4.68787795328355e-20 
9.39782194020845e+02 4.19136576815303e-20 4.46673618729701e-20 
9.42625710492920e+02 3.97606727222548e-20 4.25636410625955e-20 
9.45469226964995e+02 3.77145326647239e-20 4.05610364799475e-20 
9.48312743437071e+02 3.57698908284036e-20 3.86531011742451e-20 
9.51156259909146e+02 3.39217392028315e-20 3.68334715010468e-20 
9.53999776381221e+02 3.21654294899340e-20 3.50957178565966e-20 
9.56843292853296e+02 3.04966517177342e-20 3.34332128865111e-20 
9.59686809325371e+02 2.89114680243706e-20 3.18388630075748e-20 
9.62530325797446e+02 2.74063170706246e-20 3.03047773394535e-20 
9.65373842269522e+02 2.59780792536755e-20 2.88216946499630e-20 
9.68217358741597e+02 2.46241353814462e-20 2.73781790208252e-20 
9.71060875213672e+02 2.33425075002104e-20 2.59593831690519e-20 
9.73904391685747e+02 2.21320334078199e-20 2.45454806142203e-20 
9.76747908157822e+02 2.09926530553146e-20 2.31101011327781e-20 
9.79591424629898e+02 1.99257258261876e-20 2.16205022363177e-20 
9.82434941101973e+02 1.89342919394679e-20 2.00429320268072e-20 
9.85278457574048e+02 1.80228721427795e-20 1.83957041226866e-20 
9.88121974046123e+02 1.71927029886158e-20 1.67461274275049e-20 
9.90965490518198e+02 1.64418954273910e-20 1.51356995539482e-20 
9.93809006990273e+02 1.57677775748033e-20 1.35853954052800e-20 
9.96652523462349e+02 1.51665225862805e-20 1.21040006544219e-20 
9.99496039934424e+02 1.46346840869621e-20 1.11644263743596e-20 
1.00233955640650e+03 1.44422754354932e-20 1.05444076154094e-20 
1.00518307287857e+03 1.42527015481411e-20 1.04094305944102e-20 
1.00802658935065e+03 1.40659164422432e-20 1.02764437137629e-20 
1.01087010582272e+03 1.38818749531474e-20 1.01454140526208e-20 
1.01371362229480e+03 1.37005327183539e-20 1.00163092919512e-20 
1.01655713876687e+03 1.35218461619923e-20 9.88909770244977e-21 
1.01940065523895e+03 1.33457724796245e-20 9.76374813271931e-21 
1.02224417171103e+03 1.31722696233667e-20 9.64022999770851e-21 
1.02508768818310e+03 1.30012962873229e-20 9.51851326740398e-21 
1.02793120465518e+03 1.28328118933234e-20 9.39856845576701e-21 
1.03077472112725e+03 1.26667765769609e-20 9.28036660991128e-21 
1.03361823759933e+03 1.25031511739177e-20 9.16387929951732e-21 
1.03646175407140e+03 1.23418972065766e-20 9.04907860647544e-21 
1.03930527054348e+03 1.21829768709112e-20 8.93593711475233e-21 
1.04214878701555e+03 1.20263530236467e-20 8.82442790047694e-21 
1.04499230348763e+03 1.18719891696867e-20 8.71452452224022e-21 
1.04783581995970e+03 1.17198494498003e-20 8.60620101160341e-21 
1.05067933643178e+03 1.15698986285624e-20 8.49943186381031e-21 
1.05352285290385e+03 1.14221020825427e-20 8.39419202869814e-21 
1.05636636937593e+03 1.12764257887365e-20 8.29045690180283e-21 
1.05920988584800e+03 1.11328363132346e-20 8.18820231565437e-21 
1.06205340232008e+03 1.09913008001232e-20 8.08740453125827e-21 
1.06489691879215e+03 1.08517869606119e-20 7.98804022975768e-21 
1.06774043526423e+03 1.07142630623835e-20 7.89008650427155e-21 
1.07058395173630e+03 1.05786979191602e-20 7.79352085190699e-21 
1.07342746820838e+03 1.04450608804826e-20 7.69832116594039e-21 
1.07627098468045e+03 1.03133218216958e-20 7.60446572816318e-21 
1.07911450115253e+03 1.01834511341390e-20 7.51193320138950e-21 
1.08195801762460e+03 1.00554197155325e-20 7.42070262212053e-21 
1.08480153409668e+03 9.92919896056029e-21 7.33075339336312e-21 
1.08764505056875e+03 9.80476075164155e-21 7.24206527759945e-21 
1.09048856704083e+03 9.68207744988831e-21 7.15461838990314e-21 
1.09333208351290e+03 9.56112188624481e-21 7.06839319119936e-21 
1.09617559998498e+03 9.44186735280459e-21 6.98337048166537e-21 
1.09901911645705e+03 9.32428759430157e-21 6.89953139426780e-21 
1.10186263292913e+03 9.20835679977127e-21 6.81685738843478e-21 
1.10470614940121e+03 9.09404959437849e-21 6.73533024385908e-21 
1.10754966587328e+03 8.98134103140795e-21 6.65493205442923e-21 
1.11039318234536e+03 8.87020658441420e-21 6.57564522228638e-21 
1.11323669881743e+03 8.76062213952759e-21 6.49745245200294e-21 
1.11608021528951e+03 8.65256398791277e-21 6.42033674488125e-21 
1.11892373176158e+03 8.54600881837662e-21 6.34428139337008e-21 
1.12176724823366e+03 8.44093371012216e-21 6.26926997559466e-21 
1.12461076470573e+03 8.33731612564566e-21 6.19528634999880e-21 
1.12745428117781e+03 8.23513390377357e-21 6.12231465009722e-21 
1.13029779764988e+03 8.13436525283652e-21 6.05033927933460e-21 
1.13314131412196e+03 8.03498874397734e-21 5.97934490604827e-21 
1.13598483059403e+03 7.93698330459040e-21 5.90931645853404e-21 
1.13882834706611e+03 7.84032821188929e-21 5.84023912021285e-21 
1.14167186353818e+03 7.74500308660030e-21 5.77209832489395e-21 
1.14451538001026e+03 7.65098788677899e-21 5.70487975213475e-21 
1.14735889648233e+03 7.55826290174721e-21 5.63856932269402e-21 
1.15020241295441e+03 7.46680874614808e-21 5.57315319407645e-21 
1.15304592942648e+03 7.37660635411647e-21 5.50861775616746e-21 
1.15588944589856e+03 7.28763697356252e-21 5.44494962695512e-21 
1.15873296237063e+03 7.19988216056578e-21 5.38213564833764e-21 
1.16157647884271e+03 7.11332377387788e-21 5.32016288201470e-21 
1.16441999531478e+03 7.02794396953111e-21 5.25901860546170e-21 
1.16726351178686e+03 6.94372519555109e-21 5.19869030798382e-21 
1.17010702825893e+03 6.86065018677103e-21 5.13916568684809e-21 
1.17295054473101e+03 6.77870195974570e-21 5.08043264349280e-21 
1.17579406120308e+03 6.69786380776292e-21 5.02247927981235e-21 
1.17863757767516e+03 6.61811929595064e-21 4.96529389451500e-21 
1.18148109414723e+03 6.53945225647751e-21 4.90886497955297e-21 
1.18432461061931e+03 6.46184678384515e-21 4.85318121662335e-21 
1.18716812709139e+03 6.38528723027015e-21 4.79823147373725e-21 
1.19001164356346e+03 6.30975820115395e-21 4.74400480185701e-21 
1.19285516003554e+03 6.23524455063887e-21 4.69049043159913e-21 
1.19569867650761e+03 6.16173137724840e-21 4.63767777000196e-21 
1.19854219297969e+03 6.08920401961013e-21 4.58555639735662e-21 
1.20138570945176e+03 6.01764805225965e-21 4.53411606409978e-21 
1.20422922592384e+03 5.94704928152360e-21 4.48334668776707e-21 
1.20707274239591e+03 5.87739374148051e-21 4.43323835000605e-21 
1.20991625886799e+03 5.80866768999758e-21 4.38378129364694e-21 
1.21275977534006e+03 5.74085760484207e-21 4.33496591983057e-21 
1.21560329181214e+03 5.67395017986567e-21 4.28678278519146e-21 
1.21844680828421e+03 5.60793232126047e-21 4.23922259909572e-21 
1.22129032475629e+03 5.54279114388488e-21 4.19227622093255e-21 
1.22413384122836e+03 5.47851396765842e-21 4.14593465745757e-21 
1.22697735770044e+03 5.41508831402360e-21 4.10018906018733e-21 
1.22982087417251e+03 5.35250190247394e-21 4.05503072284422e-21 
1.23266439064459e+03 5.29074264714642e-21 4.01045107885000e-21 
1.23550790711666e+03 5.22979865347735e-21 3.96644169886768e-21 
1.23835142358874e+03 5.16965821492032e-21 3.92299428839036e-21 
1.24119494006081e+03 5.11030980972483e-21 3.88010068537592e-21 
1.24403845653289e+03 5.05174209777465e-21 3.83775285792699e-21 
1.24688197300496e+03 4.99394391748450e-21 3.79594290201524e-21 
1.24972548947704e+03 4.93690428275401e-21 3.75466303924862e-21 
1.25256900594911e+03 4.88061237997779e-21 3.71390561468083e-21 
1.25541252242119e+03 4.82505756511043e-21 3.67366309466326e-21 
1.25825603889326e+03 4.77022936078552e-21 3.63392806473618e-21 
1.26109955536534e+03 4.71611745348736e-21 3.59469322756068e-21 
1.26394307183741e+03 4.66271169077461e-21 3.55595140088974e-21 
1.26678658830949e+03 4.61000207855457e-21 3.51769551557665e-21 
1.26963010478157e+03 4.55797877840733e-21 3.47991861362146e-21 
1.27247362125364e+03 4.50663210495868e-21 3.44261384625428e-21 
1.27531713772572e+03 4.45595252330080e-21 3.40577447205413e-21 
1.27816065419779e+03 4.40593064645994e-21 3.36939385510297e-21 
1.28100417066987e+03 4.35655723291001e-21 3.33346546317436e-21 
1.28384768714194e+03 4.30782318413124e-21 3.29798286595611e-21 
1.28669120361402e+03 4.25971954221306e-21 3.26293973330552e-21 
1.28953472008609e+03 4.21223748750035e-21 3.22832983353732e-21 
1.29237823655817e+03 4.16536833628206e-21 3.19414703174405e-21 
1.29522175303024e+03 4.11910353852164e-21 3.16038528814635e-21 
1.29806526950232e+03 4.07343467562826e-21 3.12703865647444e-21 
1.30090878597439e+03 4.02835345826801e-21 3.09410128237991e-21 
1.30375230244647e+03 3.98385172421458e-21 3.06156740187618e-21 
1.30659581891854e+03 3.93992143623825e-21 3.02943133980771e-21 
1.30943933539062e+03 3.89655468003286e-21 2.99768750834792e-21 
1.31228285186269e+03 3.85374366217968e-21 2.96633040552420e-21 
1.31512636833477e+03 3.81148070814771e-21 2.93535461377011e-21 
1.31796988480684e+03 3.76975826032961e-21 2.90475479850428e-21 
1.32081340127892e+03 3.72856887611258e-21 2.87452570673512e-21 
1.32365691775099e+03 3.68790522598353e-21 2.84466216569118e-21 
1.32650043422307e+03 3.64776009166787e-21 2.81515908147607e-21 
1.32934395069514e+03 3.60812636430131e-21 2.78601143774829e-21 
1.33218746716722e+03 3.56899704263404e-21 2.75721429442495e-21 
1.33503098363929e+03 3.53036523126661e-21 2.72876278640919e-21 
1.33787450011137e+03 3.49222413891697e-21 2.70065212234023e-21 
1.34071801658344e+03 3.45456707671807e-21 2.67287758336639e-21 
1.34356153305552e+03 3.41738745654540e-21 2.64543452194037e-21 
1.34640504952759e+03 3.38067878937395e-21 2.61831836063562e-21 
1.34924856599967e+03 3.34443468366404e-21 2.59152459098499e-21 
1.35209208247175e+03 3.30864884377540e-21 2.56504877233978e-21 
1.35493559894382e+03 3.27331506840900e-21 2.53888653074907e-21 
1.35777911541590e+03 3.23842724907623e-21 2.51303355785951e-21 
1.36062263188797e+03 3.20397936859468e-21 2.48748560983470e-21 
1.36346614836005e+03 3.16996549961020e-21 2.46223850629413e-21 
1.36630966483212e+03 3.13637980314473e-21 2.43728812927069e-21 
1.36915318130420e+03 3.10321652716932e-21 2.41263042218696e-21 
1.37199669777627e+03 3.07047000520196e-21 2.38826138884979e-21 
1.37484021424835e+03 3.03813465492973e-21 2.36417709246250e-21 
1.37768373072042e+03 3.00620497685478e-21 2.34037365465517e-21 
1.38052724719250e+03 2.97467555296377e-21 2.31684725453175e-21 
1.38337076366457e+03 2.94354104542026e-21 2.29359412773388e-21 
1.38621428013665e+03 2.91279619527968e-21 2.27061056552152e-21 
1.38905779660872e+03 2.88243582122637e-21 2.24789291386992e-21 
1.39190131308080e+03 2.85245481833245e-21 2.22543757258229e-21 
1.39474482955287e+03 2.82284815683792e-21 2.20324099441810e-21 
1.39758834602495e+03 2.79361088095173e-21 2.18129968423706e-21 
1.40043186249702e+03 2.76473810767338e-21 2.15961019815775e-21 
1.40327537896910e+03 2.73622502563468e-21 2.13816914273101e-21 
1.40611889544117e+03 2.70806689396131e-21 2.11697317412796e-21 
1.40896241191325e+03 2.68025904115382e-21 2.09601899734221e-21 
1.41180592838532e+03 2.65279686398763e-21 2.07530336540614e-21 
1.41464944485740e+03 2.62567582643185e-21 2.05482307862052e-21 
1.41749296132947e+03 2.59889145858642e-21 2.03457498379760e-21 
1.42033647780155e+03 2.57243935563727e-21 2.01455597351780e-21 
1.42317999427362e+03 2.54631517682927e-21 1.99476298539878e-21 
1.42602351074570e+03 2.52051464445644e-21 1.97519300137745e-21 
1.42886702721778e+03 2.49503354286939e-21 1.95584304700446e-21 
1.43171054368985e+03 2.46986771749939e-21 1.93671019075052e-21 
1.43455406016193e+03 2.44501307389896e-21 1.91779154332529e-21 
1.43739757663400e+03 2.42046557679858e-21 1.89908425700769e-21 
1.44024109310608e+03 2.39622124917930e-21 1.88058552498755e-21 
1.44308460957815e+03 2.37227617136091e-21 1.86229258071893e-21 
1.44592812605023e+03 2.34862648010539e-21 1.84420269728453e-21 
1.44877164252230e+03 2.32526836773541e-21 1.82631318677096e-21 
1.45161515899438e+03 2.30219808126754e-21 1.80862139965436e-21 
1.45445867546645e+03 2.27941192155997e-21 1.79112472419695e-21 
1.45730219193853e+03 2.25690624247443e-21 1.77382058585391e-21 
1.46014570841060e+03 2.23467745005212e-21 1.75670644669025e-21 
1.46298922488268e+03 2.21272200170327e-21 1.73977679951733e-21 
1.46583274135475e+03 2.19101841288347e-21 1.72303444403648e-21 
1.46867625782683e+03 2.16955294928354e-21 1.70647721598847e-21 
1.47151977429890e+03 2.14832275904954e-21 1.69010051683742e-21 
1.47436329077098e+03 2.12732502762812e-21 1.67390214870840e-21 
1.47720680724305e+03 2.10655697723796e-21 1.65787994306818e-21 
1.48005032371513e+03 2.08601586634939e-21 1.64203176029717e-21 
1.48289384018720e+03 2.06569898917182e-21 1.62635548926825e-21 
1.48573735665928e+03 2.04560367514913e-21 1.61084904693232e-21 
1.48858087313135e+03 2.02572728846272e-21 1.59551037791025e-21 
1.49142438960343e+03 2.00606722754211e-21 1.58033745409141e-21 
1.49426790607550e+03 1.98662092458301e-21 1.56532827423853e-21 
1.49711142254758e+03 1.96738584507272e-21 1.55048086359869e-21 
1.49995493901965e+03 1.94835948732273e-21 1.53579327352037e-21 
1.50279845549173e+03 1.92953938200846e-21 1.52126358107666e-21 
1.50564197196380e+03 1.91092309171583e-21 1.50688988869435e-21 
1.50848548843588e+03 1.89250821049491e-21 1.49267032378870e-21 
1.51132900490796e+03 1.87429236342009e-21 1.47860303840405e-21 
1.51417252138003e+03 1.85627320615706e-21 1.46468620886000e-21 
1.51701603785211e+03 1.83844842453624e-21 1.45091803540314e-21 
1.51985955432418e+03 1.82081573413263e-21 1.43729674186415e-21 
1.52270307079626e+03 1.80337287985203e-21 1.42382057532024e-21 
1.52554658726833e+03 1.78611763552340e-21 1.41048780576274e-21 
1.52839010374041e+03 1.76904780349745e-21 1.39729672577018e-21 
1.53123362021248e+03 1.75216121425111e-21 1.38424565018612e-21 
1.53407713668456e+03 1.73545572599803e-21 1.37133291580187e-21 
1.53692065315663e+03 1.71892922430487e-21 1.35855688104447e-21 
1.53976416962871e+03 1.70257962171331e-21 1.34591592566934e-21 
1.54260768610078e+03 1.68640485736768e-21 1.33340845045756e-21 
1.54545120257286e+03 1.67040289664822e-21 1.32103287691786e-21 
1.54829471904493e+03 1.65457173080968e-21 1.30878764699330e-21 
1.55113823551701e+03 1.63890937662541e-21 1.29667122277233e-21 
1.55398175198908e+03 1.62341387603668e-21 1.28468208620427e-21 
1.55682526846116e+03 1.60808329580714e-21 1.27281873881929e-21 
1.55966878493323e+03 1.59291572718256e-21 1.26107970145254e-21 
1.56251230140531e+03 1.57790928555542e-21 1.24946351397259e-21 
1.56535581787738e+03 1.56306211013459e-21 1.23796873501386e-21 
1.56819933434946e+03 1.54837236361986e-21 1.22659394171343e-21 
1.57104285082153e+03 1.53383823188119e-21 1.21533772945145e-21 
1.57388636729361e+03 1.51945792364281e-21 1.20419871159562e-21 
1.57672988376568e+03 1.50522967017188e-21 1.19317551924996e-21 
1.57957340023776e+03 1.49115172497173e-21 1.18226680100694e-21 
1.58241691670983e+03 1.47722236347967e-21 1.17147122270336e-21 
1.58526043318191e+03 1.46343988276914e-21 1.16078746718015e-21 
1.58810394965398e+03 1.44980260125629e-21 1.15021423404557e-21 
1.59094746612606e+03 1.43630885841083e-21 1.13975023944230e-21 
1.59379098259814e+03 1.42295701447109e-21 1.12939421581780e-21 
1.59663449907021e+03 1.40974545016329e-21 1.11914491169806e-21 
1.59947801554229e+03 1.39667256642481e-21 1.10900109146501e-21 
1.60232153201436e+03 1.38373678413161e-21 1.09896153513709e-21 
1.60516504848644e+03 1.37093654382951e-21 1.08902503815308e-21 
1.60800856495851e+03 1.35827030546943e-21 1.07919041115932e-21 
1.61085208143059e+03 1.34573654814647e-21 1.06945647980002e-21 
1.61369559790266e+03 1.33333376984275e-21 1.05982208451063e-21 
1.61653911437474e+03 1.32106048717402e-21 1.05028608031452e-21 
1.61938263084681e+03 1.30891523513984e-21 1.04084733662252e-21 
1.62222614731889e+03 1.29689656687750e-21 1.03150473703540e-21 
1.62506966379096e+03 1.28500305341939e-21 1.02225717914937e-21 
1.62791318026304e+03 1.27323328345393e-21 1.01310357436455e-21 
1.63075669673511e+03 1.26158586308987e-21 1.00404284769614e-21 
1.63360021320719e+03 1.25005941562409e-21 9.95073937588337e-22 
1.63644372967926e+03 1.23865258131261e-21 9.86195795731253e-22 
1.63928724615134e+03 1.22736401714503e-21 9.77407386880417e-22 
1.64213076262341e+03 1.21619239662205e-21 9.68707688678834e-22 
1.64497427909549e+03 1.20513640953629e-21 9.60095691481740e-22 
1.64781779556756e+03 1.19419476175621e-21 9.51570398183926e-22 
1.65066131203964e+03 1.18336617501312e-21 9.43130824049767e-22 
1.65350482851171e+03 1.17264938669119e-21 9.34775996545540e-22 
1.65634834498379e+03 1.16204314962055e-21 9.26504955174242e-22 
1.65919186145586e+03 1.15154623187325e-21 9.18316751312867e-22 
1.66203537792794e+03 1.14115741656213e-21 9.10210448052081e-22 
1.66487889440001e+03 1.13087550164262e-21 9.02185120038245e-22 
1.66772241087209e+03 1.12069929971727e-21 8.94239853317633e-22 
1.67056592734416e+03 1.11062763784312e-21 8.86373745183088e-22 
1.67340944381624e+03 1.10065935734171e-21 8.78585904022884e-22 
1.67625296028832e+03 1.09079331361192e-21 8.70875449171604e-22 
1.67909647676039e+03 1.08102837594529e-21 8.63241510763329e-22 
1.68193999323247e+03 1.07136342734410e-21 8.55683229587090e-22 
1.68478350970454e+03 1.06179736434189e-21 8.48199756944198e-22 
1.68762702617662e+03 1.05232909682661e-21 8.40790254507663e-22 
1.69047054264869e+03 1.04295754786620e-21 8.33453894183821e-22 
1.69331405912077e+03 1.03368165353662e-21 8.26189857975779e-22 
1.69615757559284e+03 1.02450036275235e-21 8.18997337848866e-22 
1.69900109206492e+03 1.01541263709921e-21 8.11875535598144e-22 
1.70184460853699e+03 1.00641745066953e-21 8.04823662717669e-22 
1.70468812500907e+03 9.97513789899700e-22 7.97840940271766e-22 
1.70753164148114e+03 9.88700653409875e-22 7.90926598768054e-22 
1.71037515795322e+03 9.79977051846019e-22 7.84079878032292e-22 
1.71321867442529e+03 9.71342007724100e-22 7.77300027085206e-22 
1.71606219089737e+03 9.62794555276479e-22 7.70586304020791e-22 
1.71890570736944e+03 9.54333740300431e-22 7.63937975886491e-22 
1.72174922384152e+03 9.45958620008777e-22 7.57354318565223e-22 
1.72459274031359e+03 9.37668262882588e-22 7.50834616658881e-22 
1.72743625678567e+03 9.29461748525939e-22 7.44378163373605e-22 
1.73027977325774e+03 9.21338167522674e-22 7.37984260406639e-22 
1.73312328972982e+03 9.13296621295158e-22 7.31652217834837e-22 
1.73596680620189e+03 9.05336221964981e-22 7.25381354004774e-22 
1.73881032267397e+03 8.97456092215590e-22 7.19170995424286e-22 
1.74165383914604e+03 8.89655365156821e-22 7.13020476655674e-22 
1.74449735561812e+03 8.81933184191295e-22 7.06929140210472e-22 
1.74734087209019e+03 8.74288702882655e-22 7.00896336445551e-22 
1.75018438856227e+03 8.66721084825628e-22 6.94921423460712e-22 
1.75302790503434e+03 8.59229503517857e-22 6.89003766997858e-22 
1.75587142150642e+03 8.51813142233512e-22 6.83142740341455e-22 
1.75871493797850e+03 8.44471193898619e-22 6.77337724220505e-22 
1.76155845445057e+03 8.37202860968114e-22 6.71588106711805e-22 
1.76440197092265e+03 8.30007355304569e-22 6.65893283144518e-22 
1.76724548739472e+03 8.22883898058584e-22 6.60252656006269e-22 
1.77008900386680e+03 8.15831719550814e-22 6.54665634850397e-22 
1.77293252033887e+03 8.08850059155603e-22 6.49131636204551e-22 
1.77577603681095e+03 8.01938165186208e-22 6.43650083480648e-22 
1.77861955328302e+03 7.95095294781589e-22 6.38220406885936e-22 
1.78146306975510e+03 7.88320713794737e-22 6.32842043335376e-22 
1.78430658622717e+03 7.81613696682521e-22 6.27514436365314e-22 
1.78715010269925e+03 7.74973526397035e-22 6.22237036048279e-22 
1.78999361917132e+03 7.68399494278414e-22 6.17009298908921e-22 
1.79283713564340e+03 7.61890899949108e-22 6.11830687841200e-22 
1.79568065211547e+03 7.55447051209586e-22 6.06700672026714e-22 
1.79852416858755e+03 7.49067263935453e-22 6.01618726854152e-22 
1.80136768505962e+03 7.42750861975955e-22 5.96584333839856e-22 
1.80421120153170e+03 7.36497177053854e-22 5.91596980549421e-22 
1.80705471800377e+03 7.30305548666659e-22 5.86656160520482e-22 
1.80989823447585e+03 7.24175323989182e-22 5.81761373186574e-22 
1.81274175094792e+03 7.18105857777410e-22 5.76912123801951e-22 
1.81558526742000e+03 7.12096512273665e-22 5.72107923367486e-22 
1.81842878389207e+03 7.06146657113045e-22 5.67348288557585e-22 
1.82127230036415e+03 7.00255669231114e-22 5.62632741648099e-22 
1.82411581683622e+03 6.94422932772834e-22 5.57960810445298e-22 
1.82695933330830e+03 6.88647839002716e-22 5.53332028215680e-22 
1.82980284978037e+03 6.82929786216171e-22 5.48745933616843e-22 
1.83264636625245e+03 6.77268179652051e-22 5.44202070629384e-22 
1.83548988272452e+03 6.71662431406351e-22 5.39699988489489e-22 
1.83833339919660e+03 6.66111960347068e-22 5.35239241622619e-22 
1.84117691566868e+03 6.60616192030193e-22 5.30819389578120e-22 
1.84402043214075e+03 6.55174558616823e-22 5.26439996964670e-22 
1.84686394861283e+03 6.49786498791368e-22 5.22100633386545e-22 
1.84970746508490e+03 6.44451457680858e-22 5.17800873380794e-22 
1.85255098155698e+03 6.39168886775310e-22 5.13540296355397e-22 
1.85539449802905e+03 6.33938243849155e-22 5.09318486528076e-22 
1.85823801450113e+03 6.28758992883708e-22 5.05135032866049e-22 
1.86108153097320e+03 6.23630603990656e-22 5.00989529026513e-22 
1.86392504744528e+03 6.18552553336575e-22 4.96881573298034e-22 
1.86676856391735e+03 6.13524323068421e-22 4.92810768542669e-22 
1.86961208038943e+03 6.08545401240021e-22 4.88776722138863e-22 
1.87245559686150e+03 6.03615281739530e-22 4.84779045925171e-22 
1.87529911333358e+03 5.98733464217838e-22 4.80817356144670e-22 
1.87814262980565e+03 5.93899454017922e-22 4.76891273390141e-22 
1.88098614627773e+03 5.89112762105130e-22 4.73000422550012e-22 
1.88382966274980e+03 5.84372904998374e-22 4.69144432755072e-22 
1.88667317922188e+03 5.79679404702231e-22 4.65322937325768e-22 
1.88951669569395e+03 5.75031788639931e-22 4.61535573720310e-22 
1.89236021216603e+03 5.70429589587221e-22 4.57781983483436e-22 
1.89520372863810e+03 5.65872345607099e-22 4.54061812195873e-22 
1.89804724511018e+03 5.61359599985398e-22 4.50374709424509e-22 
1.90089076158225e+03 5.56890901167207e-22 4.46720328673174e-22 
1.90373427805433e+03 5.52465802694126e-22 4.43098327334063e-22 
1.90657779452640e+03 5.48083863142341e-22 4.39508366639884e-22 
1.90942131099848e+03 5.43744646061496e-22 4.35950111616612e-22 
1.91226482747055e+03 5.39447719914365e-22 4.32423231036837e-22 
1.91510834394263e+03 5.35192658017313e-22 4.28927397373714e-22 
1.91795186041470e+03 5.30979038481519e-22 4.25462286755650e-22 
1.92079537688678e+03 5.26806444154967e-22 4.22027578921482e-22 
1.92363889335886e+03 5.22674462565190e-22 4.18622957176211e-22 
1.92648240983093e+03 5.18582685862747e-22 4.15248108347463e-22 
1.92932592630301e+03 5.14530710765445e-22 4.11902722742435e-22 
1.93216944277508e+03 5.10518138503262e-22 4.08586494105431e-22 
1.93501295924716e+03 5.06544574763997e-22 4.05299119575920e-22 
1.93785647571923e+03 5.02609629639613e-22 4.02040299647179e-22 
1.94069999219131e+03 4.98712917573272e-22 3.98809738125504e-22 
1.94354350866338e+03 4.94854057307051e-22 3.95607142089930e-22 
1.94638702513546e+03 4.91032671830332e-22 3.92432221852456e-22 
1.94923054160753e+03 4.87248388328850e-22 3.89284690918865e-22 
1.95207405807961e+03 4.83500838134403e-22 3.86164265950019e-22 
1.95491757455168e+03 4.79789656675192e-22 3.83070666723591e-22 
1.95776109102376e+03 4.76114483426817e-22 3.80003616096413e-22 
1.96060460749583e+03 4.72474961863878e-22 3.76962839967302e-22 
1.96344812396791e+03 4.68870739412211e-22 3.73948067240273e-22 
1.96629164043998e+03 4.65301467401723e-22 3.70959029788286e-22 
1.96913515691206e+03 4.61766801019839e-22 3.67995462417510e-22 
1.97197867338413e+03 4.58266399265530e-22 3.65057102832047e-22 
1.97482218985621e+03 4.54799924903933e-22 3.62143691599019e-22 
1.97766570632828e+03 4.51367044421550e-22 3.59254972114238e-22 
1.98050922280036e+03 4.47967427982011e-22 3.56390690568273e-22 
1.98335273927243e+03 4.44600749382399e-22 3.53550595912873e-22 
1.98619625574451e+03 4.41266686010132e-22 3.50734439827921e-22 
1.98903977221658e+03 4.37964918800389e-22 3.47941976688810e-22 
1.99188328868866e+03 4.34695132194076e-22 3.45172963534269e-22 
1.99472680516073e+03 4.31457014096318e-22 3.42427160034491e-22 
1.99757032163281e+03 4.28250255835485e-22 3.39704328459747e-22 
2.00041383810489e+03 4.25074552122727e-22 3.37004233649466e-22 
2.00325735457696e+03 4.21929601012020e-22 3.34326642981562e-22 
2.00610087104904e+03 4.18815103860719e-22 3.31671326342291e-22 
2.00894438752111e+03 4.15730765290604e-22 3.29038056096478e-22 
2.01178790399319e+03 4.12676293149416e-22 3.26426607058018e-22 
2.01463142046526e+03 4.09651398472879e-22 3.23836756460886e-22 
2.01747493693734e+03 4.06655795447190e-22 3.21268283930469e-22 
2.02031845340941e+03 4.03689201371994e-22 3.18720971455237e-22 
2.02316196988149e+03 4.00751336623803e-22 3.16194603358820e-22 
2.02600548635356e+03 3.97841924619891e-22 3.13688966272458e-22 
2.02884900282564e+03 3.94960691782630e-22 3.11203849107718e-22 
2.03169251929771e+03 3.92107367504271e-22 3.08739043029611e-22 
2.03453603576979e+03 3.89281684112170e-22 3.06294341430113e-22 
2.03737955224186e+03 3.86483376834441e-22 3.03869539901922e-22 
2.04022306871394e+03 3.83712183766042e-22 3.01464436212596e-22 
2.04306658518601e+03 3.80967845835278e-22 2.99078830279032e-22 
2.04591010165809e+03 3.78250106770724e-22 2.96712524142235e-22 
2.04875361813016e+03 3.75558713068557e-22 2.94364999700868e-22 
2.05159713460224e+03 3.72891636553037e-22 2.92036802337293e-22 
2.05444065107431e+03 3.70248409164977e-22 2.89727399202519e-22 
2.05728416754639e+03 3.67628817040005e-22 2.87436546493895e-22 
2.06012768401846e+03 3.65032648483039e-22 2.85164066456150e-22 
2.06297120049054e+03 3.62459693944869e-22 2.82909783121354e-22 
2.06581471696261e+03 3.59909745999017e-22 2.80673522289059e-22 
2.06865823343469e+03 3.57382599318869e-22 2.78455111506665e-22 
2.07150174990676e+03 3.54878050655066e-22 2.76254380050070e-22 
2.07434526637884e+03 3.52395898813162e-22 2.74071158904563e-22 
2.07718878285091e+03 3.49935944631542e-22 2.71905280745853e-22 
2.08003229932299e+03 3.47497990959585e-22 2.69756579921409e-22 
2.08287581579507e+03 3.45081842636097e-22 2.67624892432029e-22 
2.08571933226714e+03 3.42687306467976e-22 2.65510055913557e-22 
2.08856284873922e+03 3.40314191209135e-22 2.63411909618848e-22 
2.09140636521129e+03 3.37962307539661e-22 2.61330294399969e-22 
2.09424988168337e+03 3.35631468045220e-22 2.59265052690615e-22 
2.09709339815544e+03 3.33321487196695e-22 2.57216028488698e-22 
2.09993691462752e+03 3.31032181330057e-22 2.55183067339143e-22 
2.10278043109959e+03 3.28763368626474e-22 2.53166016316926e-22 
2.10562394757167e+03 3.26514869092641e-22 2.51164724010255e-22 
2.10846746404374e+03 3.24286504541341e-22 2.49179040504017e-22 
2.11131098051582e+03 3.22078098572225e-22 2.47208817363392e-22 
2.11415449698789e+03 3.19889476552814e-22 2.45253907617622e-22 
2.11699801345997e+03 3.17720465599721e-22 2.43314165744018e-22 
2.11984152993204e+03 3.15570894560081e-22 2.41389447652141e-22 
2.12268504640412e+03 3.13440593993198e-22 2.39479610668172e-22 
2.12552856287619e+03 3.11329396152403e-22 2.37584513519449e-22 
2.12837207934827e+03 3.09237134967114e-22 2.35704016319210e-22 
2.13121559582034e+03 3.07163646025104e-22 2.33837980551514e-22 
2.13405911229242e+03 3.05108766554969e-22 2.31986269056286e-22 
2.13690262876449e+03 3.03072335408796e-22 2.30148746014614e-22 
2.13974614523657e+03 3.01054193045028e-22 2.28325276934186e-22 
2.14258966170864e+03 2.99054181511526e-22 2.26515728634844e-22 
2.14543317818072e+03 2.97072144428818e-22 2.24719969234397e-22 
2.14827669465279e+03 2.95107926973539e-22 2.22937868134551e-22 
2.15112021112487e+03 2.93161375862066e-22 2.21169296006997e-22 
2.15396372759694e+03 2.91232339334326e-22 2.19414124779681e-22 
2.15680724406902e+03 2.89320667137799e-22 2.17672227623217e-22 
2.15965076054109e+03 2.87426210511692e-22 2.15943478937481e-22 
2.16249427701317e+03 2.85548822171297e-22 2.14227754338331e-22 
2.16533779348525e+03 2.83688356292524e-22 2.12524930644504e-22 
2.16818130995732e+03 2.81844668496610e-22 2.10834885864647e-22 
2.17102482642940e+03 2.80017615834995e-22 2.09157499184506e-22 
2.17386834290147e+03 2.78207056774374e-22 2.07492650954276e-22 
2.17671185937355e+03 2.76412851181916e-22 2.05840222676077e-22 
2.17955537584562e+03 2.74634860310642e-22 2.04200096991586e-22 
2.18239889231770e+03 2.72872946784978e-22 2.02572157669794e-22 
2.18524240878977e+03 2.71126974586464e-22 2.00956289594939e-22 
2.18808592526185e+03 2.69396809039617e-22 1.99352378754556e-22 
2.19092944173392e+03 2.67682316797969e-22 1.97760312227630e-22 
2.19377295820600e+03 2.65983365830241e-22 1.96179978172940e-22 
2.19661647467807e+03 2.64299825406688e-22 1.94611265817541e-22 
2.19945999115015e+03 2.62631566085585e-22 1.93054065445344e-22 
2.20230350762222e+03 2.60978459699873e-22 1.91508268385813e-22 
2.20514702409430e+03 2.59340379343942e-22 1.89973767002825e-22 
2.20799054056637e+03 2.57717199360575e-22 1.88450454683655e-22 
2.21083405703845e+03 2.56108795328028e-22 1.86938225828080e-22 
2.21367757351052e+03 2.54515044047253e-22 1.85436975837617e-22 
2.21652108998260e+03 2.52935823529271e-22 1.83946601104849e-22 
2.21936460645467e+03 2.51371012982676e-22 1.82466999002919e-22 
2.22220812292675e+03 2.49820492801280e-22 1.80998067875093e-22 
2.22505163939882e+03 2.48284144551902e-22 1.79539707024486e-22 
2.22789515587090e+03 2.46761850962281e-22 1.78091816703912e-22 
2.23073867234297e+03 2.45253495909130e-22 1.76654298105808e-22 
2.23358218881505e+03 2.43758964406319e-22 1.75227053352284e-22 
2.23642570528712e+03 2.42278142593190e-22 1.73809985485281e-22 
2.23926922175920e+03 2.40810917722999e-22 1.72402998456897e-22 
2.24211273823127e+03 2.39357178151489e-22 1.71005997119746e-22 
2.24495625470335e+03 2.37916813325582e-22 1.69618887217456e-22 
2.24779977117543e+03 2.36489713772203e-22 1.68241575375299e-22 
2.25064328764750e+03 2.35075771087222e-22 1.66873969090879e-22 
2.25348680411958e+03 2.33674877924519e-22 1.65515976724952e-22 
2.25633032059165e+03 2.32286927985169e-22 1.64167507492355e-22 
2.25917383706373e+03 2.30911816006745e-22 1.62828471453050e-22 
2.26201735353580e+03 2.29549437752737e-22 1.61498779503210e-22 
2.26486087000788e+03 2.28199690002091e-22 1.60178343366488e-22 
2.26770438647995e+03 2.26862470538857e-22 1.58867075585309e-22 
2.27054790295203e+03 2.25537678141954e-22 1.57564889512281e-22 
2.27339141942410e+03 2.24225212575045e-22 1.56271699301747e-22 
2.27623493589618e+03 2.22924974576523e-22 1.54987419901365e-22 
2.27907845236825e+03 2.21636865849604e-22 1.53711967043828e-22 
2.28192196884033e+03 2.20360789052531e-22 1.52445257238667e-22 
2.28476548531240e+03 2.19096647788884e-22 1.51187207764133e-22 
2.28760900178448e+03 2.17844346597995e-22 1.49937736659207e-22 
2.29045251825655e+03 2.16603790945460e-22 1.48696762715604e-22 
2.29329603472863e+03 2.15374887213771e-22 1.47464205469991e-22 
2.29613955120070e+03 2.14157542693029e-22 1.46239985196225e-22 
2.29898306767278e+03 2.12951665571776e-22 1.45024022897651e-22 
2.30182658414485e+03 2.11757164927909e-22 1.43816240299572e-22 
2.30467010061693e+03 2.10573950719709e-22 1.42616559841727e-22 
2.30751361708900e+03 2.09401933776954e-22 1.41424904670855e-22 
2.31035713356108e+03 2.08241025792133e-22 1.40241198633387e-22 
2.31320065003315e+03 2.07091139311756e-22 1.39065366268201e-22 
2.31604416650523e+03 2.05952187727757e-22 1.37897332799429e-22 
2.31888768297730e+03 2.04824085268983e-22 1.36737024129376e-22 
2.32173119944938e+03 2.03706746992788e-22 1.35584366831508e-22 
2.32457471592145e+03 2.02600088776703e-22 1.34439288143532e-22 
2.32741823239353e+03 2.01504027310206e-22 1.33301715960513e-22 
2.33026174886561e+03 2.00418480086571e-22 1.32171578828096e-22 
2.33310526533768e+03 1.99343365394816e-22 1.31048805935812e-22 
2.33594878180976e+03 1.98278602311725e-22 1.29933327110439e-22 
2.33879229828183e+03 1.97224110693965e-22 1.28825072809435e-22 
2.34163581475391e+03 1.96179811170280e-22 1.27723974114447e-22 
2.34447933122598e+03 1.95145625133774e-22 1.26629962724897e-22 
2.34732284769806e+03 1.94121474734270e-22 1.25542970951637e-22 
2.35016636417013e+03 1.93107282870762e-22 1.24462931710680e-22 
2.35300988064221e+03 1.92102973183931e-22 1.23389778516969e-22 
2.35585339711428e+03 1.91108470048754e-22 1.22323445478251e-22 
2.35869691358636e+03 1.90123698567187e-22 1.21263867289008e-22 
2.36154043005843e+03 1.89148584560925e-22 1.20210979224451e-22 
2.36438394653051e+03 1.88183054564238e-22 1.19164717134568e-22 
2.36722746300258e+03 1.87227035816887e-22 1.18125017438245e-22 
2.37007097947466e+03 1.86280456257109e-22 1.17091817117478e-22 
2.37291449594673e+03 1.85343244514684e-22 1.16065053711596e-22 
2.37575801241881e+03 1.84415329904069e-22 1.15044665311586e-22 
2.37860152889088e+03 1.83496642417604e-22 1.14030590554469e-22 
2.38144504536296e+03 1.82587112718798e-22 1.13022768617745e-22 
2.38428856183503e+03 1.81686672135674e-22 1.12021139213889e-22 
2.38713207830711e+03 1.80795252654195e-22 1.11025642584894e-22 
2.38997559477918e+03 1.79912786911752e-22 1.10036219496906e-22 
2.39281911125126e+03 1.79039208190722e-22 1.09052811234880e-22 
2.39566262772333e+03 1.78174450412098e-22 1.08075359597337e-22 
2.39850614419541e+03 1.77318448129178e-22 1.07103806891132e-22 
2.40134966066748e+03 1.76471136521330e-22 1.06138095926304e-22 
2.40419317713956e+03 1.75632451387812e-22 1.05178170011001e-22 
2.40703669361164e+03 1.74802329141664e-22 1.04223972946400e-22 
2.40988021008371e+03 1.73980706803662e-22 1.03275449021753e-22 
2.41272372655579e+03 1.73167521996334e-22 1.02332543009429e-22 
2.41556724302786e+03 1.72362712938038e-22 1.01395200160034e-22 
2.41841075949994e+03 1.71566218437107e-22 1.00463366197611e-22 
2.42125427597201e+03 1.70777977886048e-22 9.95369873148259e-23 
2.42409779244409e+03 1.69997931255802e-22 9.86160101682621e-23 
2.42694130891616e+03 1.69226019090074e-22 9.77003818737436e-23 
2.42978482538824e+03 1.68462182499705e-22 9.67900500017114e-23 
2.43262834186031e+03 1.67706363157118e-22 9.58849625726451e-23 
2.43547185833239e+03 1.66958503290813e-22 9.49850680525442e-23 
2.43831537480446e+03 1.66218545679921e-22 9.40903153484494e-23 
2.44115889127654e+03 1.65486433648814e-22 9.32006538040045e-23 
2.44400240774861e+03 1.64762111061774e-22 9.23160331950926e-23 
2.44684592422069e+03 1.64045522317711e-22 9.14364037254830e-23 
2.44968944069276e+03 1.63336612344941e-22 9.05617160225495e-23 
2.45253295716484e+03 1.62635326596016e-22 8.96919211330358e-23 
2.45537647363691e+03 1.61941611042608e-22 8.88269705188568e-23 
2.45821999010899e+03 1.61255412170441e-22 8.79668160529404e-23 
2.46106350658106e+03 1.60576676974283e-22 8.71114100151261e-23 
2.46390702305314e+03 1.59905352952984e-22 8.62607050880958e-23 
2.46675053952521e+03 1.59241388104567e-22 8.54146543533566e-23 
2.46959405599729e+03 1.58584730921367e-22 8.45732112872524e-23 
2.47243757246936e+03 1.57935330385223e-22 8.37363297570437e-23 
2.47528108894144e+03 1.57293135962717e-22 8.29039640170056e-23 
2.47812460541351e+03 1.56658097600464e-22 8.20760687045741e-23 
2.48096812188559e+03 1.56030165720447e-22 8.12525988365482e-23 
2.48381163835766e+03 1.55409291215402e-22 8.04335098052912e-23 
2.48665515482974e+03 1.54795425444248e-22 7.96187573750285e-23 
2.48949867130182e+03 1.54188520227566e-22 7.88082976781437e-23 
2.49234218777389e+03 1.53588527843125e-22 7.80020872115329e-23 
2.49518570424597e+03 1.52995401021446e-22 7.72000828329859e-23 
2.49802922071804e+03 1.52409092941421e-22 7.64022417575919e-23 
2.50087273719012e+03 1.51829557225969e-22 7.56085215542303e-23 
2.50371625366219e+03 1.51256747937741e-22 7.48188801420575e-23 
2.50655977013427e+03 1.50690619574867e-22 7.40332757870481e-23 
2.50940328660634e+03 1.50131127066742e-22 7.32516670985691e-23 
2.51224680307842e+03 1.49578225769859e-22 7.24740130259756e-23 
2.51509031955049e+03 1.49031871463688e-22 7.17002728552753e-23 
2.51793383602257e+03 1.48492020346583e-22 7.09304062058007e-23 
2.52077735249464e+03 1.47958629031747e-22 7.01643730269148e-23 
2.52362086896672e+03 1.47431654543226e-22 6.94021335947646e-23 
2.52646438543879e+03 1.46911054311945e-22 6.86436485090793e-23 
2.52930790191087e+03 1.46396786171789e-22 6.78888786899777e-23 
2.53215141838294e+03 1.45888808355718e-22 6.71377853748090e-23 
2.53499493485502e+03 1.45387079491926e-22 6.63903301150628e-23 
2.53783845132709e+03 1.44891558600028e-22 6.56464747732636e-23 
2.54068196779917e+03 1.44402205087302e-22 6.49061815199194e-23 
2.54352548427124e+03 1.43918978744952e-22 6.41694128305233e-23 
2.54636900074332e+03 1.43441839744420e-22 6.34361314825469e-23 
2.54921251721539e+03 1.42970748633725e-22 6.27063005524855e-23 
2.55205603368747e+03 1.42505666333850e-22 6.19798834129522e-23 
2.55489955015954e+03 1.42046554135153e-22 6.12568437297528e-23 
2.55774306663162e+03 1.41593373693824e-22 6.05371454590419e-23 
2.56058658310369e+03 1.41146087028368e-22 5.98207528444946e-23 
2.56343009957577e+03 1.40704656516130e-22 5.91076304144730e-23 
2.56627361604784e+03 1.40269044889853e-22 5.83977429792758e-23 
2.56911713251992e+03 1.39839215234266e-22 5.76910556283875e-23 
2.57196064899200e+03 1.39415130982709e-22 5.69875337277596e-23 
2.57480416546407e+03 1.38996755913794e-22 5.62871429171053e-23 
2.57764768193615e+03 1.38584054148093e-22 5.55898491072603e-23 
2.58049119840822e+03 1.38176990144861e-22 5.48956184775412e-23 
2.58333471488030e+03 1.37775528698795e-22 5.42044174731245e-23 
2.58617823135237e+03 1.37379634936819e-22 5.35162128024786e-23 
2.58902174782445e+03 1.36989274314905e-22 5.28309714348089e-23 
2.59186526429652e+03 1.36604412614921e-22 5.21486605975387e-23 
2.59470878076860e+03 1.36225015941516e-22 5.14692477738008e-23 
2.59755229724067e+03 1.35851050719029e-22 5.07927006999635e-23 
2.60039581371275e+03 1.35482483688431e-22 5.01189873631868e-23 
2.60323933018482e+03 1.35119281904300e-22 4.94480759989900e-23 
2.60608284665690e+03 1.34761412731819e-22 4.87799350888578e-23 
2.60892636312897e+03 1.34408843843809e-22 4.81145333578756e-23 
2.61176987960105e+03 1.34061543217786e-22 4.74518397723669e-23 
2.61461339607312e+03 1.33719479133054e-22 4.67918235375608e-23 
2.61745691254520e+03 1.33382620167817e-22 4.61344540953085e-23 
2.62030042901727e+03 1.33050935196325e-22 4.54797011218170e-23 
2.62314394548935e+03 1.32724393386047e-22 4.48275345253639e-23 
2.62598746196142e+03 1.32402964194868e-22 4.41779244440835e-23 
2.62883097843350e+03 1.32086617368320e-22 4.35308412437711e-23 
2.63167449490557e+03 1.31775322936831e-22 4.28862555156791e-23 
2.63451801137765e+03 1.31469051213007e-22 4.22441380743643e-23 
2.63736152784972e+03 1.31167772788937e-22 4.16044599555372e-23 
2.64020504432180e+03 1.30871458533527e-22 4.09671924139610e-23 
2.64304856079387e+03 1.30580079589855e-22 4.03323069213455e-23 
2.64589207726595e+03 1.30293607372557e-22 3.96997751642759e-23 
2.64873559373802e+03 1.30012013565232e-22 3.90695690421637e-23 
2.65157911021010e+03 1.29735270117875e-22 3.84416606651921e-23 
2.65442262668218e+03 1.29463349244339e-22 3.78160223523348e-23 
2.65726614315425e+03 1.29196223419810e-22 3.71926266293564e-23 
2.66010965962633e+03 1.28933865378318e-22 3.65714462268258e-23 
2.66295317609840e+03 1.28676248110264e-22 3.59524540781841e-23 
2.66579669257048e+03 1.28423344859975e-22 3.53356233178056e-23 
2.66864020904255e+03 1.28175129123275e-22 3.47209272791015e-23 
2.67148372551463e+03 1.27931574645093e-22 3.41083394926184e-23 
2.67432724198670e+03 1.27692655417076e-22 3.34978336841503e-23 
2.67717075845878e+03 1.27458345675240e-22 3.28893837729159e-23 
2.68001427493085e+03 1.27228619897634e-22 3.22829638697206e-23 
2.68285779140293e+03 1.27003452802027e-22 3.16785482751201e-23 
2.68570130787500e+03 1.26782819343624e-22 3.10761114776444e-23 
2.68854482434708e+03 1.26566694712793e-22 3.04756281520201e-23 
2.69138834081915e+03 1.26355054332821e-22 2.98770731573969e-23 
2.69423185729123e+03 1.26147873857688e-22 2.92804215356249e-23 
2.69707537376330e+03 1.25945129169862e-22 2.86856485095228e-23 
2.69991889023538e+03 1.25746796378115e-22 2.80927294811616e-23 
2.70276240670745e+03 1.25552851815362e-22 2.75016400301869e-23 
2.70560592317953e+03 1.25363272036514e-22 2.69123559121476e-23 
2.70844943965160e+03 1.25178033816356e-22 2.63248530568385e-23 
2.71129295612368e+03 1.24997114147447e-22 2.57391075666713e-23 
2.71413647259575e+03 1.24820490238030e-22 2.51550957150374e-23 
2.71697998906783e+03 1.24648139509971e-22 2.45727939447124e-23 
2.71982350553990e+03 1.24480039596714e-22 2.39921788662789e-23 
2.72266702201198e+03 1.24316168341254e-22 2.34132272565416e-23 
2.72551053848405e+03 1.24156503794126e-22 2.28359160569733e-23 
2.72835405495613e+03 1.24001024211422e-22 2.22602223721739e-23 
2.73119757142820e+03 1.23849708052815e-22 2.16861234683534e-23 
2.73404108790028e+03 1.23702533979608e-22 2.11135967718162e-23 
2.73688460437236e+03 1.23559480852799e-22 2.05426198674759e-23 
2.73972812084443e+03 1.23420527731167e-22 1.99731704973723e-23 
2.74257163731651e+03 1.23285653869365e-22 1.94052265591886e-23 
2.74541515378858e+03 1.23154838716048e-22 1.88387661048383e-23 
2.74825867026066e+03 1.23028061912001e-22 1.82737673390266e-23 
2.75110218673273e+03 1.22905303288291e-22 1.77102086178047e-23 
2.75394570320481e+03 1.22786542864444e-22 1.71480684471827e-23 
2.75678921967688e+03 1.22671760846619e-22 1.65873254817430e-23 
2.75963273614896e+03 1.22560937625821e-22 1.60279585232590e-23 
2.76247625262103e+03 1.22454053776112e-22 1.54699465193390e-23 
2.76531976909311e+03 1.22351090052849e-22 1.49132685620597e-23 
2.76816328556518e+03 1.22252027390937e-22 1.43579038866581e-23 
2.77100680203726e+03 1.22156846903088e-22 1.38038318701946e-23 
2.77385031850933e+03 1.22065529878110e-22 1.32510320302346e-23 
2.77669383498141e+03 1.21978057779204e-22 1.26994840235865e-23 
2.77953735145348e+03 1.21894412242271e-22 1.21491676449944e-23 
2.78238086792556e+03 1.21814575074246e-22 1.16000628258705e-23 
2.78522438439763e+03 1.21738528251440e-22 1.10521496330560e-23 
2.78806790086971e+03 1.21666253917894e-22 1.05054082675728e-23 
2.79091141734178e+03 1.21597734383756e-22 9.95981906338440e-24 
2.79375493381386e+03 1.21532952123666e-22 9.41536248617495e-24 
2.79659845028593e+03 1.21471889775156e-22 8.87201913216340e-24 
2.79944196675801e+03 1.21414530137067e-22 8.32976972690745e-24 
2.80228548323008e+03 1.21360856167980e-22 7.78859512410614e-24 
2.80512899970216e+03 1.21310850984655e-22 7.24847630444504e-24 
2.80797251617423e+03 1.21264497860495e-22 6.70939437443687e-24 
2.81081603264631e+03 1.21221780224009e-22 6.17133056528050e-24 
2.81365954911838e+03 1.21182681657301e-22 5.63426623171886e-24 
2.81650306559046e+03 1.21147185894570e-22 5.09818285091552e-24 
2.81934658206254e+03 1.21115276820613e-22 4.56306202135530e-24 
2.82219009853461e+03 1.21086938469357e-22 4.02888546173536e-24 
2.82503361500669e+03 1.21062155022390e-22 3.49563500989129e-24 
2.82787713147876e+03 1.21040910807516e-22 2.96329262170668e-24 
2.83072064795084e+03 1.21023190297311e-22 2.43184037004009e-24 
2.83356416442291e+03 1.21008978107702e-22 1.90126044368747e-24 
2.83640768089499e+03 1.20998258996553e-22 1.37153514633550e-24 
2.83925119736706e+03 1.20991017862266e-22 8.42646895516593e-25 
2.84209471383914e+03 1.20987239742388e-22 5.78626951809769e-25 
