Energy(eV)           EEDF(eV^-(3/2))      Anisotropy(eV^-(3/2))
1.18078682891576e-01 3.94543789323335e-02 1.58467153657805e-03 
3.54236048674729e-01 3.94017844120283e-02 1.12475700523730e-02 
5.90393414457881e-01 3.93340108290638e-02 1.09395445887887e-02 
8.26550780241033e-01 3.92396737994272e-02 1.08881324725906e-02 
1.06270814602419e+00 3.91167228496150e-02 1.08766200184637e-02 
1.29886551180734e+00 3.89687601938578e-02 1.08728782934700e-02 
1.53502287759049e+00 3.87950531174492e-02 1.08705627446124e-02 
1.77118024337364e+00 3.86016017459513e-02 1.08675539639678e-02 
2.00733760915680e+00 3.83907906988119e-02 1.08620934289902e-02 
2.24349497493995e+00 3.81546845890084e-02 1.08516570086187e-02 
2.47965234072310e+00 3.78969508584589e-02 1.08325439435142e-02 
2.71580970650625e+00 3.76133216564227e-02 1.08018401692244e-02 
2.95196707228941e+00 3.73010501297044e-02 1.07586966760783e-02 
3.18812443807256e+00 3.69641837640423e-02 1.07041234337222e-02 
3.42428180385571e+00 3.66053908644824e-02 1.06394841861017e-02 
3.66043916963886e+00 3.62252381960093e-02 1.05652174838885e-02 
3.89659653542201e+00 3.58254996161069e-02 1.04813227177839e-02 
4.13275390120517e+00 3.54070549257594e-02 1.03882857834112e-02 
4.36891126698832e+00 3.49681368614054e-02 1.02870152846816e-02 
4.60506863277147e+00 3.45095466052136e-02 1.01779947946993e-02 
4.84122599855462e+00 3.40353839290893e-02 1.00614190808390e-02 
5.07738336433778e+00 3.35466237268872e-02 9.93784598479114e-03 
5.31354073012093e+00 3.30412883780953e-02 9.80803819704571e-03 
5.54969809590408e+00 3.25197063788404e-02 9.67246499016291e-03 
5.78585546168723e+00 3.19827997036545e-02 9.53177146761339e-03 
6.02201282747039e+00 3.14314919388276e-02 9.38653554594701e-03 
6.25817019325354e+00 3.08657638256858e-02 9.23748266219012e-03 
6.49432755903669e+00 3.02859217126844e-02 9.08537369511739e-03 
6.73048492481984e+00 2.96929018807138e-02 8.93102140635711e-03 
6.96664229060300e+00 2.90876006435829e-02 8.77505947775974e-03 
7.20279965638615e+00 2.84676851871318e-02 8.61825627182527e-03 
7.43895702216930e+00 2.78284921625704e-02 8.46169172423423e-03 
7.67511438795245e+00 2.71711234760719e-02 8.30554845394724e-03 
7.91127175373561e+00 2.64966329071433e-02 8.15039296717724e-03 
8.14742911951876e+00 2.58067960092540e-02 7.99681093252722e-03 
8.38358648530191e+00 2.51078675026972e-02 7.84456073382120e-03 
8.61974385108506e+00 2.44005372576769e-02 7.69426414490830e-03 
8.85590121686822e+00 2.36854533053709e-02 7.54619937022821e-03 
9.09205858265137e+00 2.29632204834555e-02 7.40060902174174e-03 
9.32821594843452e+00 2.22344024551562e-02 7.25768639343233e-03 
9.56437331421767e+00 2.14995241271272e-02 7.11758740242985e-03 
9.80053068000083e+00 2.07590725815752e-02 6.98044459934214e-03 
1.00366880457840e+01 2.00134975647400e-02 6.84693609787758e-03 
1.02728454115671e+01 1.92776091364571e-02 6.71611100788030e-03 
1.05090027773503e+01 1.85586673737065e-02 6.58807534274495e-03 
1.07451601431334e+01 1.78562166489391e-02 6.46321707903318e-03 
1.09813175089166e+01 1.71698051302186e-02 6.34153304717115e-03 
1.12174748746997e+01 1.64989864498206e-02 6.22300278433898e-03 
1.14536322404829e+01 1.58433216784155e-02 6.10754549067749e-03 
1.16897896062660e+01 1.52023667720627e-02 5.99441838271238e-03 
1.19259469720492e+01 1.45755267541439e-02 5.88215602079730e-03 
1.21621043378323e+01 1.39625888230051e-02 5.76977698261203e-03 
1.23982617036155e+01 1.33636249425234e-02 5.65723408101510e-03 
1.26344190693987e+01 1.27785527924305e-02 5.54480481592917e-03 
1.28705764351818e+01 1.22072611067616e-02 5.43273989253616e-03 
1.31067338009650e+01 1.16496049704834e-02 5.32068045351683e-03 
1.33428911667481e+01 1.11052053417762e-02 5.20768483788920e-03 
1.35790485325313e+01 1.05740451327218e-02 5.09326289918176e-03 
1.38152058983144e+01 1.00561656456004e-02 4.97751611605367e-03 
1.40513632640976e+01 9.55154816165556e-03 4.86013828384966e-03 
1.42875206298807e+01 9.05999445384596e-03 4.74036273862365e-03 
1.45236779956639e+01 8.58156772580558e-03 4.61774965740886e-03 
1.47598353614470e+01 8.11641810317265e-03 4.49244090416776e-03 
1.49959927272302e+01 7.66469004778673e-03 4.36515764003017e-03 
1.52321500930133e+01 7.23038428912255e-03 4.23632089822509e-03 
1.54683074587965e+01 6.81735907047190e-03 4.10634338784797e-03 
1.57044648245796e+01 6.42515172655132e-03 3.97615079001357e-03 
1.59406221903628e+01 6.05309502529672e-03 3.84369907284120e-03 
1.61767795561459e+01 5.70074353818476e-03 3.70980317971026e-03 
1.64129369219291e+01 5.36752440610789e-03 3.57540277210113e-03 
1.66490942877122e+01 5.05315908824406e-03 3.44073047569634e-03 
1.68852516534954e+01 4.75674807906475e-03 3.30590525515830e-03 
1.71214090192785e+01 4.47798591344981e-03 3.17061638907215e-03 
1.73575663850617e+01 4.21214590062270e-03 3.03622873750325e-03 
1.75937237508449e+01 3.95927489874302e-03 2.90266183522340e-03 
1.78298811166280e+01 3.71893763227243e-03 2.77050345758383e-03 
1.80660384824112e+01 3.49108397282126e-03 2.64038714995578e-03 
1.83021958481943e+01 3.27541811599657e-03 2.51322923396504e-03 
1.85383532139775e+01 3.07177263989747e-03 2.38949802948130e-03 
1.87745105797606e+01 2.87952047687569e-03 2.26951009769141e-03 
1.90106679455438e+01 2.69838569782476e-03 2.15336078222528e-03 
1.92468253113269e+01 2.52785591853259e-03 2.04148500820923e-03 
1.94829826771101e+01 2.36767248211941e-03 1.93399048032211e-03 
1.97191400428932e+01 2.21718382758527e-03 1.83100549482659e-03 
1.99552974086764e+01 2.07603098601174e-03 1.73233581982162e-03 
2.01914547744595e+01 1.94354361600319e-03 1.63812495296022e-03 
2.04276121402427e+01 1.81922660065931e-03 1.54835177373742e-03 
2.06637695060258e+01 1.70252517187409e-03 1.46299810855539e-03 
2.08999268718090e+01 1.59311233440738e-03 1.38179261593056e-03 
2.11360842375921e+01 1.49049179482124e-03 1.30468133562474e-03 
2.13722416033753e+01 1.39438278561439e-03 1.23143779882622e-03 
2.16083989691584e+01 1.30433048882213e-03 1.16199119955480e-03 
2.18445563349416e+01 1.22005204800750e-03 1.09609248334014e-03 
2.20807137007248e+01 1.14114280146845e-03 1.03371015911827e-03 
2.23168710665079e+01 1.06739976703265e-03 9.74692299592414e-04 
2.25530284322911e+01 9.98453036087826e-04 9.18999707232864e-04 
2.27891857980742e+01 9.34049408621281e-04 8.66398329844972e-04 
2.30253431638574e+01 8.73853684439401e-04 8.16773549150019e-04 
2.32615005296405e+01 8.17643242559778e-04 7.69910186251666e-04 
2.34976578954237e+01 7.65125798867009e-04 7.25703396625070e-04 
2.37338152612068e+01 7.16101516177033e-04 6.83959029509335e-04 
2.39699726269900e+01 6.70313930233866e-04 6.44581188985481e-04 
2.42061299927731e+01 6.27589998846031e-04 6.07406409892594e-04 
2.44422873585563e+01 5.87710398975208e-04 5.72352267069839e-04 
2.46784447243394e+01 5.50516504892480e-04 5.39266651511084e-04 
2.49146020901226e+01 5.15811004476058e-04 5.08057307778979e-04 
2.51507594559057e+01 4.83429327702497e-04 4.78564545801796e-04 
2.53869168216889e+01 4.53054585154316e-04 4.50781841391117e-04 
2.56230741874720e+01 4.24583546020547e-04 4.24558389419503e-04 
2.58592315532552e+01 3.97883840669094e-04 3.99828613174058e-04 
2.60953889190383e+01 3.72863499674019e-04 3.76500152833998e-04 
2.63315462848215e+01 3.49414908710994e-04 3.54523376051134e-04 
2.65677036506046e+01 3.27454190913590e-04 3.33814004164518e-04 
2.68038610163878e+01 3.06876087652424e-04 3.14315203682258e-04 
2.70400183821710e+01 2.87605328450707e-04 2.95941827627289e-04 
2.72761757479541e+01 2.69549767664021e-04 2.78641851491228e-04 
2.75123331137373e+01 2.52642869070265e-04 2.62340156596618e-04 
2.77484904795204e+01 2.36803967753094e-04 2.46990003958877e-04 
2.79846478453036e+01 2.21974287897472e-04 2.32524334440610e-04 
2.82208052110867e+01 2.08082554586973e-04 2.18899692142334e-04 
2.84569625768699e+01 1.95076271065361e-04 2.06056385054194e-04 
2.86931199426530e+01 1.82894058426356e-04 1.93956445723283e-04 
2.89292773084362e+01 1.71490517348292e-04 1.82548810662879e-04 
2.91654346742193e+01 1.60811868978853e-04 1.71800235846013e-04 
2.94015920400025e+01 1.50818039465394e-04 1.61665508663611e-04 
2.96377494057856e+01 1.41461923017710e-04 1.52114769170474e-04 
2.98739067715688e+01 1.32708175616761e-04 1.43107985993481e-04 
3.01100641373519e+01 1.24515549495845e-04 1.34614038662381e-04 
3.03462215031351e+01 1.16825351669471e-04 1.26618221185212e-04 
3.05823788689182e+01 1.09603110662918e-04 1.19092440445201e-04 
3.08185362347014e+01 1.02823756781905e-04 1.12005277839413e-04 
3.10546936004845e+01 9.64577823789977e-05 1.05335236456845e-04 
3.12908509662677e+01 9.04829076614392e-05 9.90546552184194e-05 
3.15270083320508e+01 8.48731180159777e-05 9.31442747642833e-05 
3.17631656978340e+01 7.96086229717426e-05 8.75796156413724e-05 
3.19993230636172e+01 7.46664896722148e-05 8.23434376293006e-05 
3.22354804294003e+01 7.00291470190318e-05 7.74140791881810e-05 
3.24716377951835e+01 6.56763807327780e-05 7.27761140541420e-05 
3.27077951609666e+01 6.15925975994412e-05 6.84103656493348e-05 
3.29439525267498e+01 5.77599824689433e-05 6.43030325597370e-05 
3.31801098925329e+01 5.41647045368276e-05 6.04371390479563e-05 
3.34162672583161e+01 5.07910656978193e-05 5.68003475540263e-05 
3.36524246240992e+01 4.76268043299969e-05 5.33776332336532e-05 
3.38885819898824e+01 4.46580900955466e-05 5.01580427411501e-05 
3.41247393556655e+01 4.18741222314709e-05 4.71305176714099e-05 
3.43608967214487e+01 3.92647940775921e-05 4.42867416648426e-05 
3.45970540872318e+01 3.68198737633307e-05 4.16163112472078e-05 
3.48332114530150e+01 3.45281125081565e-05 3.91096631816165e-05 
3.50693688187981e+01 3.23805241573372e-05 3.67552316767615e-05 
3.53055261845813e+01 3.03669124458108e-05 3.45442427551188e-05 
3.55416835503644e+01 2.84793963737435e-05 3.24665902256985e-05 
3.57778409161476e+01 2.67094932555146e-05 3.05149063977072e-05 
3.60139982819307e+01 2.50503680435208e-05 2.86807622357737e-05 
3.62501556477139e+01 2.34945886664814e-05 2.69577259700339e-05 
3.64863130134970e+01 2.20361379273778e-05 2.53383912002919e-05 
3.67224703792802e+01 2.06685031016842e-05 2.38170664765543e-05 
3.69586277450634e+01 1.93863872479316e-05 2.23872407141173e-05 
3.71947851108465e+01 1.81840824791700e-05 2.10438771977465e-05 
3.74309424766297e+01 1.70569261942043e-05 1.97812519870084e-05 
3.76670998424128e+01 1.59999150851000e-05 1.85949084995012e-05 
3.79032572081960e+01 1.50089451385038e-05 1.74798116261326e-05 
3.81394145739791e+01 1.40796301987051e-05 1.64320171965005e-05 
3.83755719397623e+01 1.32083582254497e-05 1.54470962758583e-05 
3.86117293055454e+01 1.23912836040089e-05 1.45215597632536e-05 
3.88478866713286e+01 1.16252274182342e-05 1.36515108309397e-05 
3.90840440371117e+01 1.09068176078613e-05 1.28338620673194e-05 
3.93202014028949e+01 1.02332566607877e-05 1.20651837730761e-05 
3.95563587686780e+01 9.60158749448430e-06 1.13427443650534e-05 
3.97925161344612e+01 9.00934840911280e-06 1.06635249429932e-05 
4.00286735002443e+01 8.45394599967351e-06 1.00253260321513e-05 
4.02648308660275e+01 7.93342611001460e-06 9.42573446127953e-06 
4.05009882318106e+01 7.44558061455159e-06 8.86283215033044e-06 
4.07371455975938e+01 6.98842344422118e-06 8.33427904144377e-06 
4.09733029633769e+01 6.55989092855637e-06 7.83807822155084e-06 
4.12094603291601e+01 6.15824507741931e-06 7.37206710215955e-06 
4.14456176949433e+01 5.78168495182008e-06 6.93449178403921e-06 
4.16817750607264e+01 5.42868922520957e-06 6.52346026891337e-06 
4.19179324265096e+01 5.09768561127702e-06 6.13743163917447e-06 
4.21540897922927e+01 4.78734206261421e-06 5.77474984856289e-06 
4.23902471580759e+01 4.49628537374206e-06 5.43406068856015e-06 
4.26264045238590e+01 4.22334889963791e-06 5.11391396233486e-06 
4.28625618896422e+01 3.96733284285786e-06 4.81311918145432e-06 
4.30987192554253e+01 3.72721513713045e-06 4.53040582306944e-06 
4.33348766212085e+01 3.50194709514202e-06 4.26472699802488e-06 
4.35710339869916e+01 3.29063306383489e-06 4.01496908440718e-06 
4.38071913527748e+01 3.09235609079548e-06 3.78021117739882e-06 
4.40433487185579e+01 2.90633108539300e-06 3.55947673251132e-06 
4.42795060843411e+01 2.73175598719074e-06 3.35195540406894e-06 
4.45156634501242e+01 2.56794243345709e-06 3.15679046148097e-06 
4.47518208159074e+01 2.41418860779775e-06 2.97326861136314e-06 
4.49879781816905e+01 2.26989079711478e-06 2.80065530496566e-06 
4.52241355474737e+01 2.13445218075544e-06 2.63835160324869e-06 
4.54602929132568e+01 2.00735915031422e-06 2.48571888630398e-06 
4.56964502790400e+01 1.88806531552969e-06 2.34221223030491e-06 
4.59326076448231e+01 1.77609845067324e-06 2.20723914377894e-06 
4.61687650106063e+01 1.67098098252369e-06 2.08030201145619e-06 
4.64049223763895e+01 1.57229929472366e-06 1.96088156507838e-06 
4.66410797421726e+01 1.47963576949764e-06 1.84854043561137e-06 
4.68772371079558e+01 1.39262798551436e-06 1.74282318695376e-06 
4.71133944737389e+01 1.31091059516852e-06 1.64334509829483e-06 
4.73495518395221e+01 1.23416592676083e-06 1.54970649485602e-06 
4.75857092053052e+01 1.16207422574086e-06 1.46156887901326e-06 
4.78218665710884e+01 1.09435694570445e-06 1.37858134518000e-06 
4.80580239368715e+01 1.03073411800658e-06 1.30044592202508e-06 
4.82941813026547e+01 9.70961418795019e-07 1.22685434572291e-06 
4.85303386684378e+01 9.14793615592616e-07 1.15754418713705e-06 
4.87664960342210e+01 8.62016332018946e-07 1.09224448409905e-06 
4.90026534000041e+01 8.12414678628733e-07 1.03072398910703e-06 
4.92388107657873e+01 7.65800497431291e-07 9.72744384828365e-07 
4.94749681315704e+01 7.21985418399767e-07 9.18101788633790e-07 
4.97111254973536e+01 6.80804248000229e-07 8.66586464862201e-07 
4.99472828631367e+01 6.42091806242910e-07 8.18007743349664e-07 
5.01834402289199e+01 6.05673503042240e-07 7.72172437215220e-07 
5.04195975947030e+01 5.71335074602493e-07 7.28957138148220e-07 
5.06557549604862e+01 5.38960705116472e-07 6.88178668426247e-07 
5.08919123262693e+01 5.08433514319580e-07 6.49704097660462e-07 
5.11280696920525e+01 4.79650664586043e-07 6.13396791380369e-07 
5.13642270578356e+01 4.52508530154914e-07 5.79138528998012e-07 
5.16003844236188e+01 4.26915788102943e-07 5.46808041127043e-07 
5.18365417894020e+01 4.02780550052638e-07 5.16300178406401e-07 
5.20726991551851e+01 3.80021710352989e-07 4.87507289758615e-07 
5.23088565209683e+01 3.58557776295913e-07 4.60335842169130e-07 
5.25450138867514e+01 3.38316709167552e-07 4.34690257060693e-07 
5.27811712525346e+01 3.19226225115555e-07 4.10487325860727e-07 
5.30173286183177e+01 3.01222332345790e-07 3.87642174218446e-07 
5.32534859841009e+01 2.84240905869687e-07 3.66080770706135e-07 
5.34896433498840e+01 2.68225096260327e-07 3.45727733802529e-07 
5.37258007156672e+01 2.53118008279803e-07 3.26517190248530e-07 
5.39619580814503e+01 2.38869132630833e-07 3.08382178613678e-07 
5.41981154472335e+01 2.25427981528964e-07 2.91264078710366e-07 
5.44342728130166e+01 2.12749674240380e-07 2.75103399453685e-07 
5.46704301787998e+01 2.00789402508667e-07 2.59847971102046e-07 
5.49065875445829e+01 1.89507282833074e-07 2.45444932440762e-07 
5.51427449103661e+01 1.78863541905347e-07 2.31847849091942e-07 
5.53789022761492e+01 1.68822733427585e-07 2.19009741811776e-07 
5.56150596419324e+01 1.59349548435798e-07 2.06889275764065e-07 
5.58512170077155e+01 1.50412481049801e-07 1.95444692586992e-07 
5.60873743734987e+01 1.41980181309947e-07 1.84639193195561e-07 
5.63235317392818e+01 1.34024642931050e-07 1.74435654278108e-07 
5.65596891050650e+01 1.26518027329207e-07 1.64801311421587e-07 
5.67958464708482e+01 1.19435436613963e-07 1.55703156879064e-07 
5.70320038366313e+01 1.12752147012365e-07 1.47112015443845e-07 
5.72681612024145e+01 1.06446021840260e-07 1.38998534292220e-07 
5.75043185681976e+01 1.00495100752240e-07 1.31336731577087e-07 
5.77404759339808e+01 9.48797001022189e-08 1.24100500831729e-07 
5.79766332997639e+01 8.95803115751324e-08 1.17266701567223e-07 
5.82127906655471e+01 8.45794310114390e-08 1.10812111207288e-07 
5.84489480313302e+01 7.98597261257074e-08 1.04716117774427e-07 
5.86851053971134e+01 7.54056293892298e-08 9.89580611288996e-08 
5.89212627628965e+01 7.12017398694198e-08 9.35195796683109e-08 
5.91574201286797e+01 6.72342110398157e-08 8.83822902808515e-08 
5.93935774944628e+01 6.34893563927661e-08 8.35298342720451e-08 
5.96297348602460e+01 5.99548589426221e-08 7.89458522880704e-08 
5.98658922260291e+01 5.66185542489385e-08 7.46157686392859e-08 
6.01020495918123e+01 5.34694848325523e-08 7.05250455967661e-08 
6.03382069575954e+01 5.04968610025550e-08 6.66607053381411e-08 
6.05743643233786e+01 4.76909304548615e-08 6.30098033262001e-08 
6.08105216891617e+01 4.50420756974274e-08 5.95607589262206e-08 
6.10466790549449e+01 4.25416179059094e-08 5.63020263036801e-08 
6.12828364207281e+01 4.01810065370753e-08 5.32232830442404e-08 
6.15189937865112e+01 3.79525188799417e-08 5.03142494692209e-08 
6.17551511522944e+01 3.58485520435012e-08 4.75657250295019e-08 
6.19913085180775e+01 3.38622334113797e-08 4.49685562033675e-08 
6.22274658838607e+01 3.19868018875408e-08 4.25145415534698e-08 
6.24636232496438e+01 3.02161407600794e-08 4.01955291948217e-08 
6.26997806154270e+01 2.85442367956017e-08 3.80042075349727e-08 
6.29359379812101e+01 2.69656455002798e-08 3.59333158379432e-08 
6.31720953469933e+01 2.54750181295127e-08 3.39763352071336e-08 
6.34082527127764e+01 2.40675080388869e-08 3.21267977732001e-08 
6.36444100785596e+01 2.27383569685308e-08 3.03788906719680e-08 
6.38805674443427e+01 2.14832500450430e-08 2.87268514530543e-08 
6.41167248101259e+01 2.02979538059692e-08 2.71654962961193e-08 
6.43528821759090e+01 1.91786264192359e-08 2.56896906801239e-08 
6.45890395416922e+01 1.81215008876585e-08 2.42948114232829e-08 
6.48251969074753e+01 1.71231562061322e-08 2.29762830920435e-08 
6.50613542732585e+01 1.61802400305607e-08 2.17299820963538e-08 
6.52975116390416e+01 1.52897057676767e-08 2.05518304494317e-08 
6.55336690048248e+01 1.44485697345290e-08 1.94381495096932e-08 
6.57698263706079e+01 1.36541185099221e-08 1.83853041978719e-08 
6.60059837363911e+01 1.29036962204027e-08 1.73900127439412e-08 
6.62421411021743e+01 1.21948859255534e-08 1.64490346657756e-08 
6.64782984679574e+01 1.15253232545733e-08 1.55594419507824e-08 
6.67144558337406e+01 1.08928551228301e-08 1.47183453528680e-08 
6.69506131995237e+01 1.02953764212316e-08 1.39231317909576e-08 
6.71867705653069e+01 9.73096894440466e-09 1.31712246515587e-08 
6.74229279310900e+01 9.19775821478709e-09 1.24602920371645e-08 
6.76590852968732e+01 8.69403510176834e-09 1.17880360998419e-08 
6.78952426626563e+01 8.21813029436059e-09 1.11523752849312e-08 
6.81314000284395e+01 7.76852081606720e-09 1.05512597445252e-08 
6.83675573942226e+01 7.34371991972817e-09 9.98283141325424e-09 
6.86037147600058e+01 6.94237037339083e-09 9.44526185485854e-09 
6.88398721257889e+01 6.56314786661548e-09 8.93689231347818e-09 
6.90760294915721e+01 6.20484275564768e-09 8.45609129471910e-09 
6.93121868573552e+01 5.86627530462231e-09 8.00137756588326e-09 
6.95483442231384e+01 5.54636732422066e-09 7.57129518475355e-09 
6.97845015889215e+01 5.24406776980734e-09 7.16452142425989e-09 
7.00206589547047e+01 4.95841553799131e-09 6.77978332736108e-09 
7.02568163204878e+01 4.68850182779604e-09 6.41592558275520e-09 
7.04929736862710e+01 4.43348274415825e-09 6.07181288867388e-09 
7.07291310520541e+01 4.19251529051136e-09 5.74639496671753e-09 
7.09652884178373e+01 3.96482800014403e-09 5.43862401144177e-09 
7.12014457836205e+01 3.74967051379931e-09 5.14754664333285e-09 
7.14376031494036e+01 3.54635577858360e-09 4.87222871856402e-09 
7.16737605151868e+01 3.35421579000526e-09 4.61181970982754e-09 
7.19099178809699e+01 3.17263858639118e-09 4.36548664908134e-09 
7.21460752467531e+01 3.00102938979912e-09 4.13247063185016e-09 
7.23822326125362e+01 2.83884304785124e-09 3.91202876627974e-09 
7.26183899783194e+01 2.68554990439973e-09 3.70348377903257e-09 
7.28545473441025e+01 2.54066425791103e-09 3.50617298527973e-09 
7.30907047098857e+01 2.40371437687139e-09 3.31949185085666e-09 
7.33268620756688e+01 2.27426747174861e-09 3.14284912112930e-09 
7.35630194414520e+01 2.15190334349516e-09 2.97570508643684e-09 
7.37991768072351e+01 2.03623630328137e-09 2.81753211540135e-09 
7.40353341730183e+01 1.92689200647917e-09 2.66784827680787e-09 
7.42714915388014e+01 1.82352669959253e-09 2.52618261691121e-09 
7.45076489045846e+01 1.72580684799243e-09 2.39210471219930e-09 
7.47438062703677e+01 1.63342604146307e-09 2.26519411519936e-09 
7.49799636361509e+01 1.54608707253355e-09 2.14505616115040e-09 
7.52161210019340e+01 1.46348726233066e-09 2.03132428879373e-09 
7.54522783677172e+01 1.38532539862907e-09 1.92367556663546e-09 
7.56884357335003e+01 1.31136474988759e-09 1.82176412235861e-09 
7.59245930992835e+01 1.24137530297277e-09 1.72528688488564e-09 
7.61607504650667e+01 1.17514532723423e-09 1.63394790954253e-09 
7.63969078308498e+01 1.11246917266202e-09 1.54747589109596e-09 
7.66330651966330e+01 1.05315745563368e-09 1.46560601932901e-09 
7.68692225624161e+01 9.97026293946946e-10 1.38809540794006e-09 
7.71053799281993e+01 9.43906280253160e-10 1.31470708166339e-09 
7.73415372939824e+01 8.93632983229009e-10 1.24522357434741e-09 
7.75776946597656e+01 8.46054854301044e-10 1.17943280507212e-09 
7.78138520255487e+01 8.01024843889174e-10 1.11714005957521e-09 
7.80500093913319e+01 7.58407369786683e-10 1.05815551794609e-09 
7.82861667571150e+01 7.18070916575821e-10 1.00230482180887e-09 
7.85223241228982e+01 6.79894177781185e-10 9.49418065857999e-10 
7.87584814886813e+01 6.43759521736898e-10 8.99339107847154e-10 
7.89946388544645e+01 6.09558407012332e-10 8.51915845935863e-10 
7.92307962202476e+01 5.77185612351479e-10 8.07008434072674e-10 
7.94669535860308e+01 5.46544011870683e-10 7.64480697295208e-10 
7.97031109518139e+01 5.17539478606461e-10 7.24207377639432e-10 
7.99392683175971e+01 4.90085095970967e-10 6.86067687147217e-10 
8.01754256833802e+01 4.64097855721403e-10 6.49953095085579e-10 
8.04115830491634e+01 4.39503290574282e-10 6.15756151853442e-10 
8.06477404149466e+01 4.16225187388584e-10 5.83378480985251e-10 
8.08838977807297e+01 3.94193147958109e-10 5.52721025038757e-10 
8.11200551465129e+01 3.73339069068376e-10 5.23692608471754e-10 
8.13562125122960e+01 3.53600020697620e-10 4.96204650474560e-10 
8.15923698780792e+01 3.34915138551104e-10 4.70175583407589e-10 
8.18285272438623e+01 3.17228161470380e-10 4.45526184224338e-10 
8.20646846096455e+01 3.00484687481614e-10 4.22183471322095e-10 
8.23008419754286e+01 2.84634411269446e-10 4.00076581191297e-10 
8.25369993412118e+01 2.69628700663997e-10 3.79140206066483e-10 
8.27731567069949e+01 2.55422570076142e-10 3.59310951258412e-10 
8.30093140727781e+01 2.41972539518544e-10 3.40530368431142e-10 
8.32454714385612e+01 2.29238375549284e-10 3.22741736818671e-10 
8.34816288043444e+01 2.17181199464139e-10 3.05892740321362e-10 
8.37177861701275e+01 2.05765023479350e-10 2.89932622612031e-10 
8.39539435359107e+01 1.94955078722900e-10 2.74814550425326e-10 
8.41901009016938e+01 1.84719171038491e-10 2.60493098535250e-10 
8.44262582674770e+01 1.75026202910574e-10 2.46926336700173e-10 
8.46624156332601e+01 1.65847370317305e-10 2.34073606110641e-10 
8.48985729990433e+01 1.57154855779202e-10 2.21897362351054e-10 
8.51347303648264e+01 1.48922885140718e-10 2.10361208167070e-10 
8.53708877306096e+01 1.41126571719621e-10 1.99431521688859e-10 
8.56070450963928e+01 1.33742849599890e-10 1.89075716487025e-10 
8.58432024621759e+01 1.26749451162125e-10 1.79263679618393e-10 
8.60793598279591e+01 1.20125731543024e-10 1.69966231536368e-10 
8.63155171937422e+01 1.13851763993902e-10 1.61156397920208e-10 
8.65516745595254e+01 1.07909068290379e-10 1.52808047125184e-10 
8.67878319253085e+01 1.02279810131036e-10 1.44897013520834e-10 
8.70239892910917e+01 9.69474448928203e-11 1.37399890754164e-10 
8.72601466568748e+01 9.18960089902207e-11 1.30295025471160e-10 
8.74963040226580e+01 8.71106889037358e-11 1.23561449028926e-10 
8.77324613884411e+01 8.25771937880583e-11 1.17179756352100e-10 
8.79686187542243e+01 7.82822585527730e-11 1.11131160205736e-10 
8.82047761200074e+01 7.42130882559607e-11 1.05398269474371e-10 
8.84409334857906e+01 7.03578029094094e-11 9.99642516282074e-11 
8.86770908515737e+01 6.67049453197319e-11 9.48135192934119e-11 
8.89132482173569e+01 6.32438745967181e-11 8.99309866270475e-11 
8.91494055831400e+01 5.99643302147042e-11 8.53026784677606e-11 
8.93855629489232e+01 5.68567801051978e-11 8.09150728519616e-11 
8.96217203147063e+01 5.39120343277686e-11 7.67556399158574e-11 
8.98578776804895e+01 5.11215530716332e-11 7.28122585716243e-11 
9.00940350462727e+01 4.84771042525494e-11 6.90739341095748e-11 
9.03301924120558e+01 4.59712917860439e-11 6.55298829915133e-11 
9.05663497778390e+01 4.35967218579898e-11 6.21702137239485e-11 
9.08025071436221e+01 4.13464910883769e-11 5.89851329435853e-11 
9.10386645094053e+01 3.92139501071516e-11 5.59655353703033e-11 
9.12748218751884e+01 3.71929165420233e-11 5.31026218222654e-11 
9.15109792409716e+01 3.52774361925636e-11 5.03882315559562e-11 
9.17471366067547e+01 3.34619715425881e-11 4.78144793582598e-11 
9.19832939725379e+01 3.17411900498714e-11 4.53740498802487e-11 
9.22194513383210e+01 3.01101310348337e-11 4.30598757927721e-11 
9.24556087041042e+01 2.85640179637042e-11 4.08653985232914e-11 
9.26917660698873e+01 2.70984062284791e-11 3.87842827603760e-11 
9.29279234356705e+01 2.57090166658291e-11 3.68106474839701e-11 
9.31640808014536e+01 2.43918664468393e-11 3.49388126533944e-11 
9.34002381672368e+01 2.31431213952890e-11 3.31635039644471e-11 
9.36363955330199e+01 2.19592119446448e-11 3.14796280398330e-11 
9.38725528988031e+01 2.08367021027120e-11 2.98824539439501e-11 
9.41087102645862e+01 1.97723922034445e-11 2.83674136218576e-11 
9.43448676303694e+01 1.87632026149245e-11 2.69302628479140e-11 
9.45810249961525e+01 1.78062648110149e-11 2.55669040363062e-11 
9.48171823619357e+01 1.68988181401599e-11 2.42735289871054e-11 
9.50533397277188e+01 1.60382905634333e-11 2.30464615240016e-11 
9.52894970935020e+01 1.52222069962812e-11 2.18822841257728e-11 
9.55256544592851e+01 1.44482609022163e-11 2.07776981404900e-11 
9.57618118250683e+01 1.37142328914259e-11 1.97296361473999e-11 
9.59979691908514e+01 1.30180542206867e-11 1.87351377561183e-11 
9.62341265566346e+01 1.23577344844488e-11 1.77914493296052e-11 
9.64702839224178e+01 1.17314179492629e-11 1.68959136058326e-11 
9.67064412882009e+01 1.11373193069135e-11 1.60460582234484e-11 
9.69425986539841e+01 1.05737736637936e-11 1.52394976056777e-11 
9.71787560197672e+01 1.00391794439971e-11 1.44740115634188e-11 
9.74149133855504e+01 9.53204275892470e-12 1.37474580598639e-11 
9.76510707513335e+01 9.05092665280077e-12 1.30578430184964e-11 
9.78872281171167e+01 8.59449049383158e-12 1.24032427448881e-11 
9.81233854828998e+01 8.16144484701411e-12 1.17818659370363e-11 
9.83595428486830e+01 7.75058645406025e-12 1.11919846804482e-11 
9.85957002144661e+01 7.36075810004479e-12 1.06319895434302e-11 
9.88318575802493e+01 6.99087968388640e-12 1.01003281850624e-11 
9.90680149460324e+01 6.63991251759965e-12 9.59555431661809e-12 
9.93041723118156e+01 6.30688693135452e-12 9.11627307126295e-12 
9.95403296775987e+01 5.99087050796371e-12 8.66118452316363e-12 
9.97764870433819e+01 5.69099261551993e-12 8.22903506438175e-12 
1.00012644409165e+02 5.40641613624297e-12 7.81863661882837e-12 
1.00248801774948e+02 5.13628517299801e-12 7.42891811059782e-12 
1.00484959140731e+02 4.87979756737397e-12 7.05886272778028e-12 
1.00721116506515e+02 4.63626167141871e-12 6.70744399642089e-12 
1.00957273872298e+02 4.40501189923071e-12 6.37372053543718e-12 
1.01193431238081e+02 4.18542606460509e-12 6.05678454802150e-12 
1.01429588603864e+02 3.97690547591493e-12 5.75578895884239e-12 
1.01665745969647e+02 3.77889036568092e-12 5.46991699957818e-12 
1.01901903335430e+02 3.59084214770108e-12 5.19840636093482e-12 
1.02138060701213e+02 3.41225715102700e-12 4.94052208427526e-12 
1.02374218066997e+02 3.24265080160326e-12 4.69557806085919e-12 
1.02610375432780e+02 3.08156984919279e-12 4.46291286568368e-12 
1.02846532798563e+02 2.92857826224278e-12 4.24190889888563e-12 
1.03082690164346e+02 2.78326811509012e-12 4.03197083846025e-12 
1.03318847530129e+02 2.64524700824686e-12 3.83254268557668e-12 
1.03555004895912e+02 2.51414776441934e-12 3.64308854881589e-12 
1.03791162261695e+02 2.38961720724247e-12 3.46310782574001e-12 
1.04027319627479e+02 2.27132479798504e-12 3.29211806321377e-12 
1.04263476993262e+02 2.15895262425904e-12 3.12966848150158e-12 
1.04499634359045e+02 2.05220309451318e-12 2.97532468357012e-12 
1.04735791724828e+02 1.95079000466649e-12 2.82868070488091e-12 
1.04971949090611e+02 1.85444539439544e-12 2.68934536972213e-12 
1.05208106456394e+02 1.76291157422585e-12 2.55695302937755e-12 
1.05444263822178e+02 1.67594723600384e-12 2.43115138586708e-12 
1.05680421187961e+02 1.59332033593478e-12 2.31161106300500e-12 
1.05916578553744e+02 1.51481354132558e-12 2.19801473776034e-12 
1.06152735919527e+02 1.44021787656814e-12 2.09006567260248e-12 
1.06388893285310e+02 1.36933757909999e-12 1.98747801230714e-12 
1.06625050651093e+02 1.30198442555609e-12 1.88998439169171e-12 
1.06861208016876e+02 1.23798206178382e-12 1.79732727134196e-12 
1.07097365382660e+02 1.17716093547544e-12 1.70926572215362e-12 
1.07333522748443e+02 1.11936215787492e-12 1.62556768736058e-12 
1.07569680114226e+02 1.06443297728201e-12 1.54601603404150e-12 
1.07805837480009e+02 1.01223022369821e-12 1.47040164118838e-12 
1.08041994845792e+02 9.62616264775946e-13 1.39852879834351e-12 
1.08278152211575e+02 9.15462078977496e-13 1.33020903043322e-12 
1.08514309577359e+02 8.70643641929612e-13 1.26526591482782e-12 
1.08750466943142e+02 8.28044668631074e-13 1.20352956343259e-12 
1.08986624308925e+02 7.87553383853445e-13 1.14484092158462e-12 
1.09222781674708e+02 7.49064969458272e-13 1.08904683657862e-12 
1.09458939040491e+02 7.12478677537607e-13 1.03600389481691e-12 
1.09695096406274e+02 6.77700014926803e-13 9.85574013672723e-13 
1.09931253772057e+02 6.44638162274160e-13 9.37627867093375e-13 
1.10167411137841e+02 6.13207924303419e-13 8.92040944576027e-13 
1.10403568503624e+02 5.83327422002504e-13 8.48696609900690e-13 
1.10639725869407e+02 5.54919834051247e-13 8.07482577108114e-13 
1.10875883235190e+02 5.27911332879860e-13 7.68293642131113e-13 
1.11112040600973e+02 5.02232639887806e-13 7.31028531105708e-13 
1.11348197966756e+02 4.77817179292331e-13 6.95592340306537e-13 
1.11584355332540e+02 4.54602467284488e-13 6.61893716965934e-13 
1.11820512698323e+02 4.32528460410206e-13 6.29847039040894e-13 
1.12056670064106e+02 4.11538796604504e-13 5.99369893026586e-13 
1.12292827429889e+02 3.91579317360730e-13 5.70385021633850e-13 
1.12528984795672e+02 3.72599176623145e-13 5.42818066923050e-13 
1.12765142161455e+02 3.54549518238349e-13 5.16599310904254e-13 
1.13001299527238e+02 3.37384466942328e-13 4.91661655736640e-13 
1.13237456893022e+02 3.21059944582118e-13 4.67942179535627e-13 
1.13473614258805e+02 3.05534555881848e-13 4.45380328428715e-13 
1.13709771624588e+02 2.90768528699316e-13 4.23919307427004e-13 
1.13945928990371e+02 2.76724505875081e-13 4.03504461841745e-13 
1.14182086356154e+02 2.63366596371841e-13 3.84084520918300e-13 
1.14418243721937e+02 2.50661083282088e-13 3.65610148535467e-13 
1.14654401087721e+02 2.38575574109304e-13 3.48035055378068e-13 
1.14890558453504e+02 2.27079633916209e-13 3.31314700996024e-13 
1.15126715819287e+02 2.16144024264732e-13 3.15407288581125e-13 
1.15362873185070e+02 2.05741269513434e-13 3.00272602383472e-13 
1.15599030550853e+02 1.95844975054800e-13 2.85872897635050e-13 
1.15835187916636e+02 1.86430333903674e-13 2.72171859033657e-13 
1.16071345282419e+02 1.77473515870601e-13 2.59135396999734e-13 
1.16307502648203e+02 1.68952120811259e-13 2.46730714464871e-13 
1.16543660013986e+02 1.60844631266630e-13 2.34927019440626e-13 
1.16779817379769e+02 1.53130818055955e-13 2.23694688710507e-13 
1.17015974745552e+02 1.45791249710282e-13 2.13005905613700e-13 
1.17252132111335e+02 1.38807655479018e-13 2.02833910454210e-13 
1.17488289477118e+02 1.32162485593433e-13 1.93153571443950e-13 
1.17724446842901e+02 1.25839236211205e-13 1.83940712726527e-13 
1.17960604208685e+02 1.19822055180021e-13 1.75172625570065e-13 
1.18196761574468e+02 1.14096032958260e-13 1.66827465870221e-13 
1.18432918940251e+02 1.08646849114302e-13 1.58884711921977e-13 
1.18669076306034e+02 1.03461032828087e-13 1.51324624129534e-13 
1.18905233671817e+02 9.85256458665351e-14 1.44128655007839e-13 
1.19141391037600e+02 9.38285158843470e-14 1.37278964597476e-13 
1.19377548403384e+02 8.93579520666222e-14 1.30758787741776e-13 
1.19613705769167e+02 8.51029541027988e-14 1.24551999392658e-13 
1.19849863134950e+02 8.10529570899851e-14 1.18643443669815e-13 
1.20086020500733e+02 7.71980187467604e-14 1.13018543857638e-13 
1.20322177866516e+02 7.35285905301557e-14 1.07663597271925e-13 
1.20558335232299e+02 7.00356853820670e-14 1.02565425296565e-13 
1.20794492598082e+02 6.67106723338770e-14 9.77116376541391e-14 
1.21030649963866e+02 6.35454268338399e-14 9.30903183210162e-14 
1.21266807329649e+02 6.05321464001682e-14 8.86902624154022e-14 
1.21502964695432e+02 5.76634853597069e-14 8.45006942672428e-14 
1.21739122061215e+02 5.49323893666087e-14 8.05114797956922e-14 
1.21975279426998e+02 5.23322161880502e-14 7.67128734013530e-14 
1.22211436792781e+02 4.98565871346736e-14 7.30957084003102e-14 
1.22447594158565e+02 4.74994953554523e-14 6.96511697558096e-14 
1.22683751524348e+02 4.52551724308149e-14 6.63709648638959e-14 
1.22919908890131e+02 4.31181854837666e-14 6.32471194540854e-14 
1.23156066255914e+02 4.10833173696478e-14 6.02721307787289e-14 
1.23392223621697e+02 3.91456537722359e-14 5.74387842915628e-14 
1.23628380987480e+02 3.73004755877480e-14 5.47402910760085e-14 
1.23864538353263e+02 3.55433370510873e-14 5.21701231602577e-14 
1.24100695719047e+02 3.38699690580539e-14 4.97221368260147e-14 
1.24336853084830e+02 3.22763492565522e-14 4.73904246421362e-14 
1.24573010450613e+02 3.07586151818769e-14 4.51694261223013e-14 
1.24809167816396e+02 2.93131271491332e-14 4.30537947589999e-14 
1.25045325182179e+02 2.79363901935684e-14 4.10384973440496e-14 
1.25281482547962e+02 2.66251105124044e-14 3.91186944634754e-14 
1.25517639913746e+02 2.53761253069572e-14 3.72898296566878e-14 
1.25753797279529e+02 2.41864534434056e-14 3.55475219926894e-14 
1.25989954645312e+02 2.30532323871971e-14 3.38876461203114e-14 
1.26226112011095e+02 2.19737636819716e-14 3.23062356892937e-14 
1.26462269376878e+02 2.09454562506613e-14 3.07995552336641e-14 
1.26698426742661e+02 1.99658672289497e-14 2.93640133293160e-14 
1.26934584108444e+02 1.90326509825857e-14 2.79962271540071e-14 
1.27170741474228e+02 1.81435957755844e-14 2.66929443877202e-14 
1.27406898840011e+02 1.72965779205207e-14 2.54511012045891e-14 
1.27643056205794e+02 1.64895947114561e-14 2.42677520249755e-14 
1.27879213571577e+02 1.57207231841901e-14 2.31401216157915e-14 
1.28115370937360e+02 1.49881496989877e-14 2.20655418951476e-14 
1.28351528303143e+02 1.42901328416905e-14 2.10414987470246e-14 
1.28587685668926e+02 1.36250300011550e-14 2.00655751616763e-14 
1.28823843034710e+02 1.29912639904250e-14 1.91354933075282e-14 
1.29060000400493e+02 1.23873469278632e-14 1.82490633642580e-14 
1.29296157766276e+02 1.18118502008559e-14 1.74042213383653e-14 
1.29532315132059e+02 1.12634259274780e-14 1.65989830119211e-14 
1.29768472497842e+02 1.07407799239680e-14 1.58314779377561e-14 
1.30004629863625e+02 1.02426909950085e-14 1.50999079860672e-14 
1.30240787229409e+02 9.76798660094932e-15 1.44025779099776e-14 
1.30476944595192e+02 9.31556019904722e-15 1.37378580252412e-14 
1.30713101960975e+02 8.88434933755146e-15 1.31042116964776e-14 
1.30949259326758e+02 8.47335124721104e-15 1.25001617327638e-14 
1.31185416692541e+02 8.08160311724663e-15 1.19243151086309e-14 
1.31421574058324e+02 7.70819611581086e-15 1.13753327009637e-14 
1.31657731424107e+02 7.35225762789353e-15 1.08519515264189e-14 
1.31893888789891e+02 7.01296386495701e-15 1.03529574832714e-14 
1.32130046155674e+02 6.68952386725790e-15 9.87720535787723e-15 
1.32366203521457e+02 6.38119084634608e-15 9.42359426937799e-15 
1.32602360887240e+02 6.08724777440729e-15 8.99108567182149e-15 
1.32838518253023e+02 5.80701758850662e-15 8.57868123037594e-15 
1.33074675618806e+02 5.53985020760400e-15 8.18543902242140e-15 
1.33310832984590e+02 5.28513171415913e-15 7.81045360150021e-15 
1.33546990350373e+02 5.04227265566174e-15 7.45287057981618e-15 
1.33783147716156e+02 4.81071630733186e-15 7.11186866088562e-15 
1.34019305081939e+02 4.58992812953275e-15 6.78667276717532e-15 
1.34255462447722e+02 4.37940320465303e-15 6.47653784461607e-15 
1.34491619813505e+02 4.17865673480467e-15 6.18076069209436e-15 
1.34727777179288e+02 3.98723073581324e-15 5.89866537201689e-15 
1.34963934545072e+02 3.80468547060023e-15 5.62961384519963e-15 
1.35200091910855e+02 3.63060547646124e-15 5.37299279410902e-15 
1.35436249276638e+02 3.46459184220663e-15 5.12822320702777e-15 
1.35672406642421e+02 3.30626763561888e-15 4.89474850570179e-15 
1.35908564008204e+02 3.15527093964983e-15 4.67204319877152e-15 
1.36144721373987e+02 3.01125973922183e-15 4.45960219326628e-15 
1.36380878739771e+02 2.87390563974924e-15 4.25694854568440e-15 
1.36617036105554e+02 2.74289827053279e-15 4.06362376447326e-15 
1.36853193471337e+02 2.61793962133600e-15 3.87919481952755e-15 
1.37089350837120e+02 2.49874800934158e-15 3.70324544847589e-15 
1.37325508202903e+02 2.38505296897410e-15 3.53538248579659e-15 
1.37561665568686e+02 2.27659882545710e-15 3.37522800213076e-15 
1.37797822934469e+02 2.17314008408417e-15 3.22242499906955e-15 
1.38033980300253e+02 2.07444465042612e-15 3.07663031362083e-15 
1.38270137666036e+02 1.98028966972875e-15 2.93751975117985e-15 
1.38506295031819e+02 1.89046442918132e-15 2.80478168008497e-15 
1.38742452397602e+02 1.80476660302583e-15 2.67812165912904e-15 
1.38978609763385e+02 1.72300486869199e-15 2.55725665699539e-15 
1.39214767129168e+02 1.64499551746543e-15 2.44191922589190e-15 
1.39450924494951e+02 1.57056481300143e-15 2.33185228177771e-15 
1.39687081860735e+02 1.49954593156892e-15 2.22681286805573e-15 
1.39923239226518e+02 1.43178108865141e-15 2.12656744216028e-15 
1.40159396592301e+02 1.36711877632673e-15 2.03089527046189e-15 
1.40395553958084e+02 1.30541568104367e-15 1.93958417152253e-15 
1.40631711323867e+02 1.24653418892575e-15 1.85243357880846e-15 
1.40867868689650e+02 1.19034411548585e-15 1.76925069581017e-15 
1.41104026055434e+02 1.13672045254861e-15 1.68985325948143e-15 
1.41340183421217e+02 1.08554492857617e-15 1.61406606687098e-15 
1.41576340787000e+02 1.03670397351754e-15 1.54172346890326e-15 
1.41812498152783e+02 9.90090126542148e-16 1.47266623217167e-15 
1.42048655518566e+02 9.45600197475461e-16 1.40674378970897e-15 
1.42284812884349e+02 9.03136537051452e-16 1.34381140519252e-15 
1.42520970250132e+02 8.62605375708616e-16 1.28373220468628e-15 
1.42757127615916e+02 8.23917969958060e-16 1.22637461374836e-15 
1.42993284981699e+02 7.86989101216853e-16 1.17161419172958e-15 
1.43229442347482e+02 7.51738110527595e-16 1.11933131518931e-15 
1.43465599713265e+02 7.18087541818311e-16 1.06941283418183e-15 
1.43701757079048e+02 6.85964075986320e-16 1.02174997801015e-15 
1.43937914444831e+02 6.55297304514888e-16 9.76239850994776e-16 
1.44174071810615e+02 6.26020572834920e-16 9.32783538957231e-16 
1.44410229176398e+02 5.98069871615644e-16 8.91287460224686e-16 
1.44646386542181e+02 5.71384598329401e-16 8.51661653361274e-16 
1.44882543907964e+02 5.45906554782332e-16 8.13820997596214e-16 
1.45118701273747e+02 5.21580634918982e-16 7.77683664235650e-16 
1.45354858639530e+02 4.98353918283240e-16 7.43172219293572e-16 
1.45591016005313e+02 4.76176291300478e-16 7.10212222741067e-16 
1.45827173371097e+02 4.54999627371383e-16 6.78733224852604e-16 
1.46063330736880e+02 4.34778348150740e-16 6.48667499002488e-16 
1.46299488102663e+02 4.15468681888589e-16 6.19950942099265e-16 
1.46535645468446e+02 3.97029170578392e-16 5.92521928038092e-16 
1.46771802834229e+02 3.79419998981221e-16 5.66322121570489e-16 
1.47007960200012e+02 3.62603452934545e-16 5.41295440781625e-16 
1.47244117565796e+02 3.46543312235041e-16 5.17388792819690e-16 
1.47480274931579e+02 3.31205264876029e-16 4.94551134902689e-16 
1.47716432297362e+02 3.16556357631109e-16 4.72734139501001e-16 
1.47952589663145e+02 3.02565370517463e-16 4.51891344401690e-16 
1.48188747028928e+02 2.89202319523226e-16 4.31978754189922e-16 
1.48424904394711e+02 2.76438795170132e-16 4.12954070821260e-16 
1.48661061760494e+02 2.64247512368904e-16 3.94777237574327e-16 
1.48897219126278e+02 2.52602616573308e-16 3.77409742413041e-16 
1.49133376492061e+02 2.41479276235830e-16 3.60815109976526e-16 
1.49369533857844e+02 2.30853959701826e-16 3.44958270763004e-16 
1.49605691223627e+02 2.20704066177665e-16 3.29806006176909e-16 
1.49841848589410e+02 2.11008176204509e-16 3.15326377242136e-16 
1.50078005955193e+02 2.01745717447706e-16 3.01489126327980e-16 
1.50314163320977e+02 1.92895775674093e-16 2.88267194605554e-16 
1.50550320686760e+02 1.84439410904895e-16 2.75633252238110e-16 
1.50786478052543e+02 1.76358942689843e-16 2.63560693491330e-16 
1.51022635418326e+02 1.68637385873546e-16 2.52024327819729e-16 
1.51258792784109e+02 1.61258636475416e-16 2.40999937821546e-16 
1.51494950149892e+02 1.54207223523277e-16 2.30464577415458e-16 
1.51731107515675e+02 1.47468477285580e-16 2.20396186637876e-16 
1.51967264881459e+02 1.41028304392297e-16 2.10773861525489e-16 
1.52203422247242e+02 1.34873340116593e-16 2.01577505072030e-16 
1.52439579613025e+02 1.28990744569967e-16 1.92788071536662e-16 
1.52675736978808e+02 1.23368340565293e-16 1.84387250122111e-16 
1.52911894344591e+02 1.17994428886082e-16 1.76357686164106e-16 
1.53148051710374e+02 1.12857913113827e-16 1.68682694423784e-16 
1.53384209076158e+02 1.07948132163449e-16 1.61346459374665e-16 
1.53620366441941e+02 1.03254973323561e-16 1.54333775300980e-16 
1.53856523807724e+02 9.87687204236678e-17 1.47630227683490e-16 
1.54092681173507e+02 9.44801562148540e-17 1.41221957565053e-16 
1.54328838539290e+02 9.03804246909374e-17 1.35095825842485e-16 
1.54564995905073e+02 8.64611238278902e-17 1.29239199604164e-16 
1.54801153270856e+02 8.27141807225860e-17 1.23640100960165e-16 
1.55037310636640e+02 7.91319356107469e-17 1.18287013276485e-16 
1.55273468002423e+02 7.57070286146824e-17 1.13169016017839e-16 
1.55509625368206e+02 7.24324758706907e-17 1.08275609001602e-16 
1.55745782733989e+02 6.93015667925692e-17 1.03596834585248e-16 
1.55981940099772e+02 6.63079330592316e-17 9.91231182424228e-17 
1.56218097465555e+02 6.34454554050055e-17 9.48453792985231e-17 
1.56454254831338e+02 6.07083261458838e-17 9.07548862932536e-17 
1.56690412197122e+02 5.80909646018024e-17 8.68433573519320e-17 
1.56926569562905e+02 5.55880737746622e-17 8.31028289451977e-17 
1.57162726928688e+02 5.31945635928757e-17 7.95257468790051e-17 
1.57398884294471e+02 5.09056022953735e-17 7.61048471943383e-17 
1.57635041660254e+02 4.87165467656161e-17 7.28332386644394e-17 
1.57871199026037e+02 4.66229891226055e-17 6.97042946968533e-17 
1.58107356391821e+02 4.46206934810731e-17 6.67117281411796e-17 
1.58343513757604e+02 4.27056382024939e-17 6.38494931637459e-17 
1.58579671123387e+02 4.08739584809979e-17 6.11118530922100e-17 
1.58815828489170e+02 3.91219846640239e-17 5.84932913307575e-17 
1.59051985854953e+02 3.74461901203139e-17 5.59885728983870e-17 
1.59288143220736e+02 3.58432260006819e-17 5.35926635407560e-17 
1.59524300586519e+02 3.43098738958219e-17 5.13007855562174e-17 
1.59760457952303e+02 3.28430773722975e-17 4.91083443402152e-17 
1.59996615318086e+02 3.14398989743512e-17 4.70109790364505e-17 
1.60232772683869e+02 3.00975488382699e-17 4.50044958218682e-17 
1.60468930049652e+02 2.88133456344015e-17 4.30849138691181e-17 
1.60705087415435e+02 2.75847425341843e-17 4.12484047454229e-17 
1.60941244781218e+02 2.64092917265874e-17 3.94913341262273e-17 
1.61177402147002e+02 2.52846679860082e-17 3.78102067402478e-17 
1.61413559512785e+02 2.42086364317411e-17 3.62017042323972e-17 
1.61649716878568e+02 2.31790739213751e-17 3.46626351407101e-17 
1.61885874244351e+02 2.21939397530096e-17 3.31899692688383e-17 
1.62122031610134e+02 2.12512950874797e-17 3.17807922288530e-17 
1.62358188975917e+02 2.03492763211955e-17 3.04323366494532e-17 
1.62594346341700e+02 1.94861127212624e-17 2.91419408623549e-17 
1.62830503707484e+02 1.86601022223057e-17 2.79070772414835e-17 
1.63066661073267e+02 1.78696274411417e-17 2.67253146502201e-17 
1.63302818439050e+02 1.71131336740162e-17 2.55943441789290e-17 
1.63538975804833e+02 1.63891434417387e-17 2.45119450061412e-17 
1.63775133170616e+02 1.56962364846476e-17 2.34760077765289e-17 
1.64011290536399e+02 1.50330629748823e-17 2.24845035615196e-17 
1.64247447902183e+02 1.43983253252964e-17 2.15355050969996e-17 
1.64483605267966e+02 1.37907901926634e-17 2.06271585582036e-17 
1.64719762633749e+02 1.32092719338841e-17 1.97577028557790e-17 
1.64955919999532e+02 1.26526435122728e-17 1.89254439663690e-17 
1.65192077365315e+02 1.21198214499107e-17 1.81287724669941e-17 
1.65428234731098e+02 1.16097757386218e-17 1.73661401868140e-17 
1.65664392096881e+02 1.11215161513724e-17 1.66360761428797e-17 
1.65900549462665e+02 1.06541012500078e-17 1.59371653003611e-17 
1.66136706828448e+02 1.02066259313224e-17 1.52680630574306e-17 
1.66372864194231e+02 9.77822961500127e-18 1.46274759209879e-17 
1.66609021560014e+02 9.36808491151356e-18 1.40141746745991e-17 
1.66845178925797e+02 8.97540506589096e-18 1.34269767946404e-17 
1.67081336291580e+02 8.59943364504591e-18 1.28647584226874e-17 
1.67317493657363e+02 8.23945130594907e-18 1.23264383632144e-17 
1.67553651023147e+02 7.89476640944032e-18 1.18109889704876e-17 
1.67789808388930e+02 7.56472117496747e-18 1.13174215836445e-17 
1.68025965754713e+02 7.24868313653965e-18 1.08447964278801e-17 
1.68262123120496e+02 6.94605074039353e-18 1.03922093560479e-17 
1.68498280486279e+02 6.65624556651791e-18 9.95880085462967e-18 
1.68734437852062e+02 6.37871742036567e-18 9.54374397306837e-18 
1.68970595217846e+02 6.11293725043078e-18 9.14625251659442e-18 
1.69206752583629e+02 5.85840178037088e-18 8.76557005544192e-18 
1.69442909949412e+02 5.61462705951305e-18 8.40097737897917e-18 
1.69679067315195e+02 5.38115267744619e-18 8.05178248688256e-18 
1.69915224680978e+02 5.15753589013091e-18 7.71732737210864e-18 
1.70151382046761e+02 4.94335545512052e-18 7.39697890509798e-18 
1.70387539412544e+02 4.73820628120997e-18 7.09013500686965e-18 
1.70623696778328e+02 4.54170291891006e-18 6.79621634548634e-18 
1.70859854144111e+02 4.35347468634131e-18 6.51467195487975e-18 
1.71096011509894e+02 4.17316884638336e-18 6.24497167020964e-18 
1.71332168875677e+02 4.00044616584809e-18 5.98661124288976e-18 
1.71568326241460e+02 3.83498380782353e-18 5.73910544818811e-18 
1.71804483607243e+02 3.67647128508754e-18 5.50199274226448e-18 
1.72040640973027e+02 3.52461309353493e-18 5.27482898145194e-18 
1.72276798338810e+02 3.37912502435646e-18 5.05719166289512e-18 
1.72512955704593e+02 3.23973656205267e-18 4.84867420048072e-18 
1.72749113070376e+02 3.10618752313733e-18 4.64888978683666e-18 
1.72985270436159e+02 2.97823024007894e-18 4.45746617589651e-18 
1.73221427801942e+02 2.85562649722332e-18 4.27404920055003e-18 
1.73457585167725e+02 2.73814952004290e-18 4.09829801638075e-18 
1.73693742533509e+02 2.62558118163780e-18 3.92988830610928e-18 
1.73929899899292e+02 2.51771381489470e-18 3.76850794317644e-18 
1.74166057265075e+02 2.41434766534538e-18 3.61385991126489e-18 
1.74402214630858e+02 2.31529254222389e-18 3.46565835015306e-18 
1.74638371996641e+02 2.22036549565823e-18 3.32363121601224e-18 
1.74874529362424e+02 2.12939232115148e-18 3.18751667536519e-18 
1.75110686728208e+02 2.04220544107743e-18 3.05706552950663e-18 
1.75346844093991e+02 1.95864527578340e-18 2.93203792549463e-18 
1.75583001459774e+02 1.87855831117282e-18 2.81220556590897e-18 
1.75819158825557e+02 1.80179834842298e-18 2.69734870861390e-18 
1.76055316191340e+02 1.72822474108332e-18 2.58725818113536e-18 
1.76291473557123e+02 1.65770353430821e-18 2.48173264348776e-18 
1.76527630922906e+02 1.59010585639513e-18 2.38058042469530e-18 
1.76763788288690e+02 1.52530895744020e-18 2.28361702529374e-18 
1.76999945654473e+02 1.46319474159905e-18 2.19066679192596e-18 
1.77236103020256e+02 1.40365071417220e-18 2.10156063823791e-18 
1.77472260386039e+02 1.34656864210620e-18 2.01613757203342e-18 
1.77708417751822e+02 1.29184541769801e-18 1.93424261519879e-18 
1.77944575117605e+02 1.23938183597593e-18 1.85572819658701e-18 
1.78180732483388e+02 1.18908338246987e-18 1.78045225334572e-18 
1.78416889849172e+02 1.14085911713149e-18 1.70827950150825e-18 
1.78653047214955e+02 1.09462239294269e-18 1.63907970268163e-18 
1.78889204580738e+02 1.05028983696171e-18 1.57272882323870e-18 
1.79125361946521e+02 1.00778200592986e-18 1.50910745176104e-18 
1.79361519312304e+02 9.67022455873027e-19 1.44810185674211e-18 
1.79597676678087e+02 9.27938340310472e-19 1.38960254148763e-18 
1.79833834043871e+02 8.90459560607723e-19 1.33350520934569e-18 
1.80069991409654e+02 8.54519311885759e-19 1.27970944395620e-18 
1.80306148775437e+02 8.20053307018369e-19 1.22811959021156e-18 
1.80542306141220e+02 7.87000274880843e-19 1.17864354882769e-18 
1.80778463507003e+02 7.55301251518801e-19 1.13119358050116e-18 
1.81014620872786e+02 7.24900034958265e-19 1.08568520475784e-18 
1.81250778238569e+02 6.95742537649618e-19 1.04203793410118e-18 
1.81486935604353e+02 6.67777201681680e-19 1.00017426798929e-18 
1.81723092970136e+02 6.40954407129085e-19 9.60020363159579e-19 
1.81959250335919e+02 6.15226851168278e-19 9.21505114398558e-19 
1.82195407701702e+02 5.90549007433913e-19 8.84560766673908e-19 
1.82431565067485e+02 5.66877472221317e-19 8.49122075101953e-19 
1.82667722433268e+02 5.44170470391871e-19 8.15126864014227e-19 
1.82903879799052e+02 5.22388171561574e-19 7.82515259201331e-19 
1.83140037164835e+02 5.01492238490657e-19 7.51230198582948e-19 
1.83376194530618e+02 4.81446115898806e-19 7.21216730420111e-19 
1.83612351896401e+02 4.62214617634060e-19 6.92422479840827e-19 
1.83848509262184e+02 4.43764190519634e-19 6.64797007270997e-19 
1.84084666627967e+02 4.26062536924681e-19 6.38292234688884e-19 
1.84320823993750e+02 4.09078855833358e-19 6.12861858932725e-19 
1.84556981359534e+02 3.92783497743656e-19 5.88461740333304e-19 
1.84793138725317e+02 3.77148185002101e-19 5.65049365841697e-19 
1.85029296091100e+02 3.62145696243211e-19 5.42584206261630e-19 
1.85265453456883e+02 3.47750067692554e-19 5.21027227871602e-19 
1.85501610822666e+02 3.33936304442773e-19 5.00341220360566e-19 
1.85737768188449e+02 3.20680564312320e-19 4.80490346869566e-19 
1.85973925554233e+02 3.07959893810194e-19 4.61440438426975e-19 
1.86210082920016e+02 2.95752396361942e-19 4.43158583153692e-19 
1.86446240285799e+02 2.84036990782174e-19 4.25613395564871e-19 
1.86682397651582e+02 2.72793565223872e-19 4.08774641198530e-19 
1.86918555017365e+02 2.62002756188397e-19 3.92613490370280e-19 
1.87154712383148e+02 2.51646089035827e-19 3.77102175273547e-19 
1.87390869748931e+02 2.41705775730633e-19 3.62214212469699e-19 
1.87627027114715e+02 2.32164843597027e-19 3.47924084378988e-19 
1.87863184480498e+02 2.23006950438193e-19 3.34207449613683e-19 
1.88099341846281e+02 2.14216502188109e-19 3.21040859244055e-19 
1.88335499212064e+02 2.05778483491284e-19 3.08401951719137e-19 
1.88571656577847e+02 1.97678565079652e-19 2.96269188855635e-19 
1.88807813943630e+02 1.89902948715705e-19 2.84622021591801e-19 
1.89043971309414e+02 1.82438465857971e-19 2.73440647837866e-19 
1.89280128675197e+02 1.75272435757256e-19 2.62706176030025e-19 
1.89516286040980e+02 1.68392755526306e-19 2.52400405386509e-19 
1.89752443406763e+02 1.61787770157220e-19 2.42505971726951e-19 
1.89988600772546e+02 1.55446354943893e-19 2.33006145253740e-19 
1.90224758138329e+02 1.49357796453500e-19 2.23884963951548e-19 
1.90460915504112e+02 1.43511867964148e-19 2.15127048394955e-19 
1.90697072869896e+02 1.37898720453707e-19 2.06717723862776e-19 
1.90933230235679e+02 1.32508951653661e-19 1.98642850717002e-19 
1.91169387601462e+02 1.27333506199801e-19 1.90888936201423e-19 
1.91405544967245e+02 1.22363738850780e-19 1.83442979063083e-19 
1.91641702333028e+02 1.17591323019284e-19 1.76292571920141e-19 
1.91877859698811e+02 1.13008308655977e-19 1.69425758912042e-19 
1.92114017064594e+02 1.08607038447358e-19 1.62831129444550e-19 
1.92350174430378e+02 1.04380200822187e-19 1.56497687759760e-19 
1.92586331796161e+02 1.00320753163884e-19 1.50414938795958e-19 
1.92822489161944e+02 9.64219703567976e-20 1.44572768664387e-19 
1.93058646527727e+02 9.26773744172695e-20 1.38961523297500e-19 
1.93294803893510e+02 8.90807789608513e-20 1.33571898906726e-19 
1.93530961259293e+02 8.56262247075069e-20 1.28395014034328e-19 
1.93767118625077e+02 8.23080202178419e-20 1.23422309146125e-19 
1.94003275990860e+02 7.91206827747658e-20 1.18645612648857e-19 
1.94239433356643e+02 7.60589757066579e-20 1.14057048844590e-19 
1.94475590722426e+02 7.31178541905825e-20 1.09649098426893e-19 
1.94711748088209e+02 7.02924994528233e-20 1.05414514090089e-19 
1.94947905453992e+02 6.75782690777846e-20 1.01346375973218e-19 
1.95184062819775e+02 6.49707283512459e-20 9.74380142778807e-20 
1.95420220185559e+02 6.24656046947279e-20 9.36830600885535e-20 
1.95656377551342e+02 6.00588163939355e-20 9.00753744081405e-20 
1.95892534917125e+02 5.77464308109129e-20 8.66090947462640e-20 
1.96128692282908e+02 5.55246907192635e-20 8.32785700321990e-20 
1.96364849648691e+02 5.33899759761404e-20 8.00784033290847e-20 
1.96601007014474e+02 5.13388276667738e-20 7.70033921300748e-20 
1.96837164380258e+02 4.93679129454901e-20 7.40485675256729e-20 
1.97073321746041e+02 4.74740471746830e-20 7.12091394310879e-20 
1.97309479111824e+02 4.56541616688503e-20 6.84805325058318e-20 
1.97545636477607e+02 4.39053239972679e-20 6.58583358987885e-20 
1.97781793843390e+02 4.22247083876831e-20 6.33383361935916e-20 
1.98017951209173e+02 4.06096143474556e-20 6.09164712930979e-20 
1.98254108574956e+02 3.90574395042428e-20 5.85888606406646e-20 
1.98490265940740e+02 3.75656966871345e-20 5.63517628978652e-20 
1.98726423306523e+02 3.61319890005769e-20 5.42016036704263e-20 
1.98962580672306e+02 3.47540254949412e-20 5.21349366624046e-20 
1.99198738038089e+02 3.34295982872139e-20 5.01484691160213e-20 
1.99434895403872e+02 3.21565969394010e-20 4.82390261523650e-20 
1.99671052769655e+02 3.09329874553082e-20 4.64035741165465e-20 
1.99907210135439e+02 2.97568254750969e-20 4.46391681916604e-20 
2.00143367501222e+02 2.86262077656698e-20 4.29428632152483e-20 
2.00379524867005e+02 2.75391113845211e-20 4.13120088699906e-20 
2.00615682232788e+02 2.64938367781052e-20 3.97438980611584e-20 
2.00851839598571e+02 2.54887581532471e-20 3.82360816972037e-20 
2.01087996964354e+02 2.45223073422609e-20 3.67862178327401e-20 
2.01324154330137e+02 2.35929841503017e-20 3.53920466704832e-20 
2.01560311695921e+02 2.26993415226133e-20 3.40514071532244e-20 
2.01796469061704e+02 2.18399950488598e-20 3.27622139835560e-20 
2.02032626427487e+02 2.10136093261839e-20 3.15224728644203e-20 
2.02268783793270e+02 2.02189066900497e-20 3.03302593717798e-20 
2.02504941159053e+02 1.94546546755755e-20 2.91837329551231e-20 
2.02741098524836e+02 1.87196740386191e-20 2.80811175118507e-20 
2.02977255890619e+02 1.80128272258972e-20 2.70207142498332e-20 
2.03213413256403e+02 1.73330257447336e-20 2.60008838247713e-20 
2.03449570622186e+02 1.66792195598555e-20 2.50200581583895e-20 
2.03685727987969e+02 1.60504038653611e-20 2.40767240114672e-20 
2.03921885353752e+02 1.54456093328450e-20 2.31694338434706e-20 
2.04158042719535e+02 1.48639083346883e-20 2.22967907044316e-20 
2.04394200085318e+02 1.43044059743654e-20 2.14574582146874e-20 
2.04630357451102e+02 1.37662458060802e-20 2.06501466683993e-20 
2.04866514816885e+02 1.32486015837895e-20 1.98736222055326e-20 
2.05102672182668e+02 1.27506825184733e-20 1.91266940286230e-20 
2.05338829548451e+02 1.22717256876224e-20 1.84082228347847e-20 
2.05574986914234e+02 1.18110008679220e-20 1.77171090586712e-20 
2.05811144280017e+02 1.13678035515654e-20 1.70523006251506e-20 
2.06047301645800e+02 1.09414593889978e-20 1.64127821307747e-20 
2.06283459011584e+02 1.05313177630426e-20 1.57975819663208e-20 
2.06519616377367e+02 1.01367558738087e-20 1.52057623592761e-20 
2.06755773743150e+02 9.75717282570615e-21 1.46364259230072e-20 
2.06991931108933e+02 9.39199338369378e-21 1.40887064916362e-20 
2.07228088474716e+02 9.04066253188296e-21 1.35617751432996e-20 
2.07464245840499e+02 8.70264892785802e-21 1.30548317706890e-20 
2.07700403206283e+02 8.37743989457137e-21 1.25671106226291e-20 
2.07936560572066e+02 8.06454459719424e-21 1.20978725443193e-20 
2.08172717937849e+02 7.76348943346796e-21 1.16464100688821e-20 
2.08408875303632e+02 7.47382095591085e-21 1.12120402764232e-20 
2.08645032669415e+02 7.19510162847238e-21 1.07941094839371e-20 
2.08881190035198e+02 6.92691251444431e-21 1.03919866691231e-20 
2.09117347400981e+02 6.66884937009881e-21 1.00050677766836e-20 
2.09353504766765e+02 6.42052511771778e-21 9.63276966112246e-21 
2.09589662132548e+02 6.18156624929726e-21 9.27453405177966e-21 
2.09825819498331e+02 5.95161510194475e-21 8.92982197725831e-21 
2.10061976864114e+02 5.73032654670025e-21 8.59811741666143e-21 
2.10298134229897e+02 5.51737008214636e-21 8.27892216835206e-21 
2.10534291595680e+02 5.31242678535375e-21 7.97175920748933e-21 
2.10770448961464e+02 5.11519123851852e-21 7.67616796180069e-21 
2.11006606327247e+02 4.92536872099057e-21 7.39170739814257e-21 
2.11242763693030e+02 4.74267698259092e-21 7.11795166457213e-21 
2.11478921058813e+02 4.56684365779456e-21 6.85449293530960e-21 
2.11715078424596e+02 4.39760789788519e-21 6.60093740292966e-21 
2.11951235790379e+02 4.23471798923478e-21 6.35690789506096e-21 
2.12187393156162e+02 4.07793285577122e-21 6.12204017728692e-21 
2.12423550521946e+02 3.92701986533211e-21 5.89598536208552e-21 
2.12659707887729e+02 3.78175621287704e-21 5.67840650580985e-21 
2.12895865253512e+02 3.64192689977595e-21 5.46898082969614e-21 
2.13132022619295e+02 3.50732600719205e-21 5.26739658585430e-21 
2.13368179985078e+02 3.37775483446844e-21 5.07335509884465e-21 
2.13604337350861e+02 3.25302307167236e-21 4.88656787589151e-21 
2.13840494716645e+02 3.13294708452687e-21 4.70675848878870e-21 
2.14076652082428e+02 3.01735099410691e-21 4.53365991232968e-21 
2.14312809448211e+02 2.90606509660202e-21 4.36701625810196e-21 
2.14548966813994e+02 2.79892685756841e-21 4.20658032204378e-21 
2.14785124179777e+02 2.69577945579843e-21 4.05211518193953e-21 
2.15021281545560e+02 2.59647269893515e-21 3.90339193761859e-21 
2.15257438911343e+02 2.50086168157994e-21 3.76019118314607e-21 
2.15493596277127e+02 2.40880762852005e-21 3.62230092448988e-21 
2.15729753642910e+02 2.32017665799277e-21 3.48951793647041e-21 
2.15965911008693e+02 2.23484055826828e-21 3.36164584390918e-21 
2.16202068374476e+02 2.15267564771331e-21 3.23849637253016e-21 
2.16438225740259e+02 2.07356349000780e-21 3.11988758067845e-21 
2.16674383106042e+02 1.99738984331926e-21 3.00564501254996e-21 
2.16910540471825e+02 1.92404531900964e-21 2.89560006854141e-21 
2.17146697837609e+02 1.85342441284846e-21 2.78959106842043e-21 
2.17382855203392e+02 1.78542611168307e-21 2.68746174925044e-21 
2.17619012569175e+02 1.71995300018950e-21 2.58906224540159e-21 
2.17855169934958e+02 1.65691181963198e-21 2.49424770379999e-21 
2.18091327300741e+02 1.59621264417887e-21 2.40287918702317e-21 
2.18327484666524e+02 1.53776939556330e-21 2.31482239636690e-21 
2.18563642032308e+02 1.48149908348083e-21 2.22994850367427e-21 
2.18799799398091e+02 1.42732227967930e-21 2.14813297341196e-21 
2.19035956763874e+02 1.37516241740742e-21 2.06925632835456e-21 
2.19272114129657e+02 1.32494622820449e-21 1.99320306252998e-21 
2.19508271495440e+02 1.27660309578701e-21 1.91986234542658e-21 
2.19744428861223e+02 1.23006545857429e-21 1.84912701831662e-21 
2.19980586227006e+02 1.18526821378401e-21 1.78089424127444e-21 
2.20216743592790e+02 1.14214908851452e-21 1.71506456602439e-21 
2.20452900958573e+02 1.10064809017087e-21 1.65154252974972e-21 
2.20689058324356e+02 1.06070784872482e-21 1.59031328395530e-21 
2.20925215690139e+02 1.02226929101743e-21 1.53136560270730e-21 
2.21161373055922e+02 9.85275786403610e-22 1.47461364088967e-21 
2.21397530421705e+02 9.49672673460147e-22 1.41994013276366e-21 
2.21633687787489e+02 9.15409269986076e-22 1.36718648189444e-21 
2.21869845153272e+02 8.82438882799524e-22 1.31628707230567e-21 
2.22106002519055e+02 8.50714210791954e-22 1.26716982125703e-21 
2.22342159884838e+02 8.20192252423986e-22 1.21968696386023e-21 
2.22578317250621e+02 7.90833106065559e-22 1.17384590927170e-21 
2.22814474616404e+02 7.62593539500871e-22 1.12965378520126e-21 
2.23050631982187e+02 7.35433435026564e-22 1.08700654075135e-21 
2.23286789347971e+02 7.09314794453030e-22 1.04581020543493e-21 
2.23522946713754e+02 6.84202229014560e-22 1.00603992519094e-21 
2.23759104079537e+02 6.60059075332847e-22 9.67698147053330e-22 
2.23995261445320e+02 6.36849940835927e-22 9.30735181064915e-22 
2.24231418811103e+02 6.14540708404702e-22 8.95097507700883e-22 
2.24467576176886e+02 5.93098713524008e-22 8.60646742068032e-22 
2.24703733542670e+02 5.72496707141939e-22 8.27307984695807e-22 
2.24939890908453e+02 5.52705778165589e-22 7.95119480771014e-22 
2.25176048274236e+02 5.33696901676051e-22 7.64059821144009e-22 
2.25412205640019e+02 5.15442304219866e-22 7.34084117819696e-22 
2.25648363005802e+02 4.97915240631732e-22 7.05149069681576e-22 
2.25884520371585e+02 4.81090135039389e-22 6.77212797383408e-22 
2.26120677737368e+02 4.64942365940350e-22 6.50235052872058e-22 
2.26356835103152e+02 4.49448397203671e-22 6.24176896813346e-22 
2.26592992468935e+02 4.34585579056100e-22 5.99000890143732e-22 
2.26829149834718e+02 4.20332269950295e-22 5.74670797672154e-22 
2.27065307200501e+02 4.06667652153513e-22 5.51151762983421e-22 
2.27301464566284e+02 3.93571845286775e-22 5.28410036232348e-22 
2.27537621932067e+02 3.81025735309604e-22 5.06413133608359e-22 
2.27773779297850e+02 3.69011080475195e-22 4.85129587501096e-22 
2.28009936663634e+02 3.57510352596777e-22 4.64529091631143e-22 
2.28246094029417e+02 3.46506836109595e-22 4.44582271916306e-22 
2.28482251395200e+02 3.35984480588872e-22 4.25260818276777e-22 
2.28718408760983e+02 3.25927993559923e-22 4.06537274669695e-22 
2.28954566126766e+02 3.16322703315065e-22 3.88385158487714e-22 
2.29190723492549e+02 3.07154646068100e-22 3.70778768357030e-22 
2.29426880858333e+02 2.98410438188373e-22 3.53693291965799e-22 
2.29663038224116e+02 2.90077358254870e-22 3.37104630338557e-22 
2.29899195589899e+02 2.82143227890503e-22 3.20989494854395e-22 
2.30135352955682e+02 2.74596489233816e-22 3.05325246819500e-22 
2.30371510321465e+02 2.67426093615918e-22 2.90089984363982e-22 
2.30607667687248e+02 2.60621574934064e-22 2.75262396234757e-22 
2.30843825053031e+02 2.54172945467900e-22 2.60821839194112e-22 
2.31079982418815e+02 2.48070765608647e-22 2.46748205048020e-22 
2.31316139784598e+02 2.42306046160887e-22 2.33021989108218e-22 
2.31552297150381e+02 2.36870314853545e-22 2.19624169557122e-22 
2.31788454516164e+02 2.31755524518643e-22 2.06536267478072e-22 
2.32024611881947e+02 2.26954116785547e-22 1.93740237737629e-22 
2.32260769247730e+02 2.22458935569276e-22 1.81218521035425e-22 
2.32496926613514e+02 2.18263288327346e-22 1.68953945558516e-22 
2.32733083979297e+02 2.14360864327671e-22 1.56929771452342e-22 
2.32969241345080e+02 2.10745793827608e-22 1.45129602570434e-22 
2.33205398710863e+02 2.07412570625506e-22 1.33537423721267e-22 
2.33441556076646e+02 2.04356109504083e-22 1.22137521900410e-22 
2.33677713442429e+02 2.01571672600463e-22 1.10914516624061e-22 
2.33913870808212e+02 1.99054925440712e-22 9.98532900901077e-23 
2.34150028173996e+02 1.96801866691008e-22 8.89390108676635e-23 
2.34386185539779e+02 1.94808883096821e-22 7.81570724889596e-23 
2.34622342905562e+02 1.93072682202914e-22 6.74931107249824e-23 
2.34858500271345e+02 1.91590346499196e-22 5.69329501618112e-23 
2.35094657637128e+02 1.90359268719719e-22 4.64626152552196e-23 
2.35330815002911e+02 1.89377205487564e-22 3.60682844936363e-23 
2.35566972368695e+02 1.88642214823033e-22 2.57362953890582e-23 
2.35803129734478e+02 1.88152709571964e-22 1.54531058743121e-23 
2.36039287100261e+02 1.87907396771099e-22 1.03236573265718e-23 
