Energy(eV)           EEDF(eV^-(3/2))      Anisotropy(eV^-(3/2))
4.23834416507916e-02 5.08154197014556e-02 1.11601747997882e-03 
1.27150324952375e-01 5.07825330009970e-02 5.13749289613673e-03 
2.11917208253958e-01 5.07749535227798e-02 5.22196660989255e-03 
2.96684091555541e-01 5.07699404732333e-02 5.32946418953987e-03 
3.81450974857124e-01 5.07605965877478e-02 5.41856116962535e-03 
4.66217858158707e-01 5.07453844255346e-02 5.51038596457796e-03 
5.50984741460290e-01 5.07242057353676e-02 5.60357003143568e-03 
6.35751624761873e-01 5.06969937420874e-02 5.69609411391308e-03 
7.20518508063457e-01 5.06635520808987e-02 5.78686192490783e-03 
8.05285391365040e-01 5.06237398532168e-02 5.87524259440131e-03 
8.90052274666623e-01 5.05774037829561e-02 5.96090991233778e-03 
9.74819157968206e-01 5.05243866879275e-02 6.04378919737587e-03 
1.05958604126979e+00 5.04647797720373e-02 6.12362656822450e-03 
1.14435292457137e+00 5.03994077149271e-02 6.20062003346014e-03 
1.22911980787296e+00 5.03281772025059e-02 6.27470281390910e-03 
1.31388669117454e+00 5.02503766653070e-02 6.34603863296907e-03 
1.39865357447612e+00 5.01662780073190e-02 6.41527524218639e-03 
1.48342045777770e+00 5.00760410149480e-02 6.48258155754483e-03 
1.56818734107929e+00 4.99800408985877e-02 6.54822642097941e-03 
1.65295422438087e+00 4.98792663359858e-02 6.61246989855885e-03 
1.73772110768245e+00 4.97736680549573e-02 6.67471044352431e-03 
1.82248799098404e+00 4.96632081588945e-02 6.73452875667341e-03 
1.90725487428562e+00 4.95478586785318e-02 6.79181756876025e-03 
1.99202175758720e+00 4.94264350854626e-02 6.84618225406933e-03 
2.07678864088879e+00 4.92980779431903e-02 6.89721953112506e-03 
2.16155552419037e+00 4.91632166986010e-02 6.94466426689464e-03 
2.24632240749195e+00 4.90233530465710e-02 6.98857564527464e-03 
2.33108929079354e+00 4.88772141477799e-02 7.02840828026414e-03 
2.41585617409512e+00 4.87248219551826e-02 7.06405974541488e-03 
2.50062305739670e+00 4.85662137147892e-02 7.09506794917603e-03 
2.58538994069829e+00 4.84007526511836e-02 7.12087945239968e-03 
2.67015682399987e+00 4.82278346076528e-02 7.14145520720796e-03 
2.75492370730145e+00 4.80475424365431e-02 7.15711722759199e-03 
2.83969059060303e+00 4.78599650459866e-02 7.16820475860132e-03 
2.92445747390462e+00 4.76658700474711e-02 7.17509468438969e-03 
3.00922435720620e+00 4.74653762873916e-02 7.17810954465940e-03 
3.09399124050778e+00 4.72590065887574e-02 7.17753046004337e-03 
3.17875812380937e+00 4.70471342208183e-02 7.17354957604380e-03 
3.26352500711095e+00 4.68298633014077e-02 7.16627350616687e-03 
3.34829189041253e+00 4.66073036814577e-02 7.15574876453011e-03 
3.43305877371412e+00 4.63795719368048e-02 7.14201214638630e-03 
3.51782565701570e+00 4.61467907122004e-02 7.12503037181736e-03 
3.60259254031728e+00 4.59090937741825e-02 7.10476316800936e-03 
3.68735942361887e+00 4.56668047264581e-02 7.08134629616721e-03 
3.77212630692045e+00 4.54202229208143e-02 7.05502892966219e-03 
3.85689319022203e+00 4.51694831783102e-02 7.02605356785709e-03 
3.94166007352361e+00 4.49147181126950e-02 6.99463121746399e-03 
4.02642695682520e+00 4.46560586886234e-02 6.96094185568657e-03 
4.11119384012678e+00 4.43931407526546e-02 6.92518557969333e-03 
4.19596072342836e+00 4.41259835680876e-02 6.88747562901655e-03 
4.28072760672995e+00 4.38547223192676e-02 6.84789510733380e-03 
4.36549449003153e+00 4.35794937694886e-02 6.80653434318863e-03 
4.45026137333311e+00 4.33004349169252e-02 6.76350977580626e-03 
4.53502825663470e+00 4.30176815798111e-02 6.71895307759643e-03 
4.61979513993628e+00 4.27320830066164e-02 6.67291425440313e-03 
4.70456202323786e+00 4.24438310002867e-02 6.62555666021704e-03 
4.78932890653945e+00 4.21530454218359e-02 6.57702370980330e-03 
4.87409578984103e+00 4.18598429260045e-02 6.52743278333858e-03 
4.95886267314261e+00 4.15643377295220e-02 6.47687556251527e-03 
5.04362955644420e+00 4.12666314409890e-02 6.42541157649690e-03 
5.12839643974578e+00 4.09660990942326e-02 6.37319479889234e-03 
5.21316332304736e+00 4.06628607646395e-02 6.32028093705006e-03 
5.29793020634895e+00 4.03570336995589e-02 6.26675921900669e-03 
5.38269708965053e+00 4.00487326517018e-02 6.21271557286275e-03 
5.46746397295211e+00 3.97380692919268e-02 6.15824009589808e-03 
5.55223085625369e+00 3.94251518132434e-02 6.10341152778786e-03 
5.63699773955528e+00 3.91100859071703e-02 6.04829516243335e-03 
5.72176462285686e+00 3.87929746786295e-02 5.99296237740572e-03 
5.80653150615844e+00 3.84739176588666e-02 5.93748413070105e-03 
5.89129838946003e+00 3.81530113716884e-02 5.88191911380938e-03 
5.97606527276161e+00 3.78303496460440e-02 5.82631847999128e-03 
6.06083215606319e+00 3.75059498516374e-02 5.77073514007600e-03 
6.14559903936478e+00 3.71796390156845e-02 5.71524214287818e-03 
6.23036592266636e+00 3.68515082759440e-02 5.65987522424433e-03 
6.31513280596794e+00 3.65216457085871e-02 5.60468030920407e-03 
6.39989968926953e+00 3.61901363770171e-02 5.54970256783101e-03 
6.48466657257111e+00 3.58570620521153e-02 5.49498791540777e-03 
6.56943345587269e+00 3.55225010853990e-02 5.44058007377039e-03 
6.65420033917427e+00 3.51865284849437e-02 5.38651839938775e-03 
6.73896722247586e+00 3.48492160791957e-02 5.33283742698307e-03 
6.82373410577744e+00 3.45106326888928e-02 5.27956633136484e-03 
6.90850098907902e+00 3.41708444021713e-02 5.22672979366275e-03 
6.99326787238061e+00 3.38299146805187e-02 5.17433786249720e-03 
7.07803475568219e+00 3.34871449867325e-02 5.12245398851590e-03 
7.16280163898377e+00 3.31415729380389e-02 5.07112956125955e-03 
7.24756852228536e+00 3.27932898172184e-02 5.02031886305887e-03 
7.33233540558694e+00 3.24423839419585e-02 4.97003688078024e-03 
7.41710228888852e+00 3.20889407028598e-02 4.92029744761987e-03 
7.50186917219011e+00 3.17330425448746e-02 4.87111344721048e-03 
7.58663605549169e+00 3.13747689895118e-02 4.82249629387678e-03 
7.67140293879327e+00 3.10141967053750e-02 4.77445543296459e-03 
7.75616982209486e+00 3.06513996240563e-02 4.72699825355720e-03 
7.84093670539644e+00 3.02864490482123e-02 4.68013022494672e-03 
7.92570358869802e+00 2.99194137712812e-02 4.63385507299203e-03 
8.01047047199961e+00 2.95503601810408e-02 4.58817934593659e-03 
8.09523735530119e+00 2.91801019853364e-02 4.54306062864897e-03 
8.18000423860277e+00 2.88091345689048e-02 4.49851502573436e-03 
8.26477112190435e+00 2.84374944493914e-02 4.45456759118445e-03 
8.34953800520594e+00 2.80652164828991e-02 4.41121747967053e-03 
8.43430488850752e+00 2.76923338813817e-02 4.36846358311785e-03 
8.51907177180910e+00 2.73188782465438e-02 4.32630422813071e-03 
8.60383865511069e+00 2.69448796420396e-02 4.28473698351157e-03 
8.68860553841227e+00 2.65703666664377e-02 4.24375870939977e-03 
8.77337242171385e+00 2.61953665240308e-02 4.20336564617655e-03 
8.85813930501544e+00 2.58199050887446e-02 4.16355348272689e-03 
8.94290618831702e+00 2.54440069685909e-02 4.12431740957836e-03 
9.02767307161860e+00 2.50676955651907e-02 4.08565224855093e-03 
9.11243995492019e+00 2.46909931191270e-02 4.04755251130459e-03 
9.19720683822177e+00 2.43139207621126e-02 4.01001235375210e-03 
9.28197372152335e+00 2.39364985739051e-02 3.97302562888789e-03 
9.36674060482494e+00 2.35587456278568e-02 3.93658601987512e-03 
9.45150748812652e+00 2.31806800251925e-02 3.90068707496244e-03 
9.53627437142810e+00 2.28023189354234e-02 3.86532216742655e-03 
9.62104125472968e+00 2.24236786397704e-02 3.83048448778262e-03 
9.70580813803127e+00 2.20447745748028e-02 3.79616706010111e-03 
9.79057502133285e+00 2.16656213743628e-02 3.76236279419743e-03 
9.87534190463443e+00 2.12862329042848e-02 3.72906451570546e-03 
9.96010878793602e+00 2.09066222992997e-02 3.69626430147536e-03 
1.00448756712376e+01 2.05269224783795e-02 3.66392810259085e-03 
1.01296425545392e+01 2.01510856793454e-02 3.63189007021519e-03 
1.02144094378408e+01 1.97790522050479e-02 3.60033674604324e-03 
1.02991763211423e+01 1.94107633689821e-02 3.56926040540388e-03 
1.03839432044439e+01 1.90461614852647e-02 3.53865339383400e-03 
1.04687100877455e+01 1.86851898552086e-02 3.50850812879051e-03 
1.05534769710471e+01 1.83277927570545e-02 3.47881708265194e-03 
1.06382438543487e+01 1.79739154361265e-02 3.44957276790363e-03 
1.07230107376503e+01 1.76235040976702e-02 3.42076772808171e-03 
1.08077776209518e+01 1.72765058989149e-02 3.39239456154787e-03 
1.08925445042534e+01 1.69328689371177e-02 3.36444592646405e-03 
1.09773113875550e+01 1.65925422406962e-02 3.33691454220136e-03 
1.10620782708566e+01 1.62554757570748e-02 3.30979322642689e-03 
1.11468451541582e+01 1.59216203363900e-02 3.28307488465907e-03 
1.12316120374598e+01 1.55909277215953e-02 3.25675248039904e-03 
1.13163789207613e+01 1.52633505383336e-02 3.23081906908159e-03 
1.14011458040629e+01 1.49388422782747e-02 3.20526783675715e-03 
1.14859126873645e+01 1.46173572813268e-02 3.18009208880668e-03 
1.15706795706661e+01 1.42988507214371e-02 3.15517810228604e-03 
1.16554464539677e+01 1.39832686480860e-02 3.13020848131013e-03 
1.17402133372693e+01 1.36705990841147e-02 3.10486727091212e-03 
1.18249802205708e+01 1.33608785331582e-02 3.07901066806269e-03 
1.19097471038724e+01 1.30541443382217e-02 3.05255138703362e-03 
1.19945139871740e+01 1.27504438379951e-02 3.02542507811863e-03 
1.20792808704756e+01 1.24498513934908e-02 2.99764529384662e-03 
1.21640477537772e+01 1.21524392617030e-02 2.96926413140682e-03 
1.22488146370788e+01 1.18582575763693e-02 2.94033328542531e-03 
1.23335815203803e+01 1.15673512570011e-02 2.91090237656565e-03 
1.24183484036819e+01 1.12797601604585e-02 2.88101975345976e-03 
1.25031152869835e+01 1.09955192319147e-02 2.85073249544871e-03 
1.25878821702851e+01 1.07146586542819e-02 2.82008642177417e-03 
1.26726490535867e+01 1.04372039957539e-02 2.78912610130483e-03 
1.27574159368883e+01 1.01631763557182e-02 2.75789486768065e-03 
1.28421828201898e+01 9.89259250773027e-03 2.72643483833286e-03 
1.29269497034914e+01 9.62546504011575e-03 2.69477628028461e-03 
1.30117165867930e+01 9.36180064505656e-03 2.66285445275551e-03 
1.30964834700946e+01 9.10159281277612e-03 2.63047304970916e-03 
1.31812503533962e+01 8.84486555104716e-03 2.59745440727403e-03 
1.32660172366978e+01 8.59167123861477e-03 2.56375313594949e-03 
1.33507841199993e+01 8.34206630585496e-03 2.52939726013960e-03 
1.34355510033009e+01 8.09610096672091e-03 2.49443217802981e-03 
1.35203178866025e+01 7.85382540814480e-03 2.45891207129793e-03 
1.36050847699041e+01 7.61528003282791e-03 2.42289387682430e-03 
1.36898516532057e+01 7.38050387121538e-03 2.38644340029111e-03 
1.37746185365073e+01 7.14952858214819e-03 2.34963490676703e-03 
1.38593854198088e+01 6.92237857995323e-03 2.31249736720121e-03 
1.39441523031104e+01 6.69906084158227e-03 2.27495365497472e-03 
1.40289191864120e+01 6.47958521420676e-03 2.23687644044219e-03 
1.41136860697136e+01 6.26398697744266e-03 2.19819864434336e-03 
1.41984529530152e+01 6.05230986657398e-03 2.15892052103141e-03 
1.42832198363168e+01 5.84459703112205e-03 2.11906011343384e-03 
1.43679867196183e+01 5.64088803030206e-03 2.07864905116422e-03 
1.44527536029199e+01 5.44122627608436e-03 2.03775318226625e-03 
1.45375204862215e+01 5.24564936128042e-03 1.99643956809298e-03 
1.46222873695231e+01 5.05417849318457e-03 1.95475704532749e-03 
1.47070542528247e+01 4.86684179871616e-03 1.91276871395958e-03 
1.47918211361263e+01 4.68365746282164e-03 1.87055160502193e-03 
1.48765880194278e+01 4.50463760941583e-03 1.82818309735627e-03 
1.49613549027294e+01 4.32978861949852e-03 1.78575046001429e-03 
1.50461217860310e+01 4.15915853672409e-03 1.74339472959137e-03 
1.51308886693326e+01 3.99378154715468e-03 1.70108790537430e-03 
1.52156555526342e+01 3.83358363241853e-03 1.65899562527558e-03 
1.53004224359358e+01 3.67848470799542e-03 1.61718326354224e-03 
1.53851893192373e+01 3.52839928080543e-03 1.57571123349158e-03 
1.54699562025389e+01 3.38323707139152e-03 1.53463518584119e-03 
1.55547230858405e+01 3.24290360138975e-03 1.49400620787797e-03 
1.56394899691421e+01 3.10730074703219e-03 1.45387102267801e-03 
1.57242568524437e+01 2.97632725952882e-03 1.41427176711779e-03 
1.58090237357453e+01 2.84987388426521e-03 1.37482536362184e-03 
1.58937906190468e+01 2.72784891317312e-03 1.33559317833000e-03 
1.59785575023484e+01 2.61014362581554e-03 1.29666230593314e-03 
1.60633243856500e+01 2.49671859642615e-03 1.25809558667175e-03 
1.61480912689516e+01 2.38746353614977e-03 1.21998755050412e-03 
1.62328581522532e+01 2.28231994681783e-03 1.18238510351149e-03 
1.63176250355548e+01 2.18116212664167e-03 1.14534455015630e-03 
1.64023919188563e+01 2.08392373475866e-03 1.10888685961720e-03 
1.64871588021579e+01 1.99047758657427e-03 1.07304448002547e-03 
1.65719256854595e+01 1.90074518152213e-03 1.03778437518664e-03 
1.66566925687611e+01 1.81459217598776e-03 1.00308772145814e-03 
1.67414594520627e+01 1.73195612498055e-03 9.68957320875005e-04 
1.68262263353643e+01 1.65272075926340e-03 9.35430504675102e-04 
1.69109932186658e+01 1.57681950197448e-03 9.02524353288245e-04 
1.69957601019674e+01 1.50413546695524e-03 8.70245772303956e-04 
1.70805269852690e+01 1.43442742981922e-03 8.38604025070796e-04 
1.71652938685706e+01 1.36739141602853e-03 8.07632636273740e-04 
1.72500607518722e+01 1.30298754955394e-03 7.77312862720397e-04 
1.73348276351737e+01 1.24113038628655e-03 7.47671666544065e-04 
1.74195945184753e+01 1.18177629389475e-03 7.18717148826361e-04 
1.75043614017769e+01 1.12483915766003e-03 6.90470868217782e-04 
1.75891282850785e+01 1.07027251156630e-03 6.62934066669186e-04 
1.76738951683801e+01 1.01799070886170e-03 6.36123115737371e-04 
1.77586620516817e+01 9.67945319293007e-04 6.10033727861513e-04 
1.78434289349832e+01 9.20052069197601e-04 5.84677451301453e-04 
1.79281958182848e+01 8.74261358609354e-04 5.60045525487128e-04 
1.80129627015864e+01 8.30491006405749e-04 5.36163290617099e-04 
1.80977295848880e+01 7.88702133715180e-04 5.13053615760812e-04 
1.81824964681896e+01 7.48814966027824e-04 4.90744962409089e-04 
1.82672633514912e+01 7.10771310244775e-04 4.69222161971308e-04 
1.83520302347927e+01 6.74487257830032e-04 4.48475968490773e-04 
1.84367971180943e+01 6.39907007607500e-04 4.28480901656962e-04 
1.85215640013959e+01 6.06951587157082e-04 4.09226448505580e-04 
1.86063308846975e+01 5.75567737977937e-04 3.90686910216354e-04 
1.86910977679991e+01 5.45681395265091e-04 3.72850759444380e-04 
1.87758646513007e+01 5.17241950666932e-04 3.55692379662532e-04 
1.88606315346022e+01 4.90180169752154e-04 3.39199463978462e-04 
1.89453984179038e+01 4.64448162537378e-04 3.23346720792879e-04 
1.90301653012054e+01 4.39981409360368e-04 3.08132303336301e-04 
1.91149321845070e+01 4.16742073733025e-04 2.93547886686985e-04 
1.91996990678086e+01 3.94667844187349e-04 2.79589951930336e-04 
1.92844659511102e+01 3.73712622469376e-04 2.66231651718508e-04 
1.93692328344117e+01 3.53817569807212e-04 2.53455432472851e-04 
1.94539997177133e+01 3.34940106439526e-04 2.41234253958719e-04 
1.95387666010149e+01 3.17026326396441e-04 2.29551329646389e-04 
1.96235334843165e+01 3.00036973549953e-04 2.18381265225632e-04 
1.97083003676181e+01 2.83922739281460e-04 2.07708058223574e-04 
1.97930672509197e+01 2.68647498441580e-04 1.97507918252643e-04 
1.98778341342212e+01 2.54166217066963e-04 1.87765634699765e-04 
1.99626010175228e+01 2.40445711931733e-04 1.78459184864551e-04 
2.00473679008244e+01 2.27444430020108e-04 1.69578112932904e-04 
2.01321347841260e+01 2.15124535229316e-04 1.61112175514594e-04 
2.02169016674276e+01 2.03448091404988e-04 1.53049278563846e-04 
2.03016685507292e+01 1.92386776047310e-04 1.45368516103509e-04 
2.03864354340307e+01 1.81906206701690e-04 1.38055713180647e-04 
2.04712023173323e+01 1.71980588130858e-04 1.31091675830747e-04 
2.05559692006339e+01 1.62578783748184e-04 1.24463277157885e-04 
2.06407360839355e+01 1.53677323041060e-04 1.18152912513387e-04 
2.07255029672371e+01 1.45248031158066e-04 1.12148441603775e-04 
2.08102698505387e+01 1.37269573326594e-04 1.06433732877835e-04 
2.08950367338402e+01 1.29716474565649e-04 1.00997572610263e-04 
2.09798036171418e+01 1.22569359864549e-04 9.58253917486525e-05 
2.10645705004434e+01 1.15805359266837e-04 9.09076162944909e-05 
2.11493373837450e+01 1.09407223976919e-04 8.62315044913861e-05 
2.12341042670466e+01 1.03353957697315e-04 8.17878076111757e-05 
2.13188711503482e+01 9.76294330521884e-05 7.75639257185706e-05 
2.14036380336497e+01 9.22147357596997e-05 7.35508603466860e-05 
2.14884049169513e+01 8.70952849503997e-05 6.97371365145730e-05 
2.15731718002529e+01 8.22540525063610e-05 6.61145099848311e-05 
2.16579386835545e+01 7.76778655928640e-05 6.26725373001949e-05 
2.17427055668561e+01 7.33514036380769e-05 5.94036714444331e-05 
2.18274724501577e+01 6.92627747190939e-05 5.62984137929722e-05 
2.19122393334592e+01 6.53982030786677e-05 5.33498609388969e-05 
2.19970062167608e+01 6.17469611508500e-05 5.05500240733467e-05 
2.20817731000624e+01 5.82971612517647e-05 4.78940537401604e-05 
2.21665399833640e+01 5.50394730912989e-05 4.53753145182555e-05 
2.22513068666656e+01 5.19623997335200e-05 4.29883151753754e-05 
2.23360737499672e+01 4.90568858892243e-05 4.07254464227057e-05 
2.24208406332687e+01 4.63126642791684e-05 3.85810699733204e-05 
2.25056075165703e+01 4.37216233032546e-05 3.65483422614767e-05 
2.25903743998719e+01 4.12745955832893e-05 3.46221690500035e-05 
2.26751412831735e+01 3.89643169966599e-05 3.27963964881753e-05 
2.27599081664751e+01 3.67826038003075e-05 3.10664234461162e-05 
2.28446750497767e+01 3.47229526807572e-05 2.94267171890741e-05 
2.29294419330782e+01 3.27780593770764e-05 2.78731232888158e-05 
2.30142088163798e+01 3.09421033519175e-05 2.64006978288112e-05 
2.30989756996814e+01 2.92085900333139e-05 2.50057371344391e-05 
2.31837425829830e+01 2.75723138406190e-05 2.36838058731646e-05 
2.32685094662846e+01 2.60274476929529e-05 2.24315191337930e-05 
2.33532763495861e+01 2.45693226349929e-05 2.12448454828771e-05 
2.34380432328877e+01 2.31927421573376e-05 2.01207196615989e-05 
2.35228101161893e+01 2.18935322362686e-05 1.90555209293845e-05 
2.36075769994909e+01 2.06670594818773e-05 1.80464862109595e-05 
2.36923438827925e+01 1.95095932696043e-05 1.70903639674427e-05 
2.37771107660941e+01 1.84170030166210e-05 1.61846640044303e-05 
2.38618776493956e+01 1.73859552392787e-05 1.53264666241066e-05 
2.39466445326972e+01 1.64127682442417e-05 1.45135279765183e-05 
2.40314114159988e+01 1.54944641775375e-05 1.37432988027630e-05 
2.41161782993004e+01 1.46278210901014e-05 1.30138444769980e-05 
2.42009451826020e+01 1.38101671030858e-05 1.23228688570335e-05 
2.42857120659036e+01 1.30385580703590e-05 1.16685343749943e-05 
2.43704789492051e+01 1.23106006039579e-05 1.10487003676225e-05 
2.44552458325067e+01 1.16236746929648e-05 1.04617050139413e-05 
2.45400127158083e+01 1.09756460872741e-05 9.90562990740484e-06 
2.46247795991099e+01 1.03641835145197e-05 9.37898097644634e-06 
2.47095464824115e+01 9.78738421162206e-06 8.88003891104757e-06 
2.47943133657131e+01 9.24317410851443e-06 8.40746044048578e-06 
2.48790802490146e+01 8.72985721607254e-06 7.95970457190813e-06 
2.49638471323162e+01 8.24558857434495e-06 7.53554974884960e-06 
2.50486140156178e+01 7.78878851964241e-06 7.13348465558439e-06 
2.51333808989194e+01 7.35700719810194e-06 6.75281967749441e-06 
2.52181477822210e+01 6.94898730748758e-06 6.39215846114347e-06 
2.53029146655226e+01 6.56334882148401e-06 6.05055350172633e-06 
2.53876815488241e+01 6.19896400060587e-06 5.72692577363951e-06 
2.54724484321257e+01 5.85459789312392e-06 5.42042076847325e-06 
2.55572153154273e+01 5.52923922269719e-06 5.13006832588328e-06 
2.56419821987289e+01 5.22178307708282e-06 4.85509799394453e-06 
2.57267490820305e+01 4.93132284173821e-06 4.59463764324285e-06 
2.58115159653321e+01 4.65687014557845e-06 4.34799277176433e-06 
2.58962828486336e+01 4.39761240768391e-06 4.11437950509958e-06 
2.59810497319352e+01 4.15266568227894e-06 3.89318334805803e-06 
2.60658166152368e+01 3.92131149819114e-06 3.68373864740849e-06 
2.61505834985384e+01 3.70278029149884e-06 3.48551656709478e-06 
2.62353503818400e+01 3.49640930400016e-06 3.29789854718250e-06 
2.63201172651416e+01 3.30148282897053e-06 3.12036424338955e-06 
2.64048841484431e+01 3.11740838176017e-06 2.95233276559285e-06 
2.64896510317447e+01 2.94354740693256e-06 2.79333686391698e-06 
2.65744179150463e+01 2.77937030228625e-06 2.64285624830493e-06 
2.66591847983479e+01 2.62430738623240e-06 2.50047139981268e-06 
2.67439516816495e+01 2.47788531764253e-06 2.36571633629986e-06 
2.68287185649511e+01 2.33959589473256e-06 2.23821444062493e-06 
2.69134854482526e+01 2.20901610668174e-06 2.11754839637852e-06 
2.69982523315542e+01 2.08569262712060e-06 2.00338014193356e-06 
2.70830192148558e+01 1.96924746416760e-06 1.89533596723805e-06 
2.71677860981574e+01 1.85927626831951e-06 1.79311245452523e-06 
2.72525529814590e+01 1.75544131076638e-06 1.69637496393147e-06 
2.73373198647606e+01 1.65738195116290e-06 1.60485120237527e-06 
2.74220867480621e+01 1.56479646592789e-06 1.51824153344967e-06 
2.75068536313637e+01 1.47736321992071e-06 1.43630162314926e-06 
2.75916205146653e+01 1.39481268337298e-06 1.35876319317828e-06 
2.76763873979669e+01 1.31685802612543e-06 1.28540702144095e-06 
2.77611542812685e+01 1.24325850092243e-06 1.21599291984325e-06 
2.78459211645701e+01 1.17375833248265e-06 1.15032421775562e-06 
2.79306880478716e+01 1.10814250332444e-06 1.08818588814492e-06 
2.80154549311732e+01 1.04618294509837e-06 1.02939970002820e-06 
2.81002218144748e+01 9.87686049142854e-07 9.73770783968067e-07 
2.81849886977764e+01 9.32448240627581e-07 9.21138930200313e-07 
2.82697555810780e+01 8.80298693122876e-07 8.71331941551001e-07 
2.83545224643796e+01 8.31056660606487e-07 8.24208669384203e-07 
2.84392893476811e+01 7.84569551059722e-07 7.79615630145988e-07 
2.85240562309827e+01 7.40676160235375e-07 7.37426153984944e-07 
2.86088231142843e+01 6.99240201880085e-07 6.97502771061738e-07 
2.86935899975859e+01 6.60117914819883e-07 6.59731815332332e-07 
2.87783568808875e+01 6.23187592398893e-07 6.23990166275114e-07 
2.88631237641891e+01 5.88321042139090e-07 5.90175835142728e-07 
2.89478906474906e+01 5.55409592274056e-07 5.58178558341232e-07 
2.90326575307922e+01 5.24338945134774e-07 5.27906831414760e-07 
2.91174244140938e+01 4.95012081756522e-07 4.99261908864328e-07 
2.92021912973954e+01 4.67327104653255e-07 4.72161697559141e-07 
2.92869581806970e+01 4.41197411308807e-07 4.46517769297332e-07 
2.93717250639986e+01 4.16532170036383e-07 4.22256477456416e-07 
2.94564919473001e+01 3.93254088990809e-07 3.99298634195171e-07 
2.95412588306017e+01 3.71282211130989e-07 3.77578171911986e-07 
2.96260257139033e+01 3.50547566484643e-07 3.57024177308684e-07 
2.97107925972049e+01 3.30978009518657e-07 3.37577381883584e-07 
2.97955594805065e+01 3.12512008123830e-07 3.19174280741331e-07 
2.98803263638080e+01 2.95085279547988e-07 3.01761703324935e-07 
2.99650932471096e+01 2.78642939394219e-07 2.85282536024541e-07 
3.00498601304112e+01 2.63125890465411e-07 2.69688078045600e-07 
3.01346270137128e+01 2.48467452101502e-07 2.54940438799282e-07 
3.02193938970144e+01 2.34618241401307e-07 2.40993827189945e-07 
3.03041607803160e+01 2.21536075181483e-07 2.27802719230774e-07 
3.03889276636175e+01 2.09176821785205e-07 2.15328794371556e-07 
3.04736945469191e+01 1.97502732623002e-07 2.03531283039936e-07 
3.05584614302207e+01 1.86474373147230e-07 1.92375809872913e-07 
3.06432283135223e+01 1.76057967757823e-07 1.81825867083638e-07 
3.07279951968239e+01 1.66218282898272e-07 1.71850622731075e-07 
3.08127620801255e+01 1.56925101892330e-07 1.62417388809764e-07 
3.08975289634270e+01 1.48146948048924e-07 1.53498515462497e-07 
3.09822958467286e+01 1.39856792250065e-07 1.45064737940515e-07 
3.10670627300302e+01 1.32026517130899e-07 1.37091263544462e-07 
3.11518296133318e+01 1.24631948113567e-07 1.29551895083981e-07 
3.12365964966334e+01 1.17647971359660e-07 1.22424404878376e-07 
3.13213633799350e+01 1.11052968246647e-07 1.15685344256478e-07 
3.14061302632365e+01 1.04824510055176e-07 1.09314787939732e-07 
3.14908971465381e+01 9.89432664467779e-08 1.03291749648685e-07 
3.15756640298397e+01 9.33892089081590e-08 9.75983704679830e-08 
3.16604309131413e+01 8.81450554626763e-08 9.22158699269985e-08 
3.17451977964429e+01 8.31929228894978e-08 8.71282433551906e-08 
3.18299646797445e+01 7.85173625561869e-08 8.23186860259667e-08 
3.19147315630460e+01 7.41024084870035e-08 7.77728569252571e-08 
3.19994984463476e+01 6.99342527239341e-08 7.34757208049484e-08 
3.20842653296492e+01 6.59986425466436e-08 6.94144290795012e-08 
3.21690322129508e+01 6.22832380533924e-08 6.55755310635987e-08 
3.22537990962524e+01 5.87753173307435e-08 6.19475167997052e-08 
3.23385659795540e+01 5.54638539025619e-08 5.85183544218938e-08 
3.24233328628555e+01 5.23374934980049e-08 5.52777344749479e-08 
3.25080997461571e+01 4.93863845692056e-08 5.22148953612609e-08 
3.25928666294587e+01 4.66003945863160e-08 4.93206040963127e-08 
3.26776335127603e+01 4.39707229007390e-08 4.65852362230084e-08 
3.27624003960619e+01 4.14883282734404e-08 4.40005238654283e-08 
3.28471672793635e+01 3.91453498996547e-08 4.15578604130638e-08 
3.29319341626650e+01 3.69337212097427e-08 3.92498431280324e-08 
3.30167010459666e+01 3.48464218186628e-08 3.70687763606167e-08 
3.31014679292682e+01 3.28762555798711e-08 3.50080327793248e-08 
3.31862348125698e+01 3.10169535304239e-08 3.30607319366658e-08 
3.32710016958714e+01 2.92620967736965e-08 3.12209413771429e-08 
3.33557685791730e+01 2.76060881163657e-08 2.94825100745000e-08 
3.34405354624745e+01 2.60432026456270e-08 2.78401281874920e-08 
3.35253023457761e+01 2.45684436599857e-08 2.62882972775845e-08 
3.36100692290777e+01 2.31767058270637e-08 2.48222652829423e-08 
3.36948361123793e+01 2.18635291635422e-08 2.34371175309194e-08 
3.37796029956809e+01 2.06243614427102e-08 2.21286015680090e-08 
3.38643698789825e+01 1.94552223497685e-08 2.08923248582656e-08 
3.39491367622840e+01 1.83520533800730e-08 1.97244823859787e-08 
3.40339036455856e+01 1.73113028602242e-08 1.86214311297742e-08 
3.41186705288872e+01 1.63296159473931e-08 1.75800052119266e-08 
3.42034374121888e+01 1.54037796923782e-08 1.65969100120415e-08 
3.42882042954904e+01 1.45304988478623e-08 1.56690290095820e-08 
3.43729711787920e+01 1.37068836227138e-08 1.47931319104771e-08 
3.44577380620935e+01 1.29300055775435e-08 1.39664142957659e-08 
3.45425049453951e+01 1.21972943466728e-08 1.31860013065643e-08 
3.46272718286967e+01 1.15061473496740e-08 1.24493945478050e-08 
3.47120387119983e+01 1.08542782654344e-08 1.17540353886832e-08 
3.47968055952999e+01 1.02393740051127e-08 1.10976980236318e-08 
3.48815724786015e+01 9.65940083426528e-09 1.04781051820595e-08 
3.49663393619030e+01 9.11230285572832e-09 9.89326920726785e-09 
3.50511062452046e+01 8.59626657917198e-09 9.34112146652335e-09 
3.51358731285062e+01 8.10942978861566e-09 8.81986455954652e-09 
3.52206400118078e+01 7.65019380298183e-09 8.32766951951259e-09 
3.53054068951094e+01 7.21694370518446e-09 7.86297632888608e-09 
3.53901737784110e+01 6.80825613477606e-09 7.42419158183338e-09 
3.54749406617125e+01 6.42269447459927e-09 7.00992382030880e-09 
3.55597075450141e+01 6.05899147338612e-09 6.61875321217921e-09 
3.56444744283157e+01 5.71586912467749e-09 6.24943866178437e-09 
3.57292413116173e+01 5.39219917801227e-09 5.90071499575338e-09 
3.58140081949189e+01 5.08684472299039e-09 5.57147524577333e-09 
3.58987750782205e+01 4.79880127474660e-09 5.26059204436016e-09 
3.59835419615220e+01 4.52705743867132e-09 4.96707806691449e-09 
3.60683088448236e+01 4.27071892856369e-09 4.68992873617110e-09 
3.61530757281252e+01 4.02888600602394e-09 4.42826344993541e-09 
3.62378426114268e+01 3.80076250240120e-09 4.18118704248868e-09 
3.63226094947284e+01 3.58554800652321e-09 3.94791410672083e-09 
3.64073763780300e+01 3.38253370946095e-09 3.72764696704222e-09 
3.64921432613315e+01 3.19100755992766e-09 3.51968512739766e-09 
3.65769101446331e+01 3.01033852945081e-09 3.32331778097005e-09 
3.66616770279347e+01 2.83989317045389e-09 3.13792016945743e-09 
3.67464439112363e+01 2.67910970515695e-09 2.96285889108155e-09 
3.68312107945379e+01 2.52742461090811e-09 2.79757674191841e-09 
3.69159776778395e+01 2.38433776551501e-09 2.64150929275703e-09 
3.70007445611410e+01 2.24934785087096e-09 2.49415959388856e-09 
3.70855114444426e+01 2.12200963763428e-09 2.35502467489878e-09 
3.71702783277442e+01 2.00187714444389e-09 2.22366132828248e-09 
3.72550452110458e+01 1.88855401331398e-09 2.09962134768255e-09 
3.73398120943474e+01 1.78164349022193e-09 1.98250945894438e-09 
3.74245789776489e+01 1.68079272712266e-09 1.87192625413389e-09 
3.75093458609505e+01 1.58564876260127e-09 1.76751921099506e-09 
3.75941127442521e+01 1.49589748492268e-09 1.66893240491363e-09 
3.76788796275537e+01 1.41122489066177e-09 1.57585144379303e-09 
3.77636465108553e+01 1.33135135416052e-09 1.48795915010855e-09 
3.78484133941569e+01 1.25599752922941e-09 1.40497513931857e-09 
3.79331802774584e+01 1.18491449212909e-09 1.32661676076899e-09 
3.80179471607600e+01 1.11785372805918e-09 1.25263396023386e-09 
3.81027140440616e+01 1.05459364605459e-09 1.18277485347938e-09 
3.81874809273632e+01 9.94913159321022e-10 1.11681643665718e-09 
3.82722478106648e+01 9.38615010064200e-10 1.05453424121910e-09 
3.83570146939664e+01 8.85502511918743e-10 9.95729388205055e-10 
3.84417815772679e+01 8.35400069699300e-10 9.40201838868910e-10 
3.85265484605695e+01 7.88132704215884e-10 8.87774229580743e-10 
3.86113153438711e+01 7.43544105332040e-10 8.38268290830408e-10 
3.86960822271727e+01 7.01478605178815e-10 7.91525846947793e-10 
3.87808491104743e+01 6.61797061978384e-10 7.47388026915876e-10 
3.88656159937759e+01 6.24360987885861e-10 7.05713767204056e-10 
3.89503828770774e+01 5.89046525065193e-10 6.66361482759827e-10 
3.90351497603790e+01 5.55730469744103e-10 6.29205370691859e-10 
3.91199166436806e+01 5.24302570426765e-10 5.94119249402622e-10 
3.92046835269822e+01 4.94653220827909e-10 5.60990925254249e-10 
3.92894504102838e+01 4.66684282333579e-10 5.29707942584457e-10 
3.93742172935854e+01 4.40298245811706e-10 5.00170244121269e-10 
3.94589841768869e+01 4.15407756026420e-10 4.72277605266607e-10 
3.95437510601885e+01 3.91926066356054e-10 4.45940791432039e-10 
3.96285179434901e+01 3.69775421417703e-10 4.21070476954443e-10 
3.97132848267917e+01 3.48878649858795e-10 3.97587078240477e-10 
3.97980517100933e+01 3.29166542597651e-10 3.75410981436314e-10 
3.98828185933949e+01 3.10570447442009e-10 3.54471208895088e-10 
3.99675854766964e+01 2.93028763782715e-10 3.34697277838441e-10 
4.00523523599980e+01 2.76480879079452e-10 3.16029576020439e-10 
4.01371192432996e+01 2.60875108641182e-10 2.98407308343700e-10 
4.02218861266012e+01 2.46156204041165e-10 2.81776234232820e-10 
4.03066530099028e+01 2.32274549251980e-10 2.66078712894467e-10 
4.03914198932044e+01 2.19181098676856e-10 2.51263313087750e-10 
4.04761867765059e+01 2.06831782491547e-10 2.37278796386183e-10 
4.05609536598075e+01 1.95183056950473e-10 2.24079415153706e-10 
4.06457205431091e+01 1.84195774655291e-10 2.11619617231257e-10 
4.07304874264107e+01 1.73831272458595e-10 1.99858706443214e-10 
4.08152543097123e+01 1.64054772182457e-10 1.88756181439420e-10 
4.09000211930139e+01 1.54831940625817e-10 1.78275836105627e-10 
4.09847880763154e+01 1.46131878167542e-10 1.68381655941245e-10 
4.10695549596170e+01 1.37924093428456e-10 1.59041426274945e-10 
4.11543218429186e+01 1.30181130111282e-10 1.50223118896930e-10 
4.12390887262202e+01 1.22875905916832e-10 1.41898067678048e-10 
4.13238556095218e+01 1.15984021771297e-10 1.34037786365853e-10 
4.14086224928234e+01 1.09481420772799e-10 1.26616763926641e-10 
4.14933893761249e+01 1.03346418524621e-10 1.19609661599339e-10 
4.15781562594265e+01 9.75576433018340e-11 1.12993773897533e-10 
4.16629231427281e+01 9.20958214508476e-11 1.06746559318791e-10 
4.17476900260297e+01 8.69419647112325e-11 1.00847807346660e-10 
4.18324569093313e+01 8.20789404731673e-11 9.52774627444389e-11 
4.19172237926329e+01 7.74898763500404e-11 9.00175339877796e-11 
4.20019906759344e+01 7.31595414324157e-11 8.50501759266019e-11 
4.20867575592360e+01 6.90729418551437e-11 8.03593707721525e-11 
4.21715244425376e+01 6.52165359850297e-11 7.59292381721522e-11 
4.22562913258392e+01 6.15769979256514e-11 7.17455160973862e-11 
4.23410582091408e+01 5.81422867697200e-11 6.77940711164503e-11 
4.24258250924424e+01 5.49005577912066e-11 6.40622032108418e-11 
4.25105919757439e+01 5.18411034332690e-11 6.05373323208644e-11 
4.25953588590455e+01 4.89533943993103e-11 5.72081482076603e-11 
4.26801257423471e+01 4.62279078902765e-11 5.40634522269913e-11 
4.27648926256487e+01 4.36552829665162e-11 5.10931708016733e-11 
4.28496595089503e+01 4.12270496566126e-11 4.82873339142308e-11 
4.29344263922519e+01 3.89348848576639e-11 4.56369685099550e-11 
4.30191932755534e+01 3.67712542786805e-11 4.31331974258475e-11 
4.31039601588550e+01 3.47287568108128e-11 4.07680270746808e-11 
4.31887270421566e+01 3.28006898129103e-11 3.85335524839407e-11 
4.32734939254582e+01 3.09804713438691e-11 3.64226518812019e-11 
4.33582608087598e+01 2.92621380210119e-11 3.44282852359930e-11 
4.34430276920613e+01 2.76398357891387e-11 3.25441068470900e-11 
4.35277945753629e+01 2.61082584618821e-11 3.07638462913489e-11 
4.36125614586645e+01 2.46621988281479e-11 2.90818487783683e-11 
4.36973283419661e+01 2.32969350032084e-11 2.74925287387529e-11 
4.37820952252677e+01 2.20078346622240e-11 2.59908465384057e-11 
4.38668621085693e+01 2.07906954646500e-11 2.45718261066956e-11 
4.39516289918708e+01 1.96413960732547e-11 2.32309755715839e-11 
4.40363958751724e+01 1.85561961576264e-11 2.19638613553012e-11 
4.41211627584740e+01 1.75314286202983e-11 2.07664793852398e-11 
4.42059296417756e+01 1.65637640197764e-11 1.96348789881335e-11 
4.42906965250772e+01 1.56499390959676e-11 1.85654905349209e-11 
4.43754634083788e+01 1.47869898688480e-11 1.75547932591100e-11 
4.44602302916803e+01 1.39720121446959e-11 1.65996044932819e-11 
4.45449971749819e+01 1.32023670333294e-11 1.56967862364890e-11 
4.46297640582835e+01 1.24754696346001e-11 1.48435005240107e-11 
4.47145309415851e+01 1.17889702663266e-11 1.40369501838908e-11 
4.47992978248867e+01 1.11405679858186e-11 1.32746043397183e-11 
4.48840647081883e+01 1.05281704245707e-11 1.25539693378728e-11 
4.49688315914898e+01 9.94972919989488e-12 1.18727955028260e-11 
4.50535984747914e+01 9.40338840564986e-12 1.12289107904293e-11 
4.51383653580930e+01 8.88736912231132e-12 1.06203336964143e-11 
4.52231322413946e+01 8.39999936331273e-12 1.00451123161623e-11 
4.53078991246962e+01 7.93964435282428e-12 9.50143381306696e-12 
4.53926660079978e+01 7.50481603602876e-12 8.98751493572818e-12 
4.54774328912993e+01 7.09405983356178e-12 8.50174005145203e-12 
4.55621997746009e+01 6.70605120253024e-12 8.04252035708812e-12 
4.56469666579025e+01 6.33949571005564e-12 7.60841576411989e-12 
4.57317335412041e+01 5.99321419241476e-12 7.19801050321416e-12 
4.58165004245057e+01 5.66605456453706e-12 6.81002077122641e-12 
4.59012673078073e+01 5.35696693785232e-12 6.44318479918038e-12 
4.59860341911088e+01 5.06492577270377e-12 6.09635794315411e-12 
4.60708010744104e+01 4.78899615145889e-12 5.76841551485587e-12 
4.61555679577120e+01 4.52826504788119e-12 5.45833679751476e-12 
4.62403348410136e+01 4.28189980800274e-12 5.16511914085781e-12 
4.63251017243152e+01 4.04908745729590e-12 4.88785220600878e-12 
4.64098686076168e+01 3.82908631531230e-12 4.62564200398073e-12 
4.64946354909183e+01 3.62117239058406e-12 4.37767651932883e-12 
4.65794023742199e+01 3.42468494380620e-12 4.14315852862017e-12 
4.66641692575215e+01 3.23897913381768e-12 3.92136361491891e-12 
4.67489361408231e+01 3.06346624645392e-12 3.71158073951932e-12 
4.68337030241247e+01 2.89757185477767e-12 3.51316353963316e-12 
4.69184699074263e+01 2.74077134486111e-12 3.32547774853613e-12 
4.70032367907278e+01 2.59255294118172e-12 3.14794656293620e-12 
4.70880036740294e+01 2.45244908511939e-12 2.98000411335507e-12 
4.71727705573310e+01 2.32000375363130e-12 2.82113559454328e-12 
4.72575374406326e+01 2.19480017989111e-12 2.67083608198358e-12 
4.73423043239342e+01 2.07643196127974e-12 2.52864603674669e-12 
4.74270712072358e+01 1.96452755323898e-12 2.39411484686377e-12 
4.75118380905373e+01 1.85872472238802e-12 2.26683224583988e-12 
4.75966049738389e+01 1.75869219333793e-12 2.14639603064684e-12 
4.76813718571405e+01 1.66410705535408e-12 2.03243986954580e-12 
4.77661387404421e+01 1.57467389672618e-12 1.92460471278553e-12 
4.78509056237437e+01 1.49010481971130e-12 1.82256340939400e-12 
4.79356725070453e+01 1.41013635732621e-12 1.72599538336980e-12 
4.80204393903468e+01 1.33451179208550e-12 1.63460842977240e-12 
4.81052062736484e+01 1.26299611512111e-12 1.54811627918226e-12 
4.81899731569500e+01 1.19536038014285e-12 1.46625789994941e-12 
4.82747400402516e+01 1.13139493401692e-12 1.38877761777366e-12 
4.83595069235532e+01 1.07089556900866e-12 1.31544221265892e-12 
4.84442738068548e+01 1.01367522686048e-12 1.24602329933482e-12 
4.85290406901563e+01 9.59551740244383e-13 1.18031247368997e-12 
4.86138075734579e+01 9.08358188525364e-13 1.11810569404350e-12 
4.86985744567595e+01 8.59932043906178e-13 1.05921670205175e-12 
4.87833413400611e+01 8.14124336054735e-13 1.00346317508736e-12 
4.88681082233627e+01 7.70790040063643e-13 9.50678620352351e-13 
4.89528751066643e+01 7.29796188615794e-13 9.00700095314938e-13 
4.90376419899658e+01 6.91013357955991e-13 8.53378750597953e-13 
4.91224088732674e+01 6.54322849967022e-13 8.08568938981782e-13 
4.92071757565690e+01 6.19609149166934e-13 7.66137562201335e-13 
4.92919426398706e+01 5.86766282703689e-13 7.25954409820011e-13 
4.93767095231722e+01 5.55691136219567e-13 6.87900447035780e-13 
4.94614764064737e+01 5.26289087113432e-13 6.51859243092847e-13 
4.95462432897753e+01 4.98468080190642e-13 6.17724321282154e-13 
4.96310101730769e+01 4.72143618383765e-13 5.85391552772952e-13 
4.97157770563785e+01 4.47233510640971e-13 5.54765675943918e-13 
4.98005439396801e+01 4.23662294459128e-13 5.25753545839580e-13 
4.98853108229817e+01 4.01356578639562e-13 4.98269917563581e-13 
4.99700777062832e+01 3.80248963313971e-13 4.72230371050555e-13 
5.00548445895848e+01 3.60270801660013e-13 4.47554484901993e-13 
5.01396114728864e+01 3.41345142837193e-13 4.24176828373574e-13 
5.02243783561880e+01 3.23415636211224e-13 4.02023756406651e-13 
5.03091452394896e+01 3.06430456852148e-13 3.81029981306751e-13 
5.03939121227912e+01 2.90339064937078e-13 3.61135619982410e-13 
5.04786790060927e+01 2.75094967207247e-13 3.42282081699625e-13 
5.05634458893943e+01 2.60652834081136e-13 3.24415609717198e-13 
5.06482127726959e+01 2.46970954334612e-13 3.07483621675799e-13 
5.07329796559975e+01 2.34008670270546e-13 2.91437859105473e-13 
5.08177465392991e+01 2.21728559838782e-13 2.76231130406057e-13 
5.09025134226007e+01 2.10094154623213e-13 2.61820111825024e-13 
5.09872803059022e+01 1.99071879786412e-13 2.48162448543850e-13 
5.10720471892038e+01 1.88629023556314e-13 2.35219245856283e-13 
5.11568140725054e+01 1.78735461979333e-13 2.22952488812964e-13 
5.12415809558070e+01 1.69361852071737e-13 2.11327258008063e-13 
5.13263478391086e+01 1.60481165346305e-13 2.00309432621591e-13 
5.14111147224102e+01 1.52067079887382e-13 1.89867661384606e-13 
5.14958816057117e+01 1.44095343936487e-13 1.79971317756895e-13 
5.15806484890133e+01 1.36542344898517e-13 1.70592253233120e-13 
5.16654153723149e+01 1.29386321892929e-13 1.61702976857597e-13 
5.17501822556165e+01 1.22606092140401e-13 1.53278215007455e-13 
5.18349491389181e+01 1.16182129274331e-13 1.45293290524715e-13 
5.19197160222197e+01 1.10095429726811e-13 1.37725510424839e-13 
5.20044829055212e+01 1.04328471720195e-13 1.30552722662329e-13 
5.20892497888228e+01 9.88642061989648e-14 1.23754550825925e-13 
5.21740166721244e+01 9.36869097562845e-14 1.17311108985758e-13 
5.22587835554260e+01 8.87812863713712e-14 1.11204100316158e-13 
5.23435504387276e+01 8.41332260476503e-14 1.05415672633964e-13 
5.24283173220292e+01 7.97290051375338e-14 9.99293960064789e-14 
5.25130842053307e+01 7.55559611560338e-14 9.47292435120971e-14 
5.25978510886323e+01 7.16017808277818e-14 8.98004612177388e-14 
5.26826179719339e+01 6.78551003741171e-14 8.51286604012400e-14 
5.27673848552355e+01 6.43048716196494e-14 8.07005917961648e-14 
5.28521517385371e+01 6.09408960154167e-14 7.65033370341552e-14 
5.29369186218387e+01 5.77532602111182e-14 7.25249977343419e-14 
5.30216855051402e+01 5.47328111572786e-14 6.87539752742582e-14 
5.31064523884418e+01 5.18706534993694e-14 6.51795841276064e-14 
5.31912192717434e+01 4.91585722850313e-14 6.17914102731055e-14 
5.32759861550450e+01 4.65885853809115e-14 5.85798571416423e-14 
5.33607530383466e+01 4.41533195853470e-14 5.55355740402297e-14 
5.34455199216482e+01 4.18456120196334e-14 5.26499421429361e-14 
5.35302868049497e+01 3.96588448019314e-14 4.99145652567519e-14 
5.36150536882513e+01 3.75865900322919e-14 4.73217024671947e-14 
5.36998205715529e+01 3.56229076108359e-14 4.48638144174556e-14 
5.37845874548545e+01 3.37620290294697e-14 4.25339484876722e-14 
5.38693543381561e+01 3.19986224085436e-14 4.03253345099387e-14 
5.39541212214577e+01 3.03275108360354e-14 3.82317277096977e-14 
5.40388881047592e+01 2.87439082447696e-14 3.62470484473990e-14 
5.41236549880608e+01 2.72431685092448e-14 3.43656875722115e-14 
5.42084218713624e+01 2.58209953837391e-14 3.25821853755316e-14 
5.42931887546640e+01 2.44732189844095e-14 3.08915034931787e-14 
5.43779556379656e+01 2.31959826515895e-14 2.92887387847897e-14 
5.44627225212672e+01 2.19855438160620e-14 2.77693654636736e-14 
5.45474894045687e+01 2.08384403315747e-14 2.63289800865106e-14 
5.46322562878703e+01 1.97513130544234e-14 2.49635171837288e-14 
5.47170231711719e+01 1.87210539102246e-14 2.36690219626861e-14 
5.48017900544735e+01 1.77446478096841e-14 2.24418423502682e-14 
5.48865569377751e+01 1.68193044630277e-14 2.12784263851062e-14 
5.49713238210767e+01 1.59423175161341e-14 2.01754932628283e-14 
5.50560907043782e+01 1.51111819032454e-14 1.91298527243607e-14 
5.51408575876798e+01 1.43234683201047e-14 1.81385574086589e-14 
5.52256244709814e+01 1.35769277075331e-14 1.71987418391160e-14 
5.53103913542830e+01 1.28693793850277e-14 1.63077581345957e-14 
5.53951582375846e+01 1.21988040817425e-14 1.54630324585007e-14 
5.54799251208862e+01 1.15632442380137e-14 1.46621859130300e-14 
5.55646920041877e+01 1.09608868437702e-14 1.39029065491220e-14 
5.56494588874893e+01 1.03899745791851e-14 1.31830570679465e-14 
5.57342257707909e+01 9.84887958138744e-15 1.25005606979332e-14 
5.58189926540925e+01 9.33602424113524e-15 1.18534971487970e-14 
5.59037595373941e+01 8.84994689497411e-15 1.12400008470003e-14 
5.59885264206956e+01 8.38923122448347e-15 1.06583464286544e-14 
5.60732933039972e+01 7.95256476101027e-15 1.01068579895793e-14 
5.61580601872988e+01 7.53867594943088e-15 9.58398526200603e-15 
5.62428270706004e+01 7.14638625475544e-15 9.08822268213878e-15 
5.63275939539020e+01 6.77455405504716e-15 8.61817726979294e-15 
5.64123608372036e+01 6.42212105219038e-15 8.17249644701590e-15 
5.64971277205051e+01 6.08806225001818e-15 7.74992852786422e-15 
5.65818946038067e+01 5.77142729416167e-15 7.34925833796038e-15 
5.66666614871083e+01 5.47129587280391e-15 6.96936112203307e-15 
5.67514283704099e+01 5.18681454170906e-15 6.60914511787276e-15 
5.68361952537115e+01 4.91715695745249e-15 6.26759960064551e-15 
5.69209621370131e+01 4.66155668251748e-15 5.94374365695973e-15 
5.70057290203146e+01 4.41927172533280e-15 5.63666900612222e-15 
5.70904959036162e+01 4.18961376587609e-15 5.34549430217129e-15 
5.71752627869178e+01 3.97191653425862e-15 5.06940330207010e-15 
5.72600296702194e+01 3.76556184883953e-15 4.80760409673442e-15 
5.73447965535210e+01 3.56995141621060e-15 4.55936313371932e-15 
5.74295634368226e+01 3.38453003073634e-15 4.32396884343693e-15 
5.75143303201241e+01 3.20876042430321e-15 4.10076196830829e-15 
5.75990972034257e+01 3.04214393786605e-15 3.88910310841363e-15 
5.76838640867273e+01 2.88419808985258e-15 3.68839975961528e-15 
5.77686309700289e+01 2.73447499618929e-15 3.49807735459230e-15 
5.78533978533305e+01 2.59254136234170e-15 3.31760336840737e-15 
5.79381647366321e+01 2.45799489794525e-15 3.14646147694426e-15 
5.80229316199336e+01 2.33044646960180e-15 2.98417304919495e-15 
5.81076985032352e+01 2.20953472923698e-15 2.83027408615966e-15 
5.81924653865368e+01 2.09491019339837e-15 2.68433438423564e-15 
5.82772322698384e+01 1.98624828043046e-15 2.54593695420673e-15 
5.83619991531400e+01 1.88323510751549e-15 2.41469510905305e-15 
5.84467660364416e+01 1.78557911037160e-15 2.29023409523440e-15 
5.85315329197431e+01 1.69299837198738e-15 2.17220633056868e-15 
5.86162998030447e+01 1.60523097951728e-15 2.06027500905328e-15 
5.87010666863463e+01 1.52202371888998e-15 1.95412768985010e-15 
5.87858335696479e+01 1.44314130663523e-15 1.85346166275680e-15 
5.88706004529495e+01 1.36835630256756e-15 1.75799606739809e-15 
5.89553673362511e+01 1.29745733920127e-15 1.66745882951717e-15 
5.90401342195526e+01 1.23024012076608e-15 1.58159746994487e-15 
5.91249011028542e+01 1.16651475944637e-15 1.50016744243108e-15 
5.92096679861558e+01 1.10609774328951e-15 1.42294177457403e-15 
5.92944348694574e+01 1.04881847655839e-15 1.34970065622817e-15 
5.93792017527590e+01 9.94512111838193e-16 1.28024003908795e-15 
5.94639686360606e+01 9.43025381155866e-16 1.21436234103486e-15 
5.95487355193621e+01 8.94210198947359e-16 1.15188411727599e-15 
5.96335024026637e+01 8.47928861129040e-16 1.09262776054550e-15 
5.97182692859653e+01 8.04048335707382e-16 1.03642834441086e-15 
5.98030361692669e+01 7.62444898557063e-16 9.83126212219085e-16 
5.98878030525685e+01 7.22999037473347e-16 9.32573082239688e-16 
5.99725699358701e+01 6.85599585905543e-16 8.84625448313042e-16 
6.00573368191716e+01 6.50139193275564e-16 8.39150079796663e-16 
6.01421037024732e+01 6.16518053518477e-16 7.96017998235916e-16 
6.02268705857748e+01 5.84639682902017e-16 7.55109386047780e-16 
6.03116374690764e+01 5.54414309955527e-16 7.16308217367818e-16 
6.03964043523780e+01 5.25755250780202e-16 6.79506682840617e-16 
6.04811712356796e+01 4.98581840399007e-16 6.44600473517998e-16 
6.05659381189811e+01 4.72816196998753e-16 6.11492651848000e-16 
6.06507050022827e+01 4.48385836206722e-16 5.80089439630944e-16 
6.07354718855843e+01 4.25220782371238e-16 5.50303672183191e-16 
6.08202387688859e+01 4.03255900185465e-16 5.22051036261926e-16 
6.09050056521875e+01 3.82428315643098e-16 4.95253152456193e-16 
6.09897725354891e+01 3.62679495679670e-16 4.69834214818125e-16 
6.10745394187906e+01 3.43952945478258e-16 4.45723741646829e-16 
6.11593063020922e+01 3.26196063458496e-16 4.22853573762209e-16 
6.12440731853938e+01 3.09358085207210e-16 4.01160329491080e-16 
6.13288400686954e+01 2.93391738170309e-16 3.80582723153310e-16 
6.14136069519970e+01 2.78251405692997e-16 3.61063756176211e-16 
6.14983738352986e+01 2.63894603119835e-16 3.42548321498343e-16 
6.15831407186001e+01 2.50280338290900e-16 3.24985159281007e-16 
6.16679076019017e+01 2.37370428394683e-16 3.08324716622035e-16 
6.17526744852033e+01 2.25128035818239e-16 2.92520893250021e-16 
6.18374413685049e+01 2.13518842994652e-16 2.77529129231158e-16 
6.19222082518065e+01 2.02509744780518e-16 2.63307963283104e-16 
6.20069751351080e+01 1.92069896666241e-16 2.49817324091112e-16 
6.20917420184096e+01 1.82169546883297e-16 2.37019921430762e-16 
6.21765089017112e+01 1.72780971676382e-16 2.24879719329140e-16 
6.22612757850128e+01 1.63877432152364e-16 2.13363178000938e-16 
6.23460426683144e+01 1.55434008826112e-16 2.02437889424733e-16 
6.24308095516160e+01 1.47426669836948e-16 1.92073686151058e-16 
6.25155764349175e+01 1.39833015654819e-16 1.82241421949120e-16 
6.26003433182191e+01 1.32631446729436e-16 1.72913961810547e-16 
6.26851102015207e+01 1.25801828062577e-16 1.64065092181312e-16 
6.27698770848223e+01 1.19324745638992e-16 1.55670404938014e-16 
6.28546439681239e+01 1.13182099518306e-16 1.47706323379240e-16 
6.29394108514255e+01 1.07356439542011e-16 1.40150891571929e-16 
6.30241777347270e+01 1.01831494660629e-16 1.32982903757344e-16 
6.31089446180286e+01 9.65915794327418e-17 1.26182609235314e-16 
6.31937115013302e+01 9.16220664672602e-17 1.19730934161677e-16 
6.32784783846318e+01 8.69088561418473e-17 1.13610111041392e-16 
6.33632452679334e+01 8.24387982952264e-17 1.07802983073262e-16 
6.34480121512350e+01 7.81992184055267e-17 1.02293566345886e-16 
6.35327790345365e+01 7.41782940035050e-17 9.70664279409493e-17 
6.36175459178381e+01 7.03646312766800e-17 9.21071880526479e-17 
6.37023128011397e+01 6.67476010825237e-17 8.74019639971196e-17 
6.37870796844413e+01 6.33169605916943e-17 8.29378186989763e-17 
6.38718465677429e+01 6.00631532526366e-17 7.87022635951475e-17 
6.39566134510445e+01 5.69769706648221e-17 7.46836592384267e-17 
6.40413803343460e+01 5.40498203758415e-17 7.08707708330052e-17 
6.41261472176476e+01 5.12734236909837e-17 6.72531260861686e-17 
6.42109141009492e+01 4.86400547645716e-17 6.38206177812085e-17 
6.42956809842508e+01 4.61422705121968e-17 6.05638234565308e-17 
6.43804478675524e+01 4.37731240841891e-17 5.74736500186405e-17 
6.44652147508540e+01 4.15259234573365e-17 5.45416193355891e-17 
6.45499816341555e+01 3.93944220450381e-17 5.17595504255127e-17 
6.46347485174571e+01 3.73726029117481e-17 4.91198146120981e-17 
6.47195154007587e+01 3.54548489771371e-17 4.66150513004621e-17 
6.48042822840603e+01 3.36357501235110e-17 4.42383959506843e-17 
6.48890491673619e+01 3.19102551862556e-17 4.19832258775452e-17 
6.49738160506635e+01 3.02734995163963e-17 3.98433639484442e-17 
6.50585829339650e+01 2.87209407132486e-17 3.78128512230989e-17 
6.51433498172666e+01 2.72482044648628e-17 3.58861289702480e-17 
6.52281167005682e+01 2.58512057680271e-17 3.40578353024334e-17 
6.53128835838698e+01 2.45260111019537e-17 3.23229678278235e-17 
6.53976504671714e+01 2.32689466927814e-17 3.06767017379494e-17 
6.54824173504730e+01 2.20764752835260e-17 2.91145351624207e-17 
6.55671842337745e+01 2.09452928325667e-17 2.76321264375227e-17 
6.56519511170761e+01 1.98722183283166e-17 2.62254240097411e-17 
6.57367180003777e+01 1.88542801616527e-17 2.48905208550633e-17 
6.58214848836793e+01 1.78886175992953e-17 2.36237705799735e-17 
6.59062517669809e+01 1.69725579367261e-17 2.24216571772978e-17 
6.59910186502825e+01 1.61035283920490e-17 2.12808987966943e-17 
6.60757855335840e+01 1.52791250269387e-17 2.01983312145161e-17 
6.61605524168856e+01 1.44970339548027e-17 1.91710005882592e-17 
6.62453193001872e+01 1.37550929111422e-17 1.81960591911957e-17 
6.63300861834888e+01 1.30512207876721e-17 1.72708483236035e-17 
6.64148530667904e+01 1.23834726388474e-17 1.63928050159795e-17 
6.64996199500920e+01 1.17499766588893e-17 1.55595361466375e-17 
6.65843868333935e+01 1.11489833266328e-17 1.47687349559095e-17 
6.66691537166951e+01 1.05788090363528e-17 1.40182473055149e-17 
6.67539205999967e+01 1.00378800077658e-17 1.33059969675913e-17 
6.68386874832983e+01 9.52468186556199e-18 1.26300448620622e-17 
6.69234543665999e+01 9.03779887412389e-18 1.19885221945415e-17 
6.70082212499015e+01 8.57586883567554e-18 1.13796834187457e-17 
6.70929881332030e+01 8.13761814924747e-18 1.08018463957323e-17 
6.71777550165046e+01 7.72182146432353e-18 1.02534397483405e-17 
6.72625218998062e+01 7.32733301003434e-18 9.73294930144465e-18 
6.73472887831078e+01 6.95305050103767e-18 9.23896042410001e-18 
6.74320556664094e+01 6.59794313514675e-18 8.77011008932904e-18 
6.75168225497110e+01 6.26101930161173e-18 8.32512473720659e-18 
6.76015894330125e+01 5.94135160266578e-18 7.90277736203672e-18 
6.76863563163141e+01 5.63804796215978e-18 7.50192137127021e-18 
6.77711231996157e+01 5.35027398849649e-18 7.12145217092604e-18 
6.78558900829173e+01 5.07722712423156e-18 6.76033744550063e-18 
6.79406569662189e+01 4.81815663386943e-18 6.41758276831397e-18 
6.80254238495205e+01 4.57234047316759e-18 6.09225868209018e-18 
6.81101907328220e+01 4.33910315493804e-18 5.78346991090460e-18 
6.81949576161236e+01 4.11779505085645e-18 5.49037958074716e-18 
6.82797244994252e+01 3.90780836133518e-18 5.21218165462165e-18 
6.83644913827268e+01 3.70855859306408e-18 4.94812259602694e-18 
6.84492582660284e+01 3.51949883487001e-18 4.69747668787806e-18 
6.85340251493299e+01 3.34010318146900e-18 4.45956541013256e-18 
6.86187920326315e+01 3.16987949562623e-18 4.23373534038807e-18 
6.87035589159331e+01 3.00835457284502e-18 4.01937548738263e-18 
6.87883257992347e+01 2.85508555090846e-18 3.81589750201580e-18 
6.88730926825363e+01 2.70964663197514e-18 3.62275118347972e-18 
6.89578595658379e+01 2.57163928335582e-18 3.43940675808702e-18 
6.90426264491394e+01 2.44068035291633e-18 3.26536875111342e-18 
6.91273933324410e+01 2.31641118961126e-18 3.10016020300584e-18 
6.92121602157426e+01 2.19848699869372e-18 2.94333499370319e-18 
6.92969270990442e+01 2.08658500355573e-18 2.79446354337239e-18 
6.93816939823458e+01 1.98039492296768e-18 2.65314400269420e-18 
6.94664608656474e+01 1.87962626326597e-18 2.51898952293431e-18 
6.95512277489489e+01 1.78399979353471e-18 2.39163819078456e-18 
6.96359946322505e+01 1.69325406654940e-18 2.27074162636440e-18 
6.97207615155521e+01 1.60713778692404e-18 2.15597387274720e-18 
6.98055283988537e+01 1.52541564267853e-18 2.04702118285671e-18 
6.98902952821553e+01 1.44786147245635e-18 1.94358985737847e-18 
6.99750621654569e+01 1.37426348993746e-18 1.84539816583120e-18 
7.00598290487584e+01 1.30441905693940e-18 1.75218508830638e-18 
7.01445959320600e+01 1.23814070412838e-18 1.66369787691204e-18 
7.02293628153616e+01 1.17524445458516e-18 1.57970064857005e-18 
7.03141296986632e+01 1.11555801395030e-18 1.49996300136832e-18 
7.03988965819648e+01 1.05891587179398e-18 1.42426937457083e-18 
7.04836634652664e+01 1.00516300900426e-18 1.35241250151068e-18 
7.05684303485679e+01 9.54150509625532e-19 1.28419809643177e-18 
7.06531972318695e+01 9.05738907226621e-19 1.21943940298057e-18 
7.07379641151711e+01 8.59794221440047e-19 1.15796159987132e-18 
7.08227309984727e+01 8.16190965300437e-19 1.09959664449874e-18 
7.09074978817743e+01 7.74808582959219e-19 1.04418750206111e-18 
7.09922647650759e+01 7.35534131854542e-19 9.91582839783256e-19 
7.10770316483774e+01 6.98259132470740e-19 9.41640991613467e-19 
7.11617985316790e+01 6.62881945877977e-19 8.94225721652668e-19 
7.12465654149806e+01 6.29304952320911e-19 8.49209452621934e-19 
7.13313322982822e+01 5.97436681157971e-19 8.06469364034489e-19 
7.14160991815838e+01 5.67189291896992e-19 7.65890566758370e-19 
7.15008660648854e+01 5.38480460820704e-19 7.27362660569062e-19 
7.15856329481869e+01 5.11231128620110e-19 6.90782038348339e-19 
7.16703998314885e+01 4.85367210849547e-19 6.56049112829820e-19 
7.17551667147901e+01 4.60817560176057e-19 6.23070712576272e-19 
7.18399335980917e+01 4.37515493715896e-19 5.91757337838771e-19 
7.19247004813933e+01 4.15396967335374e-19 5.62025144169671e-19 
7.20094673646949e+01 3.94401951637125e-19 5.33793420873956e-19 
7.20942342479964e+01 3.74472800834667e-19 5.06986595689387e-19 
7.21790011312980e+01 3.55555475830916e-19 4.81531973585366e-19 
7.22637680145996e+01 3.37598087391071e-19 4.57361453528592e-19 
7.23485348979012e+01 3.20551988469493e-19 4.34409556918873e-19 
7.24333017812028e+01 3.04370469205320e-19 4.12614937209239e-19 
7.25180686645044e+01 2.89009734428731e-19 3.91918612844154e-19 
7.26028355478059e+01 2.74427734577716e-19 3.72265319041171e-19 
7.26876024311075e+01 2.60585040512511e-19 3.53601923912097e-19 
7.27723693144091e+01 2.47443796125528e-19 3.35878638990263e-19 
7.28571361977107e+01 2.34968501305526e-19 3.19047599449082e-19 
7.29419030810123e+01 2.23125073509285e-19 3.03063948207862e-19 
7.30266699643139e+01 2.11881548567119e-19 2.87884250307185e-19 
7.31114368476154e+01 2.01207263642108e-19 2.73468088141364e-19 
7.31962037309170e+01 1.91073436970398e-19 2.59776833223326e-19 
7.32809706142186e+01 1.81452444891573e-19 2.46774063060776e-19 
7.33657374975202e+01 1.72318370302990e-19 2.34424856103569e-19 
7.34505043808218e+01 1.63646333733065e-19 2.22696395848674e-19 
7.35352712641234e+01 1.55412996269747e-19 2.11557136494513e-19 
7.36200381474249e+01 1.47595954400919e-19 2.00977503187486e-19 
7.37048050307265e+01 1.40174190129750e-19 1.90929069484835e-19 
7.37895719140281e+01 1.33127528583563e-19 1.81385182477324e-19 
7.38743387973297e+01 1.26437041040556e-19 1.72320225181690e-19 
7.39591056806313e+01 1.20084558761972e-19 1.63710176589880e-19 
7.40438725639329e+01 1.14053033883262e-19 1.55531950179955e-19 
7.41286394472344e+01 1.08326103610004e-19 1.47763895695797e-19 
7.42134063305360e+01 1.02888413403394e-19 1.40385205884394e-19 
7.42981732138376e+01 9.77252262937893e-20 1.33376366094617e-19 
7.43829400971392e+01 9.28227123227767e-20 1.26718622171573e-19 
7.44677069804408e+01 8.81675982770981e-20 1.20394383323225e-19 
7.45524738637423e+01 8.37474269315343e-20 1.14386744839080e-19 
7.46372407470439e+01 7.95502429971038e-20 1.08679849101179e-19 
7.47220076303455e+01 7.55648253353560e-20 1.03258457453834e-19 
7.48067745136471e+01 7.17804053542303e-20 9.81082737235941e-20 
7.48915413969487e+01 6.81868750303148e-20 9.32155601572617e-20 
7.49763082802503e+01 6.47745343790767e-20 8.85673555628997e-20 
7.50610751635518e+01 6.15340555644495e-20 8.41511990038638e-20 
7.51458420468534e+01 5.84559760194833e-20 7.99559517505013e-20 
7.52306089301550e+01 5.55321850027592e-20 7.59702131153952e-20 
7.53153758134566e+01 5.27548942046031e-20 7.21835587935902e-20 
7.54001426967582e+01 5.01167881830330e-20 6.85859697400282e-20 
7.54849095800598e+01 4.76108426542552e-20 6.51680403519273e-20 
7.55696764633613e+01 4.52304593616945e-20 6.19207311659433e-20 
7.56544433466629e+01 4.29693029687759e-20 5.88355555506540e-20 
7.57392102299645e+01 4.08214219761037e-20 5.59043576716483e-20 
7.58239771132661e+01 3.87811023067217e-20 5.31194799181912e-20 
7.59087439965677e+01 3.68429757185196e-20 5.04735635471674e-20 
7.59935108798693e+01 3.50018883687828e-20 4.79596988371931e-20 
7.60782777631708e+01 3.32529980184375e-20 4.55712460884153e-20 
7.61630446464724e+01 3.15916560390179e-20 4.33019702905423e-20 
7.62478115297740e+01 3.00134945705814e-20 4.11458803941475e-20 
7.63325784130756e+01 2.85143205923401e-20 3.90973500938169e-20 
7.64173452963772e+01 2.70901940753446e-20 3.71509735006653e-20 
7.65021121796788e+01 2.57373328798300e-20 3.53016734757794e-20 
7.65868790629803e+01 2.44521828356149e-20 3.35445720256707e-20 
7.66716459462819e+01 2.32313323563887e-20 3.18750874724380e-20 
7.67564128295835e+01 2.20715752838844e-20 3.02888180661237e-20 
7.68411797128851e+01 2.09698342233985e-20 2.87816291447216e-20 
7.69259465961867e+01 1.99232169009979e-20 2.73495486119186e-20 
7.70107134794883e+01 1.89289473268676e-20 2.59888451206212e-20 
7.70954803627898e+01 1.79844163370519e-20 2.46959342031852e-20 
7.71802472460914e+01 1.70871197829875e-20 2.34674484050884e-20 
7.72650141293930e+01 1.62347038596102e-20 2.23001529791096e-20 
7.73497810126946e+01 1.54249096017398e-20 2.11910087998416e-20 
7.74345478959962e+01 1.46556135379652e-20 2.01370966448585e-20 
7.75193147792978e+01 1.39247778483792e-20 1.91356736347841e-20 
7.76040816625993e+01 1.32304868277277e-20 1.81841052245923e-20 
7.76888485459009e+01 1.25709021252252e-20 1.72799158368885e-20 
7.77736154292025e+01 1.19442954503420e-20 1.64207277763113e-20 
7.78583823125041e+01 1.13490083748452e-20 1.56043066546183e-20 
7.79431491958057e+01 1.07834816696968e-20 1.48285065217518e-20 
7.80279160791073e+01 1.02462192027671e-20 1.40913106194144e-20 
7.81126829624088e+01 9.73581425508262e-21 1.33907820946856e-20 
7.81974498457104e+01 9.25091709547574e-21 1.27251005632797e-20 
7.82822167290120e+01 8.79025858836800e-21 1.20925178365003e-20 
7.83669836123136e+01 8.35262106952325e-21 1.14913907256324e-20 
7.84517504956152e+01 7.93685952524285e-21 1.09201412712608e-20 
7.85365173789168e+01 7.54187543187931e-21 1.03772861756558e-20 
7.86212842622183e+01 7.16663575736948e-21 9.86140107575416e-21 
7.87060511455199e+01 6.81014946170006e-21 9.37114695042115e-21 
7.87908180288215e+01 6.47148454575918e-21 8.90523802530107e-21 
7.88755849121231e+01 6.14974694093154e-21 8.46246546599951e-21 
7.89603517954247e+01 5.84409580699783e-21 8.04166854511606e-21 
7.90451186787263e+01 5.55372456683989e-21 7.64175590025620e-21 
7.91298855620278e+01 5.27787463428034e-21 7.26167963134977e-21 
7.92146524453294e+01 5.01581837482539e-21 6.90045437359132e-21 
7.92994193286310e+01 4.76687142566334e-21 6.55713402706997e-21 
7.93841862119326e+01 4.53037738575776e-21 6.23082886890121e-21 
7.94689530952342e+01 4.30571887348853e-21 5.92068464764635e-21 
7.95537199785358e+01 4.09230376949471e-21 5.62589793573058e-21 
7.96384868618373e+01 3.88957514244420e-21 5.34569734846658e-21 
7.97232537451389e+01 3.69699888604996e-21 5.07935731707726e-21 
7.98080206284405e+01 3.51407263001420e-21 4.82618121668079e-21 
7.98927875117421e+01 3.34031462881522e-21 4.58551372160066e-21 
7.99775543950437e+01 3.17527176282772e-21 4.35672807185268e-21 
8.00623212783453e+01 3.01851208482191e-21 4.13924053622682e-21 
8.01470881616468e+01 2.86963430473513e-21 3.93248683622222e-21 
8.02318550449484e+01 2.72824477477670e-21 3.73593713178028e-21 
8.03166219282500e+01 2.59397332777429e-21 3.54907529672498e-21 
8.04013888115516e+01 2.46646519230087e-21 3.37141572983823e-21 
8.04861556948532e+01 2.34538677241272e-21 3.20249231353711e-21 
8.05709225781548e+01 2.23041838062488e-21 3.04186641682179e-21 
8.06556894614563e+01 2.12125943055298e-21 2.88911698381905e-21 
8.07404563447579e+01 2.01762190353490e-21 2.74384770521743e-21 
8.08252232280595e+01 1.91923501556960e-21 2.60567812207232e-21 
8.09099901113611e+01 1.82583934197615e-21 2.47425005039920e-21 
8.09947569946627e+01 1.73719101372959e-21 2.34921959745416e-21 
8.10795238779642e+01 1.65305643225085e-21 2.23026291529730e-21 
8.11642907612658e+01 1.57321604460868e-21 2.11706903737233e-21 
8.12490576445674e+01 1.49745958743675e-21 2.00934502890310e-21 
8.13338245278690e+01 1.42558948543376e-21 1.90680956112125e-21 
8.14185914111706e+01 1.35741656958920e-21 1.80919751922484e-21 
8.15033582944722e+01 1.29276313890937e-21 1.71625424015720e-21 
8.15881251777737e+01 1.23145910367484e-21 1.62773963245103e-21 
8.16728920610753e+01 1.17334474629346e-21 1.54342301114567e-21 
8.17576589443769e+01 1.11826724527622e-21 1.46308677808559e-21 
8.18424258276785e+01 1.06608316752062e-21 1.38652179446824e-21 
8.19271927109801e+01 1.01665533313633e-21 1.31353066499403e-21 
8.20119595942817e+01 9.69855068249658e-22 1.24392359474348e-21 
8.20967264775832e+01 9.25559374789280e-22 1.17752131592424e-21 
8.21814933608848e+01 8.83652970035792e-22 1.11415138135799e-21 
8.22662602441864e+01 8.44025729037740e-22 1.05365076838322e-21 
8.23510271274880e+01 8.06574534575022e-22 9.95862566254615e-22 
8.24357940107896e+01 7.71200963058679e-22 9.40638287988098e-22 
8.25205608940912e+01 7.37812966301747e-22 8.87834913497207e-22 
8.26053277773927e+01 7.06322774600931e-22 8.37316936764503e-22 
8.26900946606943e+01 6.76648429685708e-22 7.88953730613596e-22 
8.27748615439959e+01 6.48711881219666e-22 7.42621353517926e-22 
8.28596284272975e+01 6.22440388503674e-22 6.98200205581382e-22 
8.29443953105991e+01 5.97764788899532e-22 6.55576616515132e-22 
8.30291621939007e+01 5.74620784273862e-22 6.14640765716838e-22 
8.31139290772022e+01 5.52947361863726e-22 5.75288070426116e-22 
8.31986959605038e+01 5.32687980045113e-22 5.37417345790907e-22 
8.32834628438054e+01 5.13789123953340e-22 5.00932009922268e-22 
8.33682297271070e+01 4.96201403926347e-22 4.65738462551112e-22 
8.34529966104086e+01 4.79878229783417e-22 4.31747121616958e-22 
8.35377634937102e+01 4.64776834213686e-22 3.98871001580516e-22 
8.36225303770117e+01 4.50857051024021e-22 3.67026594274055e-22 
8.37072972603133e+01 4.38082274803788e-22 3.36132630173467e-22 
8.37920641436149e+01 4.26418329693485e-22 3.06110814488242e-22 
8.38768310269165e+01 4.15834375846115e-22 2.76884756736265e-22 
8.39615979102181e+01 4.06301856357345e-22 2.48380571438769e-22 
8.40463647935197e+01 3.97795360351489e-22 2.20525963205708e-22 
8.41311316768212e+01 3.90291636664772e-22 1.93250699906964e-22 
8.42158985601228e+01 3.83770422801051e-22 1.66485842186607e-22 
8.43006654434244e+01 3.78213514783792e-22 1.40164095589391e-22 
8.43854323267260e+01 3.73605570745587e-22 1.14219174997905e-22 
8.44701992100276e+01 3.69933227071880e-22 8.85860408871987e-23 
8.45549660933292e+01 3.67185885002539e-22 6.32003906375116e-23 
8.46397329766307e+01 3.65354863790079e-22 3.79987828552325e-23 
8.47244998599323e+01 3.64434178395586e-22 2.54370598944167e-23 
