Energy(eV)           EEDF(eV^-(3/2))      Anisotropy(eV^-(3/2))
7.31781545818695e-03 1.16736072705425e-01 1.67971340935660e-06 
2.19534463745609e-02 1.16735427317987e-01 2.83301426091512e-06 
3.65890772909348e-02 1.16734847428338e-01 3.52893777471865e-06 
5.12247082073087e-02 1.16734353415804e-01 3.81229066489840e-06 
6.58603391236826e-02 1.16733967236315e-01 3.71174144047919e-06 
8.04959700400565e-02 1.16733711316059e-01 3.36939557319074e-06 
9.51316009564304e-02 1.16733536428857e-01 2.94199965074291e-06 
1.09767231872804e-01 1.16733436295491e-01 2.44793525997928e-06 
1.24402862789178e-01 1.16733371061789e-01 2.12550599450908e-06 
1.39038493705552e-01 1.16733326374168e-01 1.83328785140064e-06 
1.53674124621926e-01 1.16733298301749e-01 1.53580979561491e-06 
1.68309755538300e-01 1.16733280241295e-01 1.29809863924969e-06 
1.82945386454674e-01 1.16733268245758e-01 1.12063176148655e-06 
1.97581017371048e-01 1.16733259625419e-01 9.98691864653568e-07 
2.12216648287422e-01 1.16733253094615e-01 9.60044678246686e-07 
2.26852279203796e-01 1.16733246572886e-01 9.90128800235889e-07 
2.41487910120169e-01 1.16733240105588e-01 1.01557414511077e-06 
2.56123541036543e-01 1.16733233734720e-01 1.16393925360212e-06 
2.70759171952917e-01 1.16733224374422e-01 1.43911516523261e-06 
2.85394802869291e-01 1.16733210908791e-01 1.74593326543937e-06 
3.00030433785665e-01 1.16733192377068e-01 2.09968667261376e-06 
3.14666064702039e-01 1.16733166831809e-01 2.52008679990605e-06 
3.29301695618413e-01 1.16733131755761e-01 2.98770822211973e-06 
3.43937326534787e-01 1.16733085218554e-01 3.48973515364777e-06 
3.58572957451161e-01 1.16733024971247e-01 4.05747519863197e-06 
3.73208588367535e-01 1.16732946690796e-01 4.68410382850921e-06 
3.87844219283908e-01 1.16732847352529e-01 5.34719202144361e-06 
4.02479850200282e-01 1.16732723725915e-01 6.03687980264167e-06 
4.17115481116656e-01 1.16732573223230e-01 6.74929859886476e-06 
4.31751112033030e-01 1.16732392867069e-01 7.49234144121322e-06 
4.46386742949404e-01 1.16732179122553e-01 8.26983518276341e-06 
4.61022373865778e-01 1.16731928270047e-01 9.08177270343145e-06 
4.75658004782152e-01 1.16731636405171e-01 9.92814817573320e-06 
4.90293635698526e-01 1.16731299438811e-01 1.08089566176824e-05 
5.04929266614900e-01 1.16730913097135e-01 1.17167500600587e-05 
5.19564897531274e-01 1.16730473933757e-01 1.26505347803026e-05 
5.34200528447648e-01 1.16729977677862e-01 1.36165425631126e-05 
5.48836159364021e-01 1.16729419701703e-01 1.46160093700239e-05 
5.63471790280395e-01 1.16728795203023e-01 1.56489314788087e-05 
5.78107421196769e-01 1.16728099205093e-01 1.67153049679645e-05 
5.92743052113143e-01 1.16727326556744e-01 1.78151256559175e-05 
6.07378683029517e-01 1.16726471932415e-01 1.89483890555142e-05 
6.22014313945891e-01 1.16725529832191e-01 2.01150903322507e-05 
6.36649944862265e-01 1.16724494581860e-01 2.13152242626158e-05 
6.51285575778639e-01 1.16723360332968e-01 2.25487851981931e-05 
6.65921206695013e-01 1.16722121062876e-01 2.38157670318052e-05 
6.80556837611387e-01 1.16720770574833e-01 2.51161631624135e-05 
6.95192468527761e-01 1.16719302498045e-01 2.64492843453440e-05 
7.09828099444134e-01 1.16717710441853e-01 2.78117889078358e-05 
7.24463730360508e-01 1.16715988485522e-01 2.92043913766642e-05 
7.39099361276882e-01 1.16714129830484e-01 3.06300580109966e-05 
7.53734992193256e-01 1.16712127507782e-01 3.20887794093577e-05 
7.68370623109630e-01 1.16709974378176e-01 3.35805454962230e-05 
7.83006254026004e-01 1.16707663132263e-01 3.51053454910900e-05 
7.97641884942378e-01 1.16705186290590e-01 3.66631678749785e-05 
8.12277515858752e-01 1.16702536203790e-01 3.82540003575045e-05 
8.26913146775126e-01 1.16699705052719e-01 3.98778298438650e-05 
8.41548777691500e-01 1.16696684848606e-01 4.15346423986072e-05 
8.56184408607873e-01 1.16693467433208e-01 4.32244232123778e-05 
8.70820039524247e-01 1.16690044478982e-01 4.49471565665117e-05 
8.85455670440621e-01 1.16686407489261e-01 4.67028257949213e-05 
9.00091301356995e-01 1.16682547798446e-01 4.84914132476598e-05 
9.14726932273369e-01 1.16678456572204e-01 5.03129002540954e-05 
9.29362563189743e-01 1.16674124807687e-01 5.21672670833136e-05 
9.43998194106117e-01 1.16669543333750e-01 5.40544929045997e-05 
9.58633825022491e-01 1.16664702811195e-01 5.59745557485368e-05 
9.73269455938865e-01 1.16659593733019e-01 5.79274324660342e-05 
9.87905086855239e-01 1.16654206424682e-01 5.99130986863825e-05 
1.00254071777161e+00 1.16648531044386e-01 6.18557432686696e-05 
1.01717634868799e+00 1.16642585646617e-01 6.37196262773701e-05 
1.03181197960436e+00 1.16636375821061e-01 6.55753714340539e-05 
1.04644761052073e+00 1.16629893866643e-01 6.74574895756771e-05 
1.06108324143711e+00 1.16623131974387e-01 6.93659572035932e-05 
1.07571887235348e+00 1.16616082227643e-01 7.13007498293520e-05 
1.09035450326986e+00 1.16608736602317e-01 7.32618419474948e-05 
1.10499013418623e+00 1.16601086967123e-01 7.52492070076636e-05 
1.11962576510260e+00 1.16593125083836e-01 7.72628173868799e-05 
1.13426139601898e+00 1.16584842607556e-01 7.93026443618477e-05 
1.14889702693535e+00 1.16576231086985e-01 8.13686580803127e-05 
1.16353265785173e+00 1.16567281964717e-01 8.34608275316268e-05 
1.17816828876810e+00 1.16557986577534e-01 8.55791205180917e-05 
1.19280391968447e+00 1.16548336156713e-01 8.77241663943845e-05 
1.20743955060085e+00 1.16538321534690e-01 8.99759456520518e-05 
1.22207518151722e+00 1.16527897813819e-01 9.23326661393970e-05 
1.23671081243360e+00 1.16517054093173e-01 9.47191168407949e-05 
1.25134644334997e+00 1.16505779335106e-01 9.71352520591723e-05 
1.26598207426634e+00 1.16494062365744e-01 9.95810243405824e-05 
1.28061770518272e+00 1.16481891875496e-01 1.02056384431375e-04 
1.29525333609909e+00 1.16469256419583e-01 1.04546103109675e-04 
1.30988896701546e+00 1.16456151808201e-01 1.06978406617716e-04 
1.32452459793184e+00 1.16442602151831e-01 1.09368455040469e-04 
1.33916022884821e+00 1.16428597579919e-01 1.11784158515932e-04 
1.35379585976459e+00 1.16414128120952e-01 1.14225467258693e-04 
1.36843149068096e+00 1.16399183702937e-01 1.16692329868411e-04 
1.38306712159733e+00 1.16383754153895e-01 1.19184693296730e-04 
1.39770275251371e+00 1.16367829202373e-01 1.21702502813029e-04 
1.41233838343008e+00 1.16351398477969e-01 1.24245701970396e-04 
1.42697401434646e+00 1.16334451511881e-01 1.26814232571754e-04 
1.44160964526283e+00 1.16316977737460e-01 1.29408034635006e-04 
1.45624527617920e+00 1.16298966490791e-01 1.32027046358436e-04 
1.47088090709558e+00 1.16280407011290e-01 1.34671204085743e-04 
1.48551653801195e+00 1.16261288442311e-01 1.37340442270632e-04 
1.50015216892833e+00 1.16241599831780e-01 1.39933315824152e-04 
1.51478779984470e+00 1.16221387464480e-01 1.42352618857435e-04 
1.52942343076107e+00 1.16200698225041e-01 1.44695635485555e-04 
1.54405906167745e+00 1.16179524924903e-01 1.47056173561045e-04 
1.55869469259382e+00 1.16157860330528e-01 1.49434182172966e-04 
1.57333032351019e+00 1.16135697163768e-01 1.51829609255011e-04 
1.58796595442657e+00 1.16113028102238e-01 1.54242401567934e-04 
1.60260158534294e+00 1.16089845779708e-01 1.56672504684267e-04 
1.61723721625932e+00 1.16066142786491e-01 1.59119862972202e-04 
1.63187284717569e+00 1.16041911669849e-01 1.61584419579069e-04 
1.64650847809206e+00 1.16017144934400e-01 1.64066116415216e-04 
1.66114410900844e+00 1.15991835042540e-01 1.66564894137493e-04 
1.67577973992481e+00 1.15965974414872e-01 1.69080692132820e-04 
1.69041537084119e+00 1.15939555430638e-01 1.71613448502037e-04 
1.70505100175756e+00 1.15912570428169e-01 1.74163100043259e-04 
1.71968663267393e+00 1.15885011705338e-01 1.76729582235907e-04 
1.73432226359031e+00 1.15856871520024e-01 1.79312829223932e-04 
1.74895789450668e+00 1.15828142090582e-01 1.81912773799461e-04 
1.76359352542306e+00 1.15798815596333e-01 1.84529347386304e-04 
1.77822915633943e+00 1.15768884178046e-01 1.87162480023094e-04 
1.79286478725580e+00 1.15738339938447e-01 1.89812100347200e-04 
1.80750041817218e+00 1.15707174942727e-01 1.92478135578312e-04 
1.82213604908855e+00 1.15675381219059e-01 1.95160511501810e-04 
1.83677168000493e+00 1.15642950759137e-01 1.97859152452015e-04 
1.85140731092130e+00 1.15609875518705e-01 2.00573981296053e-04 
1.86604294183767e+00 1.15576147418118e-01 2.03304919417495e-04 
1.88067857275405e+00 1.15541758342896e-01 2.06051886699718e-04 
1.89531420367042e+00 1.15506700144296e-01 2.08870529338097e-04 
1.90994983458679e+00 1.15470927073685e-01 2.12016820548623e-04 
1.92458546550317e+00 1.15434255977163e-01 2.15434650390234e-04 
1.93922109641954e+00 1.15396672487247e-01 2.18876729335061e-04 
1.95385672733592e+00 1.15358162152292e-01 2.22342914541386e-04 
1.96849235825229e+00 1.15318710437916e-01 2.25833059819484e-04 
1.98312798916866e+00 1.15278302728464e-01 2.29347015586123e-04 
1.99776362008504e+00 1.15236924328498e-01 2.32884628818634e-04 
2.01239925100141e+00 1.15194560464330e-01 2.36445743010435e-04 
2.02703488191779e+00 1.15151196285576e-01 2.40030198125245e-04 
2.04167051283416e+00 1.15106816866758e-01 2.43637830552391e-04 
2.05630614375053e+00 1.15061407208934e-01 2.47268473062064e-04 
2.07094177466691e+00 1.15014952241360e-01 2.50921954760043e-04 
2.08557740558328e+00 1.14967436823196e-01 2.54598101043541e-04 
2.10021303649966e+00 1.14918845745241e-01 2.58121050851942e-04 
2.11484866741603e+00 1.14869296599081e-01 2.61325567029865e-04 
2.12948429833240e+00 1.14818904429254e-01 2.64382475566103e-04 
2.14411992924878e+00 1.14767660482143e-01 2.67453277903478e-04 
2.15875556016515e+00 1.14715555985411e-01 2.70537854893032e-04 
2.17339119108152e+00 1.14662582148835e-01 2.73636085501889e-04 
2.18802682199790e+00 1.14608730165158e-01 2.76747846798848e-04 
2.20266245291427e+00 1.14553991210943e-01 2.80034919780793e-04 
2.21729808383065e+00 1.14498229310004e-01 2.83572221321715e-04 
2.23193371474702e+00 1.14441372607555e-01 2.87201683184420e-04 
2.24656934566339e+00 1.14383407835956e-01 2.90849346649074e-04 
2.26120497657977e+00 1.14324321692141e-01 2.94515025142551e-04 
2.27584060749614e+00 1.14264100839277e-01 2.98198528728336e-04 
2.29047623841252e+00 1.14202731908455e-01 3.01899664076525e-04 
2.30511186932889e+00 1.14140201500404e-01 3.05618234434749e-04 
2.31974750024526e+00 1.14076496187244e-01 3.09354039598797e-04 
2.33438313116164e+00 1.14011602514254e-01 3.13106875883374e-04 
2.34901876207801e+00 1.13945507001680e-01 3.16876536094254e-04 
2.36365439299439e+00 1.13878196146568e-01 3.20662809500523e-04 
2.37829002391076e+00 1.13809656424626e-01 3.24465481806441e-04 
2.39292565482713e+00 1.13739874292117e-01 3.28284335124493e-04 
2.40756128574351e+00 1.13668836187777e-01 3.32119147948864e-04 
2.42219691665988e+00 1.13596528534771e-01 3.35969695128701e-04 
2.43683254757626e+00 1.13522937742671e-01 3.39835747842951e-04 
2.45146817849263e+00 1.13448050209466e-01 3.43717073574499e-04 
2.46610380940900e+00 1.13371852323605e-01 3.47613436085584e-04 
2.48073944032538e+00 1.13294330466064e-01 3.51524595394002e-04 
2.49537507124175e+00 1.13215471012451e-01 3.55499125061012e-04 
2.51001070215812e+00 1.13135216810833e-01 3.59754096839508e-04 
2.52464633307450e+00 1.13053357945854e-01 3.64239509691187e-04 
2.53928196399087e+00 1.12969875385409e-01 3.68743177365378e-04 
2.55391759490725e+00 1.12884750084185e-01 3.73264755213733e-04 
2.56855322582362e+00 1.12797962987313e-01 3.77803892588243e-04 
2.58318885673999e+00 1.12709495034069e-01 3.82360232801515e-04 
2.59782448765637e+00 1.12619327161643e-01 3.86933413088377e-04 
2.61246011857274e+00 1.12527440308957e-01 3.91523064568245e-04 
2.62709574948912e+00 1.12433815420554e-01 3.96128812209260e-04 
2.64173138040549e+00 1.12338433450535e-01 4.00750274793538e-04 
2.65636701132186e+00 1.12241275366564e-01 4.05387064883584e-04 
2.67100264223824e+00 1.12142322153927e-01 4.10038788790110e-04 
2.68563827315461e+00 1.12041554819653e-01 4.14705046541582e-04 
2.70027390407099e+00 1.11938954396694e-01 4.19385431855161e-04 
2.71490953498736e+00 1.11834501948161e-01 4.24079532108893e-04 
2.72954516590373e+00 1.11728178571627e-01 4.28786928315801e-04 
2.74418079682011e+00 1.11619965403477e-01 4.33507195099287e-04 
2.75881642773648e+00 1.11509843623330e-01 4.38239900670093e-04 
2.77345205865286e+00 1.11397794458510e-01 4.42984606805736e-04 
2.78808768956923e+00 1.11283799188577e-01 4.47740868830911e-04 
2.80272332048560e+00 1.11167839149922e-01 4.52408168649436e-04 
2.81735895140198e+00 1.11049998898247e-01 4.56941155487669e-04 
2.83199458231835e+00 1.10930309562533e-01 4.61437683294476e-04 
2.84663021323472e+00 1.10808755567680e-01 4.65942303345334e-04 
2.86126584415110e+00 1.10685321410295e-01 4.70454600188038e-04 
2.87590147506747e+00 1.10559991662552e-01 4.74974153111295e-04 
2.89053710598385e+00 1.10432750976078e-01 4.79500536142798e-04 
2.90517273690022e+00 1.10303584085903e-01 4.84033318049601e-04 
2.91980836781659e+00 1.10172475814422e-01 4.88572062340128e-04 
2.93444399873297e+00 1.10039411075418e-01 4.93116327267368e-04 
2.94907962964934e+00 1.09904374878107e-01 4.97665665833586e-04 
2.96371526056572e+00 1.09767352331231e-01 5.02219625796957e-04 
2.97835089148209e+00 1.09628328647186e-01 5.06777749680439e-04 
2.99298652239846e+00 1.09487289146177e-01 5.11336394311192e-04 
3.00762215331484e+00 1.09344222789484e-01 5.15744892863504e-04 
3.02225778423121e+00 1.09199282785713e-01 5.20007321786392e-04 
3.03689341514759e+00 1.09052457476011e-01 5.24270822284193e-04 
3.05152904606396e+00 1.08903735313226e-01 5.28534979007919e-04 
3.06616467698033e+00 1.08753104865228e-01 5.32799372607286e-04 
3.08080030789671e+00 1.08600554818269e-01 5.37063579750596e-04 
3.09543593881308e+00 1.08446073980348e-01 5.41327173146200e-04 
3.11007156972945e+00 1.08289651284608e-01 5.45589721566106e-04 
3.12470720064583e+00 1.08131275792744e-01 5.49850789870049e-04 
3.13934283156220e+00 1.07970936698432e-01 5.54109939031488e-04 
3.15397846247858e+00 1.07808623330782e-01 5.58366726165000e-04 
3.16861409339495e+00 1.07644325157798e-01 5.62620704555421e-04 
3.18324972431132e+00 1.07478031789861e-01 5.66871423688422e-04 
3.19788535522770e+00 1.07309732983229e-01 5.71118429282531e-04 
3.21252098614407e+00 1.07139418643549e-01 5.75361263322976e-04 
3.22715661706045e+00 1.06967078829385e-01 5.79599464097005e-04 
3.24179224797682e+00 1.06792703755758e-01 5.83832566230821e-04 
3.25642787889319e+00 1.06616283797705e-01 5.88060100728131e-04 
3.27106350980957e+00 1.06437809493840e-01 5.92281595010489e-04 
3.28569914072594e+00 1.06257271549938e-01 5.96496572959056e-04 
3.30033477164232e+00 1.06074660842519e-01 6.00704554958108e-04 
3.31497040255869e+00 1.05889968422451e-01 6.04905057940526e-04 
3.32960603347506e+00 1.05703185518553e-01 6.09097595434761e-04 
3.34424166439144e+00 1.05514303541214e-01 6.13281677613631e-04 
3.35887729530781e+00 1.05323314086015e-01 6.17456811344433e-04 
3.37351292622419e+00 1.05130208937352e-01 6.21622500241165e-04 
3.38814855714056e+00 1.04934980072080e-01 6.25778244718930e-04 
3.40278418805693e+00 1.04737619663139e-01 6.29923542049399e-04 
3.41741981897331e+00 1.04538120083205e-01 6.34057886418122e-04 
3.43205544988968e+00 1.04336473908325e-01 6.38180768984113e-04 
3.44669108080605e+00 1.04132673921568e-01 6.42291677941113e-04 
3.46132671172243e+00 1.03926713116662e-01 6.46390098580031e-04 
3.47596234263880e+00 1.03718584701645e-01 6.50475513353944e-04 
3.49059797355518e+00 1.03508282102499e-01 6.54547401944998e-04 
3.50523360447155e+00 1.03295798966791e-01 6.58605241332576e-04 
3.51986923538792e+00 1.03081129167307e-01 6.62648505863450e-04 
3.53450486630430e+00 1.02864266805678e-01 6.66676667324018e-04 
3.54914049722067e+00 1.02645206216000e-01 6.70689195014370e-04 
3.56377612813705e+00 1.02423941968451e-01 6.74685555824055e-04 
3.57841175905342e+00 1.02200468872892e-01 6.78665214309998e-04 
3.59304738996979e+00 1.01974781982461e-01 6.82625518179285e-04 
3.60768302088617e+00 1.01746879413555e-01 6.86483200661833e-04 
3.62231865180254e+00 1.01516867404969e-01 6.90240717042328e-04 
3.63695428271892e+00 1.01284742751142e-01 6.93979625931570e-04 
3.65158991363529e+00 1.01050502482862e-01 6.97699427803131e-04 
3.66622554455166e+00 1.00814143870248e-01 7.01399621691937e-04 
3.68086117546804e+00 1.00575664425711e-01 7.05079705275567e-04 
3.69549680638441e+00 1.00335061906898e-01 7.08739174956782e-04 
3.71013243730079e+00 1.00092334319609e-01 7.12377525947240e-04 
3.72476806821716e+00 9.98474799207037e-02 7.15994252353365e-04 
3.73940369913353e+00 9.96004972209725e-02 7.19588847263672e-04 
3.75403933004991e+00 9.93513849879954e-02 7.23160802837186e-04 
3.76867496096628e+00 9.91001422489686e-02 7.26709610393711e-04 
3.78331059188265e+00 9.88467682935083e-02 7.30234760505500e-04 
3.79794622279903e+00 9.85912626764259e-02 7.33735743090616e-04 
3.81258185371540e+00 9.83336252204748e-02 7.37212047507678e-04 
3.82721748463178e+00 9.80738560190679e-02 7.40663162651878e-04 
3.84185311554815e+00 9.78119554389635e-02 7.44088577052936e-04 
3.85648874646452e+00 9.75479241229194e-02 7.47487778973951e-04 
3.87112437738090e+00 9.72817629923130e-02 7.50860256512315e-04 
3.88576000829727e+00 9.70134732497269e-02 7.54205497701607e-04 
3.90039563921365e+00 9.67430563814985e-02 7.57522990614910e-04 
3.91503127013002e+00 9.64705141602324e-02 7.60812223470041e-04 
3.92966690104639e+00 9.61958486472737e-02 7.64072684735622e-04 
3.94430253196277e+00 9.59190621951416e-02 7.67303863238877e-04 
3.95893816287914e+00 9.56401574499221e-02 7.70505248274485e-04 
3.97357379379552e+00 9.53591373536182e-02 7.73676329715100e-04 
3.98820942471189e+00 9.50760051464555e-02 7.76816598123007e-04 
4.00284505562826e+00 9.47907643691440e-02 7.80034494983411e-04 
4.01748068654464e+00 9.45032580996009e-02 7.83376064741096e-04 
4.03211631746101e+00 9.42134186394582e-02 7.86731421203606e-04 
4.04675194837739e+00 9.39212493314433e-02 7.90052122014736e-04 
4.06138757929376e+00 9.36267538851954e-02 7.93337566983442e-04 
4.07602321021013e+00 9.33299363802228e-02 7.96587157032958e-04 
4.09065884112651e+00 9.30308012687957e-02 7.99800294352941e-04 
4.10529447204288e+00 9.27293533787731e-02 8.02976382553073e-04 
4.11993010295925e+00 9.24255979163627e-02 8.06114826818120e-04 
4.13456573387563e+00 9.21195404688106e-02 8.09215034065184e-04 
4.14920136479200e+00 9.18111870070195e-02 8.12276413102439e-04 
4.16383699570838e+00 9.15005438880941e-02 8.15298374789410e-04 
4.17847262662475e+00 9.11876178578097e-02 8.18280332198624e-04 
4.19310825754112e+00 9.08724160530050e-02 8.21221700778822e-04 
4.20774388845750e+00 9.05549460038947e-02 8.24121898520173e-04 
4.22237951937387e+00 9.02352156363011e-02 8.26980346120203e-04 
4.23701515029025e+00 8.99132332738023e-02 8.29796467151479e-04 
4.25165078120662e+00 8.95890076397961e-02 8.32569688230680e-04 
4.26628641212299e+00 8.92625478594760e-02 8.35299439188365e-04 
4.28092204303937e+00 8.89338634617188e-02 8.37985153240874e-04 
4.29555767395574e+00 8.86029643808814e-02 8.40626267162943e-04 
4.31019330487212e+00 8.82698609585048e-02 8.43222221461173e-04 
4.32482893578849e+00 8.79345639449236e-02 8.45772460549045e-04 
4.33946456670486e+00 8.75970845007788e-02 8.48276432922647e-04 
4.35410019762124e+00 8.72574341984330e-02 8.50733591337530e-04 
4.36873582853761e+00 8.69156250232845e-02 8.53143392986601e-04 
4.38337145945398e+00 8.65716693749799e-02 8.55505299678415e-04 
4.39800709037036e+00 8.62255800685233e-02 8.57818778016495e-04 
4.41264272128673e+00 8.58773703352792e-02 8.60083299579470e-04 
4.42727835220311e+00 8.55270538238683e-02 8.62298341101782e-04 
4.44191398311948e+00 8.51746446009544e-02 8.64463384654681e-04 
4.45654961403585e+00 8.48201571519203e-02 8.66577917828271e-04 
4.47118524495223e+00 8.44636063814308e-02 8.68641433913636e-04 
4.48582087586860e+00 8.41050076138821e-02 8.70653432085129e-04 
4.50045650678498e+00 8.37443765937348e-02 8.72504168808273e-04 
4.51509213770135e+00 8.33819121972276e-02 8.74098746157309e-04 
4.52972776861772e+00 8.30177924271889e-02 8.75548228557917e-04 
4.54436339953410e+00 8.26520339615594e-02 8.76949158059168e-04 
4.55899903045047e+00 8.22846537957143e-02 8.78301193038432e-04 
4.57363466136685e+00 8.19156692415757e-02 8.79603997966265e-04 
4.58827029228322e+00 8.15450979266374e-02 8.80857243531461e-04 
4.60290592319959e+00 8.11729577929000e-02 8.82060606765869e-04 
4.61754155411597e+00 8.07992670957153e-02 8.83213771168597e-04 
4.63217718503234e+00 8.04240444025406e-02 8.84316426829184e-04 
4.64681281594872e+00 8.00473085916017e-02 8.85368270550934e-04 
4.66144844686509e+00 7.96690788504627e-02 8.86369005972895e-04 
4.67608407778146e+00 7.92893746745046e-02 8.87318343691025e-04 
4.69071970869784e+00 7.89082158653104e-02 8.88216001378828e-04 
4.70535533961421e+00 7.85256225289561e-02 8.89061703906999e-04 
4.71999097053058e+00 7.81416150742089e-02 8.89855183462133e-04 
4.73462660144696e+00 7.77562142106292e-02 8.90596179664193e-04 
4.74926223236333e+00 7.73694409465797e-02 8.91284439683291e-04 
4.76389786327971e+00 7.69813165871375e-02 8.91919718355134e-04 
4.77853349419608e+00 7.65918627319122e-02 8.92501778295175e-04 
4.79316912511245e+00 7.62011012727671e-02 8.93030390011795e-04 
4.80780475602883e+00 7.58090543914446e-02 8.93505332018057e-04 
4.82244038694520e+00 7.54157445570956e-02 8.93926390942065e-04 
4.83707601786158e+00 7.50211945237121e-02 8.94293361635903e-04 
4.85171164877795e+00 7.46254273274630e-02 8.94606047283304e-04 
4.86634727969432e+00 7.42284662839338e-02 8.94864259505537e-04 
4.88098291061070e+00 7.38303349852687e-02 8.95067818465746e-04 
4.89561854152707e+00 7.34310572972164e-02 8.95216552971838e-04 
4.91025417244345e+00 7.30306573560788e-02 8.95310300577504e-04 
4.92488980335982e+00 7.26291595655629e-02 8.95348907681435e-04 
4.93952543427619e+00 7.22265885935360e-02 8.95332229624738e-04 
4.95416106519257e+00 7.18229693686845e-02 8.95260130786674e-04 
4.96879669610894e+00 7.14183270770764e-02 8.95132484678189e-04 
4.98343232702531e+00 7.10126871586269e-02 8.94949174033607e-04 
4.99806795794169e+00 7.06060753034685e-02 8.94780138272415e-04 
5.01270358885806e+00 7.01983882318571e-02 8.94743768939991e-04 
5.02733921977444e+00 6.97894310776566e-02 8.94766264568236e-04 
5.04197485069081e+00 6.93792325688058e-02 8.94725680050021e-04 
5.05661048160718e+00 6.89678217773959e-02 8.94621844946119e-04 
5.07124611252356e+00 6.85552281151703e-02 8.94454600772504e-04 
5.08588174343993e+00 6.81414813288782e-02 8.94223801132807e-04 
5.10051737435631e+00 6.77266114954845e-02 8.93929311847074e-04 
5.11515300527268e+00 6.73106490172362e-02 8.93571011078036e-04 
5.12978863618905e+00 6.68936246165845e-02 8.93148789453664e-04 
5.14442426710543e+00 6.64755693309644e-02 8.92662550186342e-04 
5.15905989802180e+00 6.60565145074318e-02 8.92112209189098e-04 
5.17369552893818e+00 6.56364917971585e-02 8.91497695187675e-04 
5.18833115985455e+00 6.52155331497868e-02 8.90818949829181e-04 
5.20296679077092e+00 6.47936708076438e-02 8.90075927787302e-04 
5.21760242168730e+00 6.43709372998155e-02 8.89268596863197e-04 
5.23223805260367e+00 6.39473654360843e-02 8.88396938082694e-04 
5.24687368352004e+00 6.35229883007276e-02 8.87460945789617e-04 
5.26150931443642e+00 6.30978392461816e-02 8.86460627734790e-04 
5.27614494535279e+00 6.26719518865694e-02 8.85396005161028e-04 
5.29078057626917e+00 6.22453600910962e-02 8.84267112883821e-04 
5.30541620718554e+00 6.18180979773116e-02 8.83073999367522e-04 
5.32005183810191e+00 6.13901999042421e-02 8.81816726797293e-04 
5.33468746901829e+00 6.09617004653938e-02 8.80495371146531e-04 
5.34932309993466e+00 6.05326344816281e-02 8.79110022239469e-04 
5.36395873085104e+00 6.01030369939113e-02 8.77660783809349e-04 
5.37859436176741e+00 5.96729432559404e-02 8.76147773551764e-04 
5.39322999268378e+00 5.92423887266469e-02 8.74571123173074e-04 
5.40786562360016e+00 5.88114090625805e-02 8.72930978434029e-04 
5.42250125451653e+00 5.83800401101748e-02 8.71227499188468e-04 
5.43713688543291e+00 5.79483178978971e-02 8.69460859416793e-04 
5.45177251634928e+00 5.75162786282845e-02 8.67631247254438e-04 
5.46640814726565e+00 5.70839586698686e-02 8.65738865015209e-04 
5.48104377818203e+00 5.66513945489918e-02 8.63783929209269e-04 
5.49567940909840e+00 5.62186229415161e-02 8.61766670555991e-04 
5.51031504001478e+00 5.57856806644292e-02 8.59687333991241e-04 
5.52495067093115e+00 5.53526046673479e-02 8.57546178669324e-04 
5.53958630184752e+00 5.49194320239245e-02 8.55343477959657e-04 
5.55422193276390e+00 5.44861999231558e-02 8.53079519437523e-04 
5.56885756368027e+00 5.40529456606008e-02 8.50754604869566e-04 
5.58349319459665e+00 5.36197066295068e-02 8.48369050193774e-04 
5.59812882551302e+00 5.31865203118500e-02 8.45923185493362e-04 
5.61276445642939e+00 5.27534242692913e-02 8.43417354965256e-04 
5.62740008734577e+00 5.23204561340521e-02 8.40851916882853e-04 
5.64203571826214e+00 5.18876535997121e-02 8.38227243552962e-04 
5.65667134917851e+00 5.14550544119333e-02 8.35543721266946e-04 
5.67130698009489e+00 5.10226963591139e-02 8.32801750246013e-04 
5.68594261101126e+00 5.05906172629736e-02 8.30001744580659e-04 
5.70057824192764e+00 5.01588549690768e-02 8.27144132164224e-04 
5.71521387284401e+00 4.97274473372944e-02 8.24229354620584e-04 
5.72984950376038e+00 4.92964322322105e-02 8.21257867226015e-04 
5.74448513467676e+00 4.88658475134749e-02 8.18230138824885e-04 
5.75912076559313e+00 4.84357310261086e-02 8.15146651739667e-04 
5.77375639650951e+00 4.80061205907623e-02 8.12007901675018e-04 
5.78839202742588e+00 4.75770539939355e-02 8.08814397615627e-04 
5.80302765834225e+00 4.71485689781577e-02 8.05566661718552e-04 
5.81766328925863e+00 4.67207032321361e-02 8.02265229199248e-04 
5.83229892017500e+00 4.62934943808759e-02 7.98910648211937e-04 
5.84693455109138e+00 4.58669799757736e-02 7.95503479724013e-04 
5.86157018200775e+00 4.54411974846915e-02 7.92044297384381e-04 
5.87620581292412e+00 4.50161842820148e-02 7.88533687386229e-04 
5.89084144384050e+00 4.45919776386967e-02 7.84972248323700e-04 
5.90547707475687e+00 4.41686147122961e-02 7.81360591042867e-04 
5.92011270567324e+00 4.37461325370110e-02 7.77699338487000e-04 
5.93474833658962e+00 4.33245680137139e-02 7.73989125535933e-04 
5.94938396750599e+00 4.29039578999917e-02 7.70230598839774e-04 
5.96401959842237e+00 4.24843388001959e-02 7.66424416646984e-04 
5.97865522933874e+00 4.20657471555072e-02 7.62571248626807e-04 
5.99329086025511e+00 4.16482192340187e-02 7.58674485783042e-04 
6.00792649117149e+00 4.12317850047818e-02 7.54796678047424e-04 
6.02256212208786e+00 4.08163402934681e-02 7.50933577801070e-04 
6.03719775300424e+00 4.04019238606871e-02 7.47021481353480e-04 
6.05183338392061e+00 3.99885742829671e-02 7.43061124797716e-04 
6.06646901483698e+00 3.95763299414898e-02 7.39053256540696e-04 
6.08110464575336e+00 3.91652290108554e-02 7.34998637079210e-04 
6.09574027666973e+00 3.87553094478834e-02 7.30898038769440e-04 
6.11037590758611e+00 3.83466089804556e-02 7.26752245590205e-04 
6.12501153850248e+00 3.79391650964061e-02 7.22562052899859e-04 
6.13964716941885e+00 3.75330150324645e-02 7.18328267187059e-04 
6.15428280033523e+00 3.71281957632580e-02 7.14051705815531e-04 
6.16891843125160e+00 3.67247439903768e-02 7.09733196762848e-04 
6.18355406216797e+00 3.63226961315108e-02 7.05373578353321e-04 
6.19818969308435e+00 3.59220883096612e-02 7.00973698985127e-04 
6.21282532400072e+00 3.55229563424333e-02 6.96534416851869e-04 
6.22746095491710e+00 3.51253357314170e-02 6.92056599658594e-04 
6.24209658583347e+00 3.47292616516590e-02 6.87541124332456e-04 
6.25673221674985e+00 3.43347689412340e-02 6.82988876728163e-04 
6.27136784766622e+00 3.39418920909192e-02 6.78400751328228e-04 
6.28600347858259e+00 3.35506652339786e-02 6.73777650938279e-04 
6.30063910949897e+00 3.31611221360621e-02 6.69120486377611e-04 
6.31527474041534e+00 3.27732961852252e-02 6.64430176164998e-04 
6.32991037133171e+00 3.23872203820742e-02 6.59707646200010e-04 
6.34454600224809e+00 3.20029273300434e-02 6.54953829439922e-04 
6.35918163316446e+00 3.16204492258087e-02 6.50169665572469e-04 
6.37381726408084e+00 3.12398178498432e-02 6.45356100684580e-04 
6.38845289499721e+00 3.08610645571208e-02 6.40514086927165e-04 
6.40308852591358e+00 3.04842202679714e-02 6.35644582176243e-04 
6.41772415682996e+00 3.01093154590945e-02 6.30748549690611e-04 
6.43235978774633e+00 2.97363801547357e-02 6.25826957766140e-04 
6.44699541866271e+00 2.93654439180307e-02 6.20880779386861e-04 
6.46163104957908e+00 2.89965358425218e-02 6.15910991873158e-04 
6.47626668049545e+00 2.86296845438530e-02 6.10918576527175e-04 
6.49090231141183e+00 2.82649181516464e-02 6.05904518275641e-04 
6.50553794232820e+00 2.79022643015662e-02 6.00869805310292e-04 
6.52017357324458e+00 2.75417501275743e-02 5.95815428726174e-04 
6.53480920416095e+00 2.71834022543818e-02 5.90742382157915e-04 
6.54944483507732e+00 2.68272467901014e-02 5.85651661414183e-04 
6.56408046599370e+00 2.64733093191040e-02 5.80544264110685e-04 
6.57871609691007e+00 2.61216148950850e-02 5.75421189301758e-04 
6.59335172782644e+00 2.57721880343428e-02 5.70283437110803e-04 
6.60798735874282e+00 2.54250527092745e-02 5.65132008359789e-04 
6.62262298965919e+00 2.50802323420929e-02 5.59967904198066e-04 
6.63725862057557e+00 2.47377497987672e-02 5.54792125730705e-04 
6.65189425149194e+00 2.43976273831919e-02 5.49605673646497e-04 
6.66652988240831e+00 2.40598868315875e-02 5.44409547845894e-04 
6.68116551332469e+00 2.37245493071353e-02 5.39204747069222e-04 
6.69580114424106e+00 2.33916353948506e-02 5.33992268525161e-04 
6.71043677515744e+00 2.30611650966970e-02 5.28773107519845e-04 
6.72507240607381e+00 2.27331578269432e-02 5.23548257086861e-04 
6.73970803699018e+00 2.24076324077684e-02 5.18318707618267e-04 
6.75434366790656e+00 2.20846070651145e-02 5.13085446496855e-04 
6.76897929882293e+00 2.17640994247918e-02 5.07849457729959e-04 
6.78361492973931e+00 2.14461265088369e-02 5.02611721584990e-04 
6.79825056065568e+00 2.11307047321278e-02 4.97373214226899e-04 
6.81288619157205e+00 2.08178498992556e-02 4.92134907357808e-04 
6.82752182248843e+00 2.05075772016569e-02 4.86897767859022e-04 
6.84215745340480e+00 2.01999012150069e-02 4.81662757435693e-04 
6.85679308432117e+00 1.98948358968748e-02 4.76430832264278e-04 
6.87142871523755e+00 1.95923945846447e-02 4.71202942643094e-04 
6.88606434615392e+00 1.92925899936996e-02 4.65980032646103e-04 
6.90069997707030e+00 1.89954342158731e-02 4.60763039780157e-04 
6.91533560798667e+00 1.87009387181670e-02 4.55552894645961e-04 
6.92997123890304e+00 1.84091143417369e-02 4.50350520603000e-04 
6.94460686981942e+00 1.81199713011454e-02 4.45156833438466e-04 
6.95924250073579e+00 1.78335191838833e-02 4.39972741040561e-04 
6.97387813165217e+00 1.75497669501594e-02 4.34799143076350e-04 
6.98851376256854e+00 1.72687229329581e-02 4.29636930674266e-04 
7.00314939348491e+00 1.69903948383650e-02 4.24613977705524e-04 
7.01778502440129e+00 1.67144428720494e-02 4.19774123697859e-04 
7.03242065531766e+00 1.64407510286729e-02 4.14979177645956e-04 
7.04705628623404e+00 1.61693446017312e-02 4.10176839151235e-04 
7.06169191715041e+00 1.59002480843778e-02 4.05368395360727e-04 
7.07632754806678e+00 1.56334851612273e-02 4.00555129205295e-04 
7.09096317898316e+00 1.53690787006437e-02 3.95738318729834e-04 
7.10559880989953e+00 1.51070507475225e-02 3.90919236427035e-04 
7.12023444081591e+00 1.48474225165703e-02 3.86099148575206e-04 
7.13487007173228e+00 1.45902143860893e-02 3.81279314580736e-04 
7.14950570264865e+00 1.43354458922695e-02 3.76460986325805e-04 
7.16414133356503e+00 1.40831357239950e-02 3.71645407521884e-04 
7.17877696448140e+00 1.38333017181673e-02 3.66833813069592e-04 
7.19341259539778e+00 1.35859608555495e-02 3.62027428425419e-04 
7.20804822631415e+00 1.33411292571343e-02 3.57227468975983e-04 
7.22268385723052e+00 1.30988221810391e-02 3.52435139420266e-04 
7.23731948814690e+00 1.28590540199293e-02 3.47651633160425e-04 
7.25195511906327e+00 1.26218382989719e-02 3.42878131701673e-04 
7.26659074997964e+00 1.23871876743208e-02 3.38115804061781e-04 
7.28122638089602e+00 1.21551139321339e-02 3.33365806190711e-04 
7.29586201181239e+00 1.19256279881227e-02 3.28629280400878e-04 
7.31049764272877e+00 1.16987398876333e-02 3.23907354808567e-04 
7.32513327364514e+00 1.14744588062590e-02 3.19201142786945e-04 
7.33976890456151e+00 1.12527930509820e-02 3.14511742431184e-04 
7.35440453547789e+00 1.10337500618426e-02 3.09840236036126e-04 
7.36904016639426e+00 1.08173364141346e-02 3.05187689586973e-04 
7.38367579731064e+00 1.06035578211227e-02 3.00555152263404e-04 
7.39831142822701e+00 1.03924191372785e-02 2.95943655957564e-04 
7.41294705914338e+00 1.01839243620327e-02 2.91354214806326e-04 
7.42758269005976e+00 9.97807664403755e-03 2.86787824738205e-04 
7.44221832097613e+00 9.77487828593559e-03 2.82245463035355e-04 
7.45685395189250e+00 9.57433074962899e-03 2.77728087910907e-04 
7.47148958280888e+00 9.37643466204393e-03 2.73236638102116e-04 
7.48612521372525e+00 9.18118982138348e-03 2.68772032479567e-04 
7.50076084464163e+00 8.98859520386253e-03 2.64335169672741e-04 
7.51539647555800e+00 8.79864897091741e-03 2.59926927712296e-04 
7.53003210647437e+00 8.61134847688252e-03 2.55548163689292e-04 
7.54466773739075e+00 8.42669027712604e-03 2.51199713431627e-04 
7.55930336830712e+00 8.24467013663615e-03 2.46882391197902e-04 
7.57393899922350e+00 8.06528303904879e-03 2.42596989388974e-04 
7.58857463013987e+00 7.88852319610766e-03 2.38344278277351e-04 
7.60321026105624e+00 7.71438405754675e-03 2.34125005754628e-04 
7.61784589197262e+00 7.54285832138530e-03 2.29939897097137e-04 
7.63248152288899e+00 7.37393794462453e-03 2.25789654749907e-04 
7.64711715380537e+00 7.20761415433557e-03 2.21674958129066e-04 
7.66175278472174e+00 7.04387745912712e-03 2.17596463442823e-04 
7.67638841563811e+00 6.88271766098146e-03 2.13554803531044e-04 
7.69102404655449e+00 6.72412386744689e-03 2.09550587723511e-04 
7.70565967747086e+00 6.56808450417445e-03 2.05584401716880e-04 
7.72029530838723e+00 6.41458732778651e-03 2.01656807470367e-04 
7.73493093930361e+00 6.26361943906440e-03 1.97768343120152e-04 
7.74956657021998e+00 6.11516729644219e-03 1.93919522912456e-04 
7.76420220113636e+00 5.96921672979334e-03 1.90110837155249e-04 
7.77883783205273e+00 5.82575295449683e-03 1.86342752188530e-04 
7.79347346296910e+00 5.68476058576892e-03 1.82615710373077e-04 
7.80810909388548e+00 5.54622365324693e-03 1.78930130097540e-04 
7.82274472480185e+00 5.41012561581083e-03 1.75286405803777e-04 
7.83738035571823e+00 5.27644937662852e-03 1.71684908030267e-04 
7.85201598663460e+00 5.14517729841037e-03 1.68125983473413e-04 
7.86665161755097e+00 5.01629121885874e-03 1.64609955066566e-04 
7.88128724846735e+00 4.88977246629774e-03 1.61137122076554e-04 
7.89592287938372e+00 4.76560187546865e-03 1.57707760217477e-04 
7.91055851030010e+00 4.64375980347636e-03 1.54322121781536e-04 
7.92519414121647e+00 4.52422614587194e-03 1.50980435786623e-04 
7.93982977213284e+00 4.40698035285655e-03 1.47682908140384e-04 
7.95446540304922e+00 4.29200144559202e-03 1.44429721820466e-04 
7.96910103396559e+00 4.17926803260314e-03 1.41221037070627e-04 
7.98373666488197e+00 4.06875832625691e-03 1.38056991612376e-04 
7.99837229579834e+00 3.96045015930409e-03 1.34925043937132e-04 
8.01300792671471e+00 3.85436458484338e-03 1.31807018311610e-04 
8.02764355763109e+00 3.75054241058743e-03 1.28718975350003e-04 
8.04227918854746e+00 3.64895233906671e-03 1.25682759571244e-04 
8.05691481946383e+00 3.54956305449059e-03 1.22698067437232e-04 
8.07155045038021e+00 3.45234323564158e-03 1.19764581949589e-04 
8.08618608129658e+00 3.35726156857738e-03 1.16881973029497e-04 
8.10082171221296e+00 3.26428675913478e-03 1.14049897900405e-04 
8.11545734312933e+00 3.17338754522926e-03 1.11268001473237e-04 
8.13009297404570e+00 3.08453270894493e-03 1.08535916733772e-04 
8.14472860496208e+00 2.99769108840902e-03 1.05853265131871e-04 
8.15936423587845e+00 2.91283158944605e-03 1.03219656972197e-04 
8.17399986679483e+00 2.82992319700660e-03 1.00634691806127e-04 
8.18863549771120e+00 2.74893498636595e-03 9.80979588244859e-05 
8.20327112862757e+00 2.66983613408838e-03 9.56090372508212e-05 
8.21790675954395e+00 2.59259592875275e-03 9.31674967348574e-05 
8.23254239046032e+00 2.51718378143555e-03 9.07728977458404e-05 
8.24717802137670e+00 2.44356923594781e-03 8.84247919654469e-05 
8.26181365229307e+00 2.37172197882244e-03 8.61227226799468e-05 
8.27644928320944e+00 2.30161184904885e-03 8.38662251713142e-05 
8.29108491412582e+00 2.23320884755204e-03 8.16548271069957e-05 
8.30572054504219e+00 2.16648314641356e-03 7.94880489280334e-05 
8.32035617595857e+00 2.10140509783193e-03 7.73654042352560e-05 
8.33499180687494e+00 2.03794524282050e-03 7.52864001732528e-05 
8.34962743779131e+00 1.97607431964089e-03 7.32505378118595e-05 
8.36426306870769e+00 1.91576327197042e-03 7.12573125248796e-05 
8.37889869962406e+00 1.85698325680230e-03 6.93062143657768e-05 
8.39353433054043e+00 1.79970565207735e-03 6.73967284400893e-05 
8.40816996145681e+00 1.74390206404660e-03 6.55283352743031e-05 
8.42280559237318e+00 1.68954433436411e-03 6.37005111809519e-05 
8.43744122328956e+00 1.63660454690968e-03 6.19127286197047e-05 
8.45207685420593e+00 1.58505503434138e-03 6.01644565542082e-05 
8.46671248512230e+00 1.53486838437811e-03 5.84551608044678e-05 
8.48134811603868e+00 1.48601744581239e-03 5.67843043945543e-05 
8.49598374695505e+00 1.43847533425431e-03 5.51513478954313e-05 
8.51061937787143e+00 1.39221543760709e-03 5.35557497627061e-05 
8.52525500878780e+00 1.34721142127567e-03 5.19969666691135e-05 
8.53989063970417e+00 1.30343723310936e-03 5.04744538315553e-05 
8.55452627062055e+00 1.26086710808017e-03 4.89876653325238e-05 
8.56916190153692e+00 1.21947557269852e-03 4.75360544357424e-05 
8.58379753245330e+00 1.17923744916807e-03 4.61190738958728e-05 
8.59843316336967e+00 1.14012785928205e-03 4.47361762621379e-05 
8.61306879428604e+00 1.10212222806309e-03 4.33868141757272e-05 
8.62770442520242e+00 1.06519628714922e-03 4.20704406608535e-05 
8.64234005611879e+00 1.02932607792864e-03 4.07865094093394e-05 
8.65697568703517e+00 9.94487954426024e-04 3.95344750586217e-05 
8.67161131795154e+00 9.60658585943456e-04 3.83137934630756e-05 
8.68624694886791e+00 9.27814959459113e-04 3.71239219585575e-05 
8.70088257978429e+00 8.95934381786997e-04 3.59643196200819e-05 
8.71551821070066e+00 8.64994481501212e-04 3.48344475125594e-05 
8.73015384161704e+00 8.34973210628372e-04 3.37337689345219e-05 
8.74478947253341e+00 8.05848846111912e-04 3.26617496547764e-05 
8.75942510344978e+00 7.77599991052152e-04 3.16178581419335e-05 
8.77406073436616e+00 7.50205575726134e-04 3.06015657867707e-05 
8.78869636528253e+00 7.23644858391344e-04 2.96123471173912e-05 
8.80333199619890e+00 6.97897425877550e-04 2.86496800071494e-05 
8.81796762711528e+00 6.72943193971082e-04 2.77130458753261e-05 
8.83260325803165e+00 6.48762407595997e-04 2.68019298805415e-05 
8.84723888894803e+00 6.25335640796639e-04 2.59158211068987e-05 
8.86187451986440e+00 6.02643796526204e-04 2.50542127428635e-05 
8.87651015078077e+00 5.80668106245990e-04 2.42166022528901e-05 
8.89114578169715e+00 5.59390129340087e-04 2.34024915418105e-05 
8.90578141261352e+00 5.38791752350323e-04 2.26113871120113e-05 
8.92041704352989e+00 5.18855188036342e-04 2.18428002134326e-05 
8.93505267444627e+00 4.99562974265735e-04 2.10962469864248e-05 
8.94968830536264e+00 4.80897972739202e-04 2.03712485975087e-05 
8.96432393627902e+00 4.62843367555746e-04 1.96673313680914e-05 
8.97895956719539e+00 4.45382663622946e-04 1.89840268961947e-05 
8.99359519811176e+00 4.28499684917368e-04 1.83208721712595e-05 
9.00823082902814e+00 4.12178572600205e-04 1.76774096820945e-05 
9.02286645994451e+00 3.96403782993255e-04 1.70531875180469e-05 
9.03750209086089e+00 3.81160085420314e-04 1.64477594634720e-05 
9.05213772177726e+00 3.66432559919135e-04 1.58606850855879e-05 
9.06677335269363e+00 3.52206594829025e-04 1.52915298158067e-05 
9.08140898361001e+00 3.38467884259192e-04 1.47398650246351e-05 
9.09604461452638e+00 3.25202425442921e-04 1.42052680902456e-05 
9.11068024544276e+00 3.12396515982643e-04 1.36873224608203e-05 
9.12531587635913e+00 3.00036750990930e-04 1.31856177107758e-05 
9.13995150727550e+00 2.88110020132420e-04 1.26997495909799e-05 
9.15458713819188e+00 2.76603504571657e-04 1.22293200730757e-05 
9.16922276910825e+00 2.65504673831764e-04 1.17739373880309e-05 
9.18385840002463e+00 2.54801282568845e-04 1.13332160590340e-05 
9.19849403094100e+00 2.44481367266950e-04 1.09067769288621e-05 
9.21312966185737e+00 2.34533242858399e-04 1.04942471818458e-05 
9.22776529277375e+00 2.24945499274185e-04 1.00952603605626e-05 
9.24240092369012e+00 2.15706997929135e-04 9.70945637738907e-06 
9.25703655460650e+00 2.06806868146423e-04 9.33648152104578e-06 
9.27167218552287e+00 1.98234503525989e-04 8.97598845827122e-06 
9.28630781643924e+00 1.89979558261313e-04 8.62763623076099e-06 
9.30094344735562e+00 1.82031943408945e-04 8.29109024751014e-06 
9.31557907827199e+00 1.74381823115109e-04 7.96602227270013e-06 
9.33021470918836e+00 1.67019610803607e-04 7.65211040926951e-06 
9.34485034010474e+00 1.59935965329179e-04 7.34903907830957e-06 
9.35948597102111e+00 1.53121787100385e-04 7.05649899442760e-06 
9.37412160193749e+00 1.46568214175993e-04 6.77418713721983e-06 
9.38875723285386e+00 1.40266618338748e-04 6.50180671899597e-06 
9.40339286377023e+00 1.34208601150333e-04 6.23906714889816e-06 
9.41802849468661e+00 1.28385989991226e-04 5.98568399355667e-06 
9.43266412560298e+00 1.22790834089048e-04 5.74137893442397e-06 
9.44729975651936e+00 1.17415400538932e-04 5.50587972192858e-06 
9.46193538743573e+00 1.12252170319310e-04 5.27892012658930e-06 
9.47657101835210e+00 1.07293834306454e-04 5.06023988722985e-06 
9.49120664926848e+00 1.02533289290968e-04 4.84958465643228e-06 
9.50584228018485e+00 9.79636339993581e-05 4.64670594336713e-06 
9.52047791110123e+00 9.35781651236880e-05 4.45136105413675e-06 
9.53511354201760e+00 8.93703733622401e-05 4.26331302976619e-06 
9.54974917293397e+00 8.53339394739841e-05 4.08233058197548e-06 
9.56438480385035e+00 8.14627303495668e-05 3.90818802686467e-06 
9.57902043476672e+00 7.77507951014274e-05 3.74066521664167e-06 
9.59365606568310e+00 7.41923611755421e-05 3.57954746952053e-06 
9.60829169659947e+00 7.07818304871994e-05 3.42462549791638e-06 
9.62292732751584e+00 6.75137755831073e-05 3.27569533506055e-06 
9.63756295843222e+00 6.43829358320312e-05 3.13255826015738e-06 
9.65219858934859e+00 6.13842136460608e-05 2.99502072220211e-06 
9.66683422026497e+00 5.85126707345061e-05 2.86289426257678e-06 
9.68146985118134e+00 5.57635243923213e-05 2.73599543653805e-06 
9.69610548209771e+00 5.31321438248599e-05 2.61414573370928e-06 
9.71074111301409e+00 5.06140465106657e-05 2.49717149768576e-06 
9.72537674393046e+00 4.82048946039096e-05 2.38490384485976e-06 
9.74001237484683e+00 4.59004913779868e-05 2.27717858256919e-06 
9.75464800576321e+00 4.36967777116966e-05 2.17383612667104e-06 
9.76928363667958e+00 4.15898286193358e-05 2.07472141863777e-06 
9.78391926759596e+00 3.95758498259434e-05 1.97968384227205e-06 
9.79855489851233e+00 3.76511743888506e-05 1.88857714013253e-06 
9.81319052942870e+00 3.58122593665987e-05 1.80125932976018e-06 
9.82782616034508e+00 3.40556825362038e-05 1.71759261979199e-06 
9.84246179126145e+00 3.23781391596649e-05 1.63744332604577e-06 
9.85709742217782e+00 3.07764388005278e-05 1.56068178765694e-06 
9.87173305309420e+00 2.92475021912403e-05 1.48718228334530e-06 
9.88636868401057e+00 2.77883581519524e-05 1.41682294788656e-06 
9.90100431492695e+00 2.63961405613443e-05 1.34948568886072e-06 
9.91563994584332e+00 2.50680853799862e-05 1.28505610374643e-06 
9.93027557675969e+00 2.38015277266654e-05 1.22342339742739e-06 
9.94491120767607e+00 2.25938990080444e-05 1.16448030017394e-06 
9.95954683859244e+00 2.14427241019477e-05 1.10812298616035e-06 
9.97418246950882e+00 2.03456185945076e-05 1.05425099257516e-06 
9.98881810042519e+00 1.93002860713366e-05 1.00276713937918e-06 
1.00034537313416e+01 1.83045154628340e-05 9.53109195079899e-07 
1.00180893622579e+01 1.73584582102719e-05 9.05101482595403e-07 
1.00327249931743e+01 1.64604951886900e-05 8.59278472852867e-07 
1.00473606240907e+01 1.56082232037149e-05 8.15735486760267e-07 
1.00619962550071e+01 1.47993569218786e-05 7.74361192090697e-07 
1.00766318859234e+01 1.40317232072549e-05 7.35049582062927e-07 
1.00912675168398e+01 1.33032557241654e-05 6.97699726329317e-07 
1.01059031477562e+01 1.26119897937624e-05 6.62215533316186e-07 
1.01205387786726e+01 1.19560574928419e-05 6.28505523413651e-07 
1.01351744095889e+01 1.13336829837597e-05 5.96482612533450e-07 
1.01498100405053e+01 1.07431780648183e-05 5.66063905574065e-07 
1.01644456714217e+01 1.01829379309709e-05 5.37170499352221e-07 
1.01790813023381e+01 9.65143713514093e-06 5.09727294578798e-07 
1.01937169332544e+01 9.14722574089294e-06 4.83662816475495e-07 
1.02083525641708e+01 8.66892565760651e-06 4.58909043645999e-07 
1.02229881950872e+01 8.21522714970181e-06 4.35401244832099e-07 
1.02376238260035e+01 7.78488551184776e-06 4.13077823201315e-07 
1.02522594569199e+01 7.37671790244726e-06 3.91880167827871e-07 
1.02668950878363e+01 6.98960032804210e-06 3.71752512043622e-07 
1.02815307187527e+01 6.62246477161342e-06 3.52641798349619e-07 
1.02961663496690e+01 6.27429645807168e-06 3.34497549592490e-07 
1.03108019805854e+01 5.94413125053468e-06 3.17271746122784e-07 
1.03254376115018e+01 5.63105317128294e-06 3.00918708664786e-07 
1.03400732424182e+01 5.33419204156001e-06 2.85394986639197e-07 
1.03547088733345e+01 5.05272123465091e-06 2.70659251691418e-07 
1.03693445042509e+01 4.78585553692626e-06 2.56672196189062e-07 
1.03839801351673e+01 4.53284911178208e-06 2.43396436462765e-07 
1.03986157660837e+01 4.29299356163766e-06 2.30796420574305e-07 
1.04132513970000e+01 4.06561608337531e-06 2.18838340405590e-07 
1.04278870279164e+01 3.85007771281785e-06 2.07490047871246e-07 
1.04425226588328e+01 3.64577165404185e-06 1.96720975066265e-07 
1.04571582897492e+01 3.45212168951835e-06 1.86502058168538e-07 
1.04717939206655e+01 3.26858066725707e-06 1.76805664924139e-07 
1.04864295515819e+01 3.09462906130694e-06 1.67605525550877e-07 
1.05010651824983e+01 2.92977360213399e-06 1.58876666902968e-07 
1.05157008134147e+01 2.77354597355888e-06 1.50595349746722e-07 
1.05303364443310e+01 2.62550157308971e-06 1.42739009003844e-07 
1.05449720752474e+01 2.48521833263291e-06 1.35286196825358e-07 
1.05596077061638e+01 2.35229559670488e-06 1.28216528365359e-07 
1.05742433370801e+01 2.22635305540093e-06 1.21510630129630e-07 
1.05888789679965e+01 2.10702972950609e-06 1.15150090779812e-07 
1.06035145989129e+01 1.99398300525380e-06 1.09117414279184e-07 
1.06181502298293e+01 1.88688771635557e-06 1.03395975271269e-07 
1.06327858607456e+01 1.78543527103532e-06 9.79699765873736e-08 
1.06474214916620e+01 1.68933282190850e-06 9.28244087839102e-08 
1.06620571225784e+01 1.59830247664725e-06 8.79450116148044e-08 
1.06766927534948e+01 1.51208054746941e-06 8.33182373486329e-08 
1.06913283844111e+01 1.43041683758159e-06 7.89312158442136e-08 
1.07059640153275e+01 1.35307396279428e-06 7.47717213023151e-08 
1.07205996462439e+01 1.27982670661112e-06 7.08281406149034e-08 
1.07352352771603e+01 1.21046140717444e-06 6.70894432369351e-08 
1.07498709080766e+01 1.14477537452560e-06 6.35451525091285e-08 
1.07645065389930e+01 1.08257633671170e-06 6.01853183634321e-08 
1.07791421699094e+01 1.02368191333950e-06 5.70004913460346e-08 
1.07937778008258e+01 9.67919115244088e-07 5.39816978957501e-08 
1.08084134317421e+01 9.15123869002691e-07 5.11204168184847e-08 
1.08230490626585e+01 8.65140565084694e-07 4.84085569012039e-08 
1.08376846935749e+01 8.17821628486294e-07 4.58384356114411e-08 
1.08523203244913e+01 7.73027110753128e-07 4.34027588308756e-08 
1.08669559554076e+01 7.30624302346527e-07 4.10946015738879e-08 
1.08815915863240e+01 6.90487364358948e-07 3.89073896442759e-08 
1.08962272172404e+01 6.52496978631663e-07 3.68348821854837e-08 
1.09108628481567e+01 6.16540015373148e-07 3.48711550817677e-08 
1.09254984790731e+01 5.82509217419825e-07 3.30105851697060e-08 
1.09401341099895e+01 5.50302900322001e-07 3.12478352213475e-08 
1.09547697409059e+01 5.19824667477127e-07 2.95778396620953e-08 
1.09694053718222e+01 4.90983139569922e-07 2.79957909881492e-08 
1.09840410027386e+01 4.63691697614555e-07 2.64971268499735e-08 
1.09986766336550e+01 4.37868238928107e-07 2.50775177698219e-08 
1.10133122645714e+01 4.13434945396879e-07 2.37328554628549e-08 
1.10279478954877e+01 3.90318063427999e-07 2.24592417328114e-08 
1.10425835264041e+01 3.68447695008190e-07 2.12529779145620e-08 
1.10572191573205e+01 3.47757599319540e-07 2.01105548371706e-08 
1.10718547882369e+01 3.28185004388844e-07 1.90286432823380e-08 
1.10864904191532e+01 3.09670428272489e-07 1.80040849142809e-08 
1.11011260500696e+01 2.92157509303057e-07 1.70338836582347e-08 
1.11157616809860e+01 2.75592844946910e-07 1.61151975058457e-08 
1.11303973119024e+01 2.59925838843982e-07 1.52453307267462e-08 
1.11450329428187e+01 2.45108555621901e-07 1.44217264665884e-08 
1.11596685737351e+01 2.31095583096524e-07 1.36419597127524e-08 
1.11743042046515e+01 2.17843901489899e-07 1.29037306098292e-08 
1.11889398355679e+01 2.05312759314779e-07 1.22048581078393e-08 
1.12035754664842e+01 1.93463555591949e-07 1.15432739269520e-08 
1.12182110974006e+01 1.82259728083075e-07 1.09170168232524e-08 
1.12328467283170e+01 1.71666647237306e-07 1.03242271408336e-08 
1.12474823592333e+01 1.61651515564744e-07 9.76314163620176e-09 
1.12621179901497e+01 1.52183272163998e-07 9.23208856164914e-09 
1.12767536210661e+01 1.43232502144497e-07 8.72948299489082e-09 
1.12913892519825e+01 1.34771350697024e-07 8.25382240287131e-09 
1.13060248828988e+01 1.26773441578116e-07 7.80368242822744e-09 
1.13206605138152e+01 1.19213799785555e-07 7.37771288744810e-09 
1.13352961447316e+01 1.12068778213234e-07 6.97463397029977e-09 
1.13499317756480e+01 1.05315988084123e-07 6.59323263058960e-09 
1.13645674065643e+01 9.89342329701013e-08 6.23235915881679e-09 
1.13792030374807e+01 9.29034462168784e-08 5.89092392772060e-09 
1.13938386683971e+01 8.72046316012959e-08 5.56789430216804e-09 
1.14084742993135e+01 8.18198070568718e-08 5.26229170523897e-09 
1.14231099302298e+01 7.67319513116503e-08 4.97318883276143e-09 
1.14377455611462e+01 7.19249532901857e-08 4.69970700892655e-09 
1.14523811920626e+01 6.73835641388939e-08 4.44101367597051e-09 
1.14670168229790e+01 6.30933517410386e-08 4.19632001125268e-09 
1.14816524538953e+01 5.90406575943158e-08 3.96487866538387e-09 
1.14962880848117e+01 5.52125559303595e-08 3.74598161536877e-09 
1.15109237157281e+01 5.15968149615485e-08 3.53895812702142e-09 
1.15255593466445e+01 4.81818601462432e-08 3.34317282119301e-09 
1.15401949775608e+01 4.49567393690571e-08 3.15802383861924e-09 
1.15548306084772e+01 4.19110899379666e-08 2.98234846018004e-09 
1.15694662393936e+01 3.90362198743508e-08 2.81456772238589e-09 
1.15841018703099e+01 3.63249230439225e-08 2.65391539474699e-09 
1.15987375012263e+01 3.37701066777227e-08 2.50029314851043e-09 
1.16133731321427e+01 3.13647715925513e-08 2.35360041883644e-09 
1.16280087630591e+01 2.91020340264843e-08 2.21349267592849e-09 
1.16426443939754e+01 2.69755616480953e-08 2.07941103411551e-09 
1.16572800248918e+01 2.49795877618990e-08 1.95105739235145e-09 
1.16719156558082e+01 2.31084068646184e-08 1.82840401350351e-09 
1.16865512867246e+01 2.13563193534141e-08 1.71143232822637e-09 
1.17011869176409e+01 1.97176637858990e-08 1.60009320179641e-09 
1.17158225485573e+01 1.81868451326279e-08 1.49431059930503e-09 
1.17304581794737e+01 1.67583596870614e-08 1.39396493047816e-09 
1.17450938103901e+01 1.54268537339452e-08 1.29890324812643e-09 
1.17597294413064e+01 1.41871338172682e-08 1.20898413409009e-09 
1.17743650722228e+01 1.30341355318725e-08 1.12407315401398e-09 
1.17890007031392e+01 1.19629379282112e-08 1.04402255410535e-09 
1.18036363340556e+01 1.09687752304239e-08 9.68673841285708e-10 
1.18182719649719e+01 1.00470461098728e-08 8.97860126928258e-10 
1.18329075958883e+01 9.19332074601333e-09 8.31345301637789e-10 
1.18475432268047e+01 8.40346171730007e-09 7.68835787714669e-10 
1.18621788577210e+01 7.67362529278572e-09 7.10115298710046e-10 
1.18768144886374e+01 7.00011596108139e-09 6.55045900236237e-10 
1.18914501195538e+01 6.37936873299722e-09 6.03493881092161e-10 
1.19060857504702e+01 5.80795657865756e-09 5.55318912953170e-10 
1.19207213813865e+01 5.28259584727845e-09 5.10375975208282e-10 
1.19353570123029e+01 4.80014989030719e-09 4.68517065027105e-10 
1.19499926432193e+01 4.35763109581283e-09 4.29592705538914e-10 
1.19646282741357e+01 3.95220152880340e-09 3.93453265328391e-10 
1.19792639050520e+01 3.58117235873962e-09 3.59950102577111e-10 
1.19938995359684e+01 3.24200224209809e-09 3.28936483015239e-10 
1.20085351668848e+01 2.93229539441994e-09 3.00267917400553e-10 
1.20231707978012e+01 2.64980284753835e-09 2.73804239555428e-10 
1.20378064287175e+01 2.39240631158983e-09 2.49410240728196e-10 
1.20524420596339e+01 2.15812121140304e-09 2.26954028472889e-10 
1.20670776905503e+01 1.94509187870872e-09 2.06308627710107e-10 
1.20817133214667e+01 1.75158644343277e-09 1.87352249135138e-10 
1.20963489523830e+01 1.57599150768558e-09 1.69968478038660e-10 
1.21109845832994e+01 1.41680667628667e-09 1.54046393008971e-10 
1.21256202142158e+01 1.27263900855180e-09 1.39480623326115e-10 
1.21402558451322e+01 1.14219744762470e-09 1.26171353200360e-10 
1.21548914760485e+01 1.02428727584927e-09 1.14024280357891e-10 
1.21695271069649e+01 9.17804637539121e-10 1.02950535841684e-10 
1.21841627378813e+01 8.21731163990401e-10 9.28665712805314e-11 
1.21987983687977e+01 7.35128729677779e-10 8.36940192882586e-11 
1.22134339997140e+01 6.57134363246502e-10 7.53595320915517e-11 
1.22280696306304e+01 5.86955332135050e-10 6.77946029507937e-11 
1.22427052615468e+01 5.23864415402981e-10 6.09353744356357e-11 
1.22573408924631e+01 4.67195375564088e-10 5.47224371466170e-11 
1.22719765233795e+01 4.16338636903193e-10 4.91006220364777e-11 
1.22866121542959e+01 3.70737174852621e-10 4.40187890798610e-11 
1.23012477852123e+01 3.29882618488800e-10 3.94296146674265e-11 
1.23158834161286e+01 2.93311566048377e-10 3.52893797592709e-11 
1.23305190470450e+01 2.60602111525536e-10 3.15577605219463e-11 
1.23451546779614e+01 2.31370578867789e-10 2.81976228920639e-11 
1.23597903088778e+01 2.05268459007743e-10 2.51748222560782e-11 
1.23744259397941e+01 1.81979543926036e-10 2.24580092088744e-11 
1.23890615707105e+01 1.61217251110158e-10 2.00184421516329e-11 
1.24036972016269e+01 1.42722131131307e-10 1.78298073105117e-11 
1.24183328325433e+01 1.26259550584383e-10 1.58680466003059e-11 
1.24329684634596e+01 1.11617542304149e-10 1.41111936197925e-11 
1.24476040943760e+01 9.86048145643876e-11 1.25392179463177e-11 
1.24622397252924e+01 8.70489108692440e-11 1.11338777947791e-11 
1.24768753562088e+01 7.67945119409264e-11 9.87858101896279e-12 
1.24915109871251e+01 6.77018715812734e-11 8.75825435977474e-12 
1.25061466180415e+01 5.96453782233849e-11 7.75922078387304e-12 
1.25207822489579e+01 5.25122341819877e-11 6.86908470625976e-12 
1.25354178798743e+01 4.62012448471174e-11 6.07662485030905e-12 
1.25500535107906e+01 4.06217103358955e-11 5.37169446735233e-12 
1.25646891417070e+01 3.56924124135847e-11 4.74512861425910e-12 
1.25793247726234e+01 3.13406898106679e-11 4.18865817046919e-12 
1.25939604035397e+01 2.75015953912729e-11 3.69483026475859e-12 
1.26085960344561e+01 2.41171289645772e-11 3.25693477584570e-12 
1.26232316653725e+01 2.11355398703411e-11 2.86893656902742e-12 
1.26378672962889e+01 1.85106938086189e-11 2.52541313271314e-12 
1.26525029272052e+01 1.62014987187759e-11 2.22149728339991e-12 
1.26671385581216e+01 1.41713848415479e-11 1.95282461477169e-12 
1.26817741890380e+01 1.23878344178763e-11 1.71548537573601e-12 
1.26964098199544e+01 1.08219567879212e-11 1.50598047291441e-12 
1.27110454508707e+01 9.44810495167200e-12 1.32118130501209e-12 
1.27256810817871e+01 8.24352993795731e-12 1.15829314928762e-12 
1.27403167127035e+01 7.18806960070053e-12 1.01482183374823e-12 
1.27549523436199e+01 6.26386871953821e-12 8.88543442473053e-13 
1.27695879745362e+01 5.45512752617902e-12 7.77476815412456e-13 
1.27842236054526e+01 4.74787600808910e-12 6.79858617956783e-13 
1.27988592363690e+01 4.12977155734568e-12 5.94120769368866e-13 
1.28134948672854e+01 3.58991773503641e-12 5.18870032715893e-13 
1.28281304982017e+01 3.11870211072723e-12 4.52869582122145e-13 
1.28427661291181e+01 2.70765131268968e-12 3.95022375920355e-13 
1.28574017600345e+01 2.34930158824503e-12 3.44356176548169e-13 
1.28720373909509e+01 2.03708332527031e-12 3.00010069774784e-13 
1.28866730218672e+01 1.76521812617678e-12 2.61222347021514e-13 
1.29013086527836e+01 1.52862715509381e-12 2.27319242069418e-13 
1.29159442837000e+01 1.32285025778820e-12 1.97702714165570e-13 
1.29305799146163e+01 1.14397787501973e-12 1.71843801825519e-13 
1.29452155455327e+01 9.88584618585435e-13 1.49279795562867e-13 
1.29598511764491e+01 8.53666237563642e-13 1.29605296093365e-13 
1.29744868073655e+01 7.36589752967367e-13 1.12462961977514e-13 
1.29891224382818e+01 6.35049217418254e-13 9.75380812765704e-14 
1.30037580691982e+01 5.47026501313797e-13 8.45453278078329e-14 
1.30183937001146e+01 4.70770922339623e-13 7.32264830799432e-14 
1.30330293310310e+01 4.04768667383054e-13 6.33642360941353e-14 
1.30476649619473e+01 3.47695508599972e-13 5.47783771654095e-14 
1.30623005928637e+01 2.98389807027515e-13 4.73117985146421e-14 
1.30769362237801e+01 2.55833764963008e-13 4.08253625953180e-14 
1.30915718546965e+01 2.19137011643430e-13 3.51956192843777e-14 
1.31062074856128e+01 1.87522326734145e-13 3.03129364553704e-14 
1.31208431165292e+01 1.60312926096416e-13 2.60811094570384e-14 
1.31354787474456e+01 1.36919245271892e-13 2.24169152019049e-14 
1.31501143783620e+01 1.16826825680967e-13 1.92478225749329e-14 
1.31647500092783e+01 9.95873552473454e-14 1.65099662188759e-14 
1.31793856401947e+01 8.48107215959020e-14 1.41471934542962e-14 
1.31940212711111e+01 7.21579225801019e-14 1.21102835611005e-14 
1.32086569020274e+01 6.13346591195453e-14 1.03562122087838e-14 
1.32232925329438e+01 5.20856621173964e-14 8.84737629509919e-15 
1.32379281638602e+01 4.41897879046722e-14 7.55091278299369e-15 
1.32525637947766e+01 3.74556881159728e-14 6.43814122619195e-15 
1.32671994256929e+01 3.17179930554071e-14 5.48405979031233e-15 
1.32818350566093e+01 2.68339631924086e-14 4.66685380316058e-15 
1.32964706875257e+01 2.26806209258825e-14 3.96753169121381e-15 
1.33111063184421e+01 1.91521410088783e-14 3.36966304955464e-15 
1.33257419493584e+01 1.61574835038637e-14 2.85905163381478e-15 
1.33403775802748e+01 1.36184043875435e-14 2.42341535940177e-15 
1.33550132111912e+01 1.14677205011467e-14 2.05213506702994e-15 
1.33696488421076e+01 9.64780922075653e-15 1.73603695711079e-15 
1.33842844730239e+01 8.10929862924663e-15 1.46720322372884e-15 
1.33989201039403e+01 6.80993489554227e-15 1.23880572135069e-15 
1.34135557348567e+01 5.71359726939154e-15 1.04496350205442e-15 
1.34281913657731e+01 4.78944270105367e-15 8.80617787643323e-16 
1.34428269966894e+01 4.01116409148806e-15 7.41422430445712e-16 
1.34574626276058e+01 3.35634798415346e-15 6.23648104414953e-16 
1.34720982585222e+01 2.80591913765257e-15 5.24098642556868e-16 
1.34867338894386e+01 2.34366088237619e-15 4.40033493215775e-16 
1.35013695203549e+01 1.95580907701366e-15 3.69106890255012e-16 
1.35160051512713e+01 1.63069388116502e-15 3.09321456480467e-16 
1.35306407821877e+01 1.35842286519487e-15 2.58977472423505e-16 
1.35452764131040e+01 1.13061905240236e-15 2.16626057657176e-16 
1.35599120440204e+01 9.40196362671812e-16 1.81033457467776e-16 
1.35745476749368e+01 7.81167048862163e-16 1.51150319884399e-16 
1.35891833058532e+01 6.48476780721855e-16 1.26085157868565e-16 
1.36038189367695e+01 5.37863586409003e-16 1.05081459759617e-16 
1.36184545676859e+01 4.45737351680158e-16 8.74979745614055e-17 
1.36330901986023e+01 3.69077008252062e-16 7.27917555097868e-17 
1.36477258295187e+01 3.05342921954524e-16 6.05035961290544e-17 
1.36623614604350e+01 2.52402323762707e-16 5.02455381982430e-17 
1.36769970913514e+01 2.08465917798669e-16 4.16901712097341e-17 
1.36916327222678e+01 1.72034054618070e-16 3.45614784891682e-17 
1.37062683531842e+01 1.41851079789276e-16 2.86270166036322e-17 
1.37209039841005e+01 1.16866660746931e-16 2.36912424299015e-17 
1.37355396150169e+01 9.62030625873995e-17 1.95898266704838e-17 
1.37501752459333e+01 7.91274889354207e-17 1.61848140459112e-17 
1.37648108768497e+01 6.50287299849810e-17 1.33605091808505e-17 
1.37794465077660e+01 5.33974687360545e-17 1.10199836341178e-17 
1.37940821386824e+01 4.38096904711848e-17 9.08211386623803e-18 
1.38087177695988e+01 3.59127215522174e-17 7.47907243470570e-18 
1.38233534005152e+01 2.94134933542319e-17 6.15420557442899e-18 
1.38379890314315e+01 2.40686870760035e-17 5.06013081444030e-18 
1.38526246623479e+01 1.96766419999062e-17 4.15714002557169e-18 
1.38672602932643e+01 1.60706248744464e-17 3.41222854334482e-18 
1.38818959241807e+01 1.31127075297215e-17 2.79822578570951e-18 
1.38965315550970e+01 1.06886102810185e-17 2.29262422504039e-18 
1.39111671860134e+01 8.70379115278272e-18 1.87661052477407e-18 
1.39258028169298e+01 7.08022120373746e-18 1.53454755845973e-18 
1.39404384478461e+01 5.75351773564855e-18 1.25355313208273e-18 
1.39550740787625e+01 4.67049692049687e-18 1.02298540245345e-18 
1.39697097096789e+01 3.78727681142535e-18 8.34009020299740e-19 
1.39843453405953e+01 3.06769179949134e-18 6.79232611657911e-19 
1.39989809715116e+01 2.48207298857208e-18 5.52517829908997e-19 
1.40136166024280e+01 2.00609084294790e-18 4.48897637709325e-19 
1.40282522333444e+01 1.61966587041987e-18 3.64309367042997e-19 
1.40428878642608e+01 1.30627713838209e-18 2.95350183920642e-19 
1.40575234951771e+01 1.05238660003859e-18 2.39193072011319e-19 
1.40721591260935e+01 8.46913460734863e-19 1.93506017533961e-19 
1.40867947570099e+01 6.80805664779527e-19 1.56371408698838e-19 
1.41014303879263e+01 5.46673137892783e-19 1.26220138245510e-19 
1.41160660188426e+01 4.38483253892451e-19 1.01767260418581e-19 
1.41307016497590e+01 3.51317180794656e-19 8.19593000416627e-20 
1.41453372806754e+01 2.81168137068061e-19 6.59331198382518e-20 
1.41599729115918e+01 2.24776644511646e-19 5.29814333705942e-20 
1.41746085425081e+01 1.79495373103996e-19 4.25259301772662e-20 
1.41892441734245e+01 1.43176581849035e-19 3.40952896983374e-20 
1.42038798043409e+01 1.14078949812979e-19 2.73055606587988e-20 
1.42185154352572e+01 9.07924985531142e-20 2.18435940653038e-20 
1.42331510661736e+01 7.21774599727306e-20 1.74543321635669e-20 
1.42477866970900e+01 5.73138643890269e-20 1.39308275176876e-20 
1.42624223280064e+01 4.54595979132533e-20 1.11055806539473e-20 
1.42770579589227e+01 3.60164598073659e-20 8.84297597388475e-21 
1.42916935898391e+01 2.85027753951378e-20 7.03319592955431e-21 
1.43063292207555e+01 2.25311986681795e-20 5.58732409033900e-21 
1.43209648516719e+01 1.77907380095857e-20 4.43348730206825e-21 
1.43356004825882e+01 1.40320332191326e-20 3.51377225594684e-21 
1.43502361135046e+01 1.10552806924633e-20 2.78156362567716e-21 
1.43648717444210e+01 8.70058569978284e-21 2.19933608708502e-21 
1.43795073753374e+01 6.84015627421310e-21 1.73691948918567e-21 
1.43941430062537e+01 5.37198928601683e-21 1.37008958009291e-21 
1.44087786371701e+01 4.21477086287158e-21 1.07942180855450e-21 
1.44234142680865e+01 3.30376353658708e-21 8.49360508029728e-22 
1.44380498990029e+01 2.58749395438157e-21 6.67464119979057e-22 
1.44526855299192e+01 2.02508915437870e-21 5.23794059720939e-22 
1.44673211608356e+01 1.58413750407932e-21 4.10418367147213e-22 
1.44819567917520e+01 1.23897688707953e-21 3.21013880334485e-22 
1.44965924226684e+01 9.69321237146884e-22 2.50548605132663e-22 
1.45112280535847e+01 7.59157795285574e-22 1.95017809212755e-22 
1.45258636845011e+01 5.95877041241527e-22 1.51235576858138e-22 
1.45404993154175e+01 4.69574470637194e-22 1.16673989378112e-22 
1.45551349463338e+01 3.72487742393338e-22 8.93265239043375e-23 
1.45697705772502e+01 2.98558101494896e-22 6.75956190633388e-23 
1.45844062081666e+01 2.43084626185430e-22 5.02056909592575e-23 
1.45990418390830e+01 2.02452637699442e-22 3.61336430251026e-23 
1.46136774699993e+01 1.73921307431077e-22 2.45529420758870e-23 
1.46283131009157e+01 1.55459271419214e-22 1.92933495551893e-23 
