Energy(eV)           EEDF(eV^-(3/2))      Anisotropy(eV^-(3/2))
5.73369989287685e-03 1.96044586474501e-01 5.51785191205344e-06 
1.72010996786306e-02 1.96041089920955e-01 8.72713399365190e-06 
2.86684994643843e-02 1.96037698122142e-01 1.10982574233917e-05 
4.01358992501380e-02 1.96034761580443e-01 1.23479343826235e-05 
5.16032990358917e-02 1.96032199236854e-01 1.29442446232941e-05 
6.30706988216454e-02 1.96030093543367e-01 1.26231647064316e-05 
7.45380986073991e-02 1.96028586993372e-01 1.17894680612601e-05 
8.60054983931528e-02 1.96027431964372e-01 1.08923112628738e-05 
9.74728981789065e-02 1.96026625562518e-01 9.55716871182772e-06 
1.08940297964660e-01 1.96026105048461e-01 8.29017252221319e-06 
1.20407697750414e-01 1.96025729982023e-01 7.40524447788750e-06 
1.31875097536168e-01 1.96025458973706e-01 6.61582079125460e-06 
1.43342497321921e-01 1.96025259179687e-01 5.80957006446846e-06 
1.54809897107675e-01 1.96025126294071e-01 5.00599989455815e-06 
1.66277296893429e-01 1.96025029864099e-01 4.39096068188329e-06 
1.77744696679182e-01 1.96024962276318e-01 3.89280425869254e-06 
1.89212096464936e-01 1.96024908894709e-01 3.52830254826274e-06 
2.00679496250690e-01 1.96024869076685e-01 3.23448556053111e-06 
2.12146896036444e-01 1.96024834847207e-01 3.19644939187811e-06 
2.23614295822197e-01 1.96024800649663e-01 3.27667637311825e-06 
2.35081695607951e-01 1.96024766631615e-01 3.34739859466996e-06 
2.46549095393705e-01 1.96024732932233e-01 3.47354169062848e-06 
2.58016495179458e-01 1.96024697152024e-01 3.95472565983068e-06 
2.69483894965212e-01 1.96024647548816e-01 4.70462910977098e-06 
2.80951294750966e-01 1.96024581269197e-01 5.50401582969214e-06 
2.92418694536719e-01 1.96024495235660e-01 6.35277790992055e-06 
3.03886094322473e-01 1.96024386146606e-01 7.35095838678645e-06 
3.15353494108227e-01 1.96024244071917e-01 8.50346920151824e-06 
3.26820893893981e-01 1.96024062070987e-01 9.73555663788151e-06 
3.38288293679734e-01 1.96023833878530e-01 1.10328629524468e-05 
3.49755693465488e-01 1.96023552837334e-01 1.24372100875042e-05 
3.61223093251242e-01 1.96023207898133e-01 1.39904412358061e-05 
3.72690493036995e-01 1.96022785807257e-01 1.56550093962491e-05 
3.84157892822749e-01 1.96022276651145e-01 1.73950048533269e-05 
3.95625292608503e-01 1.96021669990360e-01 1.92059509609904e-05 
4.07092692394256e-01 1.96020955443964e-01 2.10545085836361e-05 
4.18560092180010e-01 1.96020126386568e-01 2.29471772111762e-05 
4.30027491965764e-01 1.96019171768368e-01 2.49111720376459e-05 
4.41494891751518e-01 1.96018080067894e-01 2.69464759382984e-05 
4.52962291537271e-01 1.96016839292109e-01 2.90530726886828e-05 
4.64429691323025e-01 1.96015436976533e-01 3.12309464630006e-05 
4.75897091108779e-01 1.96013860185369e-01 3.34800814508671e-05 
4.87364490894532e-01 1.96012095511654e-01 3.58004615448518e-05 
4.98831890680286e-01 1.96010129077417e-01 3.81829551263591e-05 
5.10299290466040e-01 1.96007948456242e-01 4.06139851085461e-05 
5.21766690251794e-01 1.96005542159293e-01 4.31020842518264e-05 
5.33234090037547e-01 1.96002895524611e-01 4.56593774169695e-05 
5.44701489823301e-01 1.95999993445841e-01 4.82858449067114e-05 
5.56168889609055e-01 1.95996820372487e-01 5.09814656500926e-05 
5.67636289394808e-01 1.95993360310176e-01 5.37462170794173e-05 
5.79103689180562e-01 1.95989596820956e-01 5.65800750150511e-05 
5.90571088966316e-01 1.95985513023608e-01 5.94830135482563e-05 
6.02038488752070e-01 1.95981091593996e-01 6.24550049266130e-05 
6.13505888537823e-01 1.95976314765436e-01 6.54960194437096e-05 
6.24973288323577e-01 1.95971164329098e-01 6.86060253255125e-05 
6.36440688109331e-01 1.95965621634436e-01 7.17849886180255e-05 
6.47908087895084e-01 1.95959667589652e-01 7.50328730731321e-05 
6.59375487680838e-01 1.95953282662195e-01 7.83496400370582e-05 
6.70842887466592e-01 1.95946446879288e-01 8.17352483323367e-05 
6.82310287252345e-01 1.95939139828502e-01 8.51896541398548e-05 
6.93777687038099e-01 1.95931340658358e-01 8.87128108837194e-05 
7.05245086823853e-01 1.95923028078975e-01 9.22945792758248e-05 
7.16712486609607e-01 1.95914184044653e-01 9.59347427190133e-05 
7.28179886395360e-01 1.95904786849215e-01 9.96424296209092e-05 
7.39647286181114e-01 1.95894814201015e-01 1.03417997219793e-04 
7.51114685966868e-01 1.95884243381311e-01 1.07261384185286e-04 
7.62582085752621e-01 1.95873051245121e-01 1.11172525751417e-04 
7.74049485538375e-01 1.95861214222125e-01 1.15151353588121e-04 
7.85516885324129e-01 1.95848708317616e-01 1.19197795673646e-04 
7.96984285109883e-01 1.95835509113506e-01 1.23311776163459e-04 
8.08451684895636e-01 1.95821591769389e-01 1.27493215256612e-04 
8.19919084681390e-01 1.95806931023652e-01 1.31742029061847e-04 
8.31386484467144e-01 1.95791501194654e-01 1.36058129460122e-04 
8.42853884252897e-01 1.95775276181961e-01 1.40441423967064e-04 
8.54321284038651e-01 1.95758229467642e-01 1.44891815592130e-04 
8.65788683824405e-01 1.95740334117631e-01 1.49409202696806e-04 
8.77256083610158e-01 1.95721562783157e-01 1.53993478849717e-04 
8.88723483395912e-01 1.95701887702238e-01 1.58644532681001e-04 
9.00190883181666e-01 1.95681280701252e-01 1.63362247735264e-04 
9.11658282967420e-01 1.95659713196573e-01 1.68146502321267e-04 
9.23125682753173e-01 1.95637156196286e-01 1.72997169361427e-04 
9.34593082538927e-01 1.95613580301982e-01 1.77914116238679e-04 
9.46060482324681e-01 1.95588955710624e-01 1.82897204641205e-04 
9.57527882110434e-01 1.95563252216502e-01 1.87946290406124e-04 
9.68995281896188e-01 1.95536439213265e-01 1.93061223362091e-04 
9.80462681681942e-01 1.95508485696045e-01 1.98241847169242e-04 
9.91930081467695e-01 1.95479360263666e-01 2.03487999158783e-04 
1.00339748125345e+00 1.95449031120938e-01 2.08564852250425e-04 
1.01486488103920e+00 1.95417603530875e-01 2.13415217635180e-04 
1.02633228082496e+00 1.95385087563474e-01 2.18260625800692e-04 
1.03779968061071e+00 1.95351458709732e-01 2.23158197161378e-04 
1.04926708039646e+00 1.95316692214165e-01 2.28107782789767e-04 
1.06073448018222e+00 1.95280763076560e-01 2.33109228869773e-04 
1.07220187996797e+00 1.95243646053799e-01 2.38162376596821e-04 
1.08366927975373e+00 1.95205315661730e-01 2.43267062075726e-04 
1.09513667953948e+00 1.95165746177106e-01 2.48423116218821e-04 
1.10660407932523e+00 1.95124911639579e-01 2.53630364644127e-04 
1.11807147911099e+00 1.95082785853760e-01 2.58888627571483e-04 
1.12953887889674e+00 1.95039342391338e-01 2.64197719719095e-04 
1.14100627868249e+00 1.94994554593267e-01 2.69557450199821e-04 
1.15247367846825e+00 1.94948395572016e-01 2.74967622416399e-04 
1.16394107825400e+00 1.94900838213887e-01 2.80428033956173e-04 
1.17540847803975e+00 1.94851855181400e-01 2.85938476485824e-04 
1.18687587782551e+00 1.94801418915746e-01 2.91498735645729e-04 
1.19834327761126e+00 1.94749501639312e-01 2.97182948529125e-04 
1.20981067739702e+00 1.94696023078690e-01 3.03126160520242e-04 
1.22127807718277e+00 1.94640856362349e-01 3.09255525247004e-04 
1.23274547696852e+00 1.94583967286707e-01 3.15441071377347e-04 
1.24421287675428e+00 1.94525321369514e-01 3.21682507349542e-04 
1.25568027654003e+00 1.94464883853681e-01 3.27979533033610e-04 
1.26714767632578e+00 1.94402619711232e-01 3.34331839580914e-04 
1.27861507611154e+00 1.94338493647363e-01 3.40739109274014e-04 
1.29008247589729e+00 1.94272470104615e-01 3.47201015375188e-04 
1.30154987568305e+00 1.94204513267170e-01 3.53573594803228e-04 
1.31301727546880e+00 1.94134698135628e-01 3.59775045875842e-04 
1.32448467525455e+00 1.94063057248044e-01 3.65943337728685e-04 
1.33595207504031e+00 1.93989560268316e-01 3.72157839222521e-04 
1.34741947482606e+00 1.93914176684198e-01 3.78418234503790e-04 
1.35888687461181e+00 1.93836875810993e-01 3.84724199997563e-04 
1.37035427439757e+00 1.93757626795342e-01 3.91075404301911e-04 
1.38182167418332e+00 1.93676398619091e-01 3.97471508081571e-04 
1.39328907396908e+00 1.93593160103256e-01 4.03912163960340e-04 
1.40475647375483e+00 1.93507879912079e-01 4.10397016415835e-04 
1.41622387354058e+00 1.93420526557167e-01 4.16925701674202e-04 
1.42769127332634e+00 1.93331068401732e-01 4.23497847604699e-04 
1.43915867311209e+00 1.93239473664928e-01 4.30113073615388e-04 
1.45062607289784e+00 1.93145710426266e-01 4.36770990549186e-04 
1.46209347268360e+00 1.93049746630148e-01 4.43471200580800e-04 
1.47356087246935e+00 1.92951550090477e-01 4.50213297114959e-04 
1.48502827225510e+00 1.92851088495376e-01 4.56996864683431e-04 
1.49649567204086e+00 1.92748329412004e-01 4.63721637209657e-04 
1.50796307182661e+00 1.92643329256995e-01 4.69971946795091e-04 
1.51943047161237e+00 1.92536431414536e-01 4.75846620141758e-04 
1.53089787139812e+00 1.92427615381293e-01 4.81748098226888e-04 
1.54236527118387e+00 1.92316860625107e-01 4.87676070582069e-04 
1.55383267096963e+00 1.92204146587675e-01 4.93630221622576e-04 
1.56530007075538e+00 1.92089452687269e-01 4.99610230610972e-04 
1.57676747054113e+00 1.91972758321500e-01 5.05615771617507e-04 
1.58823487032689e+00 1.91854042870119e-01 5.11646513484494e-04 
1.59970227011264e+00 1.91733285697862e-01 5.17702119792560e-04 
1.61116966989840e+00 1.91610466157329e-01 5.23782248823555e-04 
1.62263706968415e+00 1.91485563591907e-01 5.29886553526818e-04 
1.63410446946990e+00 1.91358557338741e-01 5.36014681486256e-04 
1.64557186925566e+00 1.91229426731731e-01 5.42166274886119e-04 
1.65703926904141e+00 1.91098151104581e-01 5.48340970479653e-04 
1.66850666882716e+00 1.90964709793887e-01 5.54538399557628e-04 
1.67997406861292e+00 1.90829082142263e-01 5.60758187917573e-04 
1.69144146839867e+00 1.90691247501511e-01 5.66999955835028e-04 
1.70290886818443e+00 1.90551185235828e-01 5.73263318032989e-04 
1.71437626797018e+00 1.90408874725059e-01 5.79547883655529e-04 
1.72584366775593e+00 1.90264295367986e-01 5.85853256239844e-04 
1.73731106754169e+00 1.90117426585664e-01 5.92179033689519e-04 
1.74877846732744e+00 1.89968247824792e-01 5.98524808250670e-04 
1.76024586711319e+00 1.89816738561126e-01 6.04890166486919e-04 
1.77171326689895e+00 1.89662878302937e-01 6.11274689256016e-04 
1.78318066668470e+00 1.89506646594506e-01 6.17677951687748e-04 
1.79464806647045e+00 1.89348023019658e-01 6.24099523163334e-04 
1.80611546625621e+00 1.89186987205339e-01 6.30538967294559e-04 
1.81758286604196e+00 1.89023518825238e-01 6.36995841905321e-04 
1.82905026582772e+00 1.88857597603438e-01 6.43469699013437e-04 
1.84051766561347e+00 1.88689203318118e-01 6.49960084813116e-04 
1.85198506539922e+00 1.88518315805286e-01 6.56466539660572e-04 
1.86345246518498e+00 1.88344914962560e-01 6.62988598059730e-04 
1.87491986497073e+00 1.88168980752985e-01 6.69525788648160e-04 
1.88638726475648e+00 1.87990493208882e-01 6.76077634186020e-04 
1.89785466454224e+00 1.87809432435753e-01 6.82889933273406e-04 
1.90932206432799e+00 1.87625516003234e-01 6.90504441711714e-04 
1.92078946411375e+00 1.87438136027009e-01 6.98674786213840e-04 
1.93225686389950e+00 1.87247255723136e-01 7.06869639181733e-04 
1.94372426368525e+00 1.87052838396648e-01 7.15088165705179e-04 
1.95519166347101e+00 1.86854847451253e-01 7.23329517755442e-04 
1.96665906325676e+00 1.86653246399168e-01 7.31592834144119e-04 
1.97812646304251e+00 1.86447998871082e-01 7.39877240485899e-04 
1.98959386282827e+00 1.86239068626258e-01 7.48181849165447e-04 
2.00106126261402e+00 1.86026419562751e-01 7.56505759308111e-04 
2.01252866239978e+00 1.85810015727772e-01 7.64848056755277e-04 
2.02399606218553e+00 1.85589821328167e-01 7.73207814045537e-04 
2.03546346197128e+00 1.85365800741033e-01 7.81584090398117e-04 
2.04693086175704e+00 1.85137918524451e-01 7.89975931702140e-04 
2.05839826154279e+00 1.84906139428355e-01 7.98382370511541e-04 
2.06986566132854e+00 1.84670428405516e-01 8.06802426042967e-04 
2.08133306111430e+00 1.84430750622650e-01 8.15235104180015e-04 
2.09280046090005e+00 1.84187071471649e-01 8.23679397483232e-04 
2.10426786068580e+00 1.83939356580930e-01 8.31391629102230e-04 
2.11573526047156e+00 1.83688462252821e-01 8.38268694861673e-04 
2.12720266025731e+00 1.83434501204071e-01 8.45038768961104e-04 
2.13867006004307e+00 1.83177456847814e-01 8.51808459888437e-04 
2.15013745982882e+00 1.82917312792692e-01 8.58577122866508e-04 
2.16160485961457e+00 1.82654052847725e-01 8.65344107522551e-04 
2.17307225940033e+00 1.82387661027196e-01 8.72108757926877e-04 
2.18453965918608e+00 1.82118121555557e-01 8.78870412633418e-04 
2.19600705897183e+00 1.81845418872362e-01 8.85717068064865e-04 
2.20747445875759e+00 1.81569427753082e-01 8.93144803401597e-04 
2.21894185854334e+00 1.81289512437670e-01 9.01061043039308e-04 
2.23040925832910e+00 1.81005647340341e-01 9.08975818956498e-04 
2.24187665811485e+00 1.80717807189581e-01 9.16888144576430e-04 
2.25334405790060e+00 1.80425967037707e-01 9.24797023464256e-04 
2.26481145768636e+00 1.80130102270475e-01 9.32701449402658e-04 
2.27627885747211e+00 1.79830188616755e-01 9.40600406471698e-04 
2.28774625725786e+00 1.79526202158250e-01 9.48492869134767e-04 
2.29921365704362e+00 1.79218119339273e-01 9.56377802328903e-04 
2.31068105682937e+00 1.78905916976562e-01 9.64254161558435e-04 
2.32214845661513e+00 1.78589572269153e-01 9.72120892996335e-04 
2.33361585640088e+00 1.78269062808288e-01 9.79976933589541e-04 
2.34508325618663e+00 1.77944366587361e-01 9.87821211167917e-04 
2.35655065597239e+00 1.77615462011915e-01 9.95652644560466e-04 
2.36801805575814e+00 1.77282327909657e-01 1.00347014371599e-03 
2.37948545554389e+00 1.76944943540513e-01 1.01127260982887e-03 
2.39095285532965e+00 1.76603288606716e-01 1.01905893546990e-03 
2.40242025511540e+00 1.76257343262911e-01 1.02682800472326e-03 
2.41388765490115e+00 1.75907088126290e-01 1.03457869332818e-03 
2.42535505468691e+00 1.75552504286738e-01 1.04230986882646e-03 
2.43682245447266e+00 1.75193573317007e-01 1.05002039071505e-03 
2.44828985425842e+00 1.74830277282891e-01 1.05770911060466e-03 
2.45975725404417e+00 1.74462598753417e-01 1.06537487238393e-03 
2.47122465382992e+00 1.74090520811043e-01 1.07301651238866e-03 
2.48269205361568e+00 1.73714027061849e-01 1.08063285957695e-03 
2.49415945340143e+00 1.73333101645740e-01 1.08822273571047e-03 
2.50562685318718e+00 1.72947729246633e-01 1.09640908736364e-03 
2.51709425297294e+00 1.72557009533829e-01 1.10518834055085e-03 
2.52856165275869e+00 1.72160909003257e-01 1.11394244656579e-03 
2.54002905254445e+00 1.71759403210456e-01 1.12266395349579e-03 
2.55149645233020e+00 1.71352468502081e-01 1.13135120422087e-03 
2.56296385211595e+00 1.70940082033543e-01 1.14000253038217e-03 
2.57443125190171e+00 1.70522221786650e-01 1.14861625271663e-03 
2.58589865168746e+00 1.70098866587234e-01 1.15719068140185e-03 
2.59736605147321e+00 1.69669996122758e-01 1.16572411641161e-03 
2.60883345125897e+00 1.69235590959897e-01 1.17421484788394e-03 
2.62030085104472e+00 1.68795632562083e-01 1.18266115649927e-03 
2.63176825083048e+00 1.68350103306998e-01 1.19106131387152e-03 
2.64323565061623e+00 1.67898986504017e-01 1.19941358294928e-03 
2.65470305040198e+00 1.67442266411591e-01 1.20771621842947e-03 
2.66617045018774e+00 1.66979928254546e-01 1.21596746718243e-03 
2.67763784997349e+00 1.66511958241311e-01 1.22416556868740e-03 
2.68910524975924e+00 1.66038343581041e-01 1.23230875548114e-03 
2.70057264954500e+00 1.65559072500648e-01 1.24039525361692e-03 
2.71204004933075e+00 1.65074134261715e-01 1.24842328313498e-03 
2.72350744911650e+00 1.64583519177287e-01 1.25639105854502e-03 
2.73497484890226e+00 1.64087218628529e-01 1.26429678931947e-03 
2.74644224868801e+00 1.63585225081240e-01 1.27213868039858e-03 
2.75790964847377e+00 1.63077532102217e-01 1.27991493270642e-03 
2.76937704825952e+00 1.62564134375446e-01 1.28762374367826e-03 
2.78084444804527e+00 1.62045027718128e-01 1.29526330779935e-03 
2.79231184783103e+00 1.61520209096506e-01 1.30283181715399e-03 
2.80377924761678e+00 1.60989676641503e-01 1.31005808211504e-03 
2.81524664740253e+00 1.60453871109563e-01 1.31688937363171e-03 
2.82671404718829e+00 1.59912887323707e-01 1.32359308009536e-03 
2.83818144697404e+00 1.59366730624803e-01 1.33022278979263e-03 
2.84964884675980e+00 1.58815407393926e-01 1.33677696523085e-03 
2.86111624654555e+00 1.58258925062821e-01 1.34325407123815e-03 
2.87258364633130e+00 1.57697292124138e-01 1.34965257546195e-03 
2.88405104611706e+00 1.57130518141429e-01 1.35597094887470e-03 
2.89551844590281e+00 1.56558613758912e-01 1.36220766628505e-03 
2.90698584568856e+00 1.55981590710974e-01 1.36836120685682e-03 
2.91845324547432e+00 1.55399461831421e-01 1.37443005463412e-03 
2.92992064526007e+00 1.54812241062461e-01 1.38041269907287e-03 
2.94138804504583e+00 1.54219943463406e-01 1.38630763557827e-03 
2.95285544483158e+00 1.53622585219093e-01 1.39211336604809e-03 
2.96432284461733e+00 1.53020183648011e-01 1.39782839942238e-03 
2.97579024440309e+00 1.52412757210127e-01 1.40345125223782e-03 
2.98725764418884e+00 1.51800325514400e-01 1.40898044918820e-03 
2.99872504397459e+00 1.51182909325976e-01 1.41428871972935e-03 
3.01019244376035e+00 1.50560753244321e-01 1.41917928569703e-03 
3.02165984354610e+00 1.49934232136895e-01 1.42378022597291e-03 
3.03312724333186e+00 1.49303371603679e-01 1.42828835876537e-03 
3.04459464311761e+00 1.48668198215723e-01 1.43270252137205e-03 
3.05606204290336e+00 1.48028739517971e-01 1.43702156212510e-03 
3.06752944268912e+00 1.47385024031792e-01 1.44124434084392e-03 
3.07899684247487e+00 1.46737081257219e-01 1.44536972928968e-03 
3.09046424226062e+00 1.46084941674887e-01 1.44939661162141e-03 
3.10193164204638e+00 1.45428636747659e-01 1.45332388485338e-03 
3.11339904183213e+00 1.44768198921950e-01 1.45715045931353e-03 
3.12486644161788e+00 1.44103661628725e-01 1.46087525910284e-03 
3.13633384140364e+00 1.43435059284189e-01 1.46449722255532e-03 
3.14780124118939e+00 1.42762427290134e-01 1.46801530269873e-03 
3.15926864097515e+00 1.42085802033976e-01 1.47142846771492e-03 
3.17073604076090e+00 1.41405220888438e-01 1.47473570140102e-03 
3.18220344054665e+00 1.40720722210906e-01 1.47793600362990e-03 
3.19367084033241e+00 1.40032345342438e-01 1.48102839081026e-03 
3.20513824011816e+00 1.39340130606420e-01 1.48401189634613e-03 
3.21660563990391e+00 1.38644119306880e-01 1.48688557109531e-03 
3.22807303968967e+00 1.37944353726437e-01 1.48964848382666e-03 
3.23954043947542e+00 1.37240877123891e-01 1.49229972167615e-03 
3.25100783926118e+00 1.36533733731456e-01 1.49483839060101e-03 
3.26247523904693e+00 1.35822968751615e-01 1.49726361583200e-03 
3.27394263883268e+00 1.35108628353615e-01 1.49957454232356e-03 
3.28541003861844e+00 1.34390759669581e-01 1.50177033520134e-03 
3.29687743840419e+00 1.33669410790253e-01 1.50385018020723e-03 
3.30834483818994e+00 1.32944630760345e-01 1.50581328414122e-03 
3.31981223797570e+00 1.32216469573520e-01 1.50765887530002e-03 
3.33127963776145e+00 1.31484978166981e-01 1.50938620391223e-03 
3.34274703754721e+00 1.30750208415667e-01 1.51099454256976e-03 
3.35421443733296e+00 1.30012213126067e-01 1.51248318665490e-03 
3.36568183711871e+00 1.29271046029637e-01 1.51385145476312e-03 
3.37714923690447e+00 1.28526761775820e-01 1.51509868912120e-03 
3.38861663669022e+00 1.27779415924674e-01 1.51622425600086e-03 
3.40008403647597e+00 1.27029064939098e-01 1.51722754612675e-03 
3.41155143626173e+00 1.26275766176664e-01 1.51810797507860e-03 
3.42301883604748e+00 1.25519577881038e-01 1.51886498368812e-03 
3.43448623583323e+00 1.24760559173015e-01 1.51949803843030e-03 
3.44595363561899e+00 1.23998770041135e-01 1.52000663180710e-03 
3.45742103540474e+00 1.23234271331907e-01 1.52039028272492e-03 
3.46888843519050e+00 1.22467124739627e-01 1.52064853686604e-03 
3.48035583497625e+00 1.21697392795791e-01 1.52078096705173e-03 
3.49182323476200e+00 1.20925138858110e-01 1.52078717359826e-03 
3.50329063454776e+00 1.20150427099111e-01 1.52066678466517e-03 
3.51475803433351e+00 1.19373322494353e-01 1.52041945659541e-03 
3.52622543411926e+00 1.18593890810223e-01 1.52004487424706e-03 
3.53769283390502e+00 1.17812198591347e-01 1.51954275131621e-03 
3.54916023369077e+00 1.17028313147592e-01 1.51891283065122e-03 
3.56062763347653e+00 1.16242302540679e-01 1.51815488455777e-03 
3.57209503326228e+00 1.15454235570392e-01 1.51726871509412e-03 
3.58356243304803e+00 1.14664181760397e-01 1.51625415435649e-03 
3.59502983283379e+00 1.13872211343675e-01 1.51510160040249e-03 
3.60649723261954e+00 1.13078415463193e-01 1.51367910253307e-03 
3.61796463240529e+00 1.12283148610101e-01 1.51199959229479e-03 
3.62943203219105e+00 1.11486480147595e-01 1.51019795171735e-03 
3.64089943197680e+00 1.10688479972629e-01 1.50827424813987e-03 
3.65236683176256e+00 1.09889218500429e-01 1.50622857758645e-03 
3.66383423154831e+00 1.09088766648688e-01 1.50406106491805e-03 
3.67530163133406e+00 1.08287195821475e-01 1.50177186397342e-03 
3.68676903111982e+00 1.07484577892844e-01 1.49936115769937e-03 
3.69823643090557e+00 1.06680985190155e-01 1.49682915827039e-03 
3.70970383069132e+00 1.05876490477111e-01 1.49417610719669e-03 
3.72117123047708e+00 1.05071166936509e-01 1.49140227542105e-03 
3.73263863026283e+00 1.04265088152727e-01 1.48850796340431e-03 
3.74410603004858e+00 1.03458328093935e-01 1.48549350119920e-03 
3.75557342983434e+00 1.02650961094041e-01 1.48235924851205e-03 
3.76704082962009e+00 1.01843061834384e-01 1.47910559475304e-03 
3.77850822940585e+00 1.01034705325175e-01 1.47573295907393e-03 
3.78997562919160e+00 1.00225966886687e-01 1.47224179039372e-03 
3.80144302897735e+00 9.94169221302163e-02 1.46863256741175e-03 
3.81291042876311e+00 9.86076469387999e-02 1.46490579860850e-03 
3.82437782854886e+00 9.77982174477175e-02 1.46106202223348e-03 
3.83584522833461e+00 9.69887100247706e-02 1.45710180628046e-03 
3.84731262812037e+00 9.61792012503517e-02 1.45302574845010e-03 
3.85878002790612e+00 9.53697678973102e-02 1.44883447609893e-03 
3.87024742769188e+00 9.45604869106234e-02 1.44452864617595e-03 
3.88171482747763e+00 9.37514353868788e-02 1.44010894514558e-03 
3.89318222726338e+00 9.29426905535779e-02 1.43557608889738e-03 
3.90464962704914e+00 9.21343297482676e-02 1.43093082264286e-03 
3.91611702683489e+00 9.13264303975096e-02 1.42617392079851e-03 
3.92758442662064e+00 9.05190699956950e-02 1.42130618685529e-03 
3.93905182640640e+00 8.97123260837139e-02 1.41632845323500e-03 
3.95051922619215e+00 8.89062762274878e-02 1.41124158113280e-03 
3.96198662597791e+00 8.81009979963758e-02 1.40604646034622e-03 
3.97345402576366e+00 8.72965689414614e-02 1.40074400909059e-03 
3.98492142554941e+00 8.64930665737323e-02 1.39533517380089e-03 
3.99638882533517e+00 8.56905683421595e-02 1.38985966298690e-03 
4.00785622512092e+00 8.48890595873437e-02 1.38448655766288e-03 
4.01932362490667e+00 8.40882157285027e-02 1.37917123148301e-03 
4.03079102469243e+00 8.32881228258175e-02 1.37373942309745e-03 
4.04225842447818e+00 8.24888669355649e-02 1.36819218995458e-03 
4.05372582426393e+00 8.16905340831386e-02 1.36253062329324e-03 
4.06519322404969e+00 8.08932102359318e-02 1.35675584787089e-03 
4.07666062383544e+00 8.00969812760969e-02 1.35086902167332e-03 
4.08812802362120e+00 7.93019329731950e-02 1.34487133560623e-03 
4.09959542340695e+00 7.85081509567494e-02 1.33876401316858e-03 
4.11106282319270e+00 7.77157206887168e-02 1.33254831010783e-03 
4.12253022297846e+00 7.69247274358906e-02 1.32622551405721e-03 
4.13399762276421e+00 7.61352562422512e-02 1.31979694415500e-03 
4.14546502254996e+00 7.53473919012767e-02 1.31326395064566e-03 
4.15693242233572e+00 7.45612189282300e-02 1.30662791446332e-03 
4.16839982212147e+00 7.37768215324365e-02 1.29989024679765e-03 
4.17986722190723e+00 7.29942835895673e-02 1.29305238864209e-03 
4.19133462169298e+00 7.22136886139438e-02 1.28611581032457e-03 
4.20280202147873e+00 7.14351197308780e-02 1.27908201102123e-03 
4.21426942126449e+00 7.06586596490646e-02 1.27195251825277e-03 
4.22573682105024e+00 6.98843906330398e-02 1.26472888736408e-03 
4.23720422083599e+00 6.91123944757236e-02 1.25741270098730e-03 
4.24867162062175e+00 6.83427524710586e-02 1.25000556848794e-03 
4.26013902040750e+00 6.75755453867647e-02 1.24250912539527e-03 
4.27160642019325e+00 6.68108534372220e-02 1.23492503281651e-03 
4.28307381997901e+00 6.60487562564996e-02 1.22725497683530e-03 
4.29454121976476e+00 6.52893328715454e-02 1.21950066789468e-03 
4.30600861955052e+00 6.45326616755534e-02 1.21166384016506e-03 
4.31747601933627e+00 6.37788204015232e-02 1.20374625089716e-03 
4.32894341912202e+00 6.30278860960283e-02 1.19574967976042e-03 
4.34041081890778e+00 6.22799350932091e-02 1.18767592816730e-03 
4.35187821869353e+00 6.15350429890054e-02 1.17952681858379e-03 
4.36334561847928e+00 6.07932846156453e-02 1.17130419382628e-03 
4.37481301826504e+00 6.00547340164045e-02 1.16300991634527e-03 
4.38628041805079e+00 5.93194644206538e-02 1.15464586749643e-03 
4.39774781783655e+00 5.85875482192076e-02 1.14621394679933e-03 
4.40921521762230e+00 5.78590569399908e-02 1.13771607118428e-03 
4.42068261740805e+00 5.71340612240381e-02 1.12915417422761e-03 
4.43215001719381e+00 5.64126308018416e-02 1.12053020537580e-03 
4.44361741697956e+00 5.56948344700607e-02 1.11184612915911e-03 
4.45508481676531e+00 5.49807400686096e-02 1.10310392439502e-03 
4.46655221655107e+00 5.42704144581373e-02 1.09430558338205e-03 
4.47801961633682e+00 5.35639234979133e-02 1.08545311108439e-03 
4.48948701612258e+00 5.28613320241347e-02 1.07654852430758e-03 
4.50095441590833e+00 5.21627038286675e-02 1.06748636482852e-03 
4.51242181569408e+00 5.14683946162521e-02 1.05819756741933e-03 
4.52388921547984e+00 5.07786643579135e-02 1.04880120557471e-03 
4.53535661526559e+00 5.00935578881600e-02 1.03937952743066e-03 
4.54682401505134e+00 4.94131189463273e-02 1.02993437429038e-03 
4.55829141483710e+00 4.87373901659271e-02 1.02046758683132e-03 
4.56975881462285e+00 4.80664130644459e-02 1.01098100442622e-03 
4.58122621440860e+00 4.74002280336012e-02 1.00147646446448e-03 
4.59269361419436e+00 4.67388743300587e-02 9.91955801674666e-04 
4.60416101398011e+00 4.60823900666182e-02 9.82420847448058e-04 
4.61562841376587e+00 4.54308122038704e-02 9.72873429163843e-04 
4.62709581355162e+00 4.47841765423320e-02 9.63315369516554e-04 
4.63856321333737e+00 4.41425177150616e-02 9.53748485845921e-04 
4.65003061312313e+00 4.35058691807619e-02 9.44174589469506e-04 
4.66149801290888e+00 4.28742632173703e-02 9.34595485018642e-04 
4.67296541269463e+00 4.22477309161442e-02 9.25012969778153e-04 
4.68443281248039e+00 4.16263021762408e-02 9.15428833030094e-04 
4.69590021226614e+00 4.10100056997972e-02 9.05844855401856e-04 
4.70736761205190e+00 4.03988689875120e-02 8.96262808219290e-04 
4.71883501183765e+00 3.97929183347310e-02 8.86684452865071e-04 
4.73030241162340e+00 3.91921788280389e-02 8.77111540142586e-04 
4.74176981140916e+00 3.85966743423586e-02 8.67545809646069e-04 
4.75323721119491e+00 3.80064275385597e-02 8.57988989136972e-04 
4.76470461098066e+00 3.74214598615772e-02 8.48442793927161e-04 
4.77617201076642e+00 3.68417915390405e-02 8.38908926269432e-04 
4.78763941055217e+00 3.62674415804137e-02 8.29389074755423e-04 
4.79910681033793e+00 3.56984277766470e-02 8.19884913721518e-04 
4.81057421012368e+00 3.51347667003388e-02 8.10398102663003e-04 
4.82204160990943e+00 3.45764737064078e-02 8.00930285656832e-04 
4.83350900969519e+00 3.40235629332742e-02 7.91483090793448e-04 
4.84497640948094e+00 3.34760473045492e-02 7.82058129617864e-04 
4.85644380926669e+00 3.29339385312300e-02 7.72656996580354e-04 
4.86791120905245e+00 3.23972471143991e-02 7.63281268497305e-04 
4.87937860883820e+00 3.18659823484262e-02 7.53932504022293e-04 
4.89084600862395e+00 3.13401523246684e-02 7.44612243127722e-04 
4.90231340840971e+00 3.08197639356669e-02 7.35322006597506e-04 
4.91378080819546e+00 3.03048228798373e-02 7.26063295530984e-04 
4.92524820798122e+00 2.97953336666486e-02 7.16837590858307e-04 
4.93671560776697e+00 2.92912996222880e-02 7.07646352867724e-04 
4.94818300755272e+00 2.87927228958066e-02 6.98491020744978e-04 
4.95965040733848e+00 2.82996044657418e-02 6.89373012124953e-04 
4.97111780712423e+00 2.78119441472119e-02 6.80293722656027e-04 
4.98258520690998e+00 2.73297405994762e-02 6.71254525577262e-04 
4.99405260669574e+00 2.68529913339574e-02 6.62256771308709e-04 
5.00552000648149e+00 2.63816927227183e-02 6.53399334299440e-04 
5.01698740626725e+00 2.59155428000209e-02 6.44679706912461e-04 
5.02845480605300e+00 2.54545436534462e-02 6.35993524893049e-04 
5.03992220583875e+00 2.49987018787426e-02 6.27340403696639e-04 
5.05138960562451e+00 2.45480227611194e-02 6.18721913327707e-04 
5.06285700541026e+00 2.41025102816615e-02 6.10139599676039e-04 
5.07432440519601e+00 2.36621671243622e-02 6.01594983957779e-04 
5.08579180498177e+00 2.32269946837647e-02 5.93089562173086e-04 
5.09725920476752e+00 2.27969930732098e-02 5.84624804580772e-04 
5.10872660455328e+00 2.23721611336791e-02 5.76202155190268e-04 
5.12019400433903e+00 2.19524964432283e-02 5.67823031271218e-04 
5.13166140412478e+00 2.15379953270025e-02 5.59488822881029e-04 
5.14312880391054e+00 2.11286528678234e-02 5.51200892410702e-04 
5.15459620369629e+00 2.07244629173427e-02 5.42960574149217e-04 
5.16606360348204e+00 2.03254181077488e-02 5.34769173866662e-04 
5.17753100326780e+00 1.99315098640203e-02 5.26627968416456e-04 
5.18899840305355e+00 1.95427284167141e-02 5.18538205356872e-04 
5.20046580283930e+00 1.91590628152788e-02 5.10501102592005e-04 
5.21193320262506e+00 1.87805009418821e-02 5.02517848032487e-04 
5.22340060241081e+00 1.84070295257410e-02 4.94589599276038e-04 
5.23486800219657e+00 1.80386341579432e-02 4.86717483308049e-04 
5.24633540198232e+00 1.76752993067481e-02 4.78902596222358e-04 
5.25780280176807e+00 1.73170083333546e-02 4.71146002962310e-04 
5.26927020155383e+00 1.69637435081233e-02 4.63448737082232e-04 
5.28073760133958e+00 1.66154860272401e-02 4.55811800529378e-04 
5.29220500112533e+00 1.62722160298086e-02 4.48236163446452e-04 
5.30367240091109e+00 1.59339126153565e-02 4.40722763994769e-04 
5.31513980069684e+00 1.56005538617433e-02 4.33272508197976e-04 
5.32660720048260e+00 1.52721168434548e-02 4.25886269806478e-04 
5.33807460026835e+00 1.49485776502698e-02 4.18564890182541e-04 
5.34954200005410e+00 1.46299114062853e-02 4.11309178205971e-04 
5.36100939983986e+00 1.43160922892846e-02 4.04119910200388e-04 
5.37247679962561e+00 1.40070935504329e-02 3.96997829880017e-04 
5.38394419941136e+00 1.37028875342874e-02 3.89943648316929e-04 
5.39541159919712e+00 1.34034456991034e-02 3.82958043928630e-04 
5.40687899898287e+00 1.31087386374236e-02 3.76041662485844e-04 
5.41834639876863e+00 1.28187360969333e-02 3.69195117140410e-04 
5.42981379855438e+00 1.25334070015663e-02 3.62418988473134e-04 
5.44128119834013e+00 1.22527194728458e-02 3.55713824561373e-04 
5.45274859812589e+00 1.19766408514438e-02 3.49080141066239e-04 
5.46421599791164e+00 1.17051377189426e-02 3.42518421339156e-04 
5.47568339769739e+00 1.14381759197839e-02 3.36029116547602e-04 
5.48715079748315e+00 1.11757205833869e-02 3.29612645819775e-04 
5.49861819726890e+00 1.09177361464214e-02 3.23269396407894e-04 
5.51008559705465e+00 1.06641863752173e-02 3.16999723869942e-04 
5.52155299684041e+00 1.04150343882972e-02 3.10803952269512e-04 
5.53302039662616e+00 1.01702426790125e-02 3.04682374393473e-04 
5.54448779641192e+00 9.92977313826960e-03 2.98635251987156e-04 
5.55595519619767e+00 9.69358707732832e-03 2.92662816006690e-04 
5.56742259598342e+00 9.46164525065678e-03 2.86765266888184e-04 
5.57888999576918e+00 9.23390787882719e-03 2.80942774833402e-04 
5.59035739555493e+00 9.01033467143597e-03 2.75195480111543e-04 
5.60182479534068e+00 8.79088485003270e-03 2.69523493376746e-04 
5.61329219512644e+00 8.57551717104195e-03 2.63926896000943e-04 
5.62475959491219e+00 8.36418994866255e-03 2.58405740421641e-04 
5.63622699469795e+00 8.15686107772880e-03 2.52960050504222e-04 
5.64769439448370e+00 7.95348805651820e-03 2.47589821918345e-04 
5.65916179426945e+00 7.75402800949087e-03 2.42295022528002e-04 
5.67062919405521e+00 7.55843770994544e-03 2.37075592794772e-04 
5.68209659384096e+00 7.36667360257694e-03 2.31931446193865e-04 
5.69356399362671e+00 7.17869182592203e-03 2.26862469642444e-04 
5.70503139341247e+00 6.99444823467742e-03 2.21868523939778e-04 
5.71649879319822e+00 6.81389842187743e-03 2.16949444218749e-04 
5.72796619298398e+00 6.63699774091689e-03 2.12105040408213e-04 
5.73943359276973e+00 6.46370132740600e-03 2.07335097705765e-04 
5.75090099255548e+00 6.29396412084383e-03 2.02639377060374e-04 
5.76236839234124e+00 6.12774088609757e-03 1.98017615664394e-04 
5.77383579212699e+00 5.96498623467495e-03 1.93469527454475e-04 
5.78530319191274e+00 5.80565464577754e-03 1.88994803620839e-04 
5.79677059169850e+00 5.64970048712280e-03 1.84593113124416e-04 
5.80823799148425e+00 5.49707803552346e-03 1.80264103221333e-04 
5.81970539127000e+00 5.34774149721272e-03 1.76007399994256e-04 
5.83117279105576e+00 5.20164502790433e-03 1.71822608890033e-04 
5.84264019084151e+00 5.05874275257710e-03 1.67709315263158e-04 
5.85410759062727e+00 4.91898878497331e-03 1.63667084924521e-04 
5.86557499041302e+00 4.78233724680141e-03 1.59695464694931e-04 
5.87704239019877e+00 4.64874228663338e-03 1.55793982962913e-04 
5.88850978998453e+00 4.51815809848752e-03 1.51962150246235e-04 
5.89997718977028e+00 4.39053894008819e-03 1.48199459756693e-04 
5.91144458955603e+00 4.26583915079393e-03 1.44505387967619e-04 
5.92291198934179e+00 4.14401316918606e-03 1.40879395183624e-04 
5.93437938912754e+00 4.02501555031032e-03 1.37320926112067e-04 
5.94584678891330e+00 3.90880098256422e-03 1.33829410435758e-04 
5.95731418869905e+00 3.79532430422349e-03 1.30404263386407e-04 
5.96878158848480e+00 3.68454051960129e-03 1.27044886318341e-04 
5.98024898827056e+00 3.57640481483415e-03 1.23750667281987e-04 
5.99171638805631e+00 3.47087257328921e-03 1.20520981596681e-04 
6.00318378784206e+00 3.36789939058768e-03 1.17360429976740e-04 
6.01465118762782e+00 3.26742081763101e-03 1.14269316216667e-04 
6.02611858741357e+00 3.16938897843034e-03 1.11240814211831e-04 
6.03758598719933e+00 3.07376229345495e-03 1.08272653463281e-04 
6.04905338698508e+00 2.98049935712711e-03 1.05364245289518e-04 
6.06052078677083e+00 2.88955895306564e-03 1.02514988777059e-04 
6.07198818655659e+00 2.80090006893531e-03 9.97242713605099e-05 
6.08345558634234e+00 2.71448191089713e-03 9.69914694007066e-05 
6.09492298612809e+00 2.63026391765493e-03 9.43159487604168e-05 
6.10639038591385e+00 2.54820577409436e-03 9.16970653771345e-05 
6.11785778569960e+00 2.46826742451077e-03 8.91341658325101e-05 
6.12932518548536e+00 2.39040908542266e-03 8.66265879179637e-05 
6.14079258527111e+00 2.31459125796823e-03 8.41736611960291e-05 
6.15225998505686e+00 2.24077473988272e-03 8.17747075570087e-05 
6.16372738484262e+00 2.16892063705469e-03 7.94290417705179e-05 
6.17519478462837e+00 2.09899037465995e-03 7.71359720315069e-05 
6.18666218441412e+00 2.03094570787217e-03 7.48948005003718e-05 
6.19812958419988e+00 1.96474873214963e-03 7.27048238367772e-05 
6.20959698398563e+00 1.90036189309812e-03 7.05653337268074e-05 
6.22106438377138e+00 1.83774799591008e-03 6.84756174031070e-05 
6.23253178355714e+00 1.77687021438092e-03 6.64349581576624e-05 
6.24399918334289e+00 1.71769209950352e-03 6.44426358468930e-05 
6.25546658312865e+00 1.66017758764233e-03 6.24979273887483e-05 
6.26693398291440e+00 1.60429100828915e-03 6.06001072514993e-05 
6.27840138270015e+00 1.54999709140260e-03 5.87484479339495e-05 
6.28986878248591e+00 1.49726097433403e-03 5.69422204367906e-05 
6.30133618227166e+00 1.44604820834282e-03 5.51806947248450e-05 
6.31280358205741e+00 1.39632476470430e-03 5.34631401799577e-05 
6.32427098184317e+00 1.34805704041399e-03 5.17888260443066e-05 
6.33573838162892e+00 1.30121186349210e-03 5.01570218539228e-05 
6.34720578141468e+00 1.25575649789255e-03 4.85669978622226e-05 
6.35867318120043e+00 1.21165864802113e-03 4.70180254533677e-05 
6.37014058098618e+00 1.16888646286761e-03 4.55093775452889e-05 
6.38160798077194e+00 1.12740853975694e-03 4.40403289822165e-05 
6.39307538055769e+00 1.08719392772505e-03 4.26101569165820e-05 
6.40454278034344e+00 1.04821213052484e-03 4.12181411801662e-05 
6.41601018012920e+00 1.01043310926828e-03 3.98635646443863e-05 
6.42747757991495e+00 9.73827284710836e-04 3.85457135696241e-05 
6.43894497970071e+00 9.38365539184514e-04 3.72638779435157e-05 
6.45041237948646e+00 9.04019218186227e-04 3.60173518081377e-05 
6.46187977927221e+00 8.70760131628146e-04 3.48054335760346e-05 
6.47334717905797e+00 8.38560554757101e-04 3.36274263350489e-05 
6.48481457884372e+00 8.07393228750136e-04 3.24826381419290e-05 
6.49628197862947e+00 7.77231360993550e-04 3.13703823046991e-05 
6.50774937841523e+00 7.48048625052875e-04 3.02899776537957e-05 
6.51921677820098e+00 7.19819160341398e-04 2.92407488019791e-05 
6.53068417798673e+00 6.92517571494953e-04 2.82220263930478e-05 
6.54215157777249e+00 6.66118927460825e-04 2.72331473393910e-05 
6.55361897755824e+00 6.40598760308713e-04 2.62734550484315e-05 
6.56508637734400e+00 6.15933063771780e-04 2.53422996380159e-05 
6.57655377712975e+00 5.92098291525920e-04 2.44390381408231e-05 
6.58802117691550e+00 5.69071355215409e-04 2.35630346978788e-05 
6.59948857670126e+00 5.46829622233198e-04 2.27136607412630e-05 
6.61095597648701e+00 5.25350913264113e-04 2.18902951661162e-05 
6.62242337627276e+00 5.04613499599304e-04 2.10923244920558e-05 
6.63389077605852e+00 4.84596100230268e-04 2.03191430141249e-05 
6.64535817584427e+00 4.65277878730813e-04 1.95701529434067e-05 
6.65682557563003e+00 4.46638439935322e-04 1.88447645374379e-05 
6.66829297541578e+00 4.28657826421670e-04 1.81423962205755e-05 
6.67976037520153e+00 4.11316514807116e-04 1.74624746944695e-05 
6.69122777498729e+00 3.94595411865496e-04 1.68044350388032e-05 
6.70269517477304e+00 3.78475850473982e-04 1.61677208024721e-05 
6.71416257455879e+00 3.62939585397618e-04 1.55517840853803e-05 
6.72562997434455e+00 3.47968788919833e-04 1.49560856110318e-05 
6.73709737413030e+00 3.33546046327009e-04 1.43800947901106e-05 
6.74856477391606e+00 3.19654351255161e-04 1.38232897752397e-05 
6.76003217370181e+00 3.06277100906681e-04 1.32851575071198e-05 
6.77149957348756e+00 2.93398091145016e-04 1.27651937522513e-05 
6.78296697327332e+00 2.81001511475057e-04 1.22629031324465e-05 
6.79443437305907e+00 2.69071939916913e-04 1.17777991463434e-05 
6.80590177284482e+00 2.57594337780645e-04 1.13094041831382e-05 
6.81736917263058e+00 2.46554044349404e-04 1.08572495287513e-05 
6.82883657241633e+00 2.35936771478315e-04 1.04208753646501e-05 
6.84030397220208e+00 2.25728598116300e-04 9.99983075955149e-06 
6.85177137198784e+00 2.15915964757943e-04 9.59367365422727e-06 
6.86323877177359e+00 2.06485667832297e-04 9.20197083964074e-06 
6.87470617155935e+00 1.97424854035475e-04 8.82429792864144e-06 
6.88617357134510e+00 1.88721014613635e-04 8.46023932144707e-06 
6.89764097113085e+00 1.80361979602901e-04 8.10938816514149e-06 
6.90910837091661e+00 1.72335912032537e-04 7.77134630741796e-06 
6.92057577070236e+00 1.64631302097585e-04 7.44572424479756e-06 
6.93204317048811e+00 1.57236961307002e-04 7.13214106555096e-06 
6.94351057027387e+00 1.50142016613147e-04 6.83022438755179e-06 
6.95497797005962e+00 1.43335904528350e-04 6.53961029128877e-06 
6.96644536984538e+00 1.36808365234071e-04 6.25994324826229e-06 
6.97791276963113e+00 1.30549436688052e-04 5.99087604498939e-06 
6.98938016941688e+00 1.24549448734619e-04 5.73206970283966e-06 
7.00084756920264e+00 1.18799017223207e-04 5.48398915725105e-06 
7.01231496898839e+00 1.13285088044347e-04 5.24675687616105e-06 
7.02378236877414e+00 1.07996562246655e-04 5.01897826692125e-06 
7.03524976855990e+00 1.02925750578173e-04 4.79967304276675e-06 
7.04671716834565e+00 9.80651557905001e-05 4.58859381497525e-06 
7.05818456813141e+00 9.34074708641281e-05 4.38549740924039e-06 
7.06965196791716e+00 8.89455771163026e-05 4.19014492332743e-06 
7.08111936770291e+00 8.46725421976314e-05 4.00230177794525e-06 
7.09258676748867e+00 8.05816179836124e-05 3.82173776099231e-06 
7.10405416727442e+00 7.66662383672139e-05 3.64822706533928e-06 
7.11552156706017e+00 7.29200169585836e-05 3.48154832031709e-06 
7.12698896684593e+00 6.93367446978927e-05 3.32148461708369e-06 
7.13845636663168e+00 6.59103873872540e-05 3.16782352804695e-06 
7.14992376641743e+00 6.26350831475663e-05 3.02035712052526e-06 
7.16139116620319e+00 5.95051398060513e-05 2.87888196483062e-06 
7.17285856598894e+00 5.65150322201528e-05 2.74319913696204e-06 
7.18432596577470e+00 5.36593995433638e-05 2.61311421609932e-06 
7.19579336556045e+00 5.09330424384386e-05 2.48843727708968e-06 
7.20726076534620e+00 4.83309202433336e-05 2.36898287812093e-06 
7.21872816513196e+00 4.58481480950963e-05 2.25457004377620e-06 
7.23019556491771e+00 4.34799940168009e-05 2.14502224366585e-06 
7.24166296470346e+00 4.12218759724957e-05 2.04016736683285e-06 
7.25313036448922e+00 3.90693588949931e-05 1.93983769212745e-06 
7.26459776427497e+00 3.70181516911985e-05 1.84386985474675e-06 
7.27606516406073e+00 3.50641042295278e-05 1.75210480913409e-06 
7.28753256384648e+00 3.32032043138234e-05 1.66438778843176e-06 
7.29899996363223e+00 3.14315746480280e-05 1.58056826067916e-06 
7.31046736341799e+00 2.97454697957297e-05 1.50049988194692e-06 
7.32193476320374e+00 2.81412731385379e-05 1.42404044659503e-06 
7.33340216298949e+00 2.66154938370994e-05 1.35105183484103e-06 
7.34486956277525e+00 2.51647637984095e-05 1.28139995782116e-06 
7.35633696256100e+00 2.37858346529199e-05 1.21495470032492e-06 
7.36780436234676e+00 2.24755747447884e-05 1.15158986137996e-06 
7.37927176213251e+00 2.12309661384645e-05 1.09118309286102e-06 
7.39073916191826e+00 2.00491016446485e-05 1.03361583629284e-06 
7.40220656170402e+00 1.89271818685069e-05 9.78773258013384e-07 
7.41367396148977e+00 1.78625122828787e-05 9.26544182859405e-07 
7.42514136127552e+00 1.68525003290508e-05 8.76821026532604e-07 
7.43660876106128e+00 1.58946525475341e-05 8.29499726800013e-07 
7.44807616084703e+00 1.49865717411215e-05 7.84479673677982e-07 
7.45954356063278e+00 1.41259541723646e-05 7.41663638744494e-07 
7.47101096041854e+00 1.33105867974600e-05 7.00957703719941e-07 
7.48247836020429e+00 1.25383445383950e-05 6.62271188451714e-07 
7.49394575999005e+00 1.18071875950640e-05 6.25516578433169e-07 
7.50541315977580e+00 1.11151587989297e-05 5.90609451982642e-07 
7.51688055956155e+00 1.04603810096692e-05 5.57468407203248e-07 
7.52834795934731e+00 9.84105455611715e-06 5.26014988839267e-07 
7.53981535913306e+00 9.25545472268824e-06 4.96173615139971e-07 
7.55128275891881e+00 8.70192928233939e-06 4.67871504836676e-07 
7.56275015870457e+00 8.17889607701151e-06 4.41038604333942e-07 
7.57421755849032e+00 7.68484064637386e-06 4.15607515210784e-07 
7.58568495827608e+00 7.21831390558143e-06 3.91513422122864e-07 
7.59715235806183e+00 6.77792987264676e-06 3.68694021191763e-07 
7.60861975784758e+00 6.36236344592217e-06 3.47089448962499e-07 
7.62008715763334e+00 5.97034823208734e-06 3.26642212005752e-07 
7.63155455741909e+00 5.60067442493956e-06 3.07297117236452e-07 
7.64302195720484e+00 5.25218673519074e-06 2.89001203015749e-07 
7.65448935699060e+00 4.92378237138575e-06 2.71703671098840e-07 
7.66595675677635e+00 4.61440907197141e-06 2.55355819486549e-07 
7.67742415656211e+00 4.32306318846384e-06 2.39910976234254e-07 
7.68889155634786e+00 4.04878781958455e-06 2.25324434267377e-07 
7.70035895613361e+00 3.79067099616228e-06 2.11553387248492e-07 
7.71182635591937e+00 3.54784391652797e-06 1.98556866537014e-07 
7.72329375570512e+00 3.31947923206471e-06 1.86295679278465e-07 
7.73476115549087e+00 3.10478938251261e-06 1.74732347656440e-07 
7.74622855527663e+00 2.90302498057085e-06 1.63831049336685e-07 
7.75769595506238e+00 2.71347324528480e-06 1.53557559129070e-07 
7.76916335484813e+00 2.53545648365543e-06 1.43879191889799e-07 
7.78063075463389e+00 2.36833061986172e-06 1.34764746682774e-07 
7.79209815441964e+00 2.21148377144296e-06 1.26184452215897e-07 
7.80356555420540e+00 2.06433487174819e-06 1.18109913564930e-07 
7.81503295399115e+00 1.92633233792332e-06 1.10514060194624e-07 
7.82650035377690e+00 1.79695278367322e-06 1.03371095283972e-07 
7.83796775356266e+00 1.67569977600588e-06 9.66564463597698e-08 
7.84943515334841e+00 1.56210263513885e-06 9.03467172401013e-08 
7.86090255313416e+00 1.45571527672387e-06 8.44196412869333e-08 
7.87236995291992e+00 1.35611509552462e-06 7.88540359647169e-08 
7.88383735270567e+00 1.26290188966408e-06 7.36297586997154e-08 
7.89530475249143e+00 1.17569682454199e-06 6.87276640327438e-08 
7.90677215227718e+00 1.09414143551020e-06 6.41295620560954e-08 
7.91823955206293e+00 1.01789666838239e-06 5.98181781236275e-08 
7.92970695184869e+00 9.46641956846804e-07 5.57771138213203e-08 
7.94117435163444e+00 8.80074335843951e-07 5.19908091840712e-08 
7.95264175142019e+00 8.17907589967693e-07 4.84445061430492e-08 
7.96410915120595e+00 7.59871435945739e-07 4.51242131866161e-08 
7.97557655099170e+00 7.05710738255675e-07 4.20166712166085e-08 
7.98704395077746e+00 6.55184756934308e-07 3.91093205806732e-08 
7.99851135056321e+00 6.08066426641485e-07 3.63886518656688e-08 
8.00997875034896e+00 5.64153146539742e-07 3.38412348794443e-08 
8.02144615013472e+00 5.23258837347627e-07 3.14593330045698e-08 
8.03291354992047e+00 4.85187387579571e-07 2.92363673386068e-08 
8.04438094970622e+00 4.49754600749115e-07 2.71623733248320e-08 
8.05584834949198e+00 4.16787528281640e-07 2.52279659996692e-08 
8.06731574927773e+00 3.86123836042749e-07 2.34243093156618e-08 
8.07878314906348e+00 3.57611203021434e-07 2.17430868939253e-08 
8.09025054884924e+00 3.31106750756762e-07 2.01764741512902e-08 
8.10171794863499e+00 3.06476502145561e-07 1.87171117487505e-08 
8.11318534842075e+00 2.83594868316424e-07 1.73580803092548e-08 
8.12465274820650e+00 2.62344162302188e-07 1.60928763542833e-08 
8.13612014799225e+00 2.42614138288990e-07 1.49153894100719e-08 
8.14758754777801e+00 2.24301555264854e-07 1.38198802357530e-08 
8.15905494756376e+00 2.07309763934718e-07 1.28009601270872e-08 
8.17052234734951e+00 1.91548315811609e-07 1.18535712508501e-08 
8.18198974713527e+00 1.76932593435530e-07 1.09729679663279e-08 
8.19345714692102e+00 1.63383460712384e-07 1.01546990917391e-08 
8.20492454670678e+00 1.50826932404951e-07 9.39459107475849e-09 
8.21639194649253e+00 1.39193861846585e-07 8.68873202765805e-09 
8.22785934627828e+00 1.28419645985886e-07 8.03345658889568e-09 
8.23932674606404e+00 1.18443946907090e-07 7.42533157428749e-09 
8.25079414584979e+00 1.09210429006383e-07 6.86114238217538e-09 
8.26226154563554e+00 1.00666511038744e-07 6.33788011825897e-09 
8.27372894542130e+00 9.27631322832345e-08 5.85272940699515e-09 
8.28519634520705e+00 8.54545321069848e-08 5.40305685767747e-09 
8.29666374499281e+00 7.86980422393504e-08 4.98640015449099e-09 
8.30813114477856e+00 7.24538910979921e-08 4.60045774099734e-09 
8.31959854456431e+00 6.66850195378365e-08 4.24307907063637e-09 
8.33106594435007e+00 6.13569074221302e-08 3.91225539593569e-09 
8.34253334413582e+00 5.64374104420475e-08 3.60611107019697e-09 
8.35400074392157e+00 5.18966066376150e-08 3.32289533647819e-09 
8.36546814370733e+00 4.77066520980595e-08 3.06097457971307e-09 
8.37693554349308e+00 4.38416453441085e-08 2.81882501880268e-09 
8.38840294327884e+00 4.02774999182827e-08 2.59502581648055e-09 
8.39987034306459e+00 3.69918247318423e-08 2.38825258569022e-09 
8.41133774285034e+00 3.39638117387967e-08 2.19727127212388e-09 
8.42280514263610e+00 3.11741305282909e-08 2.02093239345229e-09 
8.43427254242185e+00 2.86048294467497e-08 1.85816561663039e-09 
8.44573994220760e+00 2.62392428804289e-08 1.70797465548893e-09 
8.45720734199336e+00 2.40619043474931e-08 1.56943247162118e-09 
8.46867474177911e+00 2.20584650664577e-08 1.44167676234639e-09 
8.48014214156487e+00 2.02156176847928e-08 1.32390572027578e-09 
8.49160954135062e+00 1.85210248677391e-08 1.21537404972665e-09 
8.50307694113637e+00 1.69632524629243e-08 1.11538922592254e-09 
8.51454434092213e+00 1.55317069712381e-08 1.02330798358519e-09 
8.52601174070788e+00 1.42165770686306e-08 9.38533022166600e-10 
8.53747914049363e+00 1.30087789370717e-08 8.60509915587496e-10 
8.54894654027939e+00 1.18999051758641e-08 7.88724214942730e-10 
8.56041394006514e+00 1.08821770768680e-08 7.22698733204971e-10 
8.57188133985089e+00 9.94840005898414e-09 6.61991001505809e-10 
8.58334873963665e+00 9.09192206847525e-09 6.06190887099088e-10 
8.59481613942240e+00 8.30659476241449e-09 5.54918363615136e-10 
8.60628353920815e+00 7.58673730273430e-09 5.07821424697335e-10 
8.61775093899391e+00 6.92710259804794e-09 4.64574132574655e-10 
8.62921833877966e+00 6.32284583963571e-09 4.24874793566028e-10 
8.64068573856542e+00 5.76949518675246e-09 3.88444252935335e-10 
8.65215313835117e+00 5.26292446473910e-09 3.55024301919868e-10 
8.66362053813692e+00 4.79932774732638e-09 3.24376190141114e-10 
8.67508793792268e+00 4.37519570202130e-09 2.96279236975049e-10 
8.68655533770843e+00 3.98729358458256e-09 2.70529535810505e-10 
8.69802273749418e+00 3.63264077533683e-09 2.46938745459098e-10 
8.70949013727994e+00 3.30849175647976e-09 2.25332963299404e-10 
8.72095753706569e+00 3.01231843555795e-09 2.05551675041832e-10 
8.73242493685145e+00 2.74179372605807e-09 1.87446776289854e-10 
8.74389233663720e+00 2.49477630144898e-09 1.70881661348204e-10 
8.75535973642295e+00 2.26929644414812e-09 1.55730374990068e-10 
8.76682713620871e+00 2.06354291572701e-09 1.41876823143558e-10 
8.77829453599446e+00 1.87585077924624e-09 1.29214038693489e-10 
8.78976193578021e+00 1.70469010892986e-09 1.17643498818198e-10 
8.80122933556597e+00 1.54865552646589e-09 1.07074490493222e-10 
8.81269673535172e+00 1.40645650706432e-09 9.74235209947423e-11 
8.82416413513748e+00 1.27690840202868e-09 8.86137704261321e-11 
8.83563153492323e+00 1.15892412801282e-09 8.05745834712745e-11 
8.84709893470898e+00 1.05150647635108e-09 7.32409977489367e-11 
8.85856633449474e+00 9.53740998877945e-10 6.65533063038491e-11 
8.87003373428049e+00 8.64789429502441e-10 6.04566519226564e-11 
8.88150113406624e+00 7.83883603481464e-10 5.49006511070057e-11 
8.89296853385200e+00 7.10319838854880e-10 4.98390456720793e-11 
8.90443593363775e+00 6.43453746871141e-10 4.52293800672729e-11 
8.91590333342351e+00 5.82695440454116e-10 4.10327026368215e-11 
8.92737073320926e+00 5.27505111847313e-10 3.72132891523265e-11 
8.93883813299501e+00 4.77388952528199e-10 3.37383870567104e-11 
8.95030553278077e+00 4.31895390320020e-10 3.05779789604124e-11 
8.96177293256652e+00 3.90611620348111e-10 2.77045640259802e-11 
8.97324033235227e+00 3.53160408098656e-10 2.50929559669076e-11 
8.98470773213803e+00 3.19197144346368e-10 2.27200964708980e-11 
8.99617513192378e+00 2.88407133129403e-10 2.05648829369909e-11 
9.00764253170954e+00 2.60503095270659e-10 1.86080094904300e-11 
9.01910993149529e+00 2.35222871179642e-10 1.68318203090452e-11 
9.03057733128104e+00 2.12327307823443e-10 1.52201743604982e-11 
9.04204473106680e+00 1.91598315833680e-10 1.37583207112511e-11 
9.05351213085255e+00 1.72837083723255e-10 1.24327836257729e-11 
9.06497953063830e+00 1.55862437126551e-10 1.12312567285212e-11 
9.07644693042406e+00 1.40509331853444e-10 1.01425055518251e-11 
9.08791433020981e+00 1.26627470365081e-10 9.15627784014640e-12 
9.09938172999557e+00 1.14080032041302e-10 8.26322102549694e-12 
9.11084912978132e+00 1.02742508319529e-10 7.45480633021459e-12 
9.12231652956707e+00 9.25016344458966e-11 6.72325899201403e-12 
9.13378392935283e+00 8.32544101947351e-11 6.06149414239783e-12 
9.14525132913858e+00 7.49072024848496e-11 5.46305790328179e-12 
9.15671872892433e+00 6.73749233533673e-11 4.92207329820450e-12 
9.16818612871009e+00 6.05802772426568e-11 4.43319060388933e-12 
9.17965352849584e+00 5.44530720154907e-11 3.99154179533638e-12 
9.19112092828159e+00 4.89295885404900e-11 3.59269876316510e-12 
9.20258832806735e+00 4.39520040861169e-11 3.23263500572030e-12 
9.21405572785310e+00 3.94678651291147e-11 2.90769052060532e-12 
9.22552312763885e+00 3.54296055242309e-11 2.61453964091913e-12 
9.23699052742461e+00 3.17941062981043e-11 2.35016158064628e-12 
9.24845792721036e+00 2.85222936230335e-11 2.11181347147336e-12 
9.25992532699612e+00 2.55787717975552e-11 1.89700568986865e-12 
9.27139272678187e+00 2.29314883118318e-11 1.70347928864540e-12 
9.28286012656762e+00 2.05514283081707e-11 1.52918536151134e-12 
9.29432752635338e+00 1.84123359618789e-11 1.37226618235915e-12 
9.30579492613913e+00 1.64904605063092e-11 1.23103797334476e-12 
9.31726232592488e+00 1.47643248095374e-11 1.10397516719492e-12 
9.32872972571064e+00 1.32145145796757e-11 9.89696039744953e-13 
9.34019712549639e+00 1.18234864323866e-11 8.86949598486755e-13 
9.35166452528215e+00 1.05753931986474e-11 7.94603621961268e-13 
9.36313192506790e+00 9.45592498409421e-12 7.11633753206947e-13 
9.37459932485365e+00 8.45216461417083e-12 6.37113558224492e-13 
9.38606672463941e+00 7.55245621256869e-12 5.70205467581454e-13 
9.39753412442516e+00 6.74628576479392e-12 5.10152525899643e-13 
9.40900152421091e+00 6.02417261478058e-12 4.56270880082142e-13 
9.42046892399667e+00 5.37757093091225e-12 4.07942942780976e-13 
9.43193632378242e+00 4.79878025918412e-12 3.64611172815000e-13 
9.44340372356818e+00 4.28086435606898e-12 3.25772419051585e-13 
9.45487112335393e+00 3.81757756243842e-12 2.90972778694821e-13 
9.46633852313968e+00 3.40329804309561e-12 2.59802925004326e-13 
9.47780592292544e+00 3.03296727452625e-12 2.31893863228277e-13 
9.48927332271119e+00 2.70203521676641e-12 2.06913076995458e-13 
9.50074072249694e+00 2.40641065418995e-12 1.84561030596426e-13 
9.51220812228270e+00 2.14241623487431e-12 1.64567995513832e-13 
9.52367552206845e+00 1.90674777933055e-12 1.46691172255835e-13 
9.53514292185421e+00 1.69643746707433e-12 1.30712081022325e-13 
9.54661032163996e+00 1.50882054404127e-12 1.16434197007866e-13 
9.55807772142571e+00 1.34150522546581e-12 1.03680808233479e-13 
9.56954512121147e+00 1.19234549777848e-12 9.22930757158945e-14 
9.58101252099722e+00 1.05941654955047e-12 8.21282775410093e-14 
9.59247992078297e+00 9.40992585723157e-13 7.30582200204571e-14 
9.60394732056873e+00 8.35526801490272e-13 6.49678005877903e-14 
9.61541472035448e+00 7.41633312420130e-13 5.77537084444838e-14 
9.62688212014024e+00 6.58070855872158e-13 5.13232502055932e-14 
9.63834951992599e+00 5.83728095620989e-13 4.55932889295712e-14 
9.64981691971174e+00 5.17610376985430e-13 4.04892859548734e-14 
9.66128431949750e+00 4.58827793792187e-13 3.59444359153720e-14 
9.67275171928325e+00 4.06584441298311e-13 3.18988861744423e-14 
9.68421911906900e+00 3.60168740856494e-13 2.82990327105377e-14 
9.69568651885476e+00 3.18944732729338e-13 2.50968852112813e-14 
9.70715391864051e+00 2.82344243131061e-13 2.22494947942309e-14 
9.71862131842627e+00 2.49859840378823e-13 1.97184383757571e-14 
9.73008871821202e+00 2.21038503045633e-13 1.74693542597233e-14 
9.74155611799777e+00 1.95475930291093e-13 1.54715240193210e-14 
9.75302351778353e+00 1.72811431168011e-13 1.36974962025791e-14 
9.76449091756928e+00 1.52723335719831e-13 1.21227478084934e-14 
9.77595831735503e+00 1.34924876148829e-13 1.07253798598838e-14 
9.78742571714079e+00 1.19160491296686e-13 9.48584374416157e-15 
9.79889311692654e+00 1.05202512181784e-13 8.38669530710296e-15 
9.81036051671229e+00 9.28481904220750e-14 7.41237397017407e-15 
9.82182791649805e+00 8.19170350760681e-14 6.54900440139543e-15 
9.83329531628380e+00 7.22484267912482e-14 5.78421850544753e-15 
9.84476271606955e+00 6.36994811905116e-14 5.10699571277254e-15 
9.85623011585531e+00 5.61431361813097e-14 4.50751974173099e-15 
9.86769751564106e+00 4.94664403653014e-14 3.97705018417126e-15 
9.87916491542682e+00 4.35690219821620e-14 3.50780742466195e-15 
9.89063231521257e+00 3.83617198615282e-14 3.09286954858842e-15 
9.90209971499832e+00 3.37653597016880e-14 2.72608002566325e-15 
9.91356711478408e+00 2.97096606606145e-14 2.40196507437156e-15 
9.92503451456983e+00 2.61322587507880e-14 2.11565972058631e-15 
9.93650191435558e+00 2.29778348889425e-14 1.86284166106830e-15 
9.94796931414134e+00 2.01973366790957e-14 1.63967213074569e-15 
9.95943671392709e+00 1.77472841144161e-14 1.44274305240139e-15 
9.97090411371285e+00 1.55891503819658e-14 1.26902981946098e-15 
9.98237151349860e+00 1.36888098544398e-14 1.11584912767972e-15 
9.99383891328435e+00 1.20160461640522e-14 9.80821330320668e-16 
1.00053063130701e+01 1.05441139842117e-14 8.61719717788819e-16 
1.00167737128559e+01 9.25130179740674e-15 7.56715575784851e-16 
1.00282411126416e+01 8.11602603575352e-15 6.64417032962182e-16 
1.00397085124274e+01 7.11921100768017e-15 5.83305593232975e-16 
1.00511759122131e+01 6.24407591957599e-15 5.12034058636477e-16 
1.00626433119989e+01 5.47586061959365e-15 4.49416393242808e-16 
1.00741107117846e+01 4.80158389374144e-15 3.94408574685858e-16 
1.00855781115704e+01 4.20983047758002e-15 3.46091704940463e-16 
1.00970455113561e+01 3.69056339578348e-15 3.03657115699106e-16 
1.01085129111419e+01 3.23495863862536e-15 2.66393234474425e-16 
1.01199803109276e+01 2.83525953511883e-15 2.33674004774227e-16 
1.01314477107134e+01 2.48464849239739e-15 2.04948677772017e-16 
1.01429151104992e+01 2.17713404468295e-15 1.79732814188585e-16 
1.01543825102849e+01 1.90745139702476e-15 1.57600353928254e-16 
1.01658499100707e+01 1.67097486260017e-15 1.38176627660067e-16 
1.01773173098564e+01 1.46364078101648e-15 1.21132199250220e-16 
1.01887847096422e+01 1.28187967163766e-15 1.06177440959587e-16 
1.02002521094279e+01 1.12255652304053e-15 9.30577548161322e-17 
1.02117195092137e+01 9.82918249549492e-16 8.15493637305594e-17 
1.02231869089994e+01 8.60547460411446e-16 7.14556048992152e-17 
1.02346543087852e+01 7.53321788326818e-16 6.26036659676539e-17 
1.02461217085709e+01 6.59378113317533e-16 5.48417114324433e-17 
1.02575891083567e+01 5.77081096675060e-16 4.80363529448825e-17 
1.02690565081424e+01 5.04995509218219e-16 4.20704226431418e-17 
1.02805239079282e+01 4.41861899385572e-16 3.68410134628278e-17 
1.02919913077139e+01 3.86575200749519e-16 3.22577546344091e-17 
1.03034587074997e+01 3.38165926215867e-16 2.82412943349870e-17 
1.03149261072855e+01 2.95783638212559e-16 2.47219647796958e-17 
1.03263935070712e+01 2.58682421235881e-16 2.16386079659799e-17 
1.03378609068570e+01 2.26208115796435e-16 1.89375428675747e-17 
1.03493283066427e+01 1.97787101606840e-16 1.65716571544281e-17 
1.03607957064285e+01 1.72916443234595e-16 1.44996085255835e-17 
1.03722631062142e+01 1.51155233809540e-16 1.26851225156231e-17 
1.03837305060000e+01 1.32116992081713e-16 1.10963751994277e-17 
1.03951979057857e+01 1.15462985485983e-16 9.70545059927766e-18 
1.04066653055715e+01 1.00896367162012e-16 8.48786381441422e-18 
1.04181327053572e+01 8.81570283464871e-17 7.42214196524413e-18 
1.04296001051430e+01 7.70170794151877e-17 6.48945598935197e-18 
1.04410675049287e+01 6.72768832958338e-17 5.67329715933350e-18 
1.04525349047145e+01 5.87615741669978e-17 4.95919292638937e-18 
1.04640023045003e+01 5.13180024519889e-17 4.33445734028739e-18 
1.04754697042860e+01 4.48120542403690e-17 3.78797186601354e-18 
1.04869371040718e+01 3.91262995390689e-17 3.30999291927758e-18 
1.04984045038575e+01 3.41579292716987e-17 2.89198288504796e-18 
1.05098719036433e+01 2.98169457983351e-17 2.52646177254337e-18 
1.05213393034290e+01 2.60245759979372e-17 2.20687700285996e-18 
1.05328067032148e+01 2.27118797113232e-17 1.92748912717663e-18 
1.05442741030005e+01 1.98185296458145e-17 1.68327153912565e-18 
1.05557415027863e+01 1.72917417473836e-17 1.46982247873256e-18 
1.05672089025720e+01 1.50853376001644e-17 1.28328783110604e-18 
1.05786763023578e+01 1.31589226585532e-17 1.12029340413370e-18 
1.05901437021435e+01 1.14771660908920e-17 9.77885528758043e-19 
1.06016111019293e+01 1.00091697485161e-17 8.53478965563917e-19 
1.06130785017151e+01 8.72791529850008e-18 7.44811224694148e-19 
1.06245459015008e+01 7.60977989806452e-18 6.49902514538991e-19 
1.06360133012866e+01 6.63411196557822e-18 5.67020629997115e-19 
1.06474807010723e+01 5.78285963703929e-18 4.94650174946112e-19 
1.06589481008581e+01 5.04024540509347e-18 4.31465587269891e-19 
1.06704155006438e+01 4.39248123525673e-18 3.76307499584366e-19 
1.06818829004296e+01 3.82751915441794e-18 3.28162025752519e-19 
1.06933503002153e+01 3.33483292167500e-18 2.86142613328561e-19 
1.07048177000011e+01 2.90522693145556e-18 2.49474146048960e-19 
1.07162850997868e+01 2.53066897279611e-18 2.17479019127026e-19 
1.07277524995726e+01 2.20414388461138e-18 1.89564944051251e-19 
1.07392198993583e+01 1.91952551182161e-18 1.65214269402507e-19 
1.07506872991441e+01 1.67146468751190e-18 1.43974630390278e-19 
1.07621546989299e+01 1.45529124732118e-18 1.25450762802335e-19 
1.07736220987156e+01 1.26692832878385e-18 1.09297337251818e-19 
1.07850894985014e+01 1.10281742458299e-18 9.52126873304525e-20 
1.07965568982871e+01 9.59852848317928e-19 8.29333208354993e-20 
1.08080242980729e+01 8.35324437688807e-19 7.22291168938675e-20 
1.08194916978586e+01 7.26867465813251e-19 6.28991237909350e-20 
1.08309590976444e+01 6.32418859221786e-19 5.47678828272247e-20 
1.08424264974301e+01 5.50178933133091e-19 4.76822127520212e-20 
1.08538938972159e+01 4.78577952822129e-19 4.15083974163594e-20 
1.08653612970016e+01 4.16246915962786e-19 3.61297263867440e-20 
1.08768286967874e+01 3.61992026243847e-19 3.14443444868243e-20 
1.08882960965731e+01 3.14772394632781e-19 2.73633716937523e-20 
1.08997634963589e+01 2.73680562545596e-19 2.38092596027989e-20 
1.09112308961446e+01 2.37925491882305e-19 2.07143548703473e-20 
1.09226982959304e+01 2.06817711291844e-19 1.80196437239412e-20 
1.09341656957162e+01 1.79756346914827e-19 1.56736548521702e-20 
1.09456330955019e+01 1.56217799899203e-19 1.36315008126069e-20 
1.09571004952877e+01 1.35745862790773e-19 1.18540405717483e-20 
1.09685678950734e+01 1.17943092992416e-19 1.03071479599742e-20 
1.09800352948592e+01 1.02463284322853e-19 8.96107272464834e-21 
1.09915026946449e+01 8.90048976914226e-20 7.78988252881037e-21 
1.10029700944307e+01 7.73053293934306e-20 6.77097570049195e-21 
1.10144374942164e+01 6.71359108313870e-20 5.88465581407608e-21 
1.10259048940022e+01 5.82975468527752e-20 5.11376030267603e-21 
1.10373722937879e+01 5.06169116031765e-20 4.44333627888519e-21 
1.10488396935737e+01 4.39431310335212e-20 3.86035759766636e-21 
1.10603070933594e+01 3.81448901549089e-20 3.35347794471540e-21 
1.10717744931452e+01 3.31079109642087e-20 2.91281538959826e-21 
1.10832418929310e+01 2.87327538089525e-20 2.52976441693952e-21 
1.10947092927167e+01 2.49329009439204e-20 2.19683195111580e-21 
1.11061766925025e+01 2.16330862620261e-20 1.90749432920864e-21 
1.11176440922882e+01 1.87678397530027e-20 1.65607256121982e-21 
1.11291114920740e+01 1.62802192375784e-20 1.43762355260623e-21 
1.11405788918597e+01 1.41207054146506e-20 1.24784525805809e-21 
1.11520462916455e+01 1.22462393077149e-20 1.08299399238755e-21 
1.11635136914312e+01 1.06193838599138e-20 9.39812349025919e-22 
1.11749810912170e+01 9.20759375301133e-21 8.15466372985184e-22 
1.11864484910027e+01 7.98257955682695e-21 7.07490806760583e-22 
1.11979158907885e+01 6.91975408928247e-21 6.13741377633247e-22 
1.12093832905742e+01 5.99775041571952e-21 5.32353225886921e-22 
1.12208506903600e+01 5.19800226792985e-21 4.61704687955003e-22 
1.12323180901458e+01 4.50437884325561e-21 4.00385748541592e-22 
1.12437854899315e+01 3.90286697388352e-21 3.47170563131872e-22 
1.12552528897173e+01 3.38129455507371e-21 3.00993528614666e-22 
1.12667202895030e+01 2.92908990513457e-21 2.60928446376139e-22 
1.12781876892888e+01 2.53707241399807e-21 2.26170380406894e-22 
1.12896550890745e+01 2.19727043395161e-21 1.96019863761048e-22 
1.13011224888603e+01 1.90276288653086e-21 1.69869151047547e-22 
1.13125898886460e+01 1.64754151346193e-21 1.47190253336370e-22 
1.13240572884318e+01 1.42639109532496e-21 1.27524525638435e-22 
1.13355246882175e+01 1.23478530668996e-21 1.10473606591167e-22 
1.13469920880033e+01 1.06879617730775e-21 9.56915356969723e-23 
1.13584594877890e+01 9.25015391165987e-22 8.28778958955359e-23 
1.13699268875748e+01 8.00485883768256e-22 7.17718488192829e-23 
1.13813942873606e+01 6.92642397163591e-22 6.21469471483697e-23 
1.13928616871463e+01 5.99259825800787e-22 5.38066233650831e-23 
1.14043290869321e+01 5.18408337483138e-22 4.65802671852722e-23 
1.14157964867178e+01 4.48414385416498e-22 4.03198152590441e-23 
1.14272638865036e+01 3.87826842073096e-22 3.48967865963321e-23 
1.14387312862893e+01 3.35387585514330e-22 3.01997057701679e-23 
1.14501986860751e+01 2.90005955828319e-22 2.61318634431663e-23 
1.14616660858608e+01 2.50736575100865e-22 2.42431695925012e-23 
