Energy(eV)           EEDF(eV^-(3/2))      Anisotropy(eV^-(3/2))
3.84430309757747e-02 4.65864498201368e-02 1.83076455853839e-03 
1.15329092927324e-01 4.65423961891494e-02 7.18504494977734e-03 
1.92215154878873e-01 4.65305461538624e-02 7.10503482184233e-03 
2.69101216830423e-01 4.65240390842117e-02 7.03432750446873e-03 
3.45987278781972e-01 4.65153021504387e-02 6.98230300056500e-03 
4.22873340733521e-01 4.65017717739851e-02 6.94230447561361e-03 
4.99759402685070e-01 4.64832462020477e-02 6.90530929491385e-03 
5.76645464636620e-01 4.64598642159370e-02 6.86945744174384e-03 
6.53531526588169e-01 4.64317186722720e-02 6.83460761992291e-03 
7.30417588539718e-01 4.63988347663868e-02 6.80081121768106e-03 
8.07303650491268e-01 4.63612839125043e-02 6.76780759067315e-03 
8.84189712442817e-01 4.63191030165214e-02 6.73540863441306e-03 
9.61075774394366e-01 4.62723260756653e-02 6.70351223361859e-03 
1.03796183634592e+00 4.62209883256426e-02 6.67218964961178e-03 
1.11484789829747e+00 4.61660453923357e-02 6.64113377200502e-03 
1.19173396024901e+00 4.61075307459225e-02 6.61046572310659e-03 
1.26862002220056e+00 4.60452562019649e-02 6.58051996966495e-03 
1.34550608415211e+00 4.59789629712997e-02 6.55192648484585e-03 
1.42239214610366e+00 4.59091657154949e-02 6.52466075743056e-03 
1.49927820805521e+00 4.58358799295180e-02 6.49855465438247e-03 
1.57616427000676e+00 4.57596537139420e-02 6.47328964380774e-03 
1.65305033195831e+00 4.56810507461766e-02 6.44862611464331e-03 
1.72993639390986e+00 4.56000828472103e-02 6.42445907268149e-03 
1.80682245586141e+00 4.55167631178789e-02 6.40066657818572e-03 
1.88370851781296e+00 4.54311057410319e-02 6.37712977464248e-03 
1.96059457976451e+00 4.53427433268148e-02 6.35377192520894e-03 
2.03748064171606e+00 4.52507528798960e-02 6.33062546536806e-03 
2.11436670366761e+00 4.51551606328666e-02 6.30761272260614e-03 
2.19125276561916e+00 4.50568954588805e-02 6.28458336085756e-03 
2.26813882757070e+00 4.49560511421479e-02 6.26173358664130e-03 
2.34502488952225e+00 4.48521085963113e-02 6.23950474927194e-03 
2.42191095147380e+00 4.47450789207280e-02 6.21802178054448e-03 
2.49879701342535e+00 4.46349729450604e-02 6.19717741484556e-03 
2.57568307537690e+00 4.45213859976005e-02 6.17687490353958e-03 
2.65256913732845e+00 4.44038918072451e-02 6.15702235502944e-03 
2.72945519928000e+00 4.42825102573467e-02 6.13750066575835e-03 
2.80634126123155e+00 4.41572622982371e-02 6.11823278999751e-03 
2.88322732318310e+00 4.40284174161317e-02 6.09912969766645e-03 
2.96011338513465e+00 4.38961740772253e-02 6.08012429911392e-03 
3.03699944708620e+00 4.37605540045065e-02 6.06117489397355e-03 
3.11388550903775e+00 4.36219930697823e-02 6.04219907464467e-03 
3.19077157098930e+00 4.34805206749090e-02 6.02316710278406e-03 
3.26765763294085e+00 4.33361594853666e-02 6.00430272657615e-03 
3.34454369489239e+00 4.31889203551239e-02 5.98611333751304e-03 
3.42142975684394e+00 4.30388002254791e-02 5.96883818191405e-03 
3.49831581879549e+00 4.28857955885358e-02 5.95237799145068e-03 
3.57520188074704e+00 4.27299055256392e-02 5.93658568527917e-03 
3.65208794269859e+00 4.25711682560203e-02 5.92132816636247e-03 
3.72897400465014e+00 4.24097568507559e-02 5.90647938173387e-03 
3.80586006660169e+00 4.22456767648089e-02 5.89193775301813e-03 
3.88274612855324e+00 4.20789358178403e-02 5.87760533244146e-03 
3.95963219050479e+00 4.19095441291128e-02 5.86339336515115e-03 
4.03651825245634e+00 4.17375140534372e-02 5.84921977626490e-03 
4.11340431440789e+00 4.15625034717274e-02 5.83502643573292e-03 
4.19029037635944e+00 4.13845216014268e-02 5.82073507595847e-03 
4.26717643831099e+00 4.12035889117186e-02 5.80628619846369e-03 
4.34406250026254e+00 4.10197278765744e-02 5.79162706049490e-03 
4.42094856221409e+00 4.08329629058242e-02 5.77674399585692e-03 
4.49783462416563e+00 4.06433181130518e-02 5.76178612205167e-03 
4.57472068611718e+00 4.04510355699642e-02 5.74696512417101e-03 
4.65160674806873e+00 4.02563767998454e-02 5.73231567529480e-03 
4.72849281002028e+00 4.00593517847263e-02 5.71775736412628e-03 
4.80537887197183e+00 3.98599732933878e-02 5.70320954340536e-03 
4.88226493392338e+00 3.96582567164621e-02 5.68859990245182e-03 
4.95915099587493e+00 3.94542199585568e-02 5.67386384860024e-03 
5.03603705782648e+00 3.92478832764981e-02 5.65890155056884e-03 
5.11292311977803e+00 3.90388150527301e-02 5.64353821112145e-03 
5.18980918172958e+00 3.88270382165854e-02 5.62757190981412e-03 
5.26669524368113e+00 3.86125964107174e-02 5.61093959916919e-03 
5.34358130563268e+00 3.83955343005907e-02 5.59364568517889e-03 
5.42046736758423e+00 3.81758975226036e-02 5.57569628688379e-03 
5.49735342953578e+00 3.79537325794270e-02 5.55709908378867e-03 
5.57423949148732e+00 3.77290867904184e-02 5.53786315631919e-03 
5.65112555343887e+00 3.75020081908851e-02 5.51799978733517e-03 
5.72801161539042e+00 3.72725454080245e-02 5.49752250163960e-03 
5.80489767734197e+00 3.70407475440360e-02 5.47644609453883e-03 
5.88178373929352e+00 3.68066641216325e-02 5.45478640264161e-03 
5.95866980124507e+00 3.65703449795151e-02 5.43256017915375e-03 
6.03555586319662e+00 3.63318402227172e-02 5.40979076452686e-03 
6.11244192514817e+00 3.60909824713239e-02 5.38652749118998e-03 
6.18932798709972e+00 3.58478136750942e-02 5.36280076384628e-03 
6.26621404905127e+00 3.56023837007669e-02 5.33863311900440e-03 
6.34310011100282e+00 3.53547426311900e-02 5.31403877825643e-03 
6.41998617295437e+00 3.51049406597297e-02 5.28903280903740e-03 
6.49687223490592e+00 3.48530280443761e-02 5.26363092688352e-03 
6.57375829685747e+00 3.45990550158746e-02 5.23784939485172e-03 
6.65064435880902e+00 3.43430717375767e-02 5.21170489925411e-03 
6.72753042076056e+00 3.40851282224067e-02 5.18521448564670e-03 
6.80441648271211e+00 3.38252742964620e-02 5.15839551646086e-03 
6.88130254466366e+00 3.35635595180212e-02 5.13126561001043e-03 
6.95818860661521e+00 3.33000331454100e-02 5.10384256420033e-03 
7.03507466856676e+00 3.30347440623164e-02 5.07613653470571e-03 
7.11196073051831e+00 3.27665270328625e-02 5.04820824071763e-03 
7.18884679246986e+00 3.24953902686873e-02 5.01999661148653e-03 
7.26573285442141e+00 3.22213984080363e-02 4.99151356397179e-03 
7.34261891637296e+00 3.19446154848098e-02 4.96278287531361e-03 
7.41950497832451e+00 3.16651049002937e-02 4.93382768439021e-03 
7.49639104027606e+00 3.13829293574957e-02 4.90467049472930e-03 
7.57327710222761e+00 3.10981508381275e-02 4.87533316392092e-03 
7.65016316417916e+00 3.08108305437465e-02 4.84583690953667e-03 
7.72704922613071e+00 3.05210288776886e-02 4.81620230147777e-03 
7.80393528808225e+00 3.02288053927381e-02 4.78644927049168e-03 
7.88082135003380e+00 2.99342187776877e-02 4.75659710322891e-03 
7.95770741198535e+00 2.96373268112192e-02 4.72666445338739e-03 
8.03459347393690e+00 2.93381863526975e-02 4.69666780335436e-03 
8.11147953588845e+00 2.90376907861557e-02 4.66658280430247e-03 
8.18836559784000e+00 2.87359282232220e-02 4.63646762256144e-03 
8.26525165979155e+00 2.84329413465483e-02 4.60634061266123e-03 
8.34213772174310e+00 2.81287718436702e-02 4.57621723473201e-03 
8.41902378369465e+00 2.78234603887694e-02 4.54611160066457e-03 
8.49590984564620e+00 2.75170467572062e-02 4.51603321443494e-03 
8.57279590759775e+00 2.72095702596631e-02 4.48598913126837e-03 
8.64968196954930e+00 2.69010695918944e-02 4.45599002486135e-03 
8.72656803150085e+00 2.65915824442694e-02 4.42604870766838e-03 
8.80345409345239e+00 2.62811455338873e-02 4.39617730244429e-03 
8.88034015540394e+00 2.59697945994623e-02 4.36638736398822e-03 
8.95722621735549e+00 2.56575644207973e-02 4.33668988885682e-03 
9.03411227930704e+00 2.53444888161751e-02 4.30709533628347e-03 
9.11099834125859e+00 2.50306006626282e-02 4.27761363798575e-03 
9.18788440321014e+00 2.47159318955857e-02 4.24825421850500e-03 
9.26477046516169e+00 2.44005135297555e-02 4.21902600880115e-03 
9.34165652711324e+00 2.40843756602259e-02 4.18993746966873e-03 
9.41854258906479e+00 2.37675474832060e-02 4.16099659798054e-03 
9.49542865101634e+00 2.34500572994108e-02 4.13221094117415e-03 
9.57231471296789e+00 2.31319325357649e-02 4.10358760672106e-03 
9.64920077491944e+00 2.28131997504107e-02 4.07513328053094e-03 
9.72608683687099e+00 2.24938846545575e-02 4.04685423698698e-03 
9.80297289882254e+00 2.21740121188052e-02 4.01875635659976e-03 
9.87985896077408e+00 2.18536061950124e-02 3.99084513589081e-03 
9.95674502272563e+00 2.15326901237419e-02 3.96312570428735e-03 
1.00336310846772e+01 2.12112863560330e-02 3.93558600070143e-03 
1.01105171466287e+01 2.08918041182659e-02 3.90812889133318e-03 
1.01874032085803e+01 2.05743893250052e-02 3.88087279931951e-03 
1.02642892705318e+01 2.02590270385050e-02 3.85382923952912e-03 
1.03411753324834e+01 1.99457020268734e-02 3.82700139134189e-03 
1.04180613944349e+01 1.96343987813446e-02 3.80039215509543e-03 
1.04949474563865e+01 1.93251015434928e-02 3.77400416010791e-03 
1.05718335183380e+01 1.90177943213094e-02 3.74783977862304e-03 
1.06487195802896e+01 1.87124609142510e-02 3.72190114643486e-03 
1.07256056422411e+01 1.84090849260505e-02 3.69618938077958e-03 
1.08024917041927e+01 1.81076499178410e-02 3.67070258995462e-03 
1.08793777661442e+01 1.78081397472435e-02 3.64543788067604e-03 
1.09562638280958e+01 1.75105383939404e-02 3.62039553901418e-03 
1.10331498900473e+01 1.72148296140092e-02 3.59557777948249e-03 
1.11100359519989e+01 1.69209969692794e-02 3.57098650445263e-03 
1.11869220139504e+01 1.66290238484258e-02 3.54662332474708e-03 
1.12638080759020e+01 1.63388934930759e-02 3.52248957497251e-03 
1.13406941378535e+01 1.60505890165061e-02 3.49858633207842e-03 
1.14175801998051e+01 1.57640934268156e-02 3.47491442919169e-03 
1.14944662617566e+01 1.54793896434559e-02 3.45135320442659e-03 
1.15713523237082e+01 1.51964445233234e-02 3.42751182996958e-03 
1.16482383856597e+01 1.49152583192895e-02 3.40298268856054e-03 
1.17251244476113e+01 1.46359023096293e-02 3.37765057915182e-03 
1.18020105095628e+01 1.43584440349988e-02 3.35156227916710e-03 
1.18788965715144e+01 1.40829473738479e-02 3.32476353009989e-03 
1.19557826334659e+01 1.38094726134212e-02 3.29729904933034e-03 
1.20326686954175e+01 1.35380765238987e-02 3.26921277160112e-03 
1.21095547573690e+01 1.32694008592242e-02 3.24051735898171e-03 
1.21864408193206e+01 1.30035324090002e-02 3.21128263603558e-03 
1.22633268812721e+01 1.27405062007204e-02 3.18155121881417e-03 
1.23402129432237e+01 1.24803538157320e-02 3.15136209559608e-03 
1.24170990051752e+01 1.22231034970090e-02 3.12075318200654e-03 
1.24939850671268e+01 1.19687802573760e-02 3.08976133571626e-03 
1.25708711290783e+01 1.17174059834934e-02 3.05842237229036e-03 
1.26477571910299e+01 1.14689995401283e-02 3.02677108099462e-03 
1.27246432529814e+01 1.12235768702176e-02 2.99480446425743e-03 
1.28015293149330e+01 1.09811441052674e-02 2.96247811059371e-03 
1.28784153768845e+01 1.07417217796127e-02 2.92977827375411e-03 
1.29553014388361e+01 1.05053312013362e-02 2.89673616216740e-03 
1.30321875007876e+01 1.02719904072436e-02 2.86338991449330e-03 
1.31090735627392e+01 1.00417142771675e-02 2.82977651068434e-03 
1.31859596246907e+01 9.81451464465377e-03 2.79593178976693e-03 
1.32628456866423e+01 9.59040040696314e-03 2.76189027557872e-03 
1.33397317485938e+01 9.36937766243456e-03 2.72768516897109e-03 
1.34166178105454e+01 9.15144982011720e-03 2.69334876833333e-03 
1.34935038724969e+01 8.93661766793050e-03 2.65891257518634e-03 
1.35703899344485e+01 8.72487946424112e-03 2.62440709645996e-03 
1.36472759964000e+01 8.51623103671032e-03 2.58986178691696e-03 
1.37241620583516e+01 8.31066588185083e-03 2.55527072972987e-03 
1.38010481203031e+01 8.10816685953011e-03 2.52058999882329e-03 
1.38779341822546e+01 7.90873187769787e-03 2.48580375132940e-03 
1.39548202442062e+01 7.71236045640070e-03 2.45093828906717e-03 
1.40317063061577e+01 7.51904941517707e-03 2.41602658711004e-03 
1.41085923681093e+01 7.32879298379217e-03 2.38110042913836e-03 
1.41854784300608e+01 7.14158291117025e-03 2.34619042997092e-03 
1.42623644920124e+01 6.95740857117096e-03 2.31132605912630e-03 
1.43392505539639e+01 6.77625706643208e-03 2.27653566433833e-03 
1.44161366159155e+01 6.59811332909665e-03 2.24184649580275e-03 
1.44930226778670e+01 6.42296021952415e-03 2.20728473033852e-03 
1.45699087398186e+01 6.25077862193358e-03 2.17287549631409e-03 
1.46467948017701e+01 6.08154753794434e-03 2.13864289848316e-03 
1.47236808637217e+01 5.91524417709810e-03 2.10454947958057e-03 
1.48005669256732e+01 5.75182540260960e-03 2.07049321833262e-03 
1.48774529876248e+01 5.59127926972864e-03 2.03642147610415e-03 
1.49543390495763e+01 5.43359980094282e-03 2.00235706091203e-03 
1.50312251115279e+01 5.27877816736210e-03 1.96833919901033e-03 
1.51081111734794e+01 5.12690145781433e-03 1.93439146218534e-03 
1.51849972354310e+01 4.97796216873609e-03 1.90055274342066e-03 
1.52618832973825e+01 4.83193999619925e-03 1.86685466908467e-03 
1.53387693593341e+01 4.68881236529294e-03 1.83332665203594e-03 
1.54156554212856e+01 4.54855455734446e-03 1.79999672013365e-03 
1.54925414832372e+01 4.41113983301155e-03 1.76689155293239e-03 
1.55694275451887e+01 4.27653955169557e-03 1.73403647149673e-03 
1.56463136071403e+01 4.14472329409735e-03 1.70145547590872e-03 
1.57231996690918e+01 4.01565897376232e-03 1.66917138115492e-03 
1.58000857310434e+01 3.88931293678481e-03 1.63720364586173e-03 
1.58769717929949e+01 3.76561584562571e-03 1.60509104360384e-03 
1.59538578549465e+01 3.64456756640696e-03 1.57281711586812e-03 
1.60307439168980e+01 3.52611776311452e-03 1.54035485559134e-03 
1.61076299788496e+01 3.41030408029261e-03 1.50768978515640e-03 
1.61845160408011e+01 3.29709934365109e-03 1.47487361456911e-03 
1.62614021027527e+01 3.18654084833413e-03 1.44195679229673e-03 
1.63382881647042e+01 3.07859451588675e-03 1.40900636096702e-03 
1.64151742266558e+01 2.97328743936645e-03 1.37606325923771e-03 
1.64920602886073e+01 2.87057933345028e-03 1.34320358484462e-03 
1.65689463505589e+01 2.77049395468948e-03 1.31050456673276e-03 
1.66458324125104e+01 2.67299091179812e-03 1.27806762162231e-03 
1.67227184744620e+01 2.57806953790520e-03 1.24593234694394e-03 
1.67996045364135e+01 2.48567126592622e-03 1.21414117152806e-03 
1.68764905983651e+01 2.39578925286716e-03 1.18270876028960e-03 
1.69533766603166e+01 2.30836295410557e-03 1.15167298157869e-03 
1.70302627222682e+01 2.22338008802249e-03 1.12102073530307e-03 
1.71071487842197e+01 2.14084657632100e-03 1.09071189139445e-03 
1.71840348461713e+01 2.06075860582140e-03 1.06073727211892e-03 
1.72609209081228e+01 1.98305717838120e-03 1.03112727983185e-03 
1.73378069700744e+01 1.90772666179492e-03 1.00189981160299e-03 
1.74146930320259e+01 1.83470578234929e-03 9.73084599458134e-04 
1.74915790939775e+01 1.76397490840580e-03 9.44691832154478e-04 
1.75684651559290e+01 1.69547014952520e-03 9.16740634860878e-04 
1.76453512178806e+01 1.62916730184263e-03 8.89231727369636e-04 
1.77222372798321e+01 1.56500461281654e-03 8.62186086270132e-04 
1.77991233417837e+01 1.50295765242270e-03 8.35609496246678e-04 
1.78760094037352e+01 1.44296428735264e-03 8.09522995077695e-04 
1.79528954656868e+01 1.38499749191998e-03 7.83928900677440e-04 
1.80297815276383e+01 1.32899528676877e-03 7.58841571963850e-04 
1.81066675895899e+01 1.27492681019098e-03 7.34255076256590e-04 
1.81835536515414e+01 1.22273139139306e-03 7.10180595371727e-04 
1.82604397134930e+01 1.17237939480707e-03 6.86615962910485e-04 
1.83373257754445e+01 1.12381124958499e-03 6.63573453878295e-04 
1.84142118373961e+01 1.07699605621741e-03 6.41048898351014e-04 
1.84910978993476e+01 1.03187535441909e-03 6.19054351651152e-04 
1.85679839612992e+01 9.88418870323661e-04 5.97591287703315e-04 
1.86448700232507e+01 9.46571111964305e-04 5.76674421267612e-04 
1.87217560852023e+01 9.06298034114544e-04 5.56297820780772e-04 
1.87986421471538e+01 8.67542596532632e-04 5.36464389673514e-04 
1.88755282091054e+01 8.30270897942824e-04 5.17162989976768e-04 
1.89524142710569e+01 7.94428031149126e-04 4.98394775524645e-04 
1.90293003330085e+01 7.59980479094427e-04 4.80147702838546e-04 
1.91061863949600e+01 7.26875577121161e-04 4.62421381407085e-04 
1.91830724569115e+01 6.95080398725532e-04 4.45203072123787e-04 
1.92599585188631e+01 6.64544598137806e-04 4.28491035078495e-04 
1.93368445808146e+01 6.35236014096837e-04 4.12272020477616e-04 
1.94137306427662e+01 6.07106667249256e-04 3.96543121641574e-04 
1.94906167047177e+01 5.80125307123693e-04 3.81290740431465e-04 
1.95675027666693e+01 5.54246343381872e-04 3.66510972800383e-04 
1.96443888286208e+01 5.29439555306420e-04 3.52190014027377e-04 
1.97212748905724e+01 5.05661742756624e-04 3.38323118419260e-04 
1.97981609525239e+01 4.82883809701150e-04 3.24896397639973e-04 
1.98750470144755e+01 4.61064929140353e-04 3.11904771224360e-04 
1.99519330764270e+01 4.40177443754925e-04 2.99336518586465e-04 
2.00288191383786e+01 4.20183850102223e-04 2.87184882379919e-04 
2.01057052003301e+01 4.01018409735384e-04 2.75453089973302e-04 
2.01825912622817e+01 3.82641684318847e-04 2.64131902215981e-04 
2.02594773242332e+01 3.65030582475148e-04 2.53206829071098e-04 
2.03363633861848e+01 3.48153269291055e-04 2.42670807606812e-04 
2.04132494481363e+01 3.31987666183635e-04 2.32510387779465e-04 
2.04901355100879e+01 3.16503819235400e-04 2.22718369369235e-04 
2.05670215720394e+01 3.01680678084441e-04 2.13281732872804e-04 
2.06439076339910e+01 2.87490107419120e-04 2.04193211228624e-04 
2.07207936959425e+01 2.73912090959660e-04 1.95440242559048e-04 
2.07976797578941e+01 2.60920246049534e-04 1.87015554494496e-04 
2.08745658198456e+01 2.48495588028783e-04 1.78907063478191e-04 
2.09514518817972e+01 2.36613418270949e-04 1.71107545108826e-04 
2.10283379437487e+01 2.25255774098105e-04 1.63605409055438e-04 
2.11052240057003e+01 2.14399570415538e-04 1.56393524547209e-04 
2.11821100676518e+01 2.04027850770059e-04 1.49460804171556e-04 
2.12589961296034e+01 1.94119071945975e-04 1.42800249462243e-04 
2.13358821915549e+01 1.84657262804841e-04 1.36401280951265e-04 
2.14127682535065e+01 1.75622349844339e-04 1.30257064763319e-04 
2.14896543154580e+01 1.66999322059569e-04 1.24357530260316e-04 
2.15665403774096e+01 1.58769503550255e-04 1.18696034413325e-04 
2.16434264393611e+01 1.50918814822257e-04 1.13263012181227e-04 
2.17203125013127e+01 1.43429906081766e-04 1.08052032839196e-04 
2.17971985632642e+01 1.36289597940288e-04 1.03054031992808e-04 
2.18740846252158e+01 1.29481796064587e-04 9.82628080679399e-05 
2.19509706871673e+01 1.22994187615916e-04 9.36697880887620e-05 
2.20278567491189e+01 1.16811864504249e-04 8.92699238320186e-05 
2.21047428110704e+01 1.10924001699633e-04 8.50563639935946e-05 
2.21816288730220e+01 1.05316650348200e-04 8.10246798170411e-05 
2.22585149349735e+01 9.99791768014579e-05 7.71687846805002e-05 
2.23354009969251e+01 9.48993706505324e-05 7.34847450705783e-05 
2.24122870588766e+01 9.00666013518412e-05 6.99657634893365e-05 
2.24891731208282e+01 8.54685105370894e-05 6.66058703208262e-05 
2.25660591827797e+01 8.10953214806933e-05 6.33975894760800e-05 
2.26429452447313e+01 7.69357299910669e-05 6.03353594469149e-05 
2.27198313066828e+01 7.29807530200719e-05 5.74122768614377e-05 
2.27967173686344e+01 6.92200581517456e-05 5.46231671041991e-05 
2.28736034305859e+01 6.56453991836679e-05 5.19616610814682e-05 
2.29504894925375e+01 6.22473387521242e-05 4.94229501406133e-05 
2.30273755544890e+01 5.90183139084858e-05 4.70011630450270e-05 
2.31042616164406e+01 5.59497109841577e-05 4.46918365782000e-05 
2.31811476783921e+01 5.30345998482623e-05 4.24895629059039e-05 
2.32580337403437e+01 5.02651242342323e-05 4.03902042209700e-05 
2.33349198022952e+01 4.76349394529903e-05 3.83887835468993e-05 
2.34118058642468e+01 4.51368851185657e-05 3.64814690367839e-05 
2.34886919261983e+01 4.27651575627659e-05 3.46636838771480e-05 
2.35655779881499e+01 4.05132352483838e-05 3.29318833710860e-05 
2.36424640501014e+01 3.83758139502310e-05 3.12818619603847e-05 
2.37193501120530e+01 3.63469581661919e-05 2.97103520015740e-05 
2.37962361740045e+01 3.44218303703790e-05 2.82135679957845e-05 
2.38731222359561e+01 3.25950814727024e-05 2.67885693606168e-05 
2.39500082979076e+01 3.08622706196382e-05 2.54318543940426e-05 
2.40268943598592e+01 2.92184726821734e-05 2.41406106536047e-05 
2.41037804218107e+01 2.76596414788540e-05 2.29115655716540e-05 
2.41806664837623e+01 2.61813063631187e-05 2.17421303482669e-05 
2.42575525457138e+01 2.47797836897512e-05 2.06293096817631e-05 
2.43344386076654e+01 2.34510180590908e-05 1.95707226790360e-05 
2.44113246696169e+01 2.21916585596221e-05 1.85636295557287e-05 
2.44882107315685e+01 2.09980289468166e-05 1.76058423858880e-05 
2.45650967935200e+01 1.98670834467345e-05 1.66948566291120e-05 
2.46419828554716e+01 1.87954918020394e-05 1.58286632099939e-05 
2.47188689174231e+01 1.77804878575970e-05 1.50051004350310e-05 
2.47957549793746e+01 1.68191562389375e-05 1.42225043821487e-05 
2.48726410413262e+01 1.59089826463431e-05 1.34789158797301e-05 
2.49495271032777e+01 1.50471958450508e-05 1.27726294251678e-05 
2.50264131652293e+01 1.42314806494094e-05 1.21016413632979e-05 
2.51032992271808e+01 1.34587127488220e-05 1.14647643835635e-05 
2.51801852891324e+01 1.27267346927566e-05 1.08602153516955e-05 
2.52570713510839e+01 1.20333409064605e-05 1.02865210580838e-05 
2.53339574130355e+01 1.13766844038655e-05 9.74205787053441e-06 
2.54108434749870e+01 1.07547729325656e-05 9.22549553669918e-06 
2.54877295369386e+01 1.01659343093785e-05 8.73536121252221e-06 
2.55646155988901e+01 9.60836978464196e-06 8.27044443741349e-06 
2.56415016608417e+01 9.08056622925755e-06 7.82940978299894e-06 
2.57183877227932e+01 8.58090033518443e-06 7.41115643026304e-06 
2.57952737847448e+01 8.10800361378193e-06 7.01447411450473e-06 
2.58721598466963e+01 7.66041174857369e-06 6.63836229780059e-06 
2.59490459086479e+01 7.23688770897153e-06 6.28172465980571e-06 
2.60259319705994e+01 6.83611119520781e-06 5.94365231881973e-06 
2.61028180325510e+01 6.45696458673631e-06 5.62315263079328e-06 
2.61797040945025e+01 6.09825797570037e-06 5.31940042987728e-06 
2.62565901564541e+01 5.75898214788807e-06 5.03149735597130e-06 
2.63334762184056e+01 5.43806519741490e-06 4.75869465437996e-06 
2.64103622803572e+01 5.13459627333892e-06 4.50017966183828e-06 
2.64872483423087e+01 4.84761021074553e-06 4.25527332043732e-06 
2.65641344042603e+01 4.57628536185553e-06 4.02324081752108e-06 
2.66410204662118e+01 4.31975307320585e-06 3.80346662490708e-06 
2.67179065281634e+01 4.07727255101047e-06 3.59528661478757e-06 
2.67947925901149e+01 3.84806236572242e-06 3.39814312839278e-06 
2.68716786520665e+01 3.63145497263950e-06 3.21143618179679e-06 
2.69485647140180e+01 3.42674773840418e-06 3.03466079409335e-06 
2.70254507759696e+01 3.23333944507316e-06 2.86730938873161e-06 
2.71023368379211e+01 3.05062638150682e-06 2.70896632564798e-06 
2.71792228998727e+01 2.87806277921078e-06 2.55917207972675e-06 
2.72561089618242e+01 2.71507068751697e-06 2.41750571816664e-06 
2.73329950237758e+01 2.56115371666144e-06 2.28351302550595e-06 
2.74098810857273e+01 2.41579416669710e-06 2.15680879837202e-06 
2.74867671476789e+01 2.27854680216038e-06 2.03698496974328e-06 
2.75636532096304e+01 2.14894802696314e-06 1.92369489683686e-06 
2.76405392715820e+01 2.02659861641396e-06 1.81657208175172e-06 
2.77174253335335e+01 1.91108354402735e-06 1.71530468796173e-06 
2.77943113954851e+01 1.80204495552099e-06 1.61956364992844e-06 
2.78711974574366e+01 1.69911141288480e-06 1.52906853683069e-06 
2.79480835193882e+01 1.60196224738692e-06 1.44352397974018e-06 
2.80249695813397e+01 1.51026512762980e-06 1.36267787468110e-06 
2.81018556432913e+01 1.42373279776508e-06 1.28626517680833e-06 
2.81787417052428e+01 1.34206800164394e-06 1.21405932250756e-06 
2.82556277671944e+01 1.26501349648306e-06 1.14582254738107e-06 
2.83325138291459e+01 1.19230347638429e-06 1.08135130729983e-06 
2.84093998910975e+01 1.12370764893857e-06 1.02043237237618e-06 
2.84862859530490e+01 1.05898839993870e-06 9.62882938268981e-07 
2.85631720150006e+01 9.97939629369702e-07 9.08511833033003e-07 
2.86400580769521e+01 9.40348986484074e-07 8.57154931321377e-07 
2.87169441389037e+01 8.86032080984961e-07 8.08640886229382e-07 
2.87938302008552e+01 8.34799195034227e-07 7.62822389182533e-07 
2.88707162628068e+01 7.86485414021114e-07 7.19545905687041e-07 
2.89476023247583e+01 7.40921290648936e-07 6.78679261779049e-07 
2.90244883867099e+01 6.97959376443515e-07 6.40084921901852e-07 
2.91013744486614e+01 6.57448373807113e-07 6.03644327768785e-07 
2.91782605106130e+01 6.19256493444541e-07 5.69234309215960e-07 
2.92551465725645e+01 5.83248684068356e-07 5.36748552563066e-07 
2.93320326345161e+01 5.49307191377693e-07 5.06076782008032e-07 
2.94089186964676e+01 5.17311502729918e-07 4.77123691302361e-07 
2.94858047584192e+01 4.87156439469580e-07 4.49790574705314e-07 
2.95626908203707e+01 4.58734496046072e-07 4.23992017418678e-07 
2.96395768823223e+01 4.31951758709630e-07 3.99639691892711e-07 
2.97164629442738e+01 4.06712355871158e-07 3.76657068441255e-07 
2.97933490062254e+01 3.82932461883804e-07 3.54965125311805e-07 
2.98702350681769e+01 3.60526608459558e-07 3.34495310738540e-07 
2.99471211301285e+01 3.39420001928163e-07 3.15176944118875e-07 
3.00240071920800e+01 3.19536474733456e-07 2.96951805429224e-07 
3.01008932540316e+01 3.00807966557293e-07 2.79763842621770e-07 
3.01777793159831e+01 2.83165651882590e-07 2.63561273455404e-07 
3.02546653779346e+01 2.66549305428447e-07 2.48286659536147e-07 
3.03315514398862e+01 2.50897847892319e-07 2.33889420326959e-07 
3.04084375018377e+01 2.36157687073071e-07 2.20317789891363e-07 
3.04853235637893e+01 2.22274526345290e-07 2.07526682063146e-07 
3.05622096257408e+01 2.09200683994952e-07 1.95470008551358e-07 
3.06390956876924e+01 1.96887900105688e-07 1.84107587573083e-07 
3.07159817496439e+01 1.85293758678716e-07 1.73398391908307e-07 
3.07928678115955e+01 1.74375371775749e-07 1.63306616801679e-07 
3.08697538735470e+01 1.64095013875938e-07 1.53795745811587e-07 
3.09466399354986e+01 1.54414576767255e-07 1.44833879802540e-07 
3.10235259974501e+01 1.45300512304489e-07 1.36388522003200e-07 
3.11004120594017e+01 1.36718964411617e-07 1.28431257652856e-07 
3.11772981213532e+01 1.28640104720011e-07 1.20933171476362e-07 
3.12541841833048e+01 1.21033859371553e-07 1.13868956724739e-07 
3.13310702452563e+01 1.13873711746886e-07 1.07212888717304e-07 
3.14079563072079e+01 1.07132951720131e-07 1.00942432511753e-07 
3.14848423691594e+01 1.00788010660384e-07 9.50347053449530e-08 
3.15617284311110e+01 9.48151695492301e-08 8.94696438032927e-08 
3.16386144930625e+01 8.91934835053303e-08 8.42268960746538e-08 
3.17155005550141e+01 8.39018928797344e-08 7.92886021317642e-08 
3.17923866169656e+01 7.89217875813866e-08 7.46366638202954e-08 
3.18692726789172e+01 7.42344720394893e-08 7.02551850956559e-08 
3.19461587408687e+01 6.98234134811047e-08 6.61280742317398e-08 
3.20230448028203e+01 6.56720176062224e-08 6.22411854587851e-08 
3.20999308647718e+01 6.17655995852679e-08 5.85802130859973e-08 
3.21768169267234e+01 5.80894325294412e-08 5.51325708811723e-08 
3.22537029886749e+01 5.46304752460878e-08 5.18855427480620e-08 
3.23305890506265e+01 5.13756601908494e-08 4.88279317850707e-08 
3.24074751125780e+01 4.83134078635367e-08 4.59484364238887e-08 
3.24843611745296e+01 4.54321249758432e-08 4.32371191726449e-08 
3.25612472364811e+01 4.27215502751806e-08 4.06840054914249e-08 
3.26381332984327e+01 4.01714352020263e-08 3.82802970481100e-08 
3.27150193603842e+01 3.77726355989879e-08 3.60170942405632e-08 
3.27919054223358e+01 3.55160137520037e-08 3.38864972014409e-08 
3.28687914842873e+01 3.33934569929495e-08 3.18805564106488e-08 
3.29456775462389e+01 3.13968647189811e-08 2.99922509618525e-08 
3.30225636081904e+01 2.95190406158980e-08 2.82147168390722e-08 
3.30994496701420e+01 2.77529702562215e-08 2.65419373224135e-08 
3.31763357320935e+01 2.60922553923016e-08 2.49678164471535e-08 
3.32532217940451e+01 2.45304694302855e-08 2.34867732604845e-08 
3.33301078559966e+01 2.30618970142562e-08 2.20931660378751e-08 
3.34069939179482e+01 2.16808510002472e-08 2.07820020547737e-08 
3.34838799798997e+01 2.03822708490986e-08 1.95482832197266e-08 
3.35607660418513e+01 1.91611240835718e-08 1.83875835961724e-08 
3.36376521038028e+01 1.80129302632512e-08 1.72954755521407e-08 
3.37145381657544e+01 1.69332364817993e-08 1.62680358610931e-08 
3.37914242277059e+01 1.59180761703139e-08 1.53013424662135e-08 
3.38683102896575e+01 1.49635094819285e-08 1.43919179856500e-08 
3.39451963516090e+01 1.40660250221171e-08 1.35362884069035e-08 
3.40220824135606e+01 1.32221370986534e-08 1.27313717318117e-08 
3.40989684755121e+01 1.24287374718789e-08 1.19740909843345e-08 
3.41758545374637e+01 1.16827424391707e-08 1.12617147752069e-08 
3.42527405994152e+01 1.09814008174805e-08 1.05915179429256e-08 
3.43296266613668e+01 1.03219847001775e-08 9.96107998054659e-09 
3.44065127233183e+01 9.70205911274879e-09 9.36798745105018e-09 
3.44833987852699e+01 9.11921104129822e-09 8.81009548471036e-09 
3.45602848472214e+01 8.57128552661991e-09 8.28526683041090e-09 
3.46371709091730e+01 8.05614823099422e-09 7.79160098859472e-09 
3.47140569711245e+01 7.57189214402666e-09 7.32720539194336e-09 
3.47909430330761e+01 7.11662953930911e-09 6.89039617493846e-09 
3.48678290950276e+01 6.68867294705342e-09 6.47949753148463e-09 
3.49447151569792e+01 6.28635286485493e-09 6.09301762777131e-09 
3.50216012189307e+01 5.90817619813413e-09 5.72950291580923e-09 
3.50984872808823e+01 5.55269252214613e-09 5.38766637839601e-09 
3.51753733428338e+01 5.21857893113163e-09 5.06622103686790e-09 
3.52522594047854e+01 4.90451992021438e-09 4.76399091287746e-09 
3.53291454667369e+01 4.60933799303528e-09 4.47977215077401e-09 
3.54060315286885e+01 4.33184680825849e-09 4.21248890254301e-09 
3.54829175906400e+01 4.07101071879907e-09 3.96108019071795e-09 
3.55598036525916e+01 3.82581144930397e-09 3.72462715160376e-09 
3.56366897145431e+01 3.59533650952591e-09 3.50222141070275e-09 
3.57135757764947e+01 3.37868544887029e-09 3.29305243927689e-09 
3.57904618384462e+01 3.17505096390354e-09 3.09631606676063e-09 
3.58673479003978e+01 2.98363684570312e-09 2.91129433541873e-09 
3.59442339623493e+01 2.80372890359048e-09 2.73727536717542e-09 
3.60211200243008e+01 2.63462314759015e-09 2.57362324623717e-09 
3.60980060862524e+01 2.47568780598867e-09 2.41970783194763e-09 
3.61748921482039e+01 2.32630046682959e-09 2.27496591348412e-09 
3.62517782101555e+01 2.18590230677204e-09 2.13883973500865e-09 
3.63286642721070e+01 2.05394307454481e-09 2.01083051141159e-09 
3.64055503340586e+01 1.92992850850967e-09 1.89044458503350e-09 
3.64824363960101e+01 1.81337218418779e-09 1.77724025562860e-09 
3.65593224579617e+01 1.70383697541148e-09 1.67078062209335e-09 
3.66362085199132e+01 1.60089290987038e-09 1.57067456097445e-09 
3.67130945818648e+01 1.50415342156103e-09 1.47653542339980e-09 
3.67899806438163e+01 1.41323846503750e-09 1.38801689223299e-09 
3.68668667057679e+01 1.32780621314304e-09 1.30477680860419e-09 
3.69437527677194e+01 1.24752077392631e-09 1.22650854709371e-09 
3.70206388296710e+01 1.17207990561455e-09 1.15290933498435e-09 
3.70975248916225e+01 1.10118676197397e-09 1.08370770469263e-09 
3.71744109535741e+01 1.03457412478942e-09 1.01863574851326e-09 
3.72512970155256e+01 9.71979674988454e-10 9.57453137958632e-10 
3.73281830774772e+01 9.13167180157040e-10 8.99922825767940e-10 
3.74050691394287e+01 8.57904851388641e-10 8.45832060658997e-10 
3.74819552013803e+01 8.05983868501712e-10 7.94973229944486e-10 
3.75588412633318e+01 7.57201279729088e-10 7.47165338977035e-10 
3.76357273252834e+01 7.11376699388651e-10 7.02228872961433e-10 
3.77126133872349e+01 6.68327088323796e-10 6.60000066989498e-10 
3.77894994491865e+01 6.27887459231306e-10 6.20312080810767e-10 
3.78663855111380e+01 5.89896365900546e-10 5.83015094749099e-10 
3.79432715730896e+01 5.54208222056933e-10 5.47961836095525e-10 
3.80201576350411e+01 5.20680624051605e-10 5.15019992151450e-10 
3.80970436969927e+01 4.89185103294857e-10 4.84059559606764e-10 
3.81739297589442e+01 4.59596049943011e-10 4.54963684943262e-10 
3.82508158208958e+01 4.31800098729660e-10 4.27617606373954e-10 
3.83277018828473e+01 4.05686450769821e-10 4.01918121498070e-10 
3.84045879447989e+01 3.81155067029262e-10 3.77763920612088e-10 
3.84814740067504e+01 3.58108211163205e-10 3.55063856011855e-10 
3.85583600687020e+01 3.36457602579153e-10 3.33728490997146e-10 
3.86352461306535e+01 3.16117025732446e-10 3.13677322977462e-10 
3.87121321926051e+01 2.97008575313734e-10 2.94831394754086e-10 
3.87890182545566e+01 2.79056197058472e-10 2.77119604224952e-10 
3.88659043165082e+01 2.62191140654082e-10 2.60472243969210e-10 
3.89427903784597e+01 2.46346314251102e-10 2.44826513394852e-10 
3.90196764404113e+01 2.31461045925183e-10 2.30120869597381e-10 
3.90965625023628e+01 2.17476149027345e-10 2.16299843074916e-10 
3.91734485643144e+01 2.04338080164003e-10 2.03309097650230e-10 
3.92503346262659e+01 1.91994625568433e-10 1.91099638005333e-10 
3.93272206882175e+01 1.80398532339543e-10 1.79623489379236e-10 
3.94041067501690e+01 1.69503737401285e-10 1.68837373951200e-10 
3.94809928121206e+01 1.59268538955099e-10 1.58698932312247e-10 
3.95578788740721e+01 1.49652299530342e-10 1.49169935935391e-10 
3.96347649360237e+01 1.40618216071695e-10 1.40212982273306e-10 
3.97116509979752e+01 1.32130437256560e-10 1.31794302011253e-10 
3.97885370599268e+01 1.24156483196546e-10 1.23880868248349e-10 
3.98654231218783e+01 1.16664724768414e-10 1.16442849774957e-10 
3.99423091838299e+01 1.09626497418050e-10 1.09451082309924e-10 
4.00191952457814e+01 1.03013896860439e-10 1.02879791803132e-10 
4.00960813077330e+01 9.68021325592173e-11 9.67038826523034e-11 
4.01729673696845e+01 9.09665819023447e-11 9.09006109053394e-11 
4.02498534316361e+01 8.54847235941763e-11 8.54471445793813e-11 
4.03267394935876e+01 8.03346679195740e-11 8.03226749241455e-11 
4.04036255555392e+01 7.54965612565852e-11 7.55068997738833e-11 
4.04805116174907e+01 7.09511122554417e-11 7.09814641377410e-11 
4.05573976794423e+01 6.66808176263983e-11 6.67284657130862e-11 
4.06342837413938e+01 6.26686745597560e-11 6.27317126671421e-11 
4.07111698033454e+01 5.88992506647239e-11 5.89754175545845e-11 
4.07880558652969e+01 5.53575589557469e-11 5.54452956207094e-11 
4.08649419272485e+01 5.20299918741367e-11 5.21274232615377e-11 
4.09418279892000e+01 4.89033381890159e-11 4.90091972041230e-11 
4.10187140511516e+01 4.59655984679080e-11 4.60783366266572e-11 
4.10956001131031e+01 4.32051258829492e-11 4.33237209355325e-11 
4.11724861750547e+01 4.06113382659711e-11 4.07345173599265e-11 
4.12493722370062e+01 3.81739671090909e-11 3.83009127863694e-11 
4.13262582989578e+01 3.58836793959198e-11 3.60133509527897e-11 
4.14031443609093e+01 3.37314210897200e-11 3.38631718180432e-11 
4.14800304228608e+01 3.17089602398961e-11 3.18419445014209e-11 
4.15569164848124e+01 2.98083129977961e-11 2.99420259397028e-11 
4.16338025467639e+01 2.80222180235825e-11 2.81559774802677e-11 
4.17106886087155e+01 2.63436345926606e-11 2.64770530754215e-11 
4.17875746706670e+01 2.47661570440292e-11 2.48986889738605e-11 
4.18644607326186e+01 2.32835758681342e-11 2.34149303925339e-11 
4.19413467945701e+01 2.18902398192153e-11 2.20199850913455e-11 
4.20182328565217e+01 2.05806720332519e-11 2.07086062534916e-11 
4.20951189184732e+01 1.93498952107732e-11 1.94756934765318e-11 
4.21720049804248e+01 1.81930784695778e-11 1.83166152035921e-11 
4.22488910423763e+01 1.71058189382003e-11 1.72268584158641e-11 
4.23257771043279e+01 1.60838519375777e-11 1.62023213617277e-11 
4.24026631662794e+01 1.51232926328078e-11 1.52390179031997e-11 
4.24795492282310e+01 1.42203789701614e-11 1.43333267493340e-11 
4.25564352901825e+01 1.33716829160560e-11 1.34817295863104e-11 
4.26333213521341e+01 1.25738855172645e-11 1.26810290374067e-11 
4.27102074140856e+01 1.18239615778174e-11 1.19281194352905e-11 
4.27870934760372e+01 1.11189828032583e-11 1.12201774571809e-11 
4.28639795379887e+01 1.04562792756930e-11 1.05544614444423e-11 
4.29408655999403e+01 9.83326715397103e-12 9.92847815990066e-12 
4.30177516618918e+01 9.24758987945816e-12 9.33980707681284e-12 
4.30946377238434e+01 8.69696734999722e-12 8.78624626777449e-12 
4.31715237857949e+01 8.17931941608925e-12 8.26565853643140e-12 
4.32484098477465e+01 7.69263383573930e-12 7.77609906576804e-12 
4.33252959096980e+01 7.23507429554018e-12 7.31568065993500e-12 
4.34021819716496e+01 6.80486479329685e-12 6.88268544675927e-12 
4.34790680336011e+01 6.40038413487652e-12 6.47544684110199e-12 
4.35559540955527e+01 6.02006468815489e-12 6.09244730592847e-12 
4.36328401575042e+01 5.66247505908373e-12 5.73221494908049e-12 
4.37097262194558e+01 5.32623141952094e-12 5.39340909374815e-12 
4.37866122814073e+01 5.01006985011866e-12 5.07472968287297e-12 
4.38634983433589e+01 4.71276867080234e-12 4.77499218860066e-12 
4.39403844053104e+01 4.43321174975117e-12 4.49304822790303e-12 
4.40172704672620e+01 4.17032046283681e-12 4.22785114752365e-12 
4.40941565292135e+01 3.92310910361749e-12 3.97838645456862e-12 
4.41710425911651e+01 3.69062527061352e-12 3.74372924483779e-12 
4.42479286531166e+01 3.47199836980311e-12 3.52298322714956e-12 
4.43248147150682e+01 3.26638737936431e-12 3.31533101577656e-12 
4.44017007770197e+01 3.07302331096198e-12 3.11998068018639e-12 
4.44785868389713e+01 2.89116343330070e-12 2.93620979377867e-12 
4.45554729009228e+01 2.72012844919743e-12 2.76331857437166e-12 
4.46323589628744e+01 2.55926237438699e-12 2.60066846919735e-12 
4.47092450248259e+01 2.40796509195108e-12 2.44764106828661e-12 
4.47861310867775e+01 2.26565718340610e-12 2.30367190764633e-12 
4.48630171487290e+01 2.13180843873605e-12 2.16821443982490e-12 
4.49399032106806e+01 2.00590702471184e-12 2.04076965155940e-12 
4.50167892726321e+01 1.88748445600952e-12 1.92085446509883e-12 
4.50936753345837e+01 1.77608856256612e-12 1.80802769179412e-12 
4.51705613965352e+01 1.67130536370973e-12 1.70186231584058e-12 
4.52474474584868e+01 1.57273536355069e-12 1.60196823991263e-12 
4.53243335204383e+01 1.48001271453335e-12 1.50796797127692e-12 
4.54012195823899e+01 1.39278442861440e-12 1.41951655844788e-12 
4.54781056443414e+01 1.31072716814564e-12 1.33628025935427e-12 
4.55549917062930e+01 1.23352901197039e-12 1.25795401806481e-12 
4.56318777682445e+01 1.16090416916964e-12 1.18424274694323e-12 
4.57087638301961e+01 1.09257698414434e-12 1.11487664885230e-12 
4.57856498921476e+01 1.02829483172638e-12 1.04959479094832e-12 
4.58625359540992e+01 9.67814084621250e-13 9.88158539620788e-13 
4.59394220160507e+01 9.10911416022221e-13 9.30337143578970e-13 
4.60163080780023e+01 8.57371487174502e-13 8.75919515428281e-13 
4.60931941399538e+01 8.06996855343483e-13 8.24701576708504e-13 
4.61700802019054e+01 7.59597169347494e-13 7.76496590840455e-13 
4.62469662638569e+01 7.14997856003103e-13 7.31124053414350e-13 
4.63238523258085e+01 6.73030637800104e-13 6.88418755732428e-13 
4.64007383877600e+01 6.33541149327821e-13 6.48221030465937e-13 
4.64776244497116e+01 5.96380614305649e-13 6.10384702708891e-13 
4.65545105116631e+01 5.61412524591047e-13 5.74768524601870e-13 
4.66313965736147e+01 5.28505333944666e-13 5.41243151295911e-13 
4.67082826355662e+01 4.97538315690012e-13 5.09683618699462e-13 
4.67851686975178e+01 4.68395148244597e-13 4.79975464677397e-13 
4.68620547594693e+01 4.40969053043590e-13 4.52008122079849e-13 
4.69389408214209e+01 4.15157162322666e-13 4.25680290561995e-13 
4.70158268833724e+01 3.90865026271816e-13 4.00894132819793e-13 
4.70927129453239e+01 3.68001667087051e-13 3.77559989343119e-13 
4.71695990072755e+01 3.46483533257585e-13 3.55591279593093e-13 
4.72464850692270e+01 3.26230155752926e-13 3.34908640559691e-13 
4.73233711311786e+01 3.07167617667541e-13 3.15435446712784e-13 
4.74002571931301e+01 2.89224738787497e-13 2.97101443220652e-13 
4.74771432550817e+01 2.72336120347305e-13 2.79838809105640e-13 
4.75540293170332e+01 2.56438793310107e-13 2.63585347213109e-13 
4.76309153789848e+01 2.41474890579601e-13 2.48281024289543e-13 
4.77078014409363e+01 2.27388702290528e-13 2.33870772115907e-13 
4.77846875028879e+01 2.14129021331580e-13 2.20301446364537e-13 
4.78615735648394e+01 2.01646555919266e-13 2.07524286590013e-13 
4.79384596267910e+01 1.89895988609368e-13 1.95492242854084e-13 
4.80153456887425e+01 1.78833702540094e-13 1.84162004170793e-13 
4.80922317506941e+01 1.68419470229485e-13 1.73491755044016e-13 
4.81691178126456e+01 1.58614680384467e-13 1.63443124544675e-13 
4.82460038745972e+01 1.49383877225225e-13 1.53979234460754e-13 
4.83228899365487e+01 1.40692940273236e-13 1.45066274927452e-13 
4.83997759985003e+01 1.32510478844926e-13 1.36671631366994e-13 
4.84766620604518e+01 1.24806288403444e-13 1.28765349832946e-13 
4.85535481224034e+01 1.17552575283430e-13 1.21318539591952e-13 
4.86304341843549e+01 1.10722599489514e-13 1.14304660756203e-13 
4.87073202463065e+01 1.04291750440546e-13 1.07698119166483e-13 
4.87842063082580e+01 9.82363535615927e-14 1.01475397985036e-13 
4.88610923702096e+01 9.25346152768218e-14 9.56138215973236e-14 
4.89379784321611e+01 8.71655735093716e-14 9.00925501788851e-14 
4.90148644941127e+01 8.21099279097447e-14 8.48914921691667e-14 
4.90917505560642e+01 7.73491168054382e-14 7.99921784952873e-14 
4.91686366180158e+01 7.28660466867984e-14 7.53768056598281e-14 
4.92455226799673e+01 6.86442802777136e-14 7.10290042609832e-14 
4.93224087419189e+01 6.46686775788814e-14 6.69329969201673e-14 
4.93992948038704e+01 6.09246815990206e-14 6.30742739462341e-14 
4.94761808658220e+01 5.73988817462228e-14 5.94388522456172e-14 
4.95530669277735e+01 5.40783853982504e-14 5.60138694069990e-14 
4.96299529897251e+01 5.09513131096733e-14 5.27869314193366e-14 
4.97068390516766e+01 4.80062456381185e-14 4.97466350752224e-14 
4.97837251136282e+01 4.52326592751193e-14 4.68819937993566e-14 
4.98606111755797e+01 4.26204392074033e-14 4.41828970599986e-14 
4.99374972375313e+01 4.01602622625705e-14 4.16396049074594e-14 
5.00143832994828e+01 3.78431685923162e-14 3.92430200446214e-14 
5.00912693614344e+01 3.56603511325224e-14 3.69847634702592e-14 
5.01681554233859e+01 3.36036990544868e-14 3.48568801071747e-14 
5.02450414853375e+01 3.16659744138494e-14 3.28516810931122e-14 
5.03219275472890e+01 2.98402165140955e-14 3.09621508013905e-14 
5.03988136092406e+01 2.81200033315649e-14 2.91815310203895e-14 
5.04756996711921e+01 2.64991596692193e-14 2.75035951028862e-14 
5.05525857331437e+01 2.49719872465104e-14 2.59223457680918e-14 
5.06294717950952e+01 2.35330075219066e-14 2.44322564270074e-14 
5.07063578570468e+01 2.21771642161775e-14 2.30280048584645e-14 
5.07832439189983e+01 2.08995966705041e-14 2.17046856543259e-14 
5.08601299809499e+01 1.96958181169425e-14 2.04575754950060e-14 
5.09370160429014e+01 1.85615159335094e-14 1.92823201828277e-14 
5.10139021048530e+01 1.74927085758692e-14 1.81747277537291e-14 
5.10907881668045e+01 1.64855695259558e-14 1.71309331491103e-14 
5.11676742287561e+01 1.55365654475878e-14 1.61472158502901e-14 
5.12445602907076e+01 1.46423010081243e-14 1.52201448717548e-14 
5.13214463526592e+01 1.37996405118778e-14 1.43464180008033e-14 
5.13983324146107e+01 1.30055711112910e-14 1.35229894721018e-14 
5.14752184765623e+01 1.22573099005285e-14 1.27469282433529e-14 
5.15521045385138e+01 1.15521833292432e-14 1.20155304270824e-14 
5.16289906004654e+01 1.08877215000507e-14 1.13261943398015e-14 
5.17058766624169e+01 1.02615518589881e-14 1.06765195172691e-14 
5.17827627243685e+01 9.67148223073159e-15 1.00641965445147e-14 
5.18596487863200e+01 9.11540708961468e-15 9.48709426127291e-15 
5.19365348482716e+01 8.59138068194443e-15 8.94316261781446e-15 
5.20134209102231e+01 8.09753438370039e-15 8.43050238289072e-15 
5.20903069721747e+01 7.63213465834295e-15 7.94728498221632e-15 
5.21671930341262e+01 7.19352200194462e-15 7.49182311646603e-15 
5.22440790960778e+01 6.78016584488162e-15 7.06250137374555e-15 
5.23209651580293e+01 6.39059643730592e-15 6.65783130158398e-15 
5.23978512199809e+01 6.02345483549802e-15 6.27638140870230e-15 
5.24747372819324e+01 5.67743625704304e-15 5.91682968716406e-15 
5.25516233438839e+01 5.35133410985111e-15 5.57790489440782e-15 
5.26285094058355e+01 5.04399003266925e-15 5.25843282501292e-15 
5.27053954677870e+01 4.75433267870516e-15 4.95728451574934e-15 
5.27822815297386e+01 4.48133365008733e-15 4.67341701286887e-15 
5.28591675916901e+01 4.22404166271326e-15 4.40582768142338e-15 
5.29360536536417e+01 3.98154367723570e-15 4.15359012472014e-15 
5.30129397155932e+01 3.75299499669400e-15 3.91581387629267e-15 
5.30898257775448e+01 3.53758497937823e-15 3.69167604960163e-15 
5.31667118394963e+01 3.33456355475731e-15 3.48038577661614e-15 
5.32435979014479e+01 3.14321097649195e-15 3.28121209671025e-15 
5.33204839633994e+01 2.96286118405894e-15 3.09345258120598e-15 
5.33973700253510e+01 2.79287511842570e-15 2.91645790957471e-15 
5.34742560873025e+01 2.63266130563127e-15 2.74960418572189e-15 
5.35511421492541e+01 2.48165231423548e-15 2.59231459605606e-15 
5.36280282112056e+01 2.33932289211454e-15 2.44403498182810e-15 
5.37049142731572e+01 2.20516919466786e-15 2.30425292650084e-15 
5.37818003351087e+01 2.07872476648147e-15 2.17247620003484e-15 
5.38586863970603e+01 1.95954221321838e-15 2.04824958150685e-15 
5.39355724590118e+01 1.84720728494655e-15 1.93113583668809e-15 
5.40124585209634e+01 1.74132270336111e-15 1.82073054534281e-15 
5.40893445829149e+01 1.64152057289485e-15 1.71664531350481e-15 
5.41662306448665e+01 1.54744810904423e-15 1.61852084274081e-15 
5.42431167068180e+01 1.45877857637722e-15 1.52601211383137e-15 
5.43200027687696e+01 1.37519869380840e-15 1.43879990698349e-15 
5.43968888307211e+01 1.29641827484988e-15 1.35657772474801e-15 
5.44737748926727e+01 1.22215911218497e-15 1.27906194725002e-15 
5.45506609546242e+01 1.15216347458418e-15 1.20598028959904e-15 
5.46275470165758e+01 1.08618429648810e-15 1.13708075426847e-15 
5.47044330785273e+01 1.02399266759097e-15 1.07212144243543e-15 
5.47813191404789e+01 9.65369173734405e-16 1.01087844632441e-15 
5.48582052024304e+01 9.10110498945095e-16 9.53136855228852e-16 
5.49350912643820e+01 8.58021782091724e-16 8.98697713625542e-16 
5.50119773263335e+01 8.08922436886817e-16 8.47371993906269e-16 
5.50888633882851e+01 7.62641146452044e-16 7.98985312648132e-16 
5.51657494502366e+01 7.19017873526293e-16 7.53370045506583e-16 
5.52426355121882e+01 6.77898232127930e-16 7.10369108779667e-16 
5.53195215741397e+01 6.39139139885566e-16 6.69830880334885e-16 
5.53964076360913e+01 6.02603554921093e-16 6.31614985047605e-16 
5.54732936980428e+01 5.68164451901596e-16 5.95586801868367e-16 
5.55501797599944e+01 5.35700178108339e-16 5.61621677489808e-16 
5.56270658219459e+01 5.05097957423394e-16 5.29600079241908e-16 
5.57039518838975e+01 4.76249792421039e-16 4.99411309019714e-16 
5.57808379458490e+01 4.49055552569807e-16 4.70949225735543e-16 
5.58577240078006e+01 4.23419357865705e-16 4.44115519028515e-16 
5.59346100697521e+01 3.99252300792469e-16 4.18815934050314e-16 
5.60114961317037e+01 3.76469254663951e-16 3.94963157358157e-16 
5.60883821936552e+01 3.54991272957492e-16 3.72473484780301e-16 
5.61652682556068e+01 3.34742772269664e-16 3.51269365629912e-16 
5.62421543175583e+01 3.15653647422037e-16 3.31276461417048e-16 
5.63190403795099e+01 2.97656784869239e-16 3.12425889008666e-16 
5.63959264414614e+01 2.80689927387059e-16 2.94651624138834e-16 
5.64728125034130e+01 2.64693479000409e-16 2.77892479289347e-16 
5.65496985653645e+01 2.49612149025152e-16 2.62089811399262e-16 
5.66265846273161e+01 2.35393014190389e-16 2.47189265971442e-16 
5.67034706892676e+01 2.21986968251268e-16 2.33138753184149e-16 
5.67803567512192e+01 2.09347011039364e-16 2.19889985971293e-16 
5.68572428131707e+01 1.97429526735637e-16 2.07396692970027e-16 
5.69341288751223e+01 1.86192773159857e-16 1.95615975015021e-16 
5.70110149370738e+01 1.75598009039576e-16 1.84506727084838e-16 
5.70879009990254e+01 1.65608160002117e-16 1.74030834738998e-16 
5.71647870609769e+01 1.56188812751796e-16 1.64151780512338e-16 
5.72416731229285e+01 1.47307037006531e-16 1.54835699260379e-16 
5.73185591848800e+01 1.38932262361989e-16 1.46050147347611e-16 
5.73954452468316e+01 1.31035237863974e-16 1.37765033609901e-16 
5.74723313087831e+01 1.23588805459783e-16 1.29951532236013e-16 
5.75492173707347e+01 1.16566981056427e-16 1.22582904068756e-16 
5.76261034326862e+01 1.09945636805634e-16 1.15633536330049e-16 
5.77029894946378e+01 1.03701689401181e-16 1.09079667232673e-16 
5.77798755565893e+01 9.78137019877247e-17 1.02898537683761e-16 
5.78567616185409e+01 9.22611671284790e-17 9.70690306381171e-17 
5.79336476804924e+01 8.70250378456802e-17 9.15709216647449e-17 
5.80105337424439e+01 8.20870941693164e-17 8.63854431155989e-17 
5.80874198043955e+01 7.74304116877022e-17 8.14946219826684e-17 
5.81643058663470e+01 7.30388018925375e-17 7.68817777607104e-17 
5.82411919282986e+01 6.88972256234180e-17 7.25309373829954e-17 
5.83180779902501e+01 6.49912985749378e-17 6.84272746036873e-17 
5.83949640522017e+01 6.13076561428885e-17 6.45565930002804e-17 
5.84718501141532e+01 5.78335164737038e-17 6.09057137737903e-17 
5.85487361761048e+01 5.45570024483990e-17 5.74620188718877e-17 
5.86256222380563e+01 5.14667555486554e-17 5.42137932923013e-17 
5.87025083000079e+01 4.85522200342569e-17 5.11498212744977e-17 
5.87793943619594e+01 4.58033016929624e-17 4.82596884487884e-17 
5.88562804239110e+01 4.32106186703416e-17 4.55334249498918e-17 
5.89331664858625e+01 4.07651998612950e-17 4.29617721688070e-17 
5.90100525478141e+01 3.84587063201671e-17 4.05358672828351e-17 
5.90869386097656e+01 3.62831646699023e-17 3.82474787561667e-17 
5.91638246717172e+01 3.42311625577861e-17 3.60887274662167e-17 
5.92407107336687e+01 3.22956129991118e-17 3.40522946342030e-17 
5.93175967956203e+01 3.04699269335212e-17 3.21311752838461e-17 
5.93944828575718e+01 2.87478048982029e-17 3.03188618430925e-17 
5.94713689195234e+01 2.71233893787395e-17 2.86091261702082e-17 
5.95482549814749e+01 2.55910806287729e-17 2.69961816851709e-17 
5.96251410434265e+01 2.41456711910483e-17 2.54744906385177e-17 
5.97020271053780e+01 2.27821830528048e-17 2.40389072936636e-17 
5.97789131673296e+01 2.14959864322349e-17 2.26845075024726e-17 
5.98557992292811e+01 2.02826557874413e-17 2.14067151624450e-17 
5.99326852912327e+01 1.91380747163078e-17 2.02011515059684e-17 
6.00095713531842e+01 1.80583086268714e-17 1.90637467942178e-17 
6.00864574151358e+01 1.70396973806662e-17 1.79906070297817e-17 
6.01633434770873e+01 1.60787426883379e-17 1.69781126180323e-17 
6.02402295390389e+01 1.51721899343950e-17 1.60228004800702e-17 
6.03171156009904e+01 1.43169285878544e-17 1.51214512085709e-17 
6.03940016629420e+01 1.35100644769432e-17 1.42709847939117e-17 
6.04708877248935e+01 1.27488317040397e-17 1.34685376218360e-17 
6.05477737868451e+01 1.20306564895173e-17 1.27113702339209e-17 
6.06246598487966e+01 1.13530792563547e-17 1.19969353559618e-17 
6.07015459107482e+01 1.07138110306154e-17 1.13227962978464e-17 
6.07784319726997e+01 1.01106645165947e-17 1.06866870618356e-17 
6.08553180346513e+01 9.54160392529148e-18 1.00864401493031e-17 
6.09322040966028e+01 9.00468399825812e-18 9.52003967484850e-18 
6.10090901585544e+01 8.49809403299936e-18 8.98555749076793e-18 
6.10859762205059e+01 8.02010393493548e-18 8.48120012423518e-18 
6.11628622824575e+01 7.56910311832834e-18 8.00525228151952e-18 
6.12397483444090e+01 7.14355277015947e-18 7.55611830515906e-18 
6.13166344063606e+01 6.74202022818276e-18 7.13227213392421e-18 
6.13935204683121e+01 6.36313674311831e-18 6.73229399017091e-18 
6.14704065302637e+01 6.00562785709671e-18 6.35482611696279e-18 
6.15472925922152e+01 5.66827602608098e-18 5.99860518413509e-18 
6.16241786541668e+01 5.34994746803041e-18 5.66242311365601e-18 
6.17010647161183e+01 5.04955908391085e-18 5.34515572527101e-18 
6.17779507780699e+01 4.76610218751066e-18 5.04572806265091e-18 
6.18548368400214e+01 4.49861322857790e-18 4.76313971679664e-18 
6.19317229019730e+01 4.24619476795822e-18 4.49643413363874e-18 
6.20086089639245e+01 4.00798956397966e-18 4.24472100211156e-18 
6.20854950258761e+01 3.78319911399714e-18 4.00714908405261e-18 
6.21623810878276e+01 3.57106071602060e-18 3.78292600860849e-18 
6.22392671497792e+01 3.37086386017268e-18 3.57129421846217e-18 
6.23161532117307e+01 3.18192992250858e-18 3.37154847229951e-18 
6.23930392736823e+01 3.00362665673105e-18 3.18301454838602e-18 
6.24699253356338e+01 2.83535021687274e-18 3.00506472157581e-18 
6.25468113975854e+01 2.67653797034533e-18 2.83709890678974e-18 
6.26236974595369e+01 2.52665258125856e-18 2.67855834593677e-18 
6.27005835214885e+01 2.38519334004816e-18 2.52890891055033e-18 
6.27774695834400e+01 2.25168207022974e-18 2.38765320652678e-18 
6.28543556453916e+01 2.12567314704891e-18 2.25431578761930e-18 
6.29312417073431e+01 2.00674101788820e-18 2.12845386165199e-18 
6.30081277692947e+01 1.89448906225531e-18 2.00964419524806e-18 
6.30850138312462e+01 1.78853854029841e-18 1.89749258377037e-18 
6.31618998931978e+01 1.68853642867931e-18 1.79162225301171e-18 
6.32387859551493e+01 1.59414563307769e-18 1.69168223621131e-18 
6.33156720171009e+01 1.50505191880860e-18 1.59733710084701e-18 
6.33925580790524e+01 1.42095524213648e-18 1.50827435938649e-18 
6.34694441410039e+01 1.34157588064534e-18 1.42419536913681e-18 
6.35463302029555e+01 1.26664675492915e-18 1.34482188864997e-18 
6.36232162649071e+01 1.19591885149258e-18 1.26988801609648e-18 
6.37001023268586e+01 1.12915442119107e-18 1.19914599022129e-18 
6.37769883888101e+01 1.06613177664063e-18 1.13235904824145e-18 
6.38538744507617e+01 1.00663926686942e-18 1.06930655878021e-18 
6.39307605127132e+01 9.50479521674976e-19 1.00977769392652e-18 
6.40076465746648e+01 8.97464113529758e-19 9.53575971374539e-19 
6.40845326366163e+01 8.47417312902944e-19 9.00513647444871e-19 
6.41614186985679e+01 8.00171358699488e-19 8.50415736719739e-19 
6.42383047605194e+01 7.55569781122595e-19 8.03115043531091e-19 
6.43151908224710e+01 7.13463210980720e-19 7.58455719448481e-19 
6.43920768844225e+01 6.73712320094876e-19 7.16288860219054e-19 
6.44689629463741e+01 6.36184107817099e-19 6.76475654464333e-19 
6.45458490083256e+01 6.00754503181236e-19 6.38883481442768e-19 
6.46227350702772e+01 5.67305074060846e-19 6.03388698126449e-19 
6.46996211322287e+01 5.35725330133324e-19 5.69873180575348e-19 
6.47765071941803e+01 5.05909806372219e-19 5.38226791099546e-19 
6.48533932561318e+01 4.77760101363302e-19 5.08344312597589e-19 
6.49302793180834e+01 4.51182292370568e-19 4.80127632680514e-19 
6.50071653800349e+01 4.26088739539206e-19 4.53483026133834e-19 
6.50840514419865e+01 4.02395794679847e-19 4.28323088611715e-19 
6.51609375039380e+01 3.80025398355672e-19 4.04564327520483e-19 
6.52378235658896e+01 3.58903048869686e-19 3.82128874119595e-19 
6.53147096278411e+01 3.38959216106968e-19 3.60942347671542e-19 
6.53915956897927e+01 3.20127541050305e-19 3.40935371452582e-19 
6.54684817517442e+01 3.02346087485758e-19 3.22040445994270e-19 
6.55453678136958e+01 2.85555878140237e-19 3.04195752183780e-19 
6.56222538756473e+01 2.69701738622153e-19 2.87343470816233e-19 
6.56991399375989e+01 2.54731014917476e-19 2.71428509059582e-19 
6.57760259995504e+01 2.40594554666580e-19 2.56398247508920e-19 
6.58529120615020e+01 2.27245452297928e-19 2.42203593046360e-19 
6.59297981234535e+01 2.14639917953750e-19 2.28797658329667e-19 
6.60066841854051e+01 2.02736164755056e-19 2.16136694310847e-19 
6.60835702473566e+01 1.91495178292145e-19 2.04178919107067e-19 
6.61604563093082e+01 1.80879729854773e-19 1.92885343989906e-19 
6.62373423712597e+01 1.70855057912627e-19 1.82218734667402e-19 
6.63142284332113e+01 1.61387992990967e-19 1.72144342964140e-19 
6.63911144951628e+01 1.52447561248129e-19 1.62628985479565e-19 
6.64680005571144e+01 1.44004208311636e-19 1.53641691771510e-19 
6.65448866190659e+01 1.36030333894402e-19 1.45152887070380e-19 
6.66217726810175e+01 1.28499603353622e-19 1.37134966533900e-19 
6.66986587429690e+01 1.21387421256854e-19 1.29561570214879e-19 
6.67755448049206e+01 1.14670320707472e-19 1.22408091854115e-19 
6.68524308668721e+01 1.08326382860580e-19 1.15651035643783e-19 
6.69293169288237e+01 1.02334695193532e-19 1.09268467051721e-19 
6.70062029907752e+01 9.66757231657650e-20 1.03239442113087e-19 
6.70830890527268e+01 9.13308296177787e-20 9.75444069179655e-20 
6.71599751146783e+01 8.62826040562530e-20 9.21646912183920e-20 
6.72368611766299e+01 8.15144362547911e-20 8.70828624493795e-20 
6.73137472385814e+01 7.70108080153224e-20 8.22822763723786e-20 
6.73906333005330e+01 7.27569148320954e-20 7.77473908258201e-20 
6.74675193624845e+01 6.87389244227766e-20 7.34633669533840e-20 
6.75444054244361e+01 6.49436410152990e-20 6.94163472838956e-20 
6.76212914863876e+01 6.13587344488304e-20 6.55931018256468e-20 
6.76981775483392e+01 5.79724422614754e-20 6.19812745479046e-20 
6.77750636102907e+01 5.47737727249413e-20 5.85690692718048e-20 
6.78519496722423e+01 5.17522404589002e-20 5.53454681589104e-20 
6.79288357341938e+01 4.88980463771395e-20 5.22999529044474e-20 
6.80057217961454e+01 4.62018430397044e-20 4.94226984252723e-20 
6.80826078580969e+01 4.36548941467616e-20 4.67043253709095e-20 
6.81594939200485e+01 4.12488662696198e-20 4.41360718377211e-20 
6.82363799820000e+01 3.89759702263117e-20 4.17095736648503e-20 
6.83132660439516e+01 3.68287762135712e-20 3.94170166778679e-20 
6.83901521059031e+01 3.48003391307010e-20 3.72509416369519e-20 
6.84670381678547e+01 3.28840344721720e-20 3.52043792269341e-20 
6.85439242298062e+01 3.10736694296742e-20 3.32706768797514e-20 
6.86208102917577e+01 2.93633372041623e-20 3.14436184743551e-20 
6.86976963537093e+01 2.77475155065302e-20 2.97172705698371e-20 
6.87745824156608e+01 2.62209372130479e-20 2.80860885543048e-20 
6.88514684776124e+01 2.47786776997158e-20 2.65447801037229e-20 
6.89283545395640e+01 2.34160400000105e-20 2.50883993202423e-20 
6.90052406015155e+01 2.21286322438832e-20 2.37122254787886e-20 
6.90821266634671e+01 2.09122656850008e-20 2.24118465194908e-20 
6.91590127254186e+01 1.97630233700995e-20 2.11830513630044e-20 
6.92358987873701e+01 1.86771695875175e-20 2.00219039659956e-20 
6.93127848493217e+01 1.76512107640289e-20 1.89246476802972e-20 
6.93896709112732e+01 1.66818150501153e-20 1.78877709425559e-20 
6.94665569732248e+01 1.57658663275655e-20 1.69079223244145e-20 
6.95434430351763e+01 1.49003927920148e-20 1.59819688053611e-20 
6.96203290971279e+01 1.40826148538048e-20 1.51069203137264e-20 
6.96972151590794e+01 1.33098817069470e-20 1.42799814236748e-20 
6.97741012210310e+01 1.25797138164938e-20 1.34984843221113e-20 
6.98509872829825e+01 1.18897465771294e-20 1.27599346750187e-20 
6.99278733449341e+01 1.12377680012776e-20 1.20619520753599e-20 
7.00047594068856e+01 1.06216686716523e-20 1.14023018428259e-20 
7.00816454688372e+01 1.00394669057932e-20 1.07788468563458e-20 
7.01585315307887e+01 9.48927693003593e-21 1.01895898651799e-20 
7.02354175927403e+01 8.96934164439853e-21 9.63263370432675e-21 
7.03123036546918e+01 8.47798526140941e-21 9.10621041550574e-21 
7.03891897166434e+01 8.01363966242395e-21 8.60863260140327e-21 
7.04660757785949e+01 7.57480933869571e-21 8.13832189727403e-21 
7.05429618405465e+01 7.16009477587081e-21 7.69377190424809e-21 
7.06198479024980e+01 6.76816130060466e-21 7.27357345666992e-21 
7.06967339644496e+01 6.39775982956391e-21 6.87638167846060e-21 
7.07736200264011e+01 6.04769918488554e-21 6.50093840790833e-21 
7.08505060883527e+01 5.71686450583959e-21 6.14604291691595e-21 
7.09273921503042e+01 5.40419264541944e-21 5.81057181397177e-21 
7.10042782122558e+01 5.10868850899148e-21 5.49345301766738e-21 
7.10811642742073e+01 4.82940318778070e-21 5.19368342224988e-21 
7.11580503361589e+01 4.56544845885842e-21 4.91030576255376e-21 
7.12349363981104e+01 4.31597734986920e-21 4.64242429433511e-21 
7.13118224600620e+01 4.08019700814518e-21 4.38918422837807e-21 
7.13887085220135e+01 3.85735142526148e-21 4.14978564926794e-21 
7.14655945839651e+01 3.64673285952583e-21 3.92346523248858e-21 
7.15424806459166e+01 3.44766647933970e-21 3.70950859998613e-21 
7.16193667078682e+01 3.25952050244994e-21 3.50723406608254e-21 
7.16962527698197e+01 3.08169254406683e-21 3.31600360574744e-21 
7.17731388317713e+01 2.91361861777490e-21 3.13520840357021e-21 
7.18500248937228e+01 2.75476099830143e-21 2.96427859076626e-21 
7.19269109556744e+01 2.60461621259632e-21 2.80267039668117e-21 
7.20037970176259e+01 2.46270424839775e-21 2.64987479292048e-21 
7.20806830795775e+01 2.32857564946592e-21 2.50540606926253e-21 
7.21575691415290e+01 2.20180191995882e-21 2.36880950766055e-21 
7.22344552034806e+01 2.08198182493059e-21 2.23965122433458e-21 
7.23113412654321e+01 1.96873285727879e-21 2.11752498252457e-21 
7.23882273273837e+01 1.86169683320637e-21 2.00204316019832e-21 
7.24651133893352e+01 1.76053230337084e-21 1.89284279813257e-21 
7.25419994512868e+01 1.66491952289351e-21 1.78957756836381e-21 
7.26188855132383e+01 1.57455370154166e-21 1.69192314326305e-21 
7.26957715751899e+01 1.48914941890270e-21 1.59957005379181e-21 
7.27726576371414e+01 1.40843462015017e-21 1.51222845555656e-21 
7.28495436990930e+01 1.33215453905300e-21 1.42962177831113e-21 
7.29264297610445e+01 1.26006635628178e-21 1.35149095638904e-21 
7.30033158229961e+01 1.19194268587877e-21 1.27758878188950e-21 
7.30802018849476e+01 1.12756682229951e-21 1.20768365926630e-21 
7.31570879468992e+01 1.06673583972557e-21 1.14155458440421e-21 
7.32339740088507e+01 1.00925636223904e-21 1.07899447638051e-21 
7.33108600708023e+01 9.54947319826510e-22 1.01980571331915e-21 
7.33877461327538e+01 9.03636183366614e-22 9.63803088338820e-22 
7.34646321947054e+01 8.55161416269935e-22 9.10809840786107e-22 
7.35415182566569e+01 8.09369122425450e-22 8.60660278055116e-22 
7.36184043186085e+01 7.66115228076153e-22 8.13196247656731e-22 
7.36952903805600e+01 7.25262496610134e-22 7.68269461862881e-22 
7.37721764425116e+01 6.86682471422709e-22 7.25738362163080e-22 
7.38490625044631e+01 6.50252816533277e-22 6.85470179483174e-22 
7.39259485664147e+01 6.15859047775713e-22 6.47338147998559e-22 
7.40028346283662e+01 5.83392162744881e-22 6.11223329942234e-22 
7.40797206903178e+01 5.52750184638834e-22 5.77012140562423e-22 
7.41566067522693e+01 5.23836049052616e-22 5.44597963214407e-22 
7.42334928142209e+01 4.96558982124736e-22 5.13878951536147e-22 
7.43103788761724e+01 4.70832615257251e-22 4.84759457565233e-22 
7.43872649381239e+01 4.46576216856395e-22 4.57148081019626e-22 
7.44641510000755e+01 4.23713009217020e-22 4.30958930552814e-22 
7.45410370620270e+01 4.02171271059026e-22 4.06109893421099e-22 
7.46179231239786e+01 3.81882833615539e-22 3.82523747649231e-22 
7.46948091859302e+01 3.62784069322660e-22 3.60126628388414e-22 
7.47716952478817e+01 3.44814546633667e-22 3.38849006677750e-22 
7.48485813098332e+01 3.27917918592952e-22 3.18624331490309e-22 
7.49254673717848e+01 3.12040718097954e-22 2.99389888913141e-22 
7.50023534337363e+01 2.97133158655419e-22 2.81085299902201e-22 
7.50792394956879e+01 2.83146965131047e-22 2.63654355448551e-22 
7.51561255576394e+01 2.70037504839833e-22 2.47042960542484e-22 
7.52330116195910e+01 2.57763500377325e-22 2.31199491717251e-22 
7.53098976815425e+01 2.46286662894513e-22 2.16074710338011e-22 
7.53867837434941e+01 2.35570819232589e-22 2.01621980971203e-22 
7.54636698054456e+01 2.25582513450430e-22 1.87796453303649e-22 
7.55405558673972e+01 2.16290218215413e-22 1.74555549865177e-22 
7.56174419293487e+01 2.07664886449773e-22 1.61858249372660e-22 
7.56943279913003e+01 1.99679236501445e-22 1.49665502264555e-22 
7.57712140532518e+01 1.92308261312790e-22 1.37939605630433e-22 
7.58481001152034e+01 1.85528577916101e-22 1.26644552585375e-22 
7.59249861771549e+01 1.79318900906023e-22 1.15745490167583e-22 
7.60018722391065e+01 1.73659447698089e-22 1.05209007689592e-22 
7.60787583010580e+01 1.68532382555814e-22 9.50026700889099e-23 
7.61556443630096e+01 1.63921269829978e-22 8.50952495774628e-23 
7.62325304249611e+01 1.59811494344977e-22 7.54563279276915e-23 
7.63094164869127e+01 1.56189755512458e-22 6.60564749903097e-23 
7.63863025488642e+01 1.53044469512400e-22 5.68669143044627e-23 
7.64631886108158e+01 1.50365297756686e-22 4.78596513566557e-23 
7.65400746727673e+01 1.48143536002906e-22 3.90071977303876e-23 
7.66169607347189e+01 1.46371671139793e-22 3.02826513267584e-23 
7.66938467966704e+01 1.45043762141197e-22 2.16594750274511e-23 
7.67707328586220e+01 1.44155019563215e-22 1.31115304813401e-23 
7.68476189205735e+01 1.43702183078346e-22 8.85309583107059e-24 
