Energy(eV)           EEDF(eV^-(3/2))      Anisotropy(eV^-(3/2))
1.94163429618778e-02 6.22542714804641e-02 2.91751062136096e-04 
5.82490288856334e-02 6.22407912002107e-02 7.01650074911277e-04 
9.70817148093891e-02 6.22333687621189e-02 8.15940954242002e-04 
1.35914400733145e-01 6.22295895082208e-02 9.47454400188424e-04 
1.74747086656900e-01 6.22274791865860e-02 1.07918129995424e-03 
2.13579772580656e-01 6.22261964147017e-02 1.21869176441151e-03 
2.52412458504412e-01 6.22250119615603e-02 1.35390391793188e-03 
2.91245144428167e-01 6.22234049945058e-02 1.47781189012109e-03 
3.30077830351923e-01 6.22208943523649e-02 1.59247350009248e-03 
3.68910516275679e-01 6.22171904443774e-02 1.70395646338878e-03 
4.07743202199434e-01 6.22119946430746e-02 1.81151695438613e-03 
4.46575888123190e-01 6.22052080608232e-02 1.91647981908748e-03 
4.85408574046945e-01 6.21967200670248e-02 2.01845659458819e-03 
5.24241259970701e-01 6.21864118213233e-02 2.11727953348777e-03 
5.63073945894457e-01 6.21742015071699e-02 2.21317694068984e-03 
6.01906631818212e-01 6.21599804846886e-02 2.30611688431630e-03 
6.40739317741968e-01 6.21436458208332e-02 2.39608801693395e-03 
6.79572003665724e-01 6.21251006407507e-02 2.48307193977554e-03 
7.18404689589479e-01 6.21042539474412e-02 2.56707532819434e-03 
7.57237375513235e-01 6.20810360329335e-02 2.64819035326202e-03 
7.96070061436990e-01 6.20553677920025e-02 2.72647220589302e-03 
8.34902747360746e-01 6.20271746318515e-02 2.80197702238339e-03 
8.73735433284502e-01 6.19963868553860e-02 2.87477602789451e-03 
9.12568119208257e-01 6.19629390663681e-02 2.94497295199249e-03 
9.51400805132013e-01 6.19267696269705e-02 3.01267288447610e-03 
9.90233491055769e-01 6.18878206290519e-02 3.07789944744049e-03 
1.02906617697952e+00 6.18461347489147e-02 3.14062395209827e-03 
1.06789886290328e+00 6.18019641714489e-02 3.20099891236812e-03 
1.10673154882704e+00 6.17552801894392e-02 3.25891903264111e-03 
1.14556423475079e+00 6.17060574551631e-02 3.31443847344552e-03 
1.18439692067455e+00 6.16542733133427e-02 3.36765812643345e-03 
1.22322960659830e+00 6.15998820632418e-02 3.41884467334032e-03 
1.26206229252206e+00 6.15426281217049e-02 3.46816049538616e-03 
1.30089497844581e+00 6.14824811403424e-02 3.51570473740227e-03 
1.33972766436957e+00 6.14195530317137e-02 3.56149677512855e-03 
1.37856035029333e+00 6.13539513692379e-02 3.60558590297344e-03 
1.41739303621708e+00 6.12856612949172e-02 3.64799943241564e-03 
1.45622572214084e+00 6.12146694111933e-02 3.68882097606206e-03 
1.49505840806459e+00 6.11409628378251e-02 3.72819208422359e-03 
1.53389109398835e+00 6.10647351096459e-02 3.76630660894471e-03 
1.57272377991210e+00 6.09863292385121e-02 3.80325469928237e-03 
1.61155646583586e+00 6.09057434317525e-02 3.83891920376314e-03 
1.65038915175961e+00 6.08229788902782e-02 3.87323231915031e-03 
1.68922183768337e+00 6.07380396340199e-02 3.90613975867789e-03 
1.72805452360713e+00 6.06509322837511e-02 3.93760211500037e-03 
1.76688720953088e+00 6.05616657749926e-02 3.96758998178299e-03 
1.80571989545464e+00 6.04702513064187e-02 3.99607603550969e-03 
1.84455258137839e+00 6.03767023829117e-02 4.02304129876636e-03 
1.88338526730215e+00 6.02810344616063e-02 4.04848860294628e-03 
1.92221795322590e+00 6.01832097689217e-02 4.07247239679542e-03 
1.96105063914966e+00 6.00825378164058e-02 4.09489788429265e-03 
1.99988332507342e+00 5.99790314563306e-02 4.11578401321240e-03 
2.03871601099717e+00 5.98727060526344e-02 4.13513472885987e-03 
2.07754869692093e+00 5.97635794270801e-02 4.15295625553636e-03 
2.11638138284468e+00 5.96516717741164e-02 4.16921562260152e-03 
2.15521406876844e+00 5.95377256698891e-02 4.18398176921651e-03 
2.19404675469219e+00 5.94218314368674e-02 4.19727471784909e-03 
2.23287944061595e+00 5.93038383852248e-02 4.20910327994936e-03 
2.27171212653970e+00 5.91834348645960e-02 4.21945958258050e-03 
2.31054481246346e+00 5.90606523845447e-02 4.22837022581724e-03 
2.34937749838722e+00 5.89355235605050e-02 4.23587367317009e-03 
2.38821018431097e+00 5.88080819286443e-02 4.24198395929855e-03 
2.42704287023473e+00 5.86783634586913e-02 4.24666592843875e-03 
2.46587555615848e+00 5.85464080162379e-02 4.24985986265598e-03 
2.50470824208224e+00 5.84122595784615e-02 4.25151553242181e-03 
2.54354092800599e+00 5.82756367866077e-02 4.25161246149543e-03 
2.58237361392975e+00 5.81363890097465e-02 4.25018597341515e-03 
2.62120629985351e+00 5.79945668794411e-02 4.24730478199453e-03 
2.66003898577726e+00 5.78502213263132e-02 4.24304064004011e-03 
2.69887167170102e+00 5.77034034919944e-02 4.23746268444218e-03 
2.73770435762477e+00 5.75541646425824e-02 4.23064008454682e-03 
2.77653704354853e+00 5.74025559085472e-02 4.22264141762523e-03 
2.81536972947228e+00 5.72486282431736e-02 4.21352354089115e-03 
2.85420241539604e+00 5.70926679681668e-02 4.20333681642217e-03 
2.89303510131979e+00 5.69347520128812e-02 4.19214921810130e-03 
2.93186778724355e+00 5.67749294714089e-02 4.18001597766115e-03 
2.97070047316731e+00 5.66132490545537e-02 4.16699166535037e-03 
3.00953315909106e+00 5.64497587771356e-02 4.15312807465555e-03 
3.04836584501482e+00 5.62846989992548e-02 4.13846596201838e-03 
3.08719853093857e+00 5.61181808165398e-02 4.12305951004445e-03 
3.12603121686233e+00 5.59502485244020e-02 4.10695603718406e-03 
3.16486390278608e+00 5.57809457525058e-02 4.09019692897498e-03 
3.20369658870984e+00 5.56103154396756e-02 4.07281805481706e-03 
3.24252927463360e+00 5.54384001580306e-02 4.05484933404015e-03 
3.28136196055735e+00 5.52652421522925e-02 4.03632364049715e-03 
3.32019464648111e+00 5.50908829268913e-02 4.01727657013741e-03 
3.35902733240486e+00 5.49153632908011e-02 3.99774120980613e-03 
3.39786001832862e+00 5.47387233919032e-02 3.97774803010449e-03 
3.43669270425237e+00 5.45610027838625e-02 3.95732572215463e-03 
3.47552539017613e+00 5.43822403981440e-02 3.93649357193387e-03 
3.51435807609988e+00 5.42024753142805e-02 3.91526042255835e-03 
3.55319076202364e+00 5.40217468742773e-02 3.89364616832692e-03 
3.59202344794740e+00 5.38400935044387e-02 3.87168550457012e-03 
3.63085613387115e+00 5.36575879257091e-02 3.84941178601886e-03 
3.66968881979491e+00 5.34743503415929e-02 3.82685798941415e-03 
3.70852150571866e+00 5.32904140343614e-02 3.80406451195727e-03 
3.74735419164242e+00 5.31058110638863e-02 3.78106317167054e-03 
3.78618687756617e+00 5.29205722716877e-02 3.75788402307775e-03 
3.82501956348993e+00 5.27347273321771e-02 3.73455480869401e-03 
3.86385224941369e+00 5.25483048196151e-02 3.71110119353586e-03 
3.90268493533744e+00 5.23613322465547e-02 3.68754721198128e-03 
3.94151762126120e+00 5.21738360951207e-02 3.66391564133836e-03 
3.98035030718495e+00 5.19858418247816e-02 3.64022833502677e-03 
4.01918299310871e+00 5.17973738750423e-02 3.61651190800092e-03 
4.05801567903246e+00 5.16082536664640e-02 3.59279796693082e-03 
4.09684836495622e+00 5.14185051449554e-02 3.56908553641046e-03 
4.13568105087997e+00 5.12281525897907e-02 3.54539083573390e-03 
4.17451373680373e+00 5.10372194155388e-02 3.52172903528970e-03 
4.21334642272749e+00 5.08457281985208e-02 3.49811318126620e-03 
4.25217910865124e+00 5.06537008197742e-02 3.47455456141286e-03 
4.29101179457500e+00 5.04611584621347e-02 3.45106513666694e-03 
4.32984448049875e+00 5.02681214907168e-02 3.42765666658668e-03 
4.36867716642251e+00 5.00746095451033e-02 3.40433955805512e-03 
4.40750985234626e+00 4.98806415519186e-02 3.38112399274956e-03 
4.44634253827002e+00 4.96862356945849e-02 3.35801989333299e-03 
4.48517522419378e+00 4.94914094309920e-02 3.33503395796688e-03 
4.52400791011753e+00 4.92962092711228e-02 3.31216134884832e-03 
4.56284059604129e+00 4.91008704525584e-02 3.28939938506493e-03 
4.60167328196504e+00 4.89054052937729e-02 3.26677797147075e-03 
4.64050596788880e+00 4.87098254626801e-02 3.24430454792631e-03 
4.67933865381255e+00 4.85141420025256e-02 3.22198591892610e-03 
4.71817133973631e+00 4.83183653565101e-02 3.19982824911845e-03 
4.75700402566007e+00 4.81225053970780e-02 3.17783705046026e-03 
4.79583671158382e+00 4.79265714549921e-02 3.15601726113076e-03 
4.83466939750758e+00 4.77305723417476e-02 3.13437336042001e-03 
4.87350208343133e+00 4.75345163668490e-02 3.11290937700856e-03 
4.91233476935509e+00 4.73384113612376e-02 3.09162887528203e-03 
4.95116745527884e+00 4.71422646983241e-02 3.07053491665998e-03 
4.99000014120260e+00 4.69460833244391e-02 3.04963305996447e-03 
5.02883282712635e+00 4.67498181497687e-02 3.02893805016925e-03 
5.06766551305011e+00 4.65533034052759e-02 3.00845500673897e-03 
5.10649819897387e+00 4.63565478564864e-02 2.98816721995293e-03 
5.14533088489762e+00 4.61595598552802e-02 2.96807617008686e-03 
5.18416357082138e+00 4.59623473579415e-02 2.94818298183122e-03 
5.22299625674513e+00 4.57649179485136e-02 2.92848830428706e-03 
5.26182894266889e+00 4.55672788748985e-02 2.90899244235454e-03 
5.30066162859264e+00 4.53694370568354e-02 2.88969567994831e-03 
5.33949431451640e+00 4.51713990795211e-02 2.87059817714665e-03 
5.37832700044016e+00 4.49731712158963e-02 2.85169984413649e-03 
5.41715968636391e+00 4.47747594384464e-02 2.83300044210389e-03 
5.45599237228767e+00 4.45761694286560e-02 2.81449956106547e-03 
5.49482505821142e+00 4.43774065927190e-02 2.79619656359983e-03 
5.53365774413518e+00 4.41784760798912e-02 2.77809060345540e-03 
5.57249043005893e+00 4.39793827967236e-02 2.76018073040971e-03 
5.61132311598269e+00 4.37801314113740e-02 2.74246593933000e-03 
5.65015580190645e+00 4.35807263612523e-02 2.72494513347437e-03 
5.68898848783020e+00 4.33811718629928e-02 2.70761710922013e-03 
5.72782117375396e+00 4.31814719228296e-02 2.69048054477626e-03 
5.76665385967771e+00 4.29816303488050e-02 2.67353401000854e-03 
5.80548654560147e+00 4.27816507602930e-02 2.65677600304873e-03 
5.84431923152522e+00 4.25815365952612e-02 2.64020496153837e-03 
5.88315191744898e+00 4.23812911184649e-02 2.62381925188296e-03 
5.92198460337273e+00 4.21809174306652e-02 2.60761717185656e-03 
5.96081728929649e+00 4.19804184767960e-02 2.59159695503923e-03 
5.99964997522025e+00 4.17797970548541e-02 2.57576071078867e-03 
6.03848266114400e+00 4.15790079705401e-02 2.56011251254655e-03 
6.07731534706776e+00 4.13780049897021e-02 2.54464655419574e-03 
6.11614803299151e+00 4.11767916372804e-02 2.52935493299410e-03 
6.15498071891527e+00 4.09753712988748e-02 2.51423568923922e-03 
6.19381340483902e+00 4.07737472274924e-02 2.49928682264722e-03 
6.23264609076278e+00 4.05719225521347e-02 2.48450628722793e-03 
6.27147877668653e+00 4.03699002856058e-02 2.46989202571825e-03 
6.31031146261029e+00 4.01676833277199e-02 2.45544199516994e-03 
6.34914414853405e+00 3.99652744689562e-02 2.44115414950730e-03 
6.38797683445780e+00 3.97626763964801e-02 2.42702643159244e-03 
6.42680952038156e+00 3.95598916991410e-02 2.41305677993854e-03 
6.46564220630531e+00 3.93569228724265e-02 2.39924313535715e-03 
6.50447489222907e+00 3.91537723223595e-02 2.38558344673224e-03 
6.54330757815282e+00 3.89504423694554e-02 2.37207566263605e-03 
6.58214026407658e+00 3.87469352540124e-02 2.35871772453223e-03 
6.62097295000034e+00 3.85432531412436e-02 2.34550757422964e-03 
6.65980563592409e+00 3.83393981253119e-02 2.33244316054094e-03 
6.69863832184785e+00 3.81353722332960e-02 2.31952244069590e-03 
6.73747100777160e+00 3.79311774289370e-02 2.30674338099626e-03 
6.77630369369536e+00 3.77268156164415e-02 2.29410395949123e-03 
6.81513637961911e+00 3.75222886437008e-02 2.28160216992429e-03 
6.85396906554287e+00 3.73175983053196e-02 2.26923602202319e-03 
6.89280175146663e+00 3.71127463456953e-02 2.25700354119259e-03 
6.93163443739038e+00 3.69077344620131e-02 2.24490276924405e-03 
6.97046712331414e+00 3.67025643071040e-02 2.23293176578953e-03 
7.00929980923789e+00 3.64972374920916e-02 2.22112803323592e-03 
7.04813249516165e+00 3.62913801784420e-02 2.20951361674674e-03 
7.08696518108540e+00 3.60848660796006e-02 2.19804003617941e-03 
7.12579786700916e+00 3.58777017327266e-02 2.18668783153665e-03 
7.16463055293291e+00 3.56698935674741e-02 2.17545512089988e-03 
7.20346323885667e+00 3.54614479098313e-02 2.16434004265558e-03 
7.24229592478043e+00 3.52523709861739e-02 2.15334075561757e-03 
7.28112861070418e+00 3.50426689269209e-02 2.14245544281177e-03 
7.31996129662794e+00 3.48323477696867e-02 2.13168231233958e-03 
7.35879398255169e+00 3.46214134625756e-02 2.12101959547404e-03 
7.39762666847545e+00 3.44098718675165e-02 2.11046554624806e-03 
7.43645935439920e+00 3.41977287634589e-02 2.10001844163740e-03 
7.47529204032296e+00 3.39849898494914e-02 2.08967658238541e-03 
7.51412472624672e+00 3.37716607476896e-02 2.07943829315108e-03 
7.55295741217047e+00 3.35577470060182e-02 2.06930192101183e-03 
7.59179009809423e+00 3.33432541013009e-02 2.05926583501853e-03 
7.63062278401798e+00 3.31281874420395e-02 2.04932842681821e-03 
7.66945546994174e+00 3.29125523710808e-02 2.03948811083145e-03 
7.70828815586549e+00 3.26963541682205e-02 2.02974332413068e-03 
7.74712084178925e+00 3.24795980527180e-02 2.02009252627950e-03 
7.78595352771300e+00 3.22622891857564e-02 2.01053419924869e-03 
7.82478621363676e+00 3.20444326727995e-02 2.00106684733140e-03 
7.86361889956052e+00 3.18260335658947e-02 1.99168899687246e-03 
7.90245158548427e+00 3.16070968659141e-02 1.98239919600281e-03 
7.94128427140803e+00 3.13876275247429e-02 1.97319601440180e-03 
7.98011695733178e+00 3.11676304474029e-02 1.96407804314262e-03 
8.01894964325554e+00 3.09471104941065e-02 1.95500398587561e-03 
8.05778232917929e+00 3.07264061667392e-02 1.94596610531287e-03 
8.09661501510305e+00 3.05055233068449e-02 1.93700987908272e-03 
8.13544770102681e+00 3.02844636736592e-02 1.92813458610430e-03 
8.17428038695056e+00 3.00632290227473e-02 1.91933895683983e-03 
8.21311307287432e+00 2.98418211068385e-02 1.91062174155615e-03 
8.25194575879807e+00 2.96202416766596e-02 1.90198171003508e-03 
8.29077844472183e+00 2.93984924817151e-02 1.89341765148140e-03 
8.32961113064558e+00 2.91765752710211e-02 1.88492837426196e-03 
8.36844381656934e+00 2.89544917938278e-02 1.87651270548435e-03 
8.40727650249309e+00 2.87322438003356e-02 1.86816949061542e-03 
8.44610918841685e+00 2.85098330423915e-02 1.85989759319211e-03 
8.48494187434061e+00 2.82872612741621e-02 1.85169589462350e-03 
8.52377456026436e+00 2.80645302527667e-02 1.84356329388734e-03 
8.56260724618812e+00 2.78416417389124e-02 1.83549870713305e-03 
8.60143993211187e+00 2.76185974975160e-02 1.82750106741523e-03 
8.64027261803563e+00 2.73953992982985e-02 1.81956932446059e-03 
8.67910530395938e+00 2.71720489163595e-02 1.81170244438493e-03 
8.71793798988314e+00 2.69485481327390e-02 1.80389940940853e-03 
8.75677067580690e+00 2.67248987349615e-02 1.79615921757757e-03 
8.79560336173065e+00 2.65011025175677e-02 1.78848088248925e-03 
8.83443604765441e+00 2.62771612826300e-02 1.78086343301683e-03 
8.87326873357816e+00 2.60530768402574e-02 1.77330591303404e-03 
8.91210141950192e+00 2.58288510090867e-02 1.76580738114949e-03 
8.95093410542567e+00 2.56044856167623e-02 1.75836691044658e-03 
8.98976679134943e+00 2.53799825004031e-02 1.75098358822472e-03 
9.02859947727318e+00 2.51553435070592e-02 1.74365651573962e-03 
9.06743216319694e+00 2.49305704941582e-02 1.73638480794823e-03 
9.10626484912070e+00 2.47056653299425e-02 1.72916759325751e-03 
9.14509753504445e+00 2.44806298938956e-02 1.72200401327933e-03 
9.18393022096821e+00 2.42554660771612e-02 1.71489322259229e-03 
9.22276290689196e+00 2.40301757829506e-02 1.70783438850332e-03 
9.26159559281572e+00 2.38047609269446e-02 1.70082669081779e-03 
9.30042827873947e+00 2.35792234376836e-02 1.69386932162304e-03 
9.33926096466323e+00 2.33535652569500e-02 1.68696148506501e-03 
9.37809365058698e+00 2.31277883401424e-02 1.68010239711732e-03 
9.41692633651074e+00 2.29018946566457e-02 1.67329128535522e-03 
9.45575902243450e+00 2.26758861901939e-02 1.66652738874797e-03 
9.49459170835825e+00 2.24497649392244e-02 1.65980995745986e-03 
9.53342439428201e+00 2.22235329172248e-02 1.65313825264347e-03 
9.57225708020576e+00 2.19971921530755e-02 1.64651154623191e-03 
9.61108976612952e+00 2.17707446913855e-02 1.63992912074567e-03 
9.64992245205327e+00 2.15441925928215e-02 1.63339026910534e-03 
9.68875513797703e+00 2.13175379344309e-02 1.62689429444362e-03 
9.72758782390079e+00 2.10907828099593e-02 1.62044050992194e-03 
9.76642050982454e+00 2.08639293301616e-02 1.61402823855033e-03 
9.80525319574830e+00 2.06369796231083e-02 1.60765681301041e-03 
9.84408588167205e+00 2.04099358344861e-02 1.60132557548232e-03 
9.88291856759581e+00 2.01828001278934e-02 1.59503387747554e-03 
9.92175125351956e+00 1.99555746851310e-02 1.58878107966411e-03 
9.96058393944332e+00 1.97282617064869e-02 1.58256655172496e-03 
9.99941662536708e+00 1.95008634110170e-02 1.57632390723886e-03 
1.00382493112908e+01 1.92739435824212e-02 1.56997818550457e-03 
1.00770819972146e+01 1.90480935766474e-02 1.56359792838957e-03 
1.01159146831383e+01 1.88233058026831e-02 1.55726181105572e-03 
1.01547473690621e+01 1.85995727551083e-02 1.55096932927539e-03 
1.01935800549859e+01 1.83768870127765e-02 1.54471998659319e-03 
1.02324127409096e+01 1.81552412375209e-02 1.53851329418112e-03 
1.02712454268334e+01 1.79346281728852e-02 1.53234877069784e-03 
1.03100781127571e+01 1.77150406428766e-02 1.52622594215122e-03 
1.03489107986809e+01 1.74964715507434e-02 1.52014434176209e-03 
1.03877434846046e+01 1.72789138777741e-02 1.51410350983005e-03 
1.04265761705284e+01 1.70623606821196e-02 1.50810299360257e-03 
1.04654088564521e+01 1.68468050976372e-02 1.50214234714846e-03 
1.05042415423759e+01 1.66322403327549e-02 1.49622113123387e-03 
1.05430742282997e+01 1.64186596693575e-02 1.49033891319934e-03 
1.05819069142234e+01 1.62060564616925e-02 1.48449526683922e-03 
1.06207396001472e+01 1.59944241352963e-02 1.47868977228516e-03 
1.06595722860709e+01 1.57837561859398e-02 1.47292201589177e-03 
1.06984049719947e+01 1.55740461785933e-02 1.46719159012436e-03 
1.07372376579184e+01 1.53652877464094e-02 1.46149809344905e-03 
1.07760703438422e+01 1.51574745897252e-02 1.45584113022491e-03 
1.08149030297659e+01 1.49506004750817e-02 1.45022031059856e-03 
1.08537357156897e+01 1.47446592342613e-02 1.44463525040077e-03 
1.08925684016135e+01 1.45396447633421e-02 1.43908557104523e-03 
1.09314010875372e+01 1.43355510217693e-02 1.43357089942960e-03 
1.09702337734610e+01 1.41323720314430e-02 1.42809086783849e-03 
1.10090664593847e+01 1.39301018758225e-02 1.42264511384827e-03 
1.10478991453085e+01 1.37287346990456e-02 1.41723328023388e-03 
1.10867318312322e+01 1.35282647050646e-02 1.41185501487761e-03 
1.11255645171560e+01 1.33286861567963e-02 1.40650997067976e-03 
1.11643972030797e+01 1.31299933752879e-02 1.40119780547112e-03 
1.12032298890035e+01 1.29321807388969e-02 1.39591818192712e-03 
1.12420625749273e+01 1.27352426824852e-02 1.39067076748383e-03 
1.12808952608510e+01 1.25391736966277e-02 1.38545523425580e-03 
1.13197279467748e+01 1.23439683268340e-02 1.38027125895550e-03 
1.13585606326985e+01 1.21496211727840e-02 1.37511852281418e-03 
1.13973933186223e+01 1.19561268875764e-02 1.36999671150421e-03 
1.14362260045460e+01 1.17634801769903e-02 1.36490551506319e-03 
1.14750586904698e+01 1.15716757987590e-02 1.35984462781977e-03 
1.15138913763935e+01 1.13807085618569e-02 1.35481374832073e-03 
1.15527240623173e+01 1.11905733257979e-02 1.34976917346303e-03 
1.15915567482411e+01 1.10012702128496e-02 1.34460036350558e-03 
1.16303894341648e+01 1.08128209709018e-02 1.33918980549062e-03 
1.16692221200886e+01 1.06252609208859e-02 1.33345201473468e-03 
1.17080548060123e+01 1.04386378474611e-02 1.32734636828549e-03 
1.17468874919361e+01 1.02530030411508e-02 1.32087008501632e-03 
1.17857201778598e+01 1.00684062277769e-02 1.31402948811644e-03 
1.18245528637836e+01 9.88489686879004e-03 1.30682221626427e-03 
1.18633855497073e+01 9.70252349162390e-03 1.29921729228728e-03 
1.19022182356311e+01 9.52134052923599e-03 1.29118013149566e-03 
1.19410509215549e+01 9.34140858234348e-03 1.28271184831723e-03 
1.19798836074786e+01 9.16278516606476e-03 1.27383365459723e-03 
1.20187162934024e+01 8.98552476220931e-03 1.26456586332819e-03 
1.20575489793261e+01 8.80968676140932e-03 1.25492883148145e-03 
1.20963816652499e+01 8.63531975413049e-03 1.24494354148114e-03 
1.21352143511736e+01 8.46246930952696e-03 1.23462982917527e-03 
1.21740470370974e+01 8.29117817837999e-03 1.22400715056739e-03 
1.22128797230211e+01 8.12148635071190e-03 1.21309459082574e-03 
1.22517124089449e+01 7.95343111398574e-03 1.20191085936610e-03 
1.22905450948687e+01 7.78704711178808e-03 1.19047428564258e-03 
1.23293777807924e+01 7.62236640289588e-03 1.17880281562365e-03 
1.23682104667162e+01 7.45941852063190e-03 1.16691400893105e-03 
1.24070431526399e+01 7.29823053241670e-03 1.15482503661924e-03 
1.24458758385637e+01 7.13882709942859e-03 1.14255267957308e-03 
1.24847085244874e+01 6.98123053628647e-03 1.13011332750194e-03 
1.25235412104112e+01 6.82546087067368e-03 1.11752297850797e-03 
1.25623738963349e+01 6.67153590282464e-03 1.10479723920710e-03 
1.26012065822587e+01 6.51947126479905e-03 1.09195132538126e-03 
1.26400392681825e+01 6.36928047947192e-03 1.07900006314056e-03 
1.26788719541062e+01 6.22097501917069e-03 1.06595789057485e-03 
1.27177046400300e+01 6.07456436389403e-03 1.05283885987375e-03 
1.27565373259537e+01 5.93005605904991e-03 1.03965663989516e-03 
1.27953700118775e+01 5.78745577265350e-03 1.02642451916236e-03 
1.28342026978012e+01 5.64676735192857e-03 1.01315540927017e-03 
1.28730353837250e+01 5.50799287925877e-03 9.99861848681212e-04 
1.29118680696487e+01 5.37113272743821e-03 9.86552777740624e-04 
1.29507007555725e+01 5.23618571627161e-03 9.73231987170952e-04 
1.29895334414963e+01 5.10315073372220e-03 9.59894541318677e-04 
1.30283661274200e+01 4.97202623164642e-03 9.46498320656927e-04 
1.30671988133438e+01 4.84281489677291e-03 9.32983410480096e-04 
1.31060314992675e+01 4.71553434861198e-03 9.19324066433171e-04 
1.31448641851913e+01 4.59019996346392e-03 9.05516447571480e-04 
1.31836968711150e+01 4.46682999382676e-03 8.91564697362906e-04 
1.32225295570388e+01 4.34544108916904e-03 8.77484718101025e-04 
1.32613622429625e+01 4.22604775735201e-03 8.63295312572444e-04 
1.33001949288863e+01 4.10866169798463e-03 8.49011720902667e-04 
1.33390276148101e+01 3.99329214074554e-03 8.34644552941155e-04 
1.33778603007338e+01 3.87994774996144e-03 8.20207601221033e-04 
1.34166929866576e+01 3.76863506770208e-03 8.05719288418569e-04 
1.34555256725813e+01 3.65935802720859e-03 7.91198642797614e-04 
1.34943583585051e+01 3.55211798428571e-03 7.76661374484486e-04 
1.35331910444288e+01 3.44691378463521e-03 7.62119703266621e-04 
1.35720237303526e+01 3.34374336624570e-03 7.47587669889176e-04 
1.36108564162763e+01 3.24260253545922e-03 7.33081757153108e-04 
1.36496891022001e+01 3.14348484765074e-03 7.18618099629802e-04 
1.36885217881239e+01 3.04638171301398e-03 7.04212093238837e-04 
1.37273544740476e+01 2.95128250015578e-03 6.89878410044646e-04 
1.37661871599714e+01 2.85817463740018e-03 6.75631013783906e-04 
1.38050198458951e+01 2.76704371171235e-03 6.61483176059718e-04 
1.38438525318189e+01 2.67787356516175e-03 6.47438969317480e-04 
1.38826852177426e+01 2.59064599402923e-03 6.33488456595840e-04 
1.39215179036664e+01 2.50534578928406e-03 6.19615006788665e-04 
1.39603505895902e+01 2.42195892789271e-03 6.05808186439146e-04 
1.39991832755139e+01 2.34047529785839e-03 5.92058265486930e-04 
1.40380159614377e+01 2.26088166254717e-03 5.78360063976434e-04 
1.40768486473614e+01 2.18317245160669e-03 5.64724623597757e-04 
1.41156813332852e+01 2.10733431938409e-03 5.51162186899916e-04 
1.41545140192089e+01 2.03335570458084e-03 5.37677769755736e-04 
1.41933467051327e+01 1.96122371310822e-03 5.24281530350617e-04 
1.42321793910564e+01 1.89092423605479e-03 5.10980747417934e-04 
1.42710120769802e+01 1.82244149097277e-03 4.97779972965393e-04 
1.43098447629040e+01 1.75576029028782e-03 4.84686094241998e-04 
1.43486774488277e+01 1.69086401413752e-03 4.71708896763758e-04 
1.43875101347515e+01 1.62773513175644e-03 4.58859813899085e-04 
1.44263428206752e+01 1.56635459959653e-03 4.46151651711599e-04 
1.44651755065990e+01 1.50670164062029e-03 4.33596145420593e-04 
1.45040081925227e+01 1.44875380738106e-03 4.21201119750575e-04 
1.45428408784465e+01 1.39248732440982e-03 4.08969683041676e-04 
1.45816735643702e+01 1.33787828463864e-03 3.96905225335432e-04 
1.46205062502940e+01 1.28490303191571e-03 3.85015438120057e-04 
1.46593389362178e+01 1.23353661360008e-03 3.73309841023417e-04 
1.46981716221415e+01 1.18375285185418e-03 3.61795726753703e-04 
1.47370043080653e+01 1.13552427970050e-03 3.50478180975151e-04 
1.47758369939890e+01 1.08882332614460e-03 3.39362405658623e-04 
1.48146696799128e+01 1.04362157866235e-03 3.28453805692702e-04 
1.48535023658365e+01 9.99889972102549e-04 3.17757265257280e-04 
1.48923350517603e+01 9.57598947451306e-04 3.07277702909930e-04 
1.49311677376840e+01 9.16718314562626e-04 2.97019843998717e-04 
1.49700004236078e+01 8.77217303329712e-04 2.86987645368137e-04 
1.50088331095316e+01 8.39064608884870e-04 2.77186947908332e-04 
1.50476657954553e+01 8.02309912616673e-04 2.67612542621322e-04 
1.50864984813791e+01 7.66944617394840e-04 2.58272732667116e-04 
1.51253311673028e+01 7.32928604678958e-04 2.49171510042263e-04 
1.51641638532266e+01 7.00222073056124e-04 2.40308575762021e-04 
1.52029965391503e+01 6.68785598087143e-04 2.31683197119284e-04 
1.52418292250741e+01 6.38580186830561e-04 2.23294239890292e-04 
1.52806619109978e+01 6.09567327286629e-04 2.15140199346225e-04 
1.53194945969216e+01 5.81709033000597e-04 2.07219230066437e-04 
1.53583272828454e+01 5.54967883061383e-04 1.99529174553860e-04 
1.53971599687691e+01 5.29307057727680e-04 1.92067590657487e-04 
1.54359926546929e+01 5.04690369909064e-04 1.84831777810880e-04 
1.54748253406166e+01 4.81082292724657e-04 1.77818802099272e-04 
1.55136580265404e+01 4.58447983356534e-04 1.71025520171152e-04 
1.55524907124641e+01 4.36753303409281e-04 1.64448602013195e-04 
1.55913233983879e+01 4.15964835981054e-04 1.58084552610050e-04 
1.56301560843116e+01 3.96049899645203e-04 1.51929732512884e-04 
1.56689887702354e+01 3.76976559534969e-04 1.45980377342678e-04 
1.57078214561592e+01 3.58713635717098e-04 1.40232616256074e-04 
1.57466541420829e+01 3.41230709033426e-04 1.34682434931999e-04 
1.57854868280067e+01 3.24497475181136e-04 1.29295065110626e-04 
1.58243195139304e+01 3.08489469893088e-04 1.24068396651161e-04 
1.58631521998542e+01 2.93178443054478e-04 1.19002536501050e-04 
1.59019848857779e+01 2.78543866354876e-04 1.14094445335835e-04 
1.59408175717017e+01 2.64558635715581e-04 1.09343828575218e-04 
1.59796502576254e+01 2.51202672876838e-04 1.04747283400098e-04 
1.60184829435492e+01 2.38450097610331e-04 1.00304895551782e-04 
1.60573156294730e+01 2.26281753829076e-04 9.60148352911705e-05 
1.60961483153967e+01 2.14672521919272e-04 9.18762880759715e-05 
1.61349810013205e+01 2.03603212344448e-04 8.78852407913728e-05 
1.61738136872442e+01 1.93050045471688e-04 8.40395138302672e-05 
1.62126463731680e+01 1.82994723354915e-04 8.03348652995860e-05 
1.62514790590917e+01 1.73414854973133e-04 7.67689228515396e-05 
1.62903117450155e+01 1.64293061859755e-04 7.33373613696857e-05 
1.63291444309392e+01 1.55608338952975e-04 7.00376547324604e-05 
1.63679771168630e+01 1.47344244434675e-04 6.68654693728371e-05 
1.64068098027868e+01 1.39481137672737e-04 6.38181679533628e-05 
1.64456424887105e+01 1.32003519547229e-04 6.08914609441965e-05 
1.64844751746343e+01 1.24893079434476e-04 5.80824800243745e-05 
1.65233078605580e+01 1.18135207025532e-04 5.53854808559563e-05 
1.65621405464818e+01 1.11712502352501e-04 5.27953493120071e-05 
1.66009732324055e+01 1.05612036059003e-04 5.03074022404229e-05 
1.66398059183293e+01 9.98185546669261e-05 4.79192742057994e-05 
1.66786386042530e+01 9.43199243504886e-05 4.56276537684603e-05 
1.67174712901768e+01 8.91019020024559e-05 4.34301575324078e-05 
1.67563039761006e+01 8.41531366286311e-05 4.13234608764588e-05 
1.67951366620243e+01 7.94603801531495e-05 3.93051801582262e-05 
1.68339693479481e+01 7.50130474667212e-05 3.73720243488893e-05 
1.68728020338718e+01 7.07988592725613e-05 3.55216275705723e-05 
1.69116347197956e+01 6.68079753162474e-05 3.37507672646841e-05 
1.69504674057193e+01 6.30290510225543e-05 3.20571121465437e-05 
1.69893000916431e+01 5.94529663569537e-05 3.04372930882078e-05 
1.70281327775668e+01 5.60673615830096e-05 2.88885404765231e-05 
1.70669654634906e+01 5.28577745910369e-05 2.74086724448196e-05 
1.71057981494144e+01 4.98155404945899e-05 2.59945044502007e-05 
1.71446308353381e+01 4.69337553884370e-05 2.46435250863449e-05 
1.71834635212619e+01 4.42043659125435e-05 2.33538457382505e-05 
1.72222962071856e+01 4.16209359847310e-05 2.21230227742813e-05 
1.72611288931094e+01 3.91760046967985e-05 2.09492129310804e-05 
1.72999615790331e+01 3.68635901125336e-05 1.98300570359738e-05 
1.73387942649569e+01 3.46768010384763e-05 1.87637674396486e-05 
1.73776269508806e+01 3.26100937959084e-05 1.77480817992542e-05 
1.74164596368044e+01 3.06571215198696e-05 1.67812765454936e-05 
1.74552923227282e+01 2.88127611218575e-05 1.58611949652531e-05 
1.74941250086519e+01 2.70711828648881e-05 1.49861842820073e-05 
1.75329576945757e+01 2.54276652212702e-05 1.41541992483692e-05 
1.75717903804994e+01 2.38768672560937e-05 1.33636629392967e-05 
1.76106230664232e+01 2.24144489995926e-05 1.26126449504660e-05 
1.76494557523469e+01 2.10355294351624e-05 1.18996477454662e-05 
1.76882884382707e+01 1.97361295282702e-05 1.12228571078535e-05 
1.77271211241944e+01 1.85117992043024e-05 1.05808570556372e-05 
1.77659538101182e+01 1.73588994367925e-05 9.97194923518649e-06 
1.78047864960420e+01 1.62733824028435e-05 9.39480017051929e-06 
1.78436191819657e+01 1.52519281284522e-05 8.84782568614694e-06 
1.78824518678895e+01 1.42908629428348e-05 8.32977470616690e-06 
1.79212845538132e+01 1.33871651778613e-05 7.83917445508534e-06 
1.79601172397370e+01 1.25375080473840e-05 7.37485524477740e-06 
1.79989499256607e+01 1.17391478522415e-05 6.93557096225649e-06 
1.80377826115845e+01 1.09891364641676e-05 6.52052382349578e-06 
1.80766152975082e+01 1.02849966812276e-05 6.12869990976539e-06 
1.81154479834320e+01 9.62391679569106e-06 5.75911188203344e-06 
1.81542806693558e+01 9.00356267887483e-06 5.41050423239083e-06 
1.81931133552795e+01 8.42141853707604e-06 5.08185701156377e-06 
1.82319460412033e+01 7.87539259136062e-06 4.77203124182598e-06 
1.82707787271270e+01 7.36323675991495e-06 4.48009969369883e-06 
1.83096114130508e+01 6.88307892234730e-06 4.20503085241291e-06 
1.83484440989745e+01 6.43291278933752e-06 3.94598318061016e-06 
1.83872767848983e+01 6.01106500658947e-06 3.70202401015267e-06 
1.84261094708220e+01 5.61574731511811e-06 3.47239081121266e-06 
1.84649421567458e+01 5.24546593485439e-06 3.25624161589551e-06 
1.85037748426696e+01 4.89862890404475e-06 3.05288656990462e-06 
1.85426075285933e+01 4.57390442659504e-06 2.86156673838387e-06 
1.85814402145171e+01 4.26987700529531e-06 2.68165896779004e-06 
1.86202729004408e+01 3.98536074075698e-06 2.51248016958784e-06 
1.86591055863646e+01 3.71909854072124e-06 2.35346827374816e-06 
1.86979382722883e+01 3.47003572087451e-06 2.20400932674488e-06 
1.87367709582121e+01 3.23705718281115e-06 2.06359707893962e-06 
1.87756036441358e+01 3.01922608605988e-06 1.93168046575754e-06 
1.88144363300596e+01 2.81555444267092e-06 1.80780414233854e-06 
1.88532690159834e+01 2.62521110271746e-06 1.69147413814112e-06 
1.88921017019071e+01 2.44732171684587e-06 1.58228143572203e-06 
1.89309343878309e+01 2.28114980117091e-06 1.47978379765372e-06 
1.89697670737546e+01 2.12592247368480e-06 1.38361428337234e-06 
1.90085997596784e+01 1.98098793544543e-06 1.29340408273871e-06 
1.90474324456021e+01 1.84567845373262e-06 1.20886916365749e-06 
1.90862651315259e+01 1.71941159275333e-06 1.12968451612975e-06 
1.91250978174496e+01 1.60157139577441e-06 1.05555022779861e-06 
1.91639305033734e+01 1.49163701946831e-06 9.86137345888082e-07 
1.92027631892972e+01 1.38906788942249e-06 9.21170991987649e-07 
1.92415958752209e+01 1.29340651768677e-06 8.60360214565110e-07 
1.92804285611447e+01 1.20417881301928e-06 8.03461633472310e-07 
1.93192612470684e+01 1.12098321644023e-06 7.50218106022222e-07 
1.93580939329922e+01 1.04340422615355e-06 7.00414306188731e-07 
1.93969266189159e+01 9.71089618340284e-07 6.53823142226825e-07 
1.94357593048397e+01 9.03675485231431e-07 6.10254251588590e-07 
1.94745919907635e+01 8.40853088971792e-07 5.69507228804610e-07 
1.95134246766872e+01 7.82303922113808e-07 5.31413904319020e-07 
1.95522573626110e+01 7.27757548796041e-07 4.95797549617404e-07 
1.95910900485347e+01 6.76935382927998e-07 4.62509707208028e-07 
1.96299227344585e+01 6.29600700368851e-07 4.31394636837909e-07 
1.96687554203822e+01 5.85509993966022e-07 4.02321373673795e-07 
1.97075881063060e+01 5.44456190356778e-07 3.75152765912498e-07 
1.97464207922297e+01 5.06226585244710e-07 3.49773357852244e-07 
1.97852534781535e+01 4.70640166589766e-07 3.26062446240948e-07 
1.98240861640773e+01 4.37511260257540e-07 3.03918313442504e-07 
1.98629188500010e+01 4.06681745648238e-07 2.83234798383115e-07 
1.99017515359248e+01 3.77989653115812e-07 2.63922341536120e-07 
1.99405842218485e+01 3.51296956659323e-07 2.45887627164701e-07 
1.99794169077723e+01 3.26462462061481e-07 2.29051845565375e-07 
2.00182495936960e+01 3.03365772466081e-07 2.13336074412841e-07 
2.00570822796198e+01 2.81877530437584e-07 1.98679994985388e-07 
2.00959149655435e+01 2.61891936928438e-07 1.85012841515924e-07 
2.01347476514673e+01 2.43301340174968e-07 1.72272213621531e-07 
2.01735803373911e+01 2.26013830436089e-07 1.60393583464408e-07 
2.02124130233148e+01 2.09935850292963e-07 1.49322307032930e-07 
2.02512457092386e+01 1.94987468358498e-07 1.39002021568003e-07 
2.02900783951623e+01 1.81087409503573e-07 1.29384957698291e-07 
2.03289110810861e+01 1.68166188803762e-07 1.20421906123695e-07 
2.03677437670098e+01 1.56153229606280e-07 1.12071126073527e-07 
2.04065764529336e+01 1.44988153332045e-07 1.04289672392018e-07 
2.04454091388573e+01 1.34609698156928e-07 9.70410883410457e-08 
2.04842418247811e+01 1.24965420084446e-07 9.02879115282940e-08 
2.05230745107049e+01 1.16002163921226e-07 8.39983143422492e-08 
2.05619071966286e+01 1.07674396204434e-07 7.81396309670052e-08 
2.06007398825524e+01 9.99360138784310e-08 7.26840871890443e-08 
2.06395725684761e+01 9.27474994983850e-08 6.76032114895244e-08 
2.06784052543999e+01 8.60688822386095e-08 6.28727771995775e-08 
2.07172379403236e+01 7.98658796863430e-08 5.84679787342299e-08 
2.07560706262474e+01 7.41038511218031e-08 5.43676927441035e-08 
2.07949033121711e+01 6.87530676293323e-08 5.05503162914071e-08 
2.08337359980949e+01 6.37835194988805e-08 4.69974394425420e-08 
2.08725686840187e+01 5.91694368499167e-08 4.36902558811984e-08 
2.09114013699424e+01 5.48848319619908e-08 4.06127270379910e-08 
2.09502340558662e+01 5.09073757245667e-08 3.77484875476627e-08 
2.09890667417899e+01 4.72145721007953e-08 3.50836110870971e-08 
2.10278994277137e+01 4.37871071335326e-08 3.26040452993682e-08 
2.10667321136374e+01 4.06055844731632e-08 3.02978145149261e-08 
2.11055647995612e+01 3.76531890448913e-08 2.81525996307027e-08 
2.11443974854849e+01 3.49130230124551e-08 2.61577470903732e-08 
2.11832301714087e+01 3.23705437705720e-08 2.43024340030219e-08 
2.12220628573325e+01 3.00111494378251e-08 2.25774046395090e-08 
2.12608955432562e+01 2.78222668154000e-08 2.09732651231509e-08 
2.12997282291800e+01 2.57912819539584e-08 1.94819768480290e-08 
2.13385609151037e+01 2.39073278342772e-08 1.80953889105919e-08 
2.13773936010275e+01 2.21595111739234e-08 1.68065220870633e-08 
2.14162262869512e+01 2.05384425926665e-08 1.56083062357862e-08 
2.14550589728750e+01 1.90347176589176e-08 1.44946838737199e-08 
2.14938916587987e+01 1.76402262808735e-08 1.34595242413673e-08 
2.15327243447225e+01 1.63468518818643e-08 1.24975715405069e-08 
2.15715570306463e+01 1.51475915741958e-08 1.16035112165644e-08 
2.16103897165700e+01 1.40354424256313e-08 1.07727844790782e-08 
2.16492224024938e+01 1.30043595118430e-08 1.00007856995653e-08 
2.16880550884175e+01 1.20483026047893e-08 9.28356186133135e-09 
2.17268877743413e+01 1.11620553621233e-08 8.61712286313399e-09 
2.17657204602650e+01 1.03404095287496e-08 7.99804197370960e-09 
2.18045531461888e+01 9.57886522150397e-09 7.42286333278993e-09 
2.18433858321125e+01 8.87293297117852e-09 6.88861726414372e-09 
2.18822185180363e+01 8.21873222400536e-09 6.39231142786265e-09 
2.19210512039601e+01 7.61239433511215e-09 5.93137292692201e-09 
2.19598838898838e+01 7.05057397065737e-09 5.50321143340249e-09 
2.19987165758076e+01 6.52993855741162e-09 5.10564212853737e-09 
2.20375492617313e+01 6.04763443814397e-09 4.73651792616662e-09 
2.20763819476551e+01 5.60080514839256e-09 4.39398631678023e-09 
2.21152146335788e+01 5.18693307679941e-09 4.07611397011593e-09 
2.21540473195026e+01 4.80351920750638e-09 3.78119479979478e-09 
2.21928800054263e+01 4.44840002994266e-09 3.50751952396016e-09 
2.22317126913501e+01 4.11942932681206e-09 3.25361692395647e-09 
2.22705453772739e+01 3.81474809350038e-09 3.01801404895776e-09 
2.23093780631976e+01 3.53251329513610e-09 2.79944236440301e-09 
2.23482107491214e+01 3.27112775183773e-09 2.59663270936394e-09 
2.23870434350451e+01 3.02900894327986e-09 2.40849143677924e-09 
2.24258761209689e+01 2.80478478799108e-09 2.23392509442727e-09 
2.24647088068926e+01 2.59709659211656e-09 2.07199091867158e-09 
2.25035414928164e+01 2.40476577463589e-09 1.92174693661245e-09 
2.25423741787401e+01 2.22662592572391e-09 1.78238054200506e-09 
2.25812068646639e+01 2.06166478274374e-09 1.65308033800922e-09 
2.26200395505877e+01 1.90888110469797e-09 1.53314598264146e-09 
2.26588722365114e+01 1.76740556711062e-09 1.42187862363931e-09 
2.26977049224352e+01 1.63637879124864e-09 1.31867473797682e-09 
2.27365376083589e+01 1.51505428328654e-09 1.22293246564538e-09 
2.27753702942827e+01 1.40269449623952e-09 1.13413177203786e-09 
2.28142029802064e+01 1.29865847624630e-09 1.05175437699669e-09 
2.28530356661302e+01 1.20231329512612e-09 9.75352230536573e-10 
2.28918683520539e+01 1.11310867239972e-09 9.04479066801602e-10 
2.29307010379777e+01 1.03050150870074e-09 8.38748894339011e-10 
2.29695337239015e+01 9.54019416201651e-10 7.77777489753389e-10 
2.30083664098252e+01 8.83196417708984e-10 7.21232933339631e-10 
2.30471990957490e+01 8.17627438537491e-10 6.68785274745111e-10 
2.30860317816727e+01 7.56912630108549e-10 6.20148682750693e-10 
2.31248644675965e+01 7.00703696663366e-10 5.75038286581933e-10 
2.31636971535202e+01 6.48657462178541e-10 5.33207131680226e-10 
2.32025298394440e+01 6.00475057571612e-10 4.94409868664728e-10 
2.32413625253677e+01 5.55862151538512e-10 4.58433874568428e-10 
2.32801952112915e+01 5.14562307767815e-10 4.25068024331657e-10 
2.33190278972153e+01 4.76323105774699e-10 3.94129268576496e-10 
2.33578605831390e+01 4.40924534542253e-10 3.65435945745537e-10 
2.33966932690628e+01 4.08150131929245e-10 3.38830479047152e-10 
2.34355259549865e+01 3.77811152561408e-10 3.14156569699017e-10 
2.34743586409103e+01 3.49721983152598e-10 2.91278579141591e-10 
2.35131913268340e+01 3.23720712934240e-10 2.70062039541295e-10 
2.35520240127578e+01 2.99648191991111e-10 2.50390204880208e-10 
2.35908566986815e+01 2.77365539222076e-10 2.32147396702086e-10 
2.36296893846053e+01 2.56736304352388e-10 2.15233137201666e-10 
2.36685220705291e+01 2.37641368959414e-10 1.99547918164736e-10 
2.37073547564528e+01 2.19963752570649e-10 1.85005268955602e-10 
2.37461874423766e+01 2.03601294615661e-10 1.71519596427235e-10 
2.37850201283003e+01 1.88453712989338e-10 1.59016489248691e-10 
2.38238528142241e+01 1.74433397159938e-10 1.47422327711630e-10 
2.38626855001478e+01 1.61454385506961e-10 1.36673081875765e-10 
2.39015181860716e+01 1.49441550737443e-10 1.26705433930070e-10 
2.39403508719953e+01 1.38321211678154e-10 1.17464290073762e-10 
2.39791835579191e+01 1.28028950360607e-10 1.08895195478953e-10 
2.40180162438429e+01 1.18501616020747e-10 1.00951137911650e-10 
2.40568489297666e+01 1.09684263417668e-10 9.35856939613754e-11 
2.40956816156904e+01 1.01522631847914e-10 8.67583228536750e-11 
2.41345143016141e+01 9.39692374925052e-11 8.04285889709306e-11 
2.41733469875379e+01 8.69775893570908e-11 7.45612621209964e-11 
2.42121796734616e+01 8.05069996757264e-11 6.91215849947573e-11 
2.42510123593854e+01 7.45176471897385e-11 6.40792727338914e-11 
2.42898450453091e+01 6.89746684394210e-11 5.94044600782687e-11 
2.43286777312329e+01 6.38439557705389e-11 5.50711137108118e-11 
2.43675104171567e+01 5.90956371078824e-11 5.10535720877245e-11 
2.44063431030804e+01 5.47004992466084e-11 4.73294568291920e-11 
2.44451757890042e+01 5.06329475997167e-11 4.38767185080012e-11 
2.44840084749279e+01 4.68679616375075e-11 4.06761206685834e-11 
2.45228411608517e+01 4.33836124103350e-11 3.77087175517184e-11 
2.45616738467754e+01 4.01584708746337e-11 3.49579735043402e-11 
2.46005065326992e+01 3.71737493516940e-11 3.24076094591558e-11 
2.46393392186230e+01 3.44110952853853e-11 3.00434112689734e-11 
2.46781719045467e+01 3.18544129002222e-11 2.78513910130876e-11 
2.47170045904705e+01 2.94879849824312e-11 2.58193299183550e-11 
2.47558372763942e+01 2.72980225852558e-11 2.39352084619601e-11 
2.47946699623180e+01 2.52710659737455e-11 2.21885228272591e-11 
2.48335026482417e+01 2.33953030701976e-11 2.05689445137533e-11 
2.48723353341655e+01 2.16592079772165e-11 1.90674435484680e-11 
2.49111680200892e+01 2.00526627727839e-11 1.76751440681994e-11 
2.49500007060130e+01 1.85657982156710e-11 1.63842826215901e-11 
2.49888333919368e+01 1.71899483274906e-11 1.51871839293935e-11 
2.50276660778605e+01 1.59164097071512e-11 1.40771397409542e-11 
2.50664987637843e+01 1.47369247650526e-11 1.30479896568941e-11 
2.51053314497080e+01 1.36444082353426e-11 1.20938241202472e-11 
2.51441641356318e+01 1.26326322024379e-11 1.12090612063047e-11 
2.51829968215555e+01 1.16955109981282e-11 1.03888082701742e-11 
2.52218295074793e+01 1.08276936635875e-11 9.62826039371383e-12 
2.52606621934030e+01 1.00239537273032e-11 8.92320450691723e-12 
2.52994948793268e+01 9.27969426870585e-12 8.26950503615504e-12 
2.53383275652506e+01 8.59042724199705e-12 7.66353454599726e-12 
2.53771602511743e+01 7.95220399337132e-12 7.10173398912771e-12 
2.54159929370981e+01 7.36117103067586e-12 6.58098054288368e-12 
2.54548256230218e+01 6.81393696267307e-12 6.09821167578393e-12 
2.54936583089456e+01 6.30719352468706e-12 5.65073930758510e-12 
2.55324909948693e+01 5.83802829994868e-12 5.23592846150261e-12 
2.55713236807931e+01 5.40360144396507e-12 4.85146555407563e-12 
2.56101563667168e+01 5.00141217465736e-12 4.49508373311407e-12 
2.56489890526406e+01 4.62902303334461e-12 4.16479197207308e-12 
2.56878217385644e+01 4.28428695789302e-12 3.85864033347125e-12 
2.57266544244881e+01 3.96511211034461e-12 3.57491557433300e-12 
2.57654871104119e+01 3.66965534637860e-12 3.31194055068188e-12 
2.58043197963356e+01 3.39612165817751e-12 3.06824121238607e-12 
2.58431524822594e+01 3.14292899914079e-12 2.84237519981527e-12 
2.58819851681831e+01 2.90853726075107e-12 2.63307439796590e-12 
2.59208178541069e+01 2.69158868229563e-12 2.43909849160704e-12 
2.59596505400306e+01 2.49076202381619e-12 2.25935664260669e-12 
2.59984832259544e+01 2.30489216831359e-12 2.09278904970144e-12 
2.60373159118782e+01 2.13285098931831e-12 1.93847093641371e-12 
2.60761485978019e+01 1.97364198527845e-12 1.79549588213572e-12 
2.61149812837257e+01 1.82628840785880e-12 1.66305844090071e-12 
2.61538139696494e+01 1.68992859214060e-12 1.54036479168525e-12 
2.61926466555732e+01 1.56372560272340e-12 1.42671648999951e-12 
2.62314793414969e+01 1.44694089158908e-12 1.32143203464530e-12 
2.62703120274207e+01 1.33885735911392e-12 1.22391160645061e-12 
2.63091447133444e+01 1.23884201661964e-12 1.13357016130912e-12 
2.63479773992682e+01 1.14628047205792e-12 1.04989260686111e-12 
2.63868100851920e+01 1.06063023723467e-12 9.72376729135881e-13 
2.64256427711157e+01 9.81364942973210e-13 9.00580218434969e-13 
2.64644754570395e+01 9.08019686595519e-13 8.34071985297233e-13 
2.65033081429632e+01 8.40143532709633e-13 7.72472238716696e-13 
2.65421408288870e+01 7.77338088520418e-13 7.15410959122677e-13 
2.65809735148107e+01 7.19217060490457e-13 6.62562054609997e-13 
2.66198062007345e+01 6.65439068019112e-13 6.13607939510520e-13 
2.66586388866582e+01 6.15673208606115e-13 5.68268643011943e-13 
2.66974715725820e+01 5.69626969771977e-13 5.26271596249425e-13 
2.67363042585058e+01 5.27016910706695e-13 4.87376438689019e-13 
2.67751369444295e+01 4.87592404082925e-13 4.51349248377349e-13 
2.68139696303533e+01 4.51110674500443e-13 4.17983681482579e-13 
2.68528023162770e+01 4.17356992725485e-13 3.87078992725564e-13 
2.68916350022008e+01 3.86123423954721e-13 3.58458049703706e-13 
2.69304676881245e+01 3.57226004155964e-13 3.31948586421876e-13 
2.69693003740483e+01 3.30486647178645e-13 3.07398554083694e-13 
2.70081330599720e+01 3.05747753851977e-13 2.84660132462623e-13 
2.70469657458958e+01 2.82856808737561e-13 2.63602810693810e-13 
2.70857984318196e+01 2.61678805400283e-13 2.44099751038970e-13 
2.71246311177433e+01 2.42083133241661e-13 2.26038935112910e-13 
2.71634638036671e+01 2.23954145142165e-13 2.09311534160808e-13 
2.72022964895908e+01 2.07179994127961e-13 1.93821406625008e-13 
2.72411291755146e+01 1.91661620897882e-13 1.79475179874531e-13 
2.72799618614383e+01 1.77303250591971e-13 1.66190342796564e-13 
2.73187945473621e+01 1.64020036291057e-13 1.53886787276700e-13 
2.73576272332858e+01 1.51729969177061e-13 1.42493703508615e-13 
2.73964599192096e+01 1.40360378846364e-13 1.31942366515524e-13 
2.74352926051334e+01 1.29841046790095e-13 1.22172011192204e-13 
2.74741252910571e+01 1.20109734373395e-13 1.13123680717288e-13 
2.75129579769809e+01 1.11106320765296e-13 1.04745232190618e-13 
2.75517906629046e+01 1.02777503921052e-13 9.69860907097553e-14 
2.75906233488284e+01 9.50718106618231e-14 8.98015141750034e-14 
2.76294560347521e+01 8.79435942895198e-14 8.31481197720560e-14 
2.76682887206759e+01 8.13487871431184e-14 7.69875175174699e-14 
2.77071214065996e+01 7.52483000073062e-14 7.12824954834206e-14 
2.77459540925234e+01 6.96044067398701e-14 6.60001154623449e-14 
2.77847867784472e+01 6.43836349237562e-14 6.11084599846822e-14 
2.78236194643709e+01 5.95536885668708e-14 5.65792696789932e-14 
2.78624521502947e+01 5.50859060809256e-14 5.23851693920781e-14 
2.79012848362184e+01 5.09526410255679e-14 4.85019150571551e-14 
2.79401175221422e+01 4.71293521267208e-14 4.49060283885791e-14 
2.79789502080659e+01 4.35923739327531e-14 4.15767110447842e-14 
2.80177828939897e+01 4.03206939122192e-14 3.84937657873589e-14 
2.80566155799134e+01 3.72940045503426e-14 3.56392950784429e-14 
2.80954482658372e+01 3.44943354241339e-14 3.29959934257220e-14 
2.81342809517610e+01 3.19043671976002e-14 3.05485806976916e-14 
2.81731136376847e+01 2.95087140128205e-14 2.82822728327903e-14 
2.82119463236085e+01 2.72925490428182e-14 2.61839615214467e-14 
2.82507790095322e+01 2.52426976895308e-14 2.42409655845644e-14 
2.82896116954560e+01 2.33464675600918e-14 2.24420384467540e-14 
2.83284443813797e+01 2.15925780999123e-14 2.07763032491701e-14 
2.83672770673035e+01 1.99701646189843e-14 1.92341112449734e-14 
2.84061097532272e+01 1.84695688059733e-14 1.78061336379375e-14 
2.84449424391510e+01 1.70814909390955e-14 1.64840929350481e-14 
2.84837751250748e+01 1.57976620778365e-14 1.52599884681162e-14 
2.85226078109985e+01 1.46101224326213e-14 1.41267194853165e-14 
2.85614404969223e+01 1.35117929255753e-14 1.30774246972334e-14 
2.86002731828460e+01 1.24958609635403e-14 1.21060131156995e-14 
2.86391058687698e+01 1.15562664171691e-14 1.12066008534513e-14 
2.86779385546935e+01 1.06871788271585e-14 1.03739633542175e-14 
2.87167712406173e+01 9.88341060294803e-15 9.60305513921359e-15 
2.87556039265410e+01 9.13997206418662e-15 8.88939505680270e-15 
2.87944366124648e+01 8.45242274768518e-15 8.22865677149875e-15 
2.88332692983886e+01 7.81649270631949e-15 7.61699694329541e-15 
2.88721019843123e+01 7.22838118568725e-15 7.05070604868086e-15 
2.89109346702361e+01 6.68443432303674e-15 6.52648793508279e-15 
2.89497673561598e+01 6.18139907076410e-15 6.04116209386661e-15 
2.89886000420836e+01 5.71614890297948e-15 5.59190178689574e-15 
2.90274327280073e+01 5.28589968534373e-15 5.17598019721356e-15 
2.90662654139311e+01 4.88797624440194e-15 4.79097326059540e-15 
2.91050980998548e+01 4.51999588148167e-15 4.43454323356440e-15 
2.91439307857786e+01 4.17966972219125e-15 4.10461145583408e-15 
2.91827634717024e+01 3.86495871995725e-15 3.79917382561462e-15 
2.92215961576261e+01 3.57390460757749e-15 3.51644794583345e-15 
2.92604288435499e+01 3.30476251114203e-15 3.25471580736477e-15 
2.92992615294736e+01 3.05585709565456e-15 3.01244911310585e-15 
2.93380942153974e+01 2.82569529356366e-15 2.78817516130197e-15 
2.93769269013211e+01 2.61284389215830e-15 2.58058358009523e-15 
2.94157595872449e+01 2.41602535656952e-15 2.38841199301057e-15 
2.94545922731686e+01 2.23401366488897e-15 2.21053691811186e-15 
2.94934249590924e+01 2.06571575953034e-15 2.04587630088698e-15 
2.95322576450162e+01 1.91008291127919e-15 1.89346692439272e-15 
2.95710903309399e+01 1.76617995362432e-15 1.75238132396479e-15 
2.96099230168637e+01 1.63310986154225e-15 1.62179370726241e-15 
2.96487557027874e+01 1.51007260086270e-15 1.50090913130214e-15 
2.96875883887112e+01 1.39630095201510e-15 1.38901963522017e-15 
2.97264210746349e+01 1.29111053220639e-15 1.28544387236051e-15 
2.97652537605587e+01 1.19384518754547e-15 1.18957490626652e-15 
2.98040864464824e+01 1.10391951257756e-15 1.10082875685843e-15 
2.98429191324062e+01 1.02077238376566e-15 1.01868509517313e-15 
2.98817518183300e+01 9.43903102610661e-16 9.42643389795044e-16 
2.99205845042537e+01 8.72831855887335e-16 8.72257552667773e-16 
2.99594171901775e+01 8.07130439966924e-16 8.07098565657975e-16 
2.99982498761012e+01 7.46388613996405e-16 7.46782234148042e-16 
3.00370825620250e+01 6.90224417306078e-16 6.90950753359125e-16 
3.00759152479487e+01 6.38271371543618e-16 6.39286470915902e-16 
3.01147479338725e+01 5.90219845285470e-16 5.91471078850174e-16 
3.01535806197962e+01 5.45772955307656e-16 5.47223660377625e-16 
3.01924133057200e+01 5.04665503250876e-16 5.06274238309621e-16 
3.02312459916438e+01 4.66643279115590e-16 4.68381952359892e-16 
3.02700786775675e+01 4.31479160092429e-16 4.33315389194521e-16 
3.03089113634913e+01 3.98955493159916e-16 4.00868050580961e-16 
3.03477440494150e+01 3.68877780440219e-16 3.70841594652883e-16 
3.03865767353388e+01 3.41059683715011e-16 3.43058997799769e-16 
3.04254094212625e+01 3.15334657346780e-16 3.17350277139188e-16 
3.04642421071863e+01 2.91543185275622e-16 2.93563689257987e-16 
3.05030747931100e+01 2.69542668654029e-16 2.71553567271972e-16 
3.05419074790338e+01 2.49196563615818e-16 2.51189848595094e-16 
3.05807401649576e+01 2.30382784906978e-16 2.32347714028783e-16 
3.06195728508813e+01 2.12984461906114e-16 2.14915693345603e-16 
3.06584055368051e+01 1.96897080502614e-16 1.98786839956841e-16 
3.06972382227288e+01 1.82020616756793e-16 1.83865626136702e-16 
3.07360709086526e+01 1.68265606063278e-16 1.70060426135555e-16 
3.07749035945763e+01 1.55546449543602e-16 1.57289381389264e-16 
3.08137362805001e+01 1.43786571271944e-16 1.45473998473968e-16 
3.08525689664238e+01 1.32912722909893e-16 1.34544137832198e-16 
3.08914016523476e+01 1.22859365726661e-16 1.24432561554164e-16 
3.09302343382714e+01 1.13563824896548e-16 1.15079176317089e-16 
3.09690670241951e+01 1.04970012588963e-16 1.06426390353943e-16 
3.10078997101189e+01 9.70243054200392e-17 9.84227218561010e-17 
3.10467323960426e+01 8.96787074849322e-17 9.10188452728821e-17 
3.10855650819664e+01 8.28873432539500e-17 8.41706598684110e-17 
3.11243977678901e+01 7.66091446157658e-17 7.78359232128964e-17 
3.11632304538139e+01 7.08048675194309e-17 7.19768604847425e-17 
3.12020631397376e+01 6.54393745050185e-17 6.65572981182990e-17 
3.12408958256614e+01 6.04790970286182e-17 6.15448824373543e-17 
3.12797285115852e+01 5.58939742468061e-17 5.69086392989141e-17 
3.13185611975089e+01 5.16552945738385e-17 5.26208604236542e-17 
3.13573938834327e+01 4.77373423775565e-17 4.86550258494269e-17 
3.13962265693564e+01 4.41155622062136e-17 4.49874076234039e-17 
3.14350592552802e+01 4.07679573070743e-17 4.15953012324805e-17 
3.14738919412039e+01 3.76735283800343e-17 3.84583889152414e-17 
3.15127246271277e+01 3.48134612429164e-17 3.55572342081016e-17 
3.15515573130515e+01 3.21697991379247e-17 3.28744408307713e-17 
3.15903899989752e+01 2.97264512664202e-17 3.03933712805527e-17 
3.16292226848990e+01 2.74680637777444e-17 2.80991318790328e-17 
3.16680553708227e+01 2.53808761337931e-17 2.59774821361980e-17 
3.17068880567465e+01 2.34517611058646e-17 2.40156719792315e-17 
3.17457207426702e+01 2.16689518803205e-17 2.22015135411965e-17 
3.17845534285940e+01 2.00212258124786e-17 2.05240927063246e-17 
3.18233861145177e+01 1.84985217424123e-17 1.89729791813007e-17 
3.18622188004415e+01 1.70912460202158e-17 1.75388311841615e-17 
3.19010514863653e+01 1.57907965748073e-17 1.62127232374503e-17 
3.19398841722890e+01 1.45889729298455e-17 1.49866600136636e-17 
3.19787168582128e+01 1.34784210810749e-17 1.38530043406002e-17 
3.20175495441365e+01 1.24521319499936e-17 1.28049138218476e-17 
3.20563822300603e+01 1.15038190111310e-17 1.18358541438542e-17 
3.20952149159840e+01 1.06274919521481e-17 1.09399700527708e-17 
3.21340476019078e+01 9.81777719560640e-18 1.01116712669149e-17 
3.21728802878315e+01 9.06955550990254e-18 9.34594765818178e-18 
3.22117129737553e+01 8.37823404304324e-18 8.63801695957550e-18 
3.22505456596791e+01 7.73943831009790e-18 7.98359252509189e-18 
3.22893783456028e+01 7.14924305882455e-18 7.37858362839444e-18 
3.23282110315266e+01 6.60391048995931e-18 6.81932292099186e-18 
3.23670437174503e+01 6.10008617185781e-18 6.30231148630313e-18 
3.24058764033741e+01 5.63457656722335e-18 5.82441204927747e-18 
3.24447090892978e+01 5.20451527700413e-18 5.38263211528579e-18 
3.24835417752216e+01 4.80717398284524e-18 4.97428807711623e-18 
3.25223744611453e+01 4.44010350445062e-18 4.59682076039947e-18 
3.25612071470691e+01 4.10097314816685e-18 4.24793480237340e-18 
3.26000398329929e+01 3.78769038573851e-18 3.92544177050789e-18 
3.26388725189166e+01 3.49826434901423e-18 3.62737853132141e-18 
3.26777052048404e+01 3.23090736351924e-18 3.35187382834412e-18 
3.27165378907641e+01 2.98391896691474e-18 3.09724880135494e-18 
3.27553705766879e+01 2.75577204279854e-18 2.86190352240873e-18 
3.27942032626116e+01 2.54501428293194e-18 2.64440235148067e-18 
3.28330359485354e+01 2.35034125216481e-18 2.44337745083039e-18 
3.28718686344591e+01 2.17051267577249e-18 2.25760125971219e-18 
3.29107013203829e+01 2.00441441434023e-18 2.08590445136016e-18 
3.29495340063067e+01 1.85098734991505e-18 1.92723746652726e-18 
3.29883666922304e+01 1.70927995068647e-18 1.78060075535478e-18 
3.30271993781542e+01 1.57838786334502e-18 1.64509701800605e-18 
3.30660320640779e+01 1.45749849348121e-18 1.51987189543103e-18 
3.31048647500017e+01 1.34583969531043e-18 1.40415831757359e-18 
3.31436974359254e+01 1.24271757809708e-18 1.29722608090694e-18 
3.31825301218492e+01 1.14747292570819e-18 1.19841949407653e-18 
3.32213628077729e+01 1.05951325629010e-18 1.10711451317643e-18 
3.32601954936967e+01 9.78275809292651e-19 1.02275069567908e-18 
3.32990281796205e+01 9.03254730182388e-19 9.44794762803813e-19 
3.33378608655442e+01 8.33969637032985e-19 8.72767720447467e-19 
3.33766935514680e+01 7.69988670089216e-19 8.06213886823952e-19 
3.34155262373917e+01 7.10901798339056e-19 7.44723909819719e-19 
3.34543589233155e+01 6.56340361709755e-19 6.87908441751542e-19 
3.34931916092392e+01 6.05954404130201e-19 6.35417672704691e-19 
3.35320242951630e+01 5.59429241038710e-19 5.86918956507030e-19 
3.35708569810867e+01 5.16466212635183e-19 5.42113386253153e-19 
3.36096896670105e+01 4.76796728656610e-19 5.00716779613108e-19 
3.36485223529343e+01 4.40165926635091e-19 4.62473743426472e-19 
3.36873550388580e+01 4.06344577382653e-19 4.27141514967111e-19 
3.37261877247818e+01 3.75115210519026e-19 3.94501895101220e-19 
3.37650204107055e+01 3.46282205959756e-19 3.64347517425926e-19 
3.38038530966293e+01 3.19660014803054e-19 3.36491972234131e-19 
3.38426857825530e+01 2.95081712769416e-19 3.10758139501604e-19 
3.38815184684768e+01 2.72389000480416e-19 2.86986777266598e-19 
3.39203511544005e+01 2.51439452924954e-19 2.65026608932085e-19 
3.39591838403243e+01 2.32098030704913e-19 2.44741608355157e-19 
3.39980165262481e+01 2.14243224073901e-19 2.26003688675612e-19 
3.40368492121718e+01 1.97760817893958e-19 2.08698697735020e-19 
3.40756818980956e+01 1.82547877744648e-19 1.92717821606235e-19 
3.41145145840193e+01 1.68505412898255e-19 1.77962103255189e-19 
3.41533472699431e+01 1.55544371635416e-19 1.64336393492958e-19 
3.41921799558668e+01 1.43580440661277e-19 1.51755170540359e-19 
3.42310126417906e+01 1.32537760655375e-19 1.40137331071425e-19 
3.42698453277143e+01 1.22344518258208e-19 1.29409966437946e-19 
3.43086780136381e+01 1.12936091117399e-19 1.19503944542206e-19 
3.43475106995619e+01 1.04251311533816e-19 1.10357108634590e-19 
3.43863433854856e+01 9.62351286800918e-20 1.01910529822599e-19 
3.44251760714094e+01 8.88354414601005e-20 9.41112168218032e-20 
3.44640087573331e+01 8.20053520892184e-20 8.69089371946836e-20 
3.45028414432569e+01 7.57004813630006e-20 8.02585128952875e-20 
3.45416741291806e+01 6.98808763782790e-20 7.41171238328046e-20 
3.45805068151044e+01 6.45087346581969e-20 6.84462525867033e-20 
3.46193395010281e+01 5.95500191393985e-20 6.32093970307993e-20 
3.46581721869519e+01 5.49725288269407e-20 5.83737178897098e-20 
3.46970048728757e+01 5.07472660048008e-20 5.39080982993526e-20 
3.47358375587994e+01 4.68468006053585e-20 4.97845396575069e-20 
3.47746702447232e+01 4.32464276893320e-20 4.59765154411077e-20 
3.48135029306469e+01 3.99227807728335e-20 4.24601538452487e-20 
3.48523356165707e+01 3.68548117750401e-20 3.92128411846965e-20 
3.48911683024944e+01 3.40226153734423e-20 3.62142239235955e-20 
3.49300009884182e+01 3.14082586693044e-20 3.34450237772909e-20 
3.49688336743420e+01 2.89947844268019e-20 3.08878867457294e-20 
3.50076663602657e+01 2.67669135191158e-20 2.85263186126912e-20 
3.50464990461895e+01 2.47101476601303e-20 2.63454587112009e-20 
3.50853317321132e+01 2.28114675886733e-20 2.43312448463394e-20 
3.51241644180370e+01 2.10585910699760e-20 2.24710713693225e-20 
3.51629971039607e+01 1.94404467821998e-20 2.07530238598632e-20 
3.52018297898845e+01 1.79465672284659e-20 1.91663705350379e-20 
3.52406624758082e+01 1.65675156553491e-20 1.77009489169954e-20 
3.52794951617320e+01 1.52943712223328e-20 1.63476039722017e-20 
3.53183278476558e+01 1.41190904721344e-20 1.50976676017564e-20 
3.53571605335795e+01 1.30340707330437e-20 1.39433299132985e-20 
3.53959932195033e+01 1.20324561760993e-20 1.28771974813350e-20 
3.54348259054270e+01 1.11077675583761e-20 1.18926079586857e-20 
3.54736585913508e+01 1.02541613631526e-20 1.09832551823835e-20 
3.55124912772745e+01 9.46611580043445e-21 1.01434557732424e-20 
3.55513239631983e+01 8.73865022339794e-21 9.36783096864903e-21 
3.55901566491220e+01 8.06705883562061e-21 8.65153253849185e-21 
3.56289893350458e+01 7.44709647405320e-21 7.98997275837898e-21 
3.56678220209696e+01 6.87475277242575e-21 7.37901585142710e-21 
3.57066547068933e+01 6.34640946713285e-21 6.81474881556723e-21 
3.57454873928171e+01 5.85864886857330e-21 6.29364365277002e-21 
3.57843200787408e+01 5.40838705568537e-21 5.81236286730175e-21 
3.58231527646646e+01 4.99271144163438e-21 5.36789694077274e-21 
3.58619854505883e+01 4.60899355333947e-21 4.95739925432115e-21 
3.59008181365121e+01 4.25475127044851e-21 4.57830258730948e-21 
3.59396508224358e+01 3.92774431945652e-21 4.22817901075640e-21 
3.59784835083596e+01 3.62585743692118e-21 3.90483861084852e-21 
3.60173161942834e+01 3.34718122794191e-21 3.60621057498953e-21 
3.60561488802071e+01 3.08991307440202e-21 3.33042685267303e-21 
3.60949815661309e+01 2.85242560132650e-21 3.07572122749642e-21 
3.61338142520546e+01 2.63318263413064e-21 2.84050021391362e-21 
3.61726469379784e+01 2.43079717241915e-21 2.62325739393065e-21 
3.62114796239021e+01 2.24396010995201e-21 2.42263349743387e-21 
3.62503123098259e+01 2.07148932423419e-21 2.23734369416329e-21 
3.62891449957496e+01 1.91226922035026e-21 2.06622850804301e-21 
3.63279776816734e+01 1.76529229813396e-21 1.90819210454820e-21 
3.63668103675972e+01 1.62960787564597e-21 1.76224543757175e-21 
3.64056430535209e+01 1.50435728695843e-21 1.62745386890674e-21 
3.64444757394447e+01 1.38873039088711e-21 1.50297373273940e-21 
3.64833084253684e+01 1.28199537568027e-21 1.38800787567397e-21 
3.65221411112922e+01 1.18346187047664e-21 1.28183664307656e-21 
3.65609737972159e+01 1.09250618354277e-21 1.18378014167329e-21 
3.65998064831397e+01 1.00854001358623e-21 1.09322449870890e-21 
3.66386391690634e+01 9.31031821485078e-22 1.00958983042160e-21 
3.66774718549872e+01 8.59480290937088e-22 9.32352495109460e-22 
3.67163045409110e+01 7.93432426351464e-22 8.61017904622888e-22 
3.67551372268347e+01 7.32461041510974e-22 7.95139382379860e-22 
3.67939699127585e+01 6.76180085470898e-22 7.34295085572847e-22 
3.68328025986822e+01 6.24225547471520e-22 6.78103985915525e-22 
3.68716352846060e+01 5.76268435790970e-22 6.26206281060752e-22 
3.69104679705297e+01 5.31998580055125e-22 5.78276936832007e-22 
3.69493006564535e+01 4.91135622884679e-22 5.34009060384107e-22 
3.69881333423772e+01 4.53415279538752e-22 4.93125375699921e-22 
3.70269660283010e+01 4.18598647074756e-22 4.55364110834016e-22 
3.70657987142248e+01 3.86460548076734e-22 4.20488721698241e-22 
3.71046314001485e+01 3.56797415379300e-22 3.88275913464499e-22 
3.71434640860723e+01 3.29417403291350e-22 3.58523879561547e-22 
3.71822967719960e+01 3.04147066427087e-22 3.31042134804530e-22 
3.72211294579198e+01 2.80822969883079e-22 3.05658495757690e-22 
3.72599621438435e+01 2.59297347273561e-22 2.82210451956543e-22 
3.72987948297673e+01 2.39430982061891e-22 2.60551079236880e-22 
3.73376275156910e+01 2.21098001585584e-22 2.40541716836845e-22 
3.73764602016148e+01 2.04179836291263e-22 2.22056976002114e-22 
3.74152928875386e+01 1.88569282571420e-22 2.04978525917106e-22 
3.74541255734623e+01 1.74165375945293e-22 1.89199335064744e-22 
3.74929582593861e+01 1.60876835249085e-22 1.74618398786878e-22 
3.75317909453098e+01 1.48617710641153e-22 1.61144329822412e-22 
3.75706236312336e+01 1.37310304527389e-22 1.48690885641684e-22 
3.76094563171573e+01 1.26881476323643e-22 1.37180006730683e-22 
3.76482890030811e+01 1.17265120981883e-22 1.26538023365930e-22 
3.76871216890048e+01 1.08399030288813e-22 1.16698225064582e-22 
3.77259543749286e+01 1.00226997583350e-22 1.07597644745443e-22 
3.77647870608524e+01 9.26961504936427e-23 9.91792299090917e-23 
3.78036197467761e+01 8.57587400614402e-23 9.13891176595934e-23 
3.78424524326999e+01 7.93698726317428e-23 8.41784672624782e-23 
3.78812851186236e+01 7.34890328367431e-23 7.75011526989451e-23 
3.79201178045474e+01 6.80781532017840e-23 7.13153069730389e-23 
3.79589504904711e+01 6.31029130472496e-23 6.55813700910503e-23 
3.79977831763949e+01 5.85310935567385e-23 6.02633875981776e-23 
3.80366158623186e+01 5.43336884240599e-23 5.53273614225489e-23 
3.80754485482424e+01 5.04834998945053e-23 5.07423383996974e-23 
3.81142812341662e+01 4.69560917426505e-23 4.64790195500756e-23 
3.81531139200899e+01 4.37285883568214e-23 4.25106686127102e-23 
3.81919466060137e+01 4.07804962357820e-23 3.88119422558881e-23 
3.82307792919374e+01 3.80926737186741e-23 3.53596437324386e-23 
3.82696119778612e+01 3.56480435122577e-23 3.21317424416869e-23 
3.83084446637849e+01 3.34307053246419e-23 2.91079936038096e-23 
3.83472773497087e+01 3.14265588768235e-23 2.62691206560914e-23 
3.83861100356324e+01 2.96225356055325e-23 2.35973182077617e-23 
3.84249427215562e+01 2.80071490876997e-23 2.10755751008478e-23 
3.84637754074800e+01 2.65698252425736e-23 1.86880747509149e-23 
3.85026080934037e+01 2.53013950343763e-23 1.64196404487582e-23 
3.85414407793275e+01 2.41935053160102e-23 1.42560444309482e-23 
3.85802734652512e+01 2.32390670151167e-23 1.21835602432926e-23 
3.86191061511750e+01 2.24317309957830e-23 1.01891894434575e-23 
3.86579388370987e+01 2.17663036290660e-23 8.26030867697748e-24 
3.86967715230225e+01 2.12382738668941e-23 6.38482072689113e-24 
3.87356042089462e+01 2.08442071120600e-23 4.55088644316846e-24 
3.87744368948700e+01 2.05813111506115e-23 2.74700486289808e-24 
3.88132695807938e+01 2.04478185391087e-23 1.85100942712723e-24 
