Energy(eV)           EEDF(eV^-(3/2))      Anisotropy(eV^-(3/2))
3.01211206878769e-02 5.51355418677311e-02 9.18505401434029e-04 
9.03633620636308e-02 5.51048933216351e-02 2.87585452696679e-03 
1.50605603439385e-01 5.50958936281095e-02 2.96666544410318e-03 
2.10847844815139e-01 5.50924445972873e-02 3.09606325878052e-03 
2.71090086190892e-01 5.50899943273159e-02 3.23659005525316e-03 
3.31332327566646e-01 5.50859756044220e-02 3.35223608715632e-03 
3.91574568942400e-01 5.50792710321947e-02 3.46198500656657e-03 
4.51816810318154e-01 5.50694362499051e-02 3.57001808623973e-03 
5.12059051693908e-01 5.50563950694100e-02 3.67641194200213e-03 
5.72301293069662e-01 5.50400414310658e-02 3.78042667450141e-03 
6.32543534445416e-01 5.50202464278195e-02 3.88198300311426e-03 
6.92785775821169e-01 5.49968629926716e-02 3.98089826600656e-03 
7.53028017196923e-01 5.49697631968019e-02 4.07700558612849e-03 
8.13270258572677e-01 5.49388347555398e-02 4.17022924898134e-03 
8.73512499948431e-01 5.49039546084983e-02 4.26051289555303e-03 
9.33754741324185e-01 5.48650066485674e-02 4.34796490609097e-03 
9.93996982699939e-01 5.48218795862367e-02 4.43261536024241e-03 
1.05423922407569e+00 5.47747346445413e-02 4.51449175505577e-03 
1.11448146545145e+00 5.47238914492927e-02 4.59363883794871e-03 
1.17472370682720e+00 5.46692837916398e-02 4.66990811958634e-03 
1.23496594820295e+00 5.46108151847230e-02 4.74374047301878e-03 
1.29520818957871e+00 5.45480271139583e-02 4.81524400699980e-03 
1.35545043095446e+00 5.44810260772880e-02 4.88464757299458e-03 
1.41569267233022e+00 5.44100025095616e-02 4.95192860136043e-03 
1.47593491370597e+00 5.43349041409138e-02 5.01702483269947e-03 
1.53617715508172e+00 5.42557718682900e-02 5.08010997909095e-03 
1.59641939645748e+00 5.41733772681681e-02 5.14179327164014e-03 
1.65666163783323e+00 5.40876890836983e-02 5.20185767662757e-03 
1.71690387920899e+00 5.39986823436018e-02 5.26007710774149e-03 
1.77714612058474e+00 5.39063379455368e-02 5.31627339526840e-03 
1.83738836196049e+00 5.38106421843534e-02 5.37029881385718e-03 
1.89763060333625e+00 5.37115867553360e-02 5.42213955848339e-03 
1.95787284471200e+00 5.36086055216709e-02 5.47167439976466e-03 
2.01811508608775e+00 5.35010251766758e-02 5.51869299515805e-03 
2.07835732746351e+00 5.33888319243351e-02 5.56311682645979e-03 
2.13859956883926e+00 5.32721951741085e-02 5.60480707940316e-03 
2.19884181021502e+00 5.31521987955156e-02 5.64392838539167e-03 
2.25908405159077e+00 5.30284596248063e-02 5.68028479357645e-03 
2.31932629296652e+00 5.29005600103703e-02 5.71379857045654e-03 
2.37956853434228e+00 5.27685230110977e-02 5.74453537884986e-03 
2.43981077571803e+00 5.26323751327028e-02 5.77248192109306e-03 
2.50005301709379e+00 5.24921500119420e-02 5.79743270770473e-03 
2.56029525846954e+00 5.23474611550610e-02 5.81905000616884e-03 
2.62053749984529e+00 5.21979318944654e-02 5.83720821909170e-03 
2.68077974122105e+00 5.20436228243080e-02 5.85203791610577e-03 
2.74102198259680e+00 5.18845973117524e-02 5.86371749674323e-03 
2.80126422397255e+00 5.17209210251788e-02 5.87242168423722e-03 
2.86150646534831e+00 5.15528896907245e-02 5.87832286539366e-03 
2.92174870672406e+00 5.13807829484763e-02 5.88157990335584e-03 
2.98199094809982e+00 5.12046715366144e-02 5.88234897760896e-03 
3.04223318947557e+00 5.10247147172841e-02 5.88076901297474e-03 
3.10247543085132e+00 5.08413349357120e-02 5.87695267443883e-03 
3.16271767222708e+00 5.06546047248834e-02 5.87100376000766e-03 
3.22295991360283e+00 5.04645974241691e-02 5.86299445736538e-03 
3.28320215497859e+00 5.02713884824160e-02 5.85297845315141e-03 
3.34344439635434e+00 5.00750550417057e-02 5.84102393831201e-03 
3.40368663773009e+00 4.98756751147539e-02 5.82720719786386e-03 
3.46392887910585e+00 4.96733275240945e-02 5.81159743483914e-03 
3.52417112048160e+00 4.94680920955474e-02 5.79420083899316e-03 
3.58441336185735e+00 4.92600536289599e-02 5.77499585632646e-03 
3.64465560323311e+00 4.90493518591485e-02 5.75405049513025e-03 
3.70489784460886e+00 4.88362352582162e-02 5.73148559519442e-03 
3.76514008598462e+00 4.86207866142111e-02 5.70742994104578e-03 
3.82538232736037e+00 4.84030866916220e-02 5.68200095146693e-03 
3.88562456873612e+00 4.81832142394145e-02 5.65530250106770e-03 
3.94586681011188e+00 4.79612465159189e-02 5.62742840476704e-03 
4.00610905148763e+00 4.77372590964559e-02 5.59846939487349e-03 
4.06635129286339e+00 4.75110999287529e-02 5.56852320117316e-03 
4.12659353423914e+00 4.72826949320167e-02 5.53766177648696e-03 
4.18683577561489e+00 4.70521192593615e-02 5.50594390092964e-03 
4.24707801699065e+00 4.68194470868623e-02 5.47342606636606e-03 
4.30732025836640e+00 4.65847519637838e-02 5.44016251217370e-03 
4.36756249974215e+00 4.63481063744294e-02 5.40621353866354e-03 
4.42780474111791e+00 4.61095813717814e-02 5.37164179453659e-03 
4.48804698249366e+00 4.58692464323519e-02 5.33650732355765e-03 
4.54828922386942e+00 4.56273135376171e-02 5.30085079120805e-03 
4.60853146524517e+00 4.53841789506878e-02 5.26470164118475e-03 
4.66877370662092e+00 4.51399020596942e-02 5.22813460377088e-03 
4.72901594799668e+00 4.48945402040182e-02 5.19120696577849e-03 
4.78925818937243e+00 4.46481486923242e-02 5.15397072328031e-03 
4.84950043074819e+00 4.44007810453400e-02 5.11647283698615e-03 
4.90974267212394e+00 4.41524890175474e-02 5.07875729915955e-03 
4.96998491349969e+00 4.39033226645412e-02 5.04086128834029e-03 
5.03022715487545e+00 4.36533299674769e-02 5.00281515887698e-03 
5.09046939625120e+00 4.34021116641477e-02 4.96469138303377e-03 
5.15071163762696e+00 4.31497199045551e-02 4.92649936915318e-03 
5.21095387900271e+00 4.28962050313856e-02 4.88827355222245e-03 
5.27119612037846e+00 4.26416158727318e-02 4.85004345909344e-03 
5.33143836175422e+00 4.23859997931232e-02 4.81183834431305e-03 
5.39168060312997e+00 4.21294025235098e-02 4.77368783177320e-03 
5.45192284450572e+00 4.18718681448920e-02 4.73562038320285e-03 
5.51216508588148e+00 4.16134390828553e-02 4.69766209329865e-03 
5.57240732725723e+00 4.13541562312638e-02 4.65983499732290e-03 
5.63264956863299e+00 4.10940591502533e-02 4.62215835290871e-03 
5.69289181000874e+00 4.08331860708751e-02 4.58465155987924e-03 
5.75313405138449e+00 4.05715737777311e-02 4.54733360867350e-03 
5.81337629276025e+00 4.03092576762789e-02 4.51022138859900e-03 
5.87361853413600e+00 4.00462718750683e-02 4.47333062457517e-03 
5.93386077551176e+00 3.97826491559306e-02 4.43667598885881e-03 
5.99410301688751e+00 3.95184210502162e-02 4.40027075092962e-03 
6.05434525826326e+00 3.92535386918103e-02 4.36413331894818e-03 
6.11458749963902e+00 3.89879156471632e-02 4.32827842346678e-03 
6.17482974101477e+00 3.87215829044282e-02 4.29270905364575e-03 
6.23507198239052e+00 3.84545702308386e-02 4.25743459846898e-03 
6.29531422376628e+00 3.81869062863169e-02 4.22246319677768e-03 
6.35555646514203e+00 3.79186186181211e-02 4.18780298799179e-03 
6.41579870651779e+00 3.76497336224119e-02 4.15346175556590e-03 
6.47604094789354e+00 3.73802765851086e-02 4.11944643835634e-03 
6.53628318926929e+00 3.71102717098350e-02 4.08576334025048e-03 
6.59652543064505e+00 3.68397421367093e-02 4.05241803967270e-03 
6.65676767202080e+00 3.65687099866459e-02 4.01941510047172e-03 
6.71700991339656e+00 3.62971964240388e-02 3.98675812560823e-03 
6.77725215477231e+00 3.60252217005530e-02 3.95444978575773e-03 
6.83749439614806e+00 3.57528052203187e-02 3.92249202253001e-03 
6.89773663752382e+00 3.54799655617311e-02 3.89088640595852e-03 
6.95797887889957e+00 3.52067204973636e-02 3.85963388973223e-03 
7.01822112027532e+00 3.49330870529433e-02 3.82874783094637e-03 
7.07846336165108e+00 3.46582548760598e-02 3.79827787426720e-03 
7.13870560302683e+00 3.43820506248106e-02 3.76817545288841e-03 
7.19894784440259e+00 3.41045050986881e-02 3.73842541129098e-03 
7.25919008577834e+00 3.38256481722323e-02 3.70902664495903e-03 
7.31943232715409e+00 3.35455088252842e-02 3.67997781694651e-03 
7.37967456852985e+00 3.32641151564899e-02 3.65127743088890e-03 
7.43991680990560e+00 3.29814944044602e-02 3.62292374586645e-03 
7.50015905128136e+00 3.26976729760838e-02 3.59491477406202e-03 
7.56040129265711e+00 3.24126764703554e-02 3.56724832816184e-03 
7.62064353403286e+00 3.21265297014197e-02 3.53992198728573e-03 
7.68088577540862e+00 3.18392567297931e-02 3.51293306883064e-03 
7.74112801678437e+00 3.15508808922162e-02 3.48627865199757e-03 
7.80137025816012e+00 3.12614248314355e-02 3.45995561070568e-03 
7.86161249953588e+00 3.09709105227767e-02 3.43396066567327e-03 
7.92185474091163e+00 3.06793592970276e-02 3.40829040262111e-03 
7.98209698228739e+00 3.03867918653313e-02 3.38293750711357e-03 
8.04233922366314e+00 3.00933671360200e-02 3.35787757327723e-03 
8.10258146503889e+00 2.97996441842636e-02 3.33309425022318e-03 
8.16282370641465e+00 2.95056321209890e-02 3.30862199050767e-03 
8.22306594779040e+00 2.92113396998394e-02 3.28445698461443e-03 
8.28330818916616e+00 2.89167753371610e-02 3.26059536376400e-03 
8.34355043054191e+00 2.86219471252201e-02 3.23703325931175e-03 
8.40379267191766e+00 2.83268628418024e-02 3.21376679507734e-03 
8.46403491329342e+00 2.80315299648386e-02 3.19079205368187e-03 
8.52427715466917e+00 2.77359556882940e-02 3.16810509045225e-03 
8.58451939604493e+00 2.74401469345025e-02 3.14570194663957e-03 
8.64476163742068e+00 2.71441103677710e-02 3.12357864385231e-03 
8.70500387879643e+00 2.68478524078731e-02 3.10173119098273e-03 
8.76524612017219e+00 2.65513792424752e-02 3.08015559513707e-03 
8.82548836154794e+00 2.62546968386197e-02 3.05884786994957e-03 
8.88573060292369e+00 2.59578109535501e-02 3.03780403941180e-03 
8.94597284429945e+00 2.56607271453983e-02 3.01702014111177e-03 
9.00621508567520e+00 2.53634507832953e-02 2.99649223698235e-03 
9.06645732705096e+00 2.50659870558246e-02 2.97621641789653e-03 
9.12669956842671e+00 2.47683409800345e-02 2.95618879847829e-03 
9.18694180980246e+00 2.44705174107233e-02 2.93640551756565e-03 
9.24718405117822e+00 2.41725210491830e-02 2.91686274678963e-03 
9.30742629255397e+00 2.38743564505517e-02 2.89755669837865e-03 
9.36766853392973e+00 2.35760280307089e-02 2.87848362825695e-03 
9.42791077530548e+00 2.32775400726865e-02 2.85963983239585e-03 
9.48815301668123e+00 2.29788967340028e-02 2.84102164403072e-03 
9.54839525805699e+00 2.26801020533636e-02 2.82262543793689e-03 
9.60863749943274e+00 2.23811599568161e-02 2.80444763172853e-03 
9.66887974080849e+00 2.20820742638657e-02 2.78648468430242e-03 
9.72912198218425e+00 2.17828486936484e-02 2.76873309750082e-03 
9.78936422356000e+00 2.14834868703834e-02 2.75118941940742e-03 
9.84960646493576e+00 2.11839923285113e-02 2.73385024458203e-03 
9.90984870631151e+00 2.08843685177536e-02 2.71671221202836e-03 
9.97009094768726e+00 2.05846188083564e-02 2.69977170897256e-03 
1.00303331890630e+01 2.02847546407837e-02 2.68294191076533e-03 
1.00905754304388e+01 1.99870704848190e-02 2.66616020464952e-03 
1.01508176718145e+01 1.96915406058558e-02 2.64957441022039e-03 
1.02110599131903e+01 1.93981396797019e-02 2.63318145432431e-03 
1.02713021545660e+01 1.91068427857302e-02 2.61697831392150e-03 
1.03315443959418e+01 1.88176253998589e-02 2.60096201796946e-03 
1.03917866373175e+01 1.85304633873405e-02 2.58512964640258e-03 
1.04520288786933e+01 1.82453329960261e-02 2.56947832715725e-03 
1.05122711200690e+01 1.79622108498697e-02 2.55400523590435e-03 
1.05725133614448e+01 1.76810739423054e-02 2.53870759681392e-03 
1.06327556028206e+01 1.74018996296362e-02 2.52358268100113e-03 
1.06929978441963e+01 1.71246656248082e-02 2.50862780513541e-03 
1.07532400855721e+01 1.68493499911583e-02 2.49384033181718e-03 
1.08134823269478e+01 1.65759311361567e-02 2.47921766950957e-03 
1.08737245683236e+01 1.63043878052210e-02 2.46475727156184e-03 
1.09339668096993e+01 1.60346990757243e-02 2.45045663583229e-03 
1.09942090510751e+01 1.57668443509427e-02 2.43631330493843e-03 
1.10544512924508e+01 1.55008033540579e-02 2.42232486534861e-03 
1.11146935338266e+01 1.52365561223541e-02 2.40848894591711e-03 
1.11749357752023e+01 1.49740830015901e-02 2.39480321731189e-03 
1.12351780165781e+01 1.47133646403684e-02 2.38126539166559e-03 
1.12954202579538e+01 1.44543819846303e-02 2.36787322257587e-03 
1.13556624993296e+01 1.41971162720715e-02 2.35462450526223e-03 
1.14159047407054e+01 1.39415490266498e-02 2.34151707528899e-03 
1.14761469820811e+01 1.36876620533244e-02 2.32854880712667e-03 
1.15363892234569e+01 1.34354374329219e-02 2.31568673044402e-03 
1.15966314648326e+01 1.31848571240807e-02 2.30279708866262e-03 
1.16568737062084e+01 1.29359156038904e-02 2.28965585244104e-03 
1.17171159475841e+01 1.26886374462581e-02 2.27609250163317e-03 
1.17773581889599e+01 1.24430702671718e-02 2.26206330590789e-03 
1.18376004303356e+01 1.21992601588765e-02 2.24754750423453e-03 
1.18978426717114e+01 1.19572514743135e-02 2.23248405907289e-03 
1.19580849130871e+01 1.17171002666269e-02 2.21683676466664e-03 
1.20183271544629e+01 1.14788668198268e-02 2.20062146785745e-03 
1.20785693958386e+01 1.12426209297204e-02 2.18387074091500e-03 
1.21388116372144e+01 1.10084184456004e-02 2.16661771712009e-03 
1.21990538785902e+01 1.07763083559163e-02 2.14889440581247e-03 
1.22592961199659e+01 1.05463361227591e-02 2.13073199157242e-03 
1.23195383613417e+01 1.03185437619942e-02 2.11216102456320e-03 
1.23797806027174e+01 1.00929699234359e-02 2.09321141784377e-03 
1.24400228440932e+01 9.86964997094322e-03 2.07391244556933e-03 
1.25002650854689e+01 9.64861606236363e-03 2.05429274226005e-03 
1.25605073268447e+01 9.42989722916665e-03 2.03438030303827e-03 
1.26207495682204e+01 9.21351945571857e-03 2.01420248447330e-03 
1.26809918095962e+01 8.99950575811670e-03 1.99378600630503e-03 
1.27412340509719e+01 8.78787626247836e-03 1.97315695410509e-03 
1.28014762923477e+01 8.57864828259142e-03 1.95234078263812e-03 
1.28617185337234e+01 8.37183639687348e-03 1.93136231988251e-03 
1.29219607750992e+01 8.16745252455613e-03 1.91023872445608e-03 
1.29822030164750e+01 7.96550531430248e-03 1.88896106445149e-03 
1.30424452578507e+01 7.76600253553407e-03 1.86744626029846e-03 
1.31026874992265e+01 7.56895239420527e-03 1.84556293283619e-03 
1.31629297406022e+01 7.37439115143611e-03 1.82324061259773e-03 
1.32231719819780e+01 7.18235927499396e-03 1.80048282728626e-03 
1.32834142233537e+01 6.99289766848785e-03 1.77731452981956e-03 
1.33436564647295e+01 6.80604274214549e-03 1.75376090458359e-03 
1.34038987061052e+01 6.62182859099225e-03 1.72984874478252e-03 
1.34641409474810e+01 6.44028779532468e-03 1.70561425248133e-03 
1.35243831888567e+01 6.26144817312277e-03 1.68109244259798e-03 
1.35846254302325e+01 6.08533313392216e-03 1.65631467322238e-03 
1.36448676716082e+01 5.91196439650084e-03 1.63131790585891e-03 
1.37051099129840e+01 5.74135926271730e-03 1.60614285655862e-03 
1.37653521543598e+01 5.57353077714619e-03 1.58082884594689e-03 
1.38255943957355e+01 5.40848788479201e-03 1.55540482501256e-03 
1.38858366371113e+01 5.24623407414635e-03 1.52985895256630e-03 
1.39460788784870e+01 5.08676869452163e-03 1.50414166371633e-03 
1.40063211198628e+01 4.93010225357321e-03 1.47819802971417e-03 
1.40665633612385e+01 4.77624612978839e-03 1.45199946156646e-03 
1.41268056026143e+01 4.62522527637693e-03 1.42555781951961e-03 
1.41870478439900e+01 4.47705644123667e-03 1.39889752525583e-03 
1.42472900853658e+01 4.33175627612882e-03 1.37203228119884e-03 
1.43075323267415e+01 4.18933776535604e-03 1.34497622874567e-03 
1.43677745681173e+01 4.04981557696457e-03 1.31775615181702e-03 
1.44280168094930e+01 3.91320187146674e-03 1.29041449456825e-03 
1.44882590508688e+01 3.77950488486423e-03 1.26299359163177e-03 
1.45485012922446e+01 3.64872625767190e-03 1.23551958734429e-03 
1.46087435336203e+01 3.52086388848802e-03 1.20801328124966e-03 
1.46689857749961e+01 3.39591797073442e-03 1.18050957220787e-03 
1.47292280163718e+01 3.27388356146532e-03 1.15304776481462e-03 
1.47894702577476e+01 3.15475096507332e-03 1.12566127445628e-03 
1.48497124991233e+01 3.03850809270767e-03 1.09838409595467e-03 
1.49099547404991e+01 2.92513960944883e-03 1.07125323615392e-03 
1.49701969818748e+01 2.81462669545530e-03 1.04430596513418e-03 
1.50304392232506e+01 2.70694912687852e-03 1.01760089354189e-03 
1.50906814646263e+01 2.60256883781137e-03 9.91118809394879e-04 
1.51509237060021e+01 2.50142876417694e-03 9.64936593238688e-04 
1.52111659473779e+01 2.40346964846195e-03 9.39078780965454e-04 
1.52714081887536e+01 2.30863031406068e-03 9.13567789520368e-04 
1.53316504301294e+01 2.21684792467816e-03 8.88424008693847e-04 
1.53918926715051e+01 2.12805822912570e-03 8.63665892306359e-04 
1.54521349128809e+01 2.04219579186469e-03 8.39310048533439e-04 
1.55123771542566e+01 1.95919420967811e-03 8.15371329148101e-04 
1.55726193956324e+01 1.87898631486423e-03 7.91862917484721e-04 
1.56328616370081e+01 1.80150436536308e-03 7.68796414939260e-04 
1.56931038783839e+01 1.72668022223763e-03 7.46181925847765e-04 
1.57533461197596e+01 1.65444551494089e-03 7.24027306950717e-04 
1.58135883611354e+01 1.58472131616913e-03 7.02161767436422e-04 
1.58738306025111e+01 1.51745877310384e-03 6.80600544759308e-04 
1.59340728438869e+01 1.45258932496662e-03 6.59370969615258e-04 
1.59943150852627e+01 1.39007638560480e-03 6.38485906653217e-04 
1.60545573266384e+01 1.32985169392829e-03 6.17977169605489e-04 
1.61147995680142e+01 1.27187597523944e-03 5.97862043313577e-04 
1.61750418093899e+01 1.21607662334561e-03 5.78160511387672e-04 
1.62352840507657e+01 1.16240904727700e-03 5.58875181118999e-04 
1.62955262921414e+01 1.11080134911983e-03 5.40018829217600e-04 
1.63557685335172e+01 1.06120775048143e-03 5.21590666644796e-04 
1.64160107748929e+01 1.01355774457917e-03 5.03600664444373e-04 
1.64762530162687e+01 9.67804945427704e-04 4.86044081642605e-04 
1.65364952576444e+01 9.23880060196477e-04 4.68912632893342e-04 
1.65967374990202e+01 8.81731984890634e-04 4.52181833988533e-04 
1.66569797403959e+01 8.41298902921011e-04 4.35845938036366e-04 
1.67172219817717e+01 8.02539744333748e-04 4.19905414725842e-04 
1.67774642231475e+01 7.65393709926687e-04 4.04365482290542e-04 
1.68377064645232e+01 7.29819894916721e-04 3.89223464865884e-04 
1.68979487058990e+01 6.95759096998103e-04 3.74482786581874e-04 
1.69581909472747e+01 6.63170912671633e-04 3.60138385734360e-04 
1.70184331886505e+01 6.31998156038632e-04 3.46179209934633e-04 
1.70786754300262e+01 6.02107332936298e-04 3.32612022333969e-04 
1.71389176714020e+01 5.73430215390343e-04 3.19426089003754e-04 
1.71991599127777e+01 5.45938300257091e-04 3.06614115322346e-04 
1.72594021541535e+01 5.19588059956609e-04 2.94177553033303e-04 
1.73196443955292e+01 4.94351007437781e-04 2.82111302164626e-04 
1.73798866369050e+01 4.70184779948974e-04 2.70415452110977e-04 
1.74401288782807e+01 4.47061142836256e-04 2.59083494432703e-04 
1.75003711196565e+01 4.24939138058950e-04 2.48114289362799e-04 
1.75606133610322e+01 4.03790993117480e-04 2.37500233238592e-04 
1.76208556024080e+01 3.83577336743497e-04 2.27239102655298e-04 
1.76810978437838e+01 3.64271040171910e-04 2.17322460404530e-04 
1.77413400851595e+01 3.45834452888103e-04 2.07747147505642e-04 
1.78015823265353e+01 3.28241243329762e-04 1.98504113788490e-04 
1.78618245679110e+01 3.11455575429749e-04 1.89589409089015e-04 
1.79220668092868e+01 2.95452041300773e-04 1.80993556951572e-04 
1.79823090506625e+01 2.80196679168824e-04 1.72713436493897e-04 
1.80425512920383e+01 2.65665950652082e-04 1.64746875717993e-04 
1.81027935334140e+01 2.51830381977792e-04 1.57097500839431e-04 
1.81630357747898e+01 2.38664334508902e-04 1.49758568322423e-04 
1.82232780161655e+01 2.26135546901158e-04 1.42722130334216e-04 
1.82835202575413e+01 2.14220023971125e-04 1.35976164019488e-04 
1.83437624989171e+01 2.02887834897143e-04 1.29512884281108e-04 
1.84040047402928e+01 1.92116577204264e-04 1.23320757767878e-04 
1.84642469816686e+01 1.81878541906718e-04 1.17392200050668e-04 
1.85244892230443e+01 1.72152862832375e-04 1.11716195079433e-04 
1.85847314644201e+01 1.62913940646699e-04 1.06285390612105e-04 
1.86449737057958e+01 1.54142384629650e-04 1.01089305393043e-04 
1.87052159471716e+01 1.45814591262669e-04 9.61208447213957e-05 
1.87654581885473e+01 1.37912581124797e-04 9.13700710250860e-05 
1.88257004299231e+01 1.30414632548516e-04 8.68301667276321e-05 
1.88859426712988e+01 1.23304111004806e-04 8.24917396578801e-05 
1.89461849126746e+01 1.16561063829040e-04 7.83482636197288e-05 
1.90064271540503e+01 1.10170133670843e-04 7.43923830832709e-05 
1.90666693954261e+01 1.04113959511658e-04 7.06208053005032e-05 
1.91269116368019e+01 9.83784529212598e-05 6.70274238110664e-05 
1.91871538781776e+01 9.29460979070424e-05 6.36063869989731e-05 
1.92473961195534e+01 8.78032016416453e-05 6.03490783848543e-05 
1.93076383609291e+01 8.29338614414567e-05 5.72491663893392e-05 
1.93678806023049e+01 7.83256072715608e-05 5.42987096800317e-05 
1.94281228436806e+01 7.39640161603048e-05 5.14918426885039e-05 
1.94883650850564e+01 6.98377443263396e-05 4.88212561575564e-05 
1.95486073264321e+01 6.59337241744640e-05 4.62815237135373e-05 
1.96088495678079e+01 6.22416478729368e-05 4.38659264102840e-05 
1.96690918091836e+01 5.87496877484813e-05 4.15694507778273e-05 
1.97293340505594e+01 5.54484876337871e-05 3.93859279115704e-05 
1.97895762919351e+01 5.23273527985751e-05 3.73107315943098e-05 
1.98498185333109e+01 4.93778002423512e-05 3.53382043223804e-05 
1.99100607746867e+01 4.65901692538775e-05 3.34640822168594e-05 
1.99703030160624e+01 4.39567770468543e-05 3.16831859751033e-05 
2.00305452574382e+01 4.14688976417435e-05 2.99920972314647e-05 
2.00907874988139e+01 3.91185137317674e-05 2.83875922305666e-05 
2.01510297401897e+01 3.68976799030090e-05 2.68662872027207e-05 
2.02112719815654e+01 3.48000399474374e-05 2.54236196916403e-05 
2.02715142229412e+01 3.28184526873365e-05 2.40560839808289e-05 
2.03317564643169e+01 3.09471916240985e-05 2.27595439867437e-05 
2.03919987056927e+01 2.91798420116966e-05 2.15308105824012e-05 
2.04522409470684e+01 2.75112478804482e-05 2.03661366242869e-05 
2.05124831884442e+01 2.59356502121924e-05 1.92626231041325e-05 
2.05727254298199e+01 2.44484095730619e-05 1.82168773768699e-05 
2.06329676711957e+01 2.30443584744842e-05 1.72262660342934e-05 
2.06932099125715e+01 2.17193248046265e-05 1.62877192744377e-05 
2.07534521539472e+01 2.04686743602418e-05 1.53988466083956e-05 
2.08136943953230e+01 1.92886575356863e-05 1.45568720129385e-05 
2.08739366366987e+01 1.81751206124820e-05 1.37596269642355e-05 
2.09341788780745e+01 1.71246957174760e-05 1.30046025589233e-05 
2.09944211194502e+01 1.61336617886598e-05 1.22898641297940e-05 
2.10546633608260e+01 1.51990175563833e-05 1.16132259519717e-05 
2.11149056022017e+01 1.43174512066749e-05 1.09729789736073e-05 
2.11751478435775e+01 1.34862273256158e-05 1.03670935729173e-05 
2.12353900849532e+01 1.27023440188291e-05 9.79393141938233e-06 
2.12956323263290e+01 1.19633515377011e-05 9.25162356364618e-06 
2.13558745677047e+01 1.12665674777644e-05 8.73869078954159e-06 
2.14161168090805e+01 1.06097989715598e-05 8.25345066304457e-06 
2.14763590504563e+01 9.99065013696390e-06 7.79456829964401e-06 
2.15366012918320e+01 9.40715898626744e-06 7.36052983967026e-06 
2.15968435332078e+01 8.85718647636094e-06 6.95013123045102e-06 
2.16570857745835e+01 8.33897802741032e-06 6.56201088037145e-06 
2.17173280159593e+01 7.85062472490006e-06 6.19508324980543e-06 
2.17775702573350e+01 7.39055822260658e-06 5.84812420426180e-06 
2.18378124987108e+01 6.95707571351604e-06 5.52015548436586e-06 
2.18980547400865e+01 6.54877599617332e-06 5.21007696845492e-06 
2.19582969814623e+01 6.16414078122165e-06 4.91700744203088e-06 
2.20185392228380e+01 5.80191881463521e-06 4.64003901787238e-06 
2.20787814642138e+01 5.46081603037553e-06 4.37848999831489e-06 
2.21390237055895e+01 5.13970275419575e-06 4.13154436451488e-06 
2.21992659469653e+01 4.83734511181183e-06 3.89847184657001e-06 
2.22595081883411e+01 4.55272122214588e-06 3.67844133960483e-06 
2.23197504297168e+01 4.28473613321631e-06 3.47078280685833e-06 
2.23799926710926e+01 4.03248162000243e-06 3.27475488330686e-06 
2.24402349124683e+01 3.79498614813176e-06 3.08975866697690e-06 
2.25004771538441e+01 3.57144265029712e-06 2.91513293650527e-06 
2.25607193952198e+01 3.36098921812878e-06 2.75034247675149e-06 
2.26209616365956e+01 3.16290879955392e-06 2.59479762781949e-06 
2.26812038779713e+01 2.97643684666938e-06 2.44802017900279e-06 
2.27414461193471e+01 2.80093639146784e-06 2.30948435792451e-06 
2.28016883607228e+01 2.63572934017702e-06 2.17876296457748e-06 
2.28619306020986e+01 2.48024995952675e-06 2.05538725351536e-06 
2.29221728434743e+01 2.33389691387963e-06 1.93897566094513e-06 
2.29824150848501e+01 2.19616782130001e-06 1.82911083650350e-06 
2.30426573262259e+01 2.06652986839647e-06 1.72545438117794e-06 
2.31028995676016e+01 1.94453822004523e-06 1.62763614985283e-06 
2.31631418089774e+01 1.82971946032771e-06 1.53535289140395e-06 
2.32233840503531e+01 1.72167699920259e-06 1.44827186637952e-06 
2.32836262917289e+01 1.61999125738142e-06 1.36612075016059e-06 
2.33438685331046e+01 1.52431030016765e-06 1.28860313340984e-06 
2.34041107744804e+01 1.43426230423710e-06 1.21547602867973e-06 
2.34643530158561e+01 1.34953500568708e-06 1.14647541633037e-06 
2.35245952572319e+01 1.26979893826446e-06 1.08138451406018e-06 
2.35848374986076e+01 1.19477707550711e-06 1.01996817473806e-06 
2.36450797399834e+01 1.12417751541915e-06 9.62033018914446e-07 
2.37053219813591e+01 1.05775452667388e-06 9.07369632966215e-07 
2.37655642227349e+01 9.95249517425846e-07 8.55805533555226e-07 
2.38258064641107e+01 9.36444546542920e-07 8.07154239523696e-07 
2.38860487054864e+01 8.81110556964640e-07 7.61261921725295e-07 
2.39462909468622e+01 8.29054282279716e-07 7.17962532285072e-07 
2.40065331882379e+01 7.80072850238727e-07 6.77120840408411e-07 
2.40667754296137e+01 7.33996435660291e-07 6.38592197113275e-07 
2.41270176709894e+01 6.90645722597518e-07 6.02256831100864e-07 
2.41872599123652e+01 6.49867910767623e-07 5.67983130419887e-07 
2.42475021537409e+01 6.11503156264404e-07 5.35661031483061e-07 
2.43077443951167e+01 5.75416116050299e-07 5.05172388434243e-07 
2.43679866364924e+01 5.41465370288681e-07 4.76419192813676e-07 
2.44282288778682e+01 5.09531050166663e-07 4.49296391175439e-07 
2.44884711192439e+01 4.79488045002954e-07 4.23716711118112e-07 
2.45487133606197e+01 4.51230201861080e-07 3.99586739740159e-07 
2.46089556019955e+01 4.24646846805220e-07 3.76828764532460e-07 
2.46691978433712e+01 3.99643983870840e-07 3.55359721193719e-07 
2.47294400847470e+01 3.76123718331178e-07 3.35110408429341e-07 
2.47896823261227e+01 3.54002829320290e-07 3.16006960919672e-07 
2.48499245674985e+01 3.33194734164723e-07 2.97987753616961e-07 
2.49101668088742e+01 3.13625762347871e-07 2.80987097211269e-07 
2.49704090502500e+01 2.95219344766444e-07 2.64950066269399e-07 
2.50306512916257e+01 2.77910055241719e-07 2.49813779315685e-07 
2.50908935330015e+01 2.61606773076434e-07 2.35541092473278e-07 
2.51511357743772e+01 2.46254355303829e-07 2.22075344222902e-07 
2.52113780157530e+01 2.31795200429496e-07 2.09373852552848e-07 
2.52716202571287e+01 2.18180263420119e-07 1.97391253760512e-07 
2.53318624985045e+01 2.05358373438314e-07 1.86089446707863e-07 
2.53921047398803e+01 1.93285916449928e-07 1.75427994052182e-07 
2.54523469812560e+01 1.81917441182964e-07 1.65372889538222e-07 
2.55125892226318e+01 1.71214169785947e-07 1.55888092321258e-07 
2.55728314640075e+01 1.61135737339894e-07 1.46943255853200e-07 
2.56330737053833e+01 1.51647671787427e-07 1.38506262244682e-07 
2.56933159467590e+01 1.42714130798261e-07 1.30550035060291e-07 
2.57535581881348e+01 1.34304475266605e-07 1.23045956225145e-07 
2.58138004295105e+01 1.26386883605712e-07 1.15969870697746e-07 
2.58740426708863e+01 1.18934128207825e-07 1.09296282174084e-07 
2.59342849122620e+01 1.11917961581894e-07 1.03003644934416e-07 
2.59945271536378e+01 1.05314192046262e-07 9.70695713320413e-08 
2.60547693950135e+01 9.90980186323865e-08 9.14756047592682e-08 
2.61150116363893e+01 9.32482225260581e-08 8.62021465464396e-08 
2.61752538777651e+01 8.77423439289711e-08 8.12322489221322e-08 
2.62354961191408e+01 8.25611061271161e-08 7.65476255746385e-08 
2.62957383605166e+01 7.76846073599021e-08 7.21327793846908e-08 
2.63559806018923e+01 7.30957504708174e-08 6.79714596428648e-08 
2.64162228432681e+01 6.87769014398298e-08 6.40498789236843e-08 
2.64764650846438e+01 6.47128973665089e-08 6.03535963891401e-08 
2.65367073260196e+01 6.08881144853991e-08 5.68703466734829e-08 
2.65969495673953e+01 5.72891063123485e-08 5.35872980043265e-08 
2.66571918087711e+01 5.39020309696009e-08 5.04935399099330e-08 
2.67174340501468e+01 5.07149649552870e-08 4.75776710634710e-08 
2.67776762915226e+01 4.77156457529512e-08 4.48299869726508e-08 
2.68379185328983e+01 4.48935010966945e-08 4.22403578821586e-08 
2.68981607742741e+01 4.22376682341840e-08 3.98001526368197e-08 
2.69584030156499e+01 3.97387736593979e-08 3.75003717519721e-08 
2.70186452570256e+01 3.73871951313448e-08 3.53333392733582e-08 
2.70788874984014e+01 3.51746225482061e-08 3.32910603243860e-08 
2.71391297397771e+01 3.30925329771328e-08 3.13667089456394e-08 
2.71993719811529e+01 3.11335595737246e-08 2.95531831214956e-08 
2.72596142225286e+01 2.92901535224688e-08 2.78444132056037e-08 
2.73198564639044e+01 2.75557845989805e-08 2.62340906775110e-08 
2.73800987052801e+01 2.59237671183610e-08 2.47168187920557e-08 
2.74403409466559e+01 2.43883128374299e-08 2.32869941739295e-08 
2.75005831880316e+01 2.29435008142069e-08 2.19398187185129e-08 
2.75608254294074e+01 2.15842008035925e-08 2.06703156454559e-08 
2.76210676707831e+01 2.03051693933549e-08 1.94742193834665e-08 
2.76813099121589e+01 1.91018598155143e-08 1.83471099146091e-08 
2.77415521535347e+01 1.79696288847670e-08 1.72851953574300e-08 
2.78017943949104e+01 1.69044471907936e-08 1.62845503782254e-08 
2.78620366362862e+01 1.59022032609445e-08 1.53418044123187e-08 
2.79222788776619e+01 1.49593263821255e-08 1.44534716290858e-08 
2.79825211190377e+01 1.40721760732228e-08 1.36165504658553e-08 
2.80427633604134e+01 1.32375833755207e-08 1.28279203554862e-08 
2.81030056017892e+01 1.24523091901596e-08 1.20848967078455e-08 
2.81632478431649e+01 1.17135571337936e-08 1.13847199110244e-08 
2.82234900845407e+01 1.10184796456071e-08 1.07250322704072e-08 
2.82837323259164e+01 1.03645983082335e-08 1.01034014599818e-08 
2.83439745672922e+01 9.74939132951621e-09 9.51773127721272e-09 
2.84042168086679e+01 9.17066227477237e-09 8.96586115132856e-09 
2.84644590500437e+01 8.62617800092392e-09 8.44592750520114e-09 
2.85247012914195e+01 8.11399212513216e-09 7.95601127475562e-09 
2.85849435327952e+01 7.63212724652588e-09 7.49445580864806e-09 
2.86451857741710e+01 7.17885870212839e-09 7.05955665098123e-09 
2.87054280155467e+01 6.75243566344366e-09 6.64984119818269e-09 
2.87656702569225e+01 6.35133005110393e-09 6.26379568485998e-09 
2.88259124982982e+01 5.97399175396087e-09 5.90011119104055e-09 
2.88861547396740e+01 5.61906697746341e-09 5.55744337619389e-09 
2.89463969810497e+01 5.28518341282792e-09 5.23462887882676e-09 
2.90066392224255e+01 4.97114177066777e-09 4.93047387685003e-09 
2.90668814638012e+01 4.67572723704157e-09 4.64394443635034e-09 
2.91271237051770e+01 4.39787748440094e-09 4.37398044584361e-09 
2.91873659465527e+01 4.13651719845372e-09 4.11966304400373e-09 
2.92476081879285e+01 3.89070545525795e-09 3.88005088865104e-09 
2.93078504293043e+01 3.65949049544003e-09 3.65432741734540e-09 
2.93680926706800e+01 3.44203900237836e-09 3.44165677588218e-09 
2.94283349120558e+01 3.23750864502214e-09 3.24131333482416e-09 
2.94885771534315e+01 3.04516148155109e-09 3.05255492271744e-09 
2.95488193948073e+01 2.86425209467837e-09 2.87473673044950e-09 
2.96090616361830e+01 2.69412707265285e-09 2.70719977654683e-09 
2.96693038775588e+01 2.53412682662097e-09 2.54937107495490e-09 
2.97295461189345e+01 2.38367286170929e-09 2.40066550821308e-09 
2.97897883603103e+01 2.24218159926242e-09 2.26057390867470e-09 
2.98500306016860e+01 2.10914094092846e-09 2.12857673410222e-09 
2.99102728430618e+01 1.98403462333426e-09 2.00422151380013e-09 
2.99705150844375e+01 1.86640939401392e-09 1.88704677761235e-09 
3.00307573258133e+01 1.75580749284171e-09 1.77663918395917e-09 
3.00909995671891e+01 1.65172975307662e-09 1.67266206719837e-09 
3.01512418085648e+01 1.55378107111916e-09 1.57474119621406e-09 
3.02114840499406e+01 1.46161430476925e-09 1.48251333501088e-09 
3.02717262913163e+01 1.37487915250432e-09 1.39566135073626e-09 
3.03319685326921e+01 1.29326763571002e-09 1.31386268325526e-09 
3.03922107740678e+01 1.21646920317449e-09 1.23683550199570e-09 
3.04524530154436e+01 1.14421064928942e-09 1.16429339434480e-09 
3.05126952568193e+01 1.07621668770496e-09 1.09598592849653e-09 
3.05729374981951e+01 1.01224498421105e-09 1.03165881209969e-09 
3.06331797395708e+01 9.52051535084211e-10 9.71089537183910e-10 
3.06934219809466e+01 8.95421410800174e-10 9.14052350377099e-10 
3.07536642223223e+01 8.42138355122989e-10 8.60349574492886e-10 
3.08139064636981e+01 7.92011763256917e-10 8.09780810754111e-10 
3.08741487050739e+01 7.44849988514236e-10 7.62170459930274e-10 
3.09343909464496e+01 7.00484014775334e-10 7.17340646639712e-10 
3.09946331878254e+01 6.58744019798174e-10 6.75135399855271e-10 
3.10548754292011e+01 6.19480145854403e-10 6.35396850646318e-10 
3.11151176705769e+01 5.82541923443442e-10 5.97986476388851e-10 
3.11753599119526e+01 5.47796494772266e-10 5.62764177247628e-10 
3.12356021533284e+01 5.15110549718640e-10 5.29606939622416e-10 
3.12958443947041e+01 4.84366313599244e-10 4.98390444140092e-10 
3.13560866360799e+01 4.55445689488601e-10 4.69005460939864e-10 
3.14163288774556e+01 4.28244283750114e-10 4.41341683719333e-10 
3.14765711188314e+01 4.02657485962429e-10 4.15302131702520e-10 
3.15368133602071e+01 3.78592772334027e-10 3.90788941044679e-10 
3.15970556015829e+01 3.55957487135095e-10 3.67716015116706e-10 
3.16572978429587e+01 3.34669634818883e-10 3.45996536921131e-10 
3.17175400843344e+01 3.14647155548155e-10 3.25554080118317e-10 
3.17777823257102e+01 2.95817391113539e-10 3.06311634569177e-10 
3.18380245670859e+01 2.78107672357353e-10 2.88201364841504e-10 
3.18982668084617e+01 2.61453621378152e-10 2.71154966038900e-10 
3.19585090498374e+01 2.45790890811497e-10 2.55112233936058e-10 
3.20187512912132e+01 2.31062444960731e-10 2.40012590288280e-10 
3.20789935325889e+01 2.17211310363766e-10 2.25802608879741e-10 
3.21392357739647e+01 2.04186961058680e-10 2.12428568894146e-10 
3.21994780153404e+01 1.91938956972906e-10 1.99843063693135e-10 
3.22597202567162e+01 1.80422543224796e-10 1.87998457883400e-10 
3.23199624980919e+01 1.69593067902625e-10 1.76852690283157e-10 
3.23802047394677e+01 1.59410891861858e-10 1.66363525325276e-10 
3.24404469808435e+01 1.49836490667339e-10 1.56493648165976e-10 
3.25006892222192e+01 1.40834759543732e-10 1.47205614261691e-10 
3.25609314635950e+01 1.32370715856236e-10 1.38466322701425e-10 
3.26211737049707e+01 1.24413273509283e-10 1.30242579405174e-10 
3.26814159463465e+01 1.16931472533385e-10 1.22505024323542e-10 
3.27416581877222e+01 1.09897788129450e-10 1.15224233917566e-10 
3.28019004290980e+01 1.03284822882741e-10 1.08374168693239e-10 
3.28621426704737e+01 9.70682076633017e-11 1.01928749604667e-10 
3.29223849118495e+01 9.12236998526450e-11 9.58648843249502e-11 
3.29826271532252e+01 8.57297262994952e-11 9.01594601144843e-11 
3.30428693946010e+01 8.05648378527623e-11 8.47920001393147e-11 
3.31031116359767e+01 7.57099384173099e-11 7.97420222941350e-11 
3.31633538773525e+01 7.11460521540674e-11 7.49913706470753e-11 
3.32235961187283e+01 6.68562772784354e-11 7.05218958169904e-11 
3.32838383601040e+01 6.28238276170324e-11 6.63175011460480e-11 
3.33440806014798e+01 5.90337450499795e-11 6.23621056040350e-11 
3.34043228428555e+01 5.54711817934285e-11 5.86414394759511e-11 
3.34645650842313e+01 5.21229012257611e-11 5.51412554908641e-11 
3.35248073256070e+01 4.89757713745241e-11 5.18489045809577e-11 
3.35850495669828e+01 4.60180802147656e-11 4.87517650870462e-11 
3.36452918083585e+01 4.32382144475609e-11 4.58386254272495e-11 
3.37055340497343e+01 4.06258121541830e-11 4.30983048843642e-11 
3.37657762911100e+01 3.81706041218963e-11 4.05208667556453e-11 
3.38260185324858e+01 3.58634239257397e-11 3.80964074388796e-11 
3.38862607738615e+01 3.36951918392121e-11 3.58161207633484e-11 
3.39465030152373e+01 3.16577999483157e-11 3.36712349153353e-11 
3.40067452566131e+01 2.97432211271297e-11 3.16541988805715e-11 
3.40669874979888e+01 2.79445155620198e-11 2.97575783686092e-11 
3.41272297393646e+01 2.62546568308670e-11 2.79747394342246e-11 
3.41874719807403e+01 2.46672025009504e-11 2.62988115673226e-11 
3.42477142221161e+01 2.31757926465223e-11 2.47235402022911e-11 
3.43079564634918e+01 2.17747422981598e-11 2.32427168659212e-11 
3.43681987048676e+01 2.04584415977684e-11 2.18508159332475e-11 
3.44284409462433e+01 1.92218738731416e-11 2.05423550384454e-11 
3.44886831876191e+01 1.80600907398350e-11 1.93124524608527e-11 
3.45489254289948e+01 1.69686651621322e-11 1.81562669097577e-11 
3.46091676703706e+01 1.59432321119202e-11 1.70694854646546e-11 
3.46694099117463e+01 1.49798847955362e-11 1.60478328516065e-11 
3.47296521531221e+01 1.40747726598298e-11 1.50874986173445e-11 
3.47898943944979e+01 1.32244479322238e-11 1.41847072489779e-11 
3.48501366358736e+01 1.24255137954786e-11 1.33360921736633e-11 
3.49103788772494e+01 1.16749274867488e-11 1.25383191528945e-11 
3.49706211186251e+01 1.09696923639724e-11 1.17884132339960e-11 
3.50308633600009e+01 1.03071225481216e-11 1.10833907130507e-11 
3.50911056013766e+01 9.68453874362512e-12 1.04205954124209e-11 
3.51513478427524e+01 9.09958141449979e-12 9.79740108507453e-12 
3.52115900841281e+01 8.54992742067268e-12 9.21149935431721e-12 
3.52718323255039e+01 8.03349304179433e-12 8.66060550219439e-12 
3.53320745668796e+01 7.54822754419838e-12 8.14267834359658e-12 
3.53923168082554e+01 7.09229079835597e-12 7.65569854910065e-12 
3.54525590496311e+01 6.66387254180187e-12 7.19786121448915e-12 
3.55128012910069e+01 6.26134777374032e-12 6.76738157719216e-12 
3.55730435323827e+01 5.88311851062253e-12 6.36266367692948e-12 
3.56332857737584e+01 5.52774974197228e-12 5.98213007507576e-12 
3.56935280151342e+01 5.19383087524255e-12 5.62436957919331e-12 
3.57537702565099e+01 4.88009468767590e-12 5.28798799503381e-12 
3.58140124978857e+01 4.58529600699815e-12 4.97173751755081e-12 
3.58742547392614e+01 4.30831578874873e-12 4.67438591342987e-12 
3.59344969806372e+01 4.04805488555087e-12 4.39482985715557e-12 
3.59947392220129e+01 3.80352511232160e-12 4.13198026442081e-12 
3.60549814633887e+01 3.57375622477002e-12 3.88486156821645e-12 
3.61152237047644e+01 3.35787560140045e-12 3.65251120590788e-12 
3.61754659461402e+01 3.15502678632310e-12 3.43406658205118e-12 
3.62357081875159e+01 2.96443921278246e-12 3.22867695930462e-12 
3.62959504288917e+01 2.78535687050881e-12 3.03557963736692e-12 
3.63561926702675e+01 2.61709931695036e-12 2.85402271457708e-12 
3.64164349116432e+01 2.45899920891486e-12 2.68333182213034e-12 
3.64766771530190e+01 2.31045569153747e-12 2.52284241303436e-12 
3.65369193943947e+01 2.17087969106410e-12 2.37195822421706e-12 
3.65971616357705e+01 2.03974063503210e-12 2.23009191577324e-12 
3.66574038771462e+01 1.91651854053569e-12 2.09671628778409e-12 
3.67176461185220e+01 1.80074489967122e-12 1.97131223844778e-12 
3.67778883598977e+01 1.69196071795183e-12 1.85341363478757e-12 
3.68381306012735e+01 1.58975229462190e-12 1.74256168585980e-12 
3.68983728426492e+01 1.49371447119918e-12 1.63834425477507e-12 
3.69586150840250e+01 1.40348194491278e-12 1.54035585496942e-12 
3.70188573254007e+01 1.31869707952259e-12 1.44823209312020e-12 
3.70790995667765e+01 1.23903731023752e-12 1.36161459440355e-12 
3.71393418081523e+01 1.16418694963642e-12 1.28018118022153e-12 
3.71995840495280e+01 1.09386117254018e-12 1.20361511418017e-12 
3.72598262909038e+01 1.02778132047143e-12 1.13163154352918e-12 
3.73200685322795e+01 9.65695893829400e-13 1.06395053277675e-12 
3.73803107736553e+01 9.07358920134746e-13 1.00032023207192e-12 
3.74405530150310e+01 8.52548327389096e-13 9.40493231247733e-13 
3.75007952564068e+01 8.01046995455275e-13 8.84246860857682e-13 
3.75610374977825e+01 7.52658837715386e-13 8.31362457160777e-13 
3.76212797391583e+01 7.07192202297610e-13 7.81643151165786e-13 
3.76815219805340e+01 6.64473948235827e-13 7.34895685650766e-13 
3.77417642219098e+01 6.24334904713707e-13 6.90946003467137e-13 
3.78020064632856e+01 5.86622192141269e-13 6.49623302007764e-13 
3.78622487046613e+01 5.51186483881539e-13 6.10773693402900e-13 
3.79224909460371e+01 5.17892791352560e-13 5.74246220690504e-13 
3.79827331874128e+01 4.86609304475928e-13 5.39904828714706e-13 
3.80429754287886e+01 4.57216832524839e-13 5.07616100288887e-13 
3.81032176701643e+01 4.29599027351183e-13 4.77259746987490e-13 
3.81634599115401e+01 4.03650647740086e-13 4.48717853421210e-13 
3.82237021529158e+01 3.79268993826350e-13 4.21884071172393e-13 
3.82839443942916e+01 3.56361141754019e-13 3.96654185443428e-13 
3.83441866356673e+01 3.34836439015638e-13 3.72934172664890e-13 
3.84044288770431e+01 3.14612837876176e-13 3.50631926690539e-13 
3.84646711184188e+01 2.95610320037623e-13 3.29664320711308e-13 
3.85249133597946e+01 2.77756441241105e-13 3.09949950250040e-13 
3.85851556011703e+01 2.60980570005668e-13 2.91415322582164e-13 
3.86453978425461e+01 2.45218741784048e-13 2.73988491384673e-13 
3.87056400839219e+01 2.30408610837287e-13 2.57604481600756e-13 
3.87658823252976e+01 2.16493700036403e-13 2.42199706024682e-13 
3.88261245666734e+01 2.03418977467196e-13 2.27716720174354e-13 
3.88863668080491e+01 1.91134577222654e-13 2.14099324615885e-13 
3.89466090494249e+01 1.79591923306655e-13 2.01296732695577e-13 
3.90068512908006e+01 1.68746987357926e-13 1.89259274261606e-13 
3.90670935321764e+01 1.58556892031285e-13 1.77942048846434e-13 
3.91273357735521e+01 1.48982763365298e-13 1.67301156833577e-13 
3.91875780149279e+01 1.39986754235167e-13 1.57296901693347e-13 
3.92478202563036e+01 1.31534541875764e-13 1.47890483751362e-13 
3.93080624976794e+01 1.23592719369948e-13 1.39046807206702e-13 
3.93683047390551e+01 1.16130982537804e-13 1.30731579643978e-13 
3.94285469804309e+01 1.09119843878128e-13 1.22913772665093e-13 
3.94887892218067e+01 1.02532547520976e-13 1.15563077287128e-13 
3.95490314631824e+01 9.63430656922630e-14 1.08652060975812e-13 
3.96092737045582e+01 9.05277756016433e-14 1.02153935208842e-13 
3.96695159459339e+01 8.50637034503414e-14 9.60444464047629e-14 
3.97297581873097e+01 7.99299929038813e-14 9.02999173122318e-14 
3.97900004286854e+01 7.51063659987141e-14 8.48989046893703e-14 
3.98502426700612e+01 7.05744091540390e-14 7.98204808973098e-14 
3.99104849114369e+01 6.63162241299374e-14 7.50456871208881e-14 
3.99707271528127e+01 6.23155542986153e-14 7.05560349720095e-14 
4.00309693941884e+01 5.85566109642432e-14 6.63353802155461e-14 
4.00912116355642e+01 5.50256210448235e-14 6.23677637076546e-14 
4.01514538769399e+01 5.17084808214219e-14 5.86387774946193e-14 
4.02116961183157e+01 4.85923783568194e-14 5.51337539878481e-14 
4.02719383596915e+01 4.56648841125216e-14 5.18394052152208e-14 
4.03321806010672e+01 4.29147037914457e-14 4.87427915255957e-14 
4.03924228424430e+01 4.03308824507013e-14 4.58321867101394e-14 
4.04526650838187e+01 3.79034629143125e-14 4.30961745868509e-14 
4.05129073251945e+01 3.56227891431392e-14 4.05244063635182e-14 
4.05731495665702e+01 3.34800821224828e-14 3.81068091592555e-14 
4.06333918079460e+01 3.14668300460183e-14 3.58342491027878e-14 
4.06936340493217e+01 2.95752920747270e-14 3.36978378462819e-14 
4.07538762906975e+01 2.77979644596456e-14 3.16895131940811e-14 
4.08141185320732e+01 2.61280212522393e-14 2.98014314105978e-14 
4.08743607734490e+01 2.45588468601287e-14 2.80264756909670e-14 
4.09346030148247e+01 2.30844216401807e-14 2.63577235913684e-14 
4.09948452562005e+01 2.16989125774293e-14 2.47888923569995e-14 
4.10550874975763e+01 2.03970106894011e-14 2.33138721377240e-14 
4.11153297389520e+01 1.91735725632421e-14 2.19271160564551e-14 
4.11755719803278e+01 1.80239156244483e-14 2.06232310397872e-14 
4.12358142217035e+01 1.69435041799704e-14 1.93973195205181e-14 
4.12960564630793e+01 1.59282078403168e-14 1.82446207331074e-14 
4.13562987044550e+01 1.49740265139078e-14 1.71608100795253e-14 
4.14165409458308e+01 1.40773166042725e-14 1.61416846315044e-14 
4.14767831872065e+01 1.32345500977892e-14 1.51834254333455e-14 
4.15370254285823e+01 1.24425125750543e-14 1.42823217331545e-14 
4.15972676699580e+01 1.16980921431366e-14 1.34350008358571e-14 
4.16575099113338e+01 1.09984527913697e-14 1.26381862680418e-14 
4.17177521527096e+01 1.03408494515069e-14 1.18888992171815e-14 
4.17779943940853e+01 9.72277978378377e-15 1.11842464316646e-14 
4.18382366354611e+01 9.14182211359881e-15 1.05215967775789e-14 
4.18984788768368e+01 8.59576834551217e-15 9.89839519776338e-15 
4.19587211182126e+01 8.08248193178158e-15 9.31231747629193e-15 
4.20189633595883e+01 7.60001427285671e-15 8.76110703732063e-15 
4.20792056009641e+01 7.14648022866970e-15 8.24271062160756e-15 
4.21394478423398e+01 6.72016006792027e-15 7.75513510577106e-15 
4.21996900837156e+01 6.31939034391669e-15 7.29656645780029e-15 
4.22599323250913e+01 5.94265319608356e-15 6.86524410725395e-15 
4.23201745664671e+01 5.58848068401464e-15 6.45956525164545e-15 
4.23804168078428e+01 5.25553301842816e-15 6.07797461436551e-15 
4.24406590492186e+01 4.94251468485222e-15 5.71905591573185e-15 
4.25009012905943e+01 4.64824298356175e-15 5.38143512349055e-15 
4.25611435319701e+01 4.37157448227015e-15 5.06386067654567e-15 
4.26213857733459e+01 4.11146507179523e-15 4.76511856756679e-15 
4.26816280147216e+01 3.86690546903337e-15 4.48410270989152e-15 
4.27418702560974e+01 3.63697384406540e-15 4.21974039722512e-15 
4.28021124974731e+01 3.42077925382193e-15 3.97105403138332e-15 
4.28623547388489e+01 3.21750776430299e-15 3.73709568396958e-15 
4.29225969802246e+01 3.02637283456979e-15 3.51700125139438e-15 
4.29828392216004e+01 2.84665574231224e-15 3.30993300095304e-15 
4.30430814629761e+01 2.67766205962606e-15 3.11512708720786e-15 
4.31033237043519e+01 2.51875708922314e-15 2.93184310285886e-15 
4.31635659457276e+01 2.36932768006003e-15 2.75940577473693e-15 
4.32238081871034e+01 2.22881329321705e-15 2.59716066070534e-15 
4.32840504284791e+01 2.09667249874518e-15 2.44451074211544e-15 
4.33442926698549e+01 1.97241021304246e-15 2.30087751383373e-15 
4.34045349112307e+01 1.85554829995034e-15 2.16573310124649e-15 
4.34647771526064e+01 1.74564945393464e-15 2.03856608324593e-15 
4.35250193939822e+01 1.64229139994837e-15 1.91890968415417e-15 
4.35852616353579e+01 1.54508783766047e-15 1.80631175075590e-15 
4.36455038767337e+01 1.45366579718495e-15 1.70035950146370e-15 
4.37057461181094e+01 1.36768400792924e-15 1.60065314968379e-15 
4.37659883594852e+01 1.28681302208371e-15 1.50682763295400e-15 
4.38262306008609e+01 1.21075132645271e-15 1.41852943732488e-15 
4.38864728422367e+01 1.13920789357844e-15 1.33543567701262e-15 
4.39467150836124e+01 1.07191631535946e-15 1.25723372916353e-15 
4.40069573249882e+01 1.00861948370022e-15 1.18363798885245e-15 
4.40671995663639e+01 9.49081990103974e-16 1.11437197153274e-15 
4.41274418077397e+01 8.93076674538887e-16 1.04918302816805e-15 
4.41876840491155e+01 8.40395504895112e-16 9.87826614690681e-16 
4.42479262904912e+01 7.90837764991338e-16 9.30079216973967e-16 
4.43081685318670e+01 7.44219601267012e-16 8.75724523462148e-16 
4.43684107732427e+01 7.00363649089391e-16 8.24564778954514e-16 
4.44286530146185e+01 6.59107410838098e-16 7.76408628871931e-16 
4.44888952559942e+01 6.20294144410004e-16 7.31081093890998e-16 
4.45491374973700e+01 5.83780216530567e-16 6.88412882704320e-16 
4.46093797387457e+01 5.49427099021340e-16 6.48249155874481e-16 
4.46696219801215e+01 5.17107823385756e-16 6.10440128523771e-16 
4.47298642214972e+01 4.86699949416777e-16 5.74848771354353e-16 
4.47901064628730e+01 4.58091231503675e-16 5.41342546886628e-16 
4.48503487042488e+01 4.31173440781179e-16 5.09800177063802e-16 
4.49105909456245e+01 4.05847339979810e-16 4.80104375508159e-16 
4.49708331870003e+01 3.82017254912238e-16 4.52147822196641e-16 
4.50310754283760e+01 3.59595468777495e-16 4.25828292893755e-16 
4.50913176697518e+01 3.38498917144054e-16 4.01051660914215e-16 
4.51515599111275e+01 3.18649625731251e-16 3.77727114794365e-16 
4.52118021525033e+01 2.99972470988123e-16 3.55770012636471e-16 
4.52720443938790e+01 2.82398542018528e-16 3.35098567367347e-16 
4.53322866352548e+01 2.65861453946812e-16 3.15637899466467e-16 
4.53925288766305e+01 2.50300299145747e-16 2.97315663364515e-16 
4.54527711180063e+01 2.35656408406482e-16 2.80065608916854e-16 
4.55130133593820e+01 2.21875941982484e-16 2.63823734715123e-16 
4.55732556007578e+01 2.08907043849330e-16 2.48531418760204e-16 
4.56334978421336e+01 1.96702116774429e-16 2.34132035570016e-16 
4.56937400835093e+01 1.85215321599696e-16 2.20573707297889e-16 
4.57539823248851e+01 1.74404575209484e-16 2.07806328183469e-16 
4.58142245662608e+01 1.64229352699581e-16 1.95783983451913e-16 
4.58744668076366e+01 1.54652442201290e-16 1.84462331662473e-16 
4.59347090490123e+01 1.45638012985605e-16 1.73800731356435e-16 
4.59949512903881e+01 1.37153156956243e-16 1.63759937462825e-16 
4.60551935317638e+01 1.29166190324830e-16 1.54303971957407e-16 
4.61154357731396e+01 1.21648007835128e-16 1.45398097123586e-16 
4.61756780145153e+01 1.14570589535313e-16 1.37010459776581e-16 
4.62359202558911e+01 1.07908190739219e-16 1.29110307732930e-16 
4.62961624972668e+01 1.01636028929552e-16 1.21669436919804e-16 
4.63564047386426e+01 9.57313294447854e-17 1.14660620854386e-16 
4.64166469800183e+01 9.01721706876584e-17 1.08058883365876e-16 
4.64768892213941e+01 8.49384031849141e-17 1.01840116347993e-16 
4.65371314627699e+01 8.00106338489189e-17 9.59821997662563e-17 
4.65973737041456e+01 7.53710338338834e-17 9.04637845125205e-17 
4.66576159455214e+01 7.10024449995337e-17 8.52652778457738e-17 
4.67178581868971e+01 6.68890901268193e-17 8.03677716775952e-17 
4.67781004282729e+01 6.30157867693215e-17 7.57539098874428e-17 
4.68383426696486e+01 5.93685717105145e-17 7.14069442923269e-17 
4.68985849110244e+01 5.59340092209761e-17 6.73114983449233e-17 
4.69588271524001e+01 5.26997401590832e-17 6.34527356974543e-17 
4.70190693937759e+01 4.96538732091705e-17 5.98170319038345e-17 
4.70793116351516e+01 4.67854678412941e-17 5.63912424562353e-17 
4.71395538765274e+01 4.40839984572633e-17 5.31632943227620e-17 
4.71997961179031e+01 4.15397792243743e-17 5.01215404658385e-17 
4.72600383592789e+01 3.91434923865645e-17 4.72552813453088e-17 
4.73202806006547e+01 3.68865619604097e-17 4.45541960322093e-17 
4.73805228420304e+01 3.47607384842988e-17 4.20088009031915e-17 
4.74407650834062e+01 3.27584278299974e-17 3.96099487486981e-17 
4.75010073247819e+01 3.08723255448854e-17 3.73492329814083e-17 
4.75612495661577e+01 2.90957061935126e-17 3.52185458157539e-17 
4.76214918075334e+01 2.74221013563010e-17 3.32104344047834e-17 
4.76817340489092e+01 2.58455542681255e-17 3.13177114510483e-17 
4.77419762902849e+01 2.43603362153785e-17 2.95337689377470e-17 
4.78022185316607e+01 2.29611706680871e-17 2.78522348197781e-17 
4.78624607730364e+01 2.16429834630555e-17 2.62672494777159e-17 
4.79227030144122e+01 2.04011001109515e-17 2.47731629949924e-17 
4.79829452557880e+01 1.92310257111552e-17 2.33647787971894e-17 
4.80431874971637e+01 1.81286186678675e-17 2.20370866811953e-17 
4.81034297385395e+01 1.70898967722471e-17 2.07854775641292e-17 
4.81636719799152e+01 1.61111901689606e-17 1.96055080103724e-17 
4.82239142212910e+01 1.51889704715238e-17 1.84930895416383e-17 
4.82841564626667e+01 1.43199854760778e-17 1.74442809177391e-17 
4.83443987040425e+01 1.35011085538669e-17 1.64554550438790e-17 
4.84046409454182e+01 1.27294573064843e-17 1.55231157094031e-17 
4.84648831867940e+01 1.20022608115213e-17 1.46440443967452e-17 
4.85251254281697e+01 1.13169641832597e-17 1.38151393078357e-17 
4.85853676695455e+01 1.06711114686981e-17 1.30335451562214e-17 
4.86456099109212e+01 1.00624377740658e-17 1.22965097359214e-17 
4.87058521522970e+01 9.48876607633224e-18 1.16014986681264e-17 
4.87660943936728e+01 8.94808837996764e-18 1.09460696377311e-17 
4.88263366350485e+01 8.43847470535254e-18 1.03279734038778e-17 
4.88865788764243e+01 7.95814460997351e-18 9.74504241787291e-18 
4.89468211178000e+01 7.50538693891191e-18 9.19527999918793e-18 
4.90070633591758e+01 7.07862285756623e-18 8.67676219255650e-18 
4.90673056005515e+01 6.67633506561134e-18 8.18771638281127e-18 
4.91275478419273e+01 6.29712336273712e-18 7.72643462983040e-18 
4.91877900833030e+01 5.93964220209085e-18 7.29134304432896e-18 
4.92480323246788e+01 5.60264968080087e-18 6.88092525688882e-18 
4.93082745660545e+01 5.28495244252067e-18 6.49378364818795e-18 
4.93685168074303e+01 4.98544887730438e-18 6.12857175859318e-18 
4.94287590488060e+01 4.70308050127379e-18 5.78404833582990e-18 
4.94890012901818e+01 4.43687005619642e-18 5.45901763331724e-18 
4.95492435315576e+01 4.18587859843682e-18 5.15237712347538e-18 
4.96094857729333e+01 3.94923910577450e-18 4.86306475774474e-18 
4.96697280143091e+01 3.72611859940763e-18 4.59010109269909e-18 
4.97299702556848e+01 3.51574779274890e-18 4.33254269455358e-18 
4.97902124970606e+01 3.31738765084099e-18 4.08951933633468e-18 
4.98504547384363e+01 3.13035555186492e-18 3.86019282643954e-18 
4.99106969798121e+01 2.95399575923558e-18 3.64378985684362e-18 
4.99709392211878e+01 2.78770251028045e-18 3.43956491202486e-18 
5.00311814625636e+01 2.63089186176099e-18 3.24679456443210e-18 
5.00914237039393e+01 2.48291704450618e-18 3.06488121948563e-18 
5.01516659453151e+01 2.34327480438007e-18 2.89317816978227e-18 
5.02119081866908e+01 2.21149965193028e-18 2.73110576328157e-18 
5.02721504280666e+01 2.08714361103991e-18 2.57812844150652e-18 
5.03323926694423e+01 1.96979226699262e-18 2.43372998642993e-18 
5.03926349108181e+01 1.85904684166046e-18 2.29743337948545e-18 
5.04528771521939e+01 1.75453838380819e-18 2.16877888513540e-18 
5.05131193935696e+01 1.65591190291061e-18 2.04734161755678e-18 
5.05733616349454e+01 1.56283891721490e-18 1.93271213502539e-18 
5.06336038763211e+01 1.47500340920400e-18 1.82451197946504e-18 
5.06938461176969e+01 1.39211292187941e-18 1.72237649330787e-18 
5.07540883590726e+01 1.31388612623262e-18 1.62596856634815e-18 
5.08143306004484e+01 1.24006263407382e-18 1.53496341993180e-18 
5.08745728418241e+01 1.17039199205571e-18 1.44906076838234e-18 
5.09348150831999e+01 1.10464235981531e-18 1.36797134473544e-18 
5.09950573245756e+01 1.04259076648071e-18 1.29142765998718e-18 
5.10552995659514e+01 9.84030785612258e-19 1.21917207056483e-18 
5.11155418073271e+01 9.28763909036918e-19 1.15096629742005e-18 
5.11757840487029e+01 8.76606334806094e-19 1.08658085840645e-18 
5.12360262900787e+01 8.27381329930799e-19 1.02580349047690e-18 
5.12962685314544e+01 7.80925234081071e-19 9.68429790469154e-19 
5.13565107728302e+01 7.37080697591380e-19 9.14270667080878e-19 
5.14167530142059e+01 6.95701991704163e-19 8.63144051551689e-19 
5.14769952555817e+01 6.56649021302253e-19 8.14881491428487e-19 
5.15372374969574e+01 6.19792021963398e-19 7.69320808547222e-19 
5.15974797383332e+01 5.85006258452990e-19 7.26311933640612e-19 
5.16577219797089e+01 5.52176179545812e-19 6.85710403104784e-19 
5.17179642210847e+01 5.21190723552792e-19 6.47382522043936e-19 
5.17782064624604e+01 4.91946993637925e-19 6.11199603767377e-19 
5.18384487038362e+01 4.64346100711726e-19 5.77042538736504e-19 
5.18986909452120e+01 4.38296414699197e-19 5.44796691763947e-19 
5.19589331865877e+01 4.13709883146756e-19 5.14355945372878e-19 
5.20191754279635e+01 3.90504907469903e-19 4.85618179427331e-19 
5.20794176693392e+01 3.68603082710457e-19 4.58488849496099e-19 
5.21396599107150e+01 3.47931742111845e-19 4.32876982278356e-19 
5.21999021520907e+01 3.28421069736260e-19 4.08698342563714e-19 
5.22601443934665e+01 3.10006351694405e-19 3.85871885459245e-19 
5.23203866348422e+01 2.92625418882132e-19 3.64322559347231e-19 
5.23806288762180e+01 2.76220638753196e-19 3.43978162683196e-19 
5.24408711175937e+01 2.60736650345572e-19 3.24771824879399e-19 
5.25011133589695e+01 2.46122126562559e-19 3.06639221429657e-19 
5.25613556003452e+01 2.32327768004058e-19 2.89520769806569e-19 
5.26215978417210e+01 2.19307862253311e-19 2.73359161967432e-19 
5.26818400830968e+01 2.07018506873289e-19 2.58101308073037e-19 
5.27420823244725e+01 1.95418989130511e-19 2.43696150118908e-19 
5.28023245658483e+01 1.84470211919044e-19 2.30096382498433e-19 
5.28625668072240e+01 1.74135914642506e-19 2.17256514655128e-19 
5.29228090485998e+01 1.64381278839061e-19 2.05134394165433e-19 
5.29830512899755e+01 1.55174008546526e-19 1.93689489982686e-19 
5.30432935313513e+01 1.46483095066329e-19 1.82884240754389e-19 
5.31035357727270e+01 1.38279773018142e-19 1.72682533481849e-19 
5.31637780141028e+01 1.30536426038948e-19 1.63050897168364e-19 
5.32240202554785e+01 1.23227432860556e-19 1.53957154598600e-19 
5.32842624968543e+01 1.16328197827025e-19 1.45371479098198e-19 
5.33445047382300e+01 1.09815899672298e-19 1.37265199686858e-19 
5.34047469796058e+01 1.03668632586493e-19 1.29611736681411e-19 
5.34649892209816e+01 9.78660689065144e-20 1.22385542734095e-19 
5.35252314623573e+01 9.23886980967716e-20 1.15562931199243e-19 
5.35854737037331e+01 8.72184132707658e-20 1.09121137567071e-19 
5.36457159451088e+01 8.23378368990532e-20 1.03039052911305e-19 
5.37059581864846e+01 7.77308399348013e-20 9.72963919986518e-20 
5.37662004278603e+01 7.33819443429055e-20 9.18743427168688e-20 
5.38264426692361e+01 6.92767825899590e-20 8.67548287072107e-20 
5.38866849106118e+01 6.54015682224932e-20 8.19210844181444e-20 
5.39469271519876e+01 6.17435025863666e-20 7.73570014958007e-20 
5.40071693933633e+01 5.82903056860277e-20 7.30476379989038e-20 
5.40674116347391e+01 5.50305762064302e-20 6.89786390111229e-20 
5.41276538761148e+01 5.19533757739849e-20 6.51366875710886e-20 
5.41878961174906e+01 4.90485476537497e-20 6.15089910588049e-20 
5.42481383588663e+01 4.63063483195859e-20 5.80836805260747e-20 
5.43083806002421e+01 4.37177295799484e-20 5.48493553729159e-20 
5.43686228416179e+01 4.12740120614032e-20 5.17954369952439e-20 
5.44288650829936e+01 3.89671349684862e-20 4.89117651208084e-20 
5.44891073243694e+01 3.67893667015397e-20 4.61889110110322e-20 
5.45493495657451e+01 3.47335259715281e-20 4.36178195819785e-20 
5.46095918071209e+01 3.27927253192835e-20 4.11900867956027e-20 
5.46698340484966e+01 3.09605668775399e-20 3.88976423608513e-20 
5.47300762898724e+01 2.92309150422575e-20 3.67329954172047e-20 
5.47903185312481e+01 2.75980697949925e-20 3.46889532041095e-20 
5.48505607726239e+01 2.60565652051732e-20 3.27588386685869e-20 
5.49108030139996e+01 2.46013228905336e-20 3.09362410165577e-20 
5.49710452553754e+01 2.32274734084024e-20 2.92152084593867e-20 
5.50312874967512e+01 2.19304921352374e-20 2.75900270260359e-20 
5.50915297381269e+01 2.07060409407795e-20 2.60553912944771e-20 
5.51517719795027e+01 1.95500885052558e-20 2.46062082558618e-20 
5.52120142208784e+01 1.84587699676280e-20 2.32377485502173e-20 
5.52722564622542e+01 1.74284934668288e-20 2.19454725390365e-20 
5.53324987036299e+01 1.64558157186973e-20 2.07251642756924e-20 
5.53927409450057e+01 1.55375363621823e-20 1.95727772664095e-20 
5.54529831863814e+01 1.46705876528072e-20 1.84845531500604e-20 
5.55132254277572e+01 1.38521180130205e-20 1.74568849141360e-20 
5.55734676691329e+01 1.30793942366184e-20 1.64864220322121e-20 
5.56337099105087e+01 1.23498754816135e-20 1.55699491555153e-20 
5.56939521518844e+01 1.16611265630216e-20 1.47044792559612e-20 
5.57541943932602e+01 1.10108834843363e-20 1.38871460389509e-20 
5.58144366346360e+01 1.03969765581598e-20 1.31152864625133e-20 
5.58746788760117e+01 9.81738844647295e-21 1.23863453163637e-20 
5.59349211173875e+01 9.27018599215393e-21 1.16979483306698e-20 
5.59951633587632e+01 8.75357162683485e-21 1.10478175430935e-20 
5.60554056001390e+01 8.26582292351787e-21 1.04338360717055e-20 
5.61156478415147e+01 7.80533813223773e-21 9.85397304830502e-21 
5.61758900828905e+01 7.37058257663623e-21 9.30634100695602e-21 
5.62361323242662e+01 6.96012899042145e-21 8.78912930063358e-21 
5.62963745656420e+01 6.57260998055562e-21 8.30065494791309e-21 
5.63566168070177e+01 6.20675376031357e-21 7.83930357296046e-21 
5.64168590483935e+01 5.86134199014475e-21 7.40357445645261e-21 
5.64771012897692e+01 5.53524143482748e-21 6.99202814791073e-21 
5.65373435311450e+01 5.22736657138578e-21 6.60332638152835e-21 
5.65975857725208e+01 4.93670763738898e-21 6.23618560644055e-21 
5.66578280138965e+01 4.66229746469054e-21 5.88941235251474e-21 
5.67180702552723e+01 4.40323633242988e-21 5.56186200976650e-21 
5.67783124966480e+01 4.15866254683309e-21 5.25247016220329e-21 
5.68385547380238e+01 3.92777446513567e-21 4.96021602348935e-21 
5.68987969793995e+01 3.70980439614768e-21 4.68415019763061e-21 
5.69590392207753e+01 3.50403811942400e-21 4.42336224526710e-21 
5.70192814621510e+01 3.30979172954868e-21 4.17700527746556e-21 
5.70795237035268e+01 3.12642893780789e-21 3.94426718666010e-21 
5.71397659449025e+01 2.95334052589832e-21 3.72439243329876e-21 
5.72000081862783e+01 2.78995968455318e-21 3.51665652833165e-21 
5.72602504276540e+01 2.63574378025420e-21 3.32038533125009e-21 
5.73204926690298e+01 2.49018795623337e-21 3.13493241790672e-21 
5.73807349104056e+01 2.35280894932328e-21 2.95969617197834e-21 
5.74409771517813e+01 2.22315715307299e-21 2.79409971347859e-21 
5.75012193931571e+01 2.10080225159849e-21 2.63760603332910e-21 
5.75614616345328e+01 1.98534392182795e-21 2.48970019479652e-21 
5.76217038759086e+01 1.87639907754786e-21 2.34990273219113e-21 
5.76819461172843e+01 1.77361136769173e-21 2.21775387016442e-21 
5.77421883586601e+01 1.67663984710427e-21 2.09282538214610e-21 
5.78024306000358e+01 1.58516741000841e-21 1.97470660144948e-21 
5.78626728414116e+01 1.49889072467067e-21 1.86301491253268e-21 
5.79229150827873e+01 1.41752772545995e-21 1.75738335359948e-21 
5.79831573241631e+01 1.34080866689371e-21 1.65746989379398e-21 
5.80433995655388e+01 1.26848278380396e-21 1.56294644982804e-21 
5.81036418069146e+01 1.20031033644420e-21 1.47350708449721e-21 
5.81638840482903e+01 1.13606853599600e-21 1.38885828014313e-21 
5.82241262896661e+01 1.07554446675716e-21 1.30872617815039e-21 
5.82843685310419e+01 1.01854036337422e-21 1.23284797005784e-21 
5.83446107724176e+01 9.64867308822286e-22 1.16097828372969e-21 
5.84048530137934e+01 9.14349940172381e-22 1.09288156892372e-21 
5.84650952551691e+01 8.66820832298854e-22 1.02833772342017e-21 
5.85253374965449e+01 8.22124700543492e-22 9.67135364068950e-22 
5.85855797379206e+01 7.80113390010711e-22 9.09076775124152e-22 
5.86458219792964e+01 7.40649636046736e-22 8.53971968431768e-22 
5.87060642206721e+01 7.03602587751260e-22 8.01643026394048e-22 
5.87663064620479e+01 6.68851180638901e-22 7.51918866206786e-22 
5.88265487034236e+01 6.36280130736493e-22 7.04639041122377e-22 
5.88867909447994e+01 6.05782968037718e-22 6.59649133662778e-22 
5.89470331861752e+01 5.77258444380914e-22 6.16804071035337e-22 
5.90072754275509e+01 5.50613271260183e-22 5.75964081178657e-22 
5.90675176689267e+01 5.25758890689410e-22 5.36997571196658e-22 
5.91277599103024e+01 5.02613956518695e-22 4.99777588068051e-22 
5.91880021516782e+01 4.81101422774173e-22 4.64184302700076e-22 
5.92482443930539e+01 4.61150803781074e-22 4.30101924262304e-22 
5.93084866344297e+01 4.42695539103375e-22 3.97420826831327e-22 
5.93687288758054e+01 4.25675064436224e-22 3.66034872698061e-22 
5.94289711171812e+01 4.10032416322555e-22 3.35843213496887e-22 
5.94892133585569e+01 3.95716142897483e-22 3.06747983573765e-22 
5.95494555999327e+01 3.82678115090490e-22 2.78655802894756e-22 
5.96096978413084e+01 3.70875303838900e-22 2.51475806731571e-22 
5.96699400826842e+01 3.60267767546330e-22 2.25120873459382e-22 
5.97301823240600e+01 3.50820320293601e-22 1.99505961489974e-22 
5.97904245654357e+01 3.42500667962384e-22 1.74549081237548e-22 
5.98506668068115e+01 3.35280990227492e-22 1.50169914473522e-22 
5.99109090481872e+01 3.29136200008521e-22 1.26290546207454e-22 
5.99711512895630e+01 3.24045460599864e-22 1.02834346307569e-22 
6.00313935309387e+01 3.19990545165001e-22 7.97265091098402e-23 
6.00916357723145e+01 3.16957313372199e-22 5.68931268358297e-23 
6.01518780136902e+01 3.14934131248816e-22 3.42615048255133e-23 
6.02121202550660e+01 3.13913331704663e-22 2.29869912584857e-23 
