Energy(eV)           EEDF(eV^-(3/2))      Anisotropy(eV^-(3/2))
3.16271767222708e-02 4.95899951429089e-02 1.67633144885098e-03 
9.48815301668123e-02 4.95454016663498e-02 5.41015340894301e-03 
1.58135883611354e-01 4.95324461842463e-02 5.36692638697822e-03 
2.21390237055895e-01 4.95273873258360e-02 5.34781971817989e-03 
2.84644590500437e-01 4.95233700663377e-02 5.33196430434098e-03 
3.47898943944979e-01 4.95167997064087e-02 5.32234793394581e-03 
4.11153297389520e-01 4.95068228296769e-02 5.31525833379691e-03 
4.74407650834062e-01 4.94932881579700e-02 5.30895616407140e-03 
5.37662004278603e-01 4.94762647305719e-02 5.30295642050275e-03 
6.00916357723145e-01 4.94558407930301e-02 5.29711457287348e-03 
6.64170711167686e-01 4.94320170209644e-02 5.29151588823759e-03 
7.27425064612228e-01 4.94047942919088e-02 5.28619534463685e-03 
7.90679418056769e-01 4.93742051696980e-02 5.28104292885562e-03 
8.53933771501311e-01 4.93402546900777e-02 5.27597452660342e-03 
9.17188124945853e-01 4.93029465003953e-02 5.27093907376582e-03 
9.80442478390394e-01 4.92622848822423e-02 5.26590740240704e-03 
1.04369683183494e+00 4.92183995721248e-02 5.26086137113781e-03 
1.10695118527948e+00 4.91718248927953e-02 5.25576041625201e-03 
1.17020553872402e+00 4.91225652292779e-02 5.25061520622883e-03 
1.23345989216856e+00 4.90706139010536e-02 5.24548922773678e-03 
1.29671424561310e+00 4.90155943694503e-02 5.24077367219329e-03 
1.35996859905764e+00 4.89576794291109e-02 5.23688188502729e-03 
1.42322295250219e+00 4.88970777007507e-02 5.23382220468279e-03 
1.48647730594673e+00 4.88337834130289e-02 5.23137546612559e-03 
1.54973165939127e+00 4.87680157723224e-02 5.22935499134501e-03 
1.61298601283581e+00 4.87003288987255e-02 5.22760976419123e-03 
1.67624036628035e+00 4.86307207569755e-02 5.22602911902411e-03 
1.73949471972489e+00 4.85591906017028e-02 5.22451384231234e-03 
1.80274907316943e+00 4.84857388699687e-02 5.22298150172408e-03 
1.86600342661398e+00 4.84103670948644e-02 5.22136311445515e-03 
1.92925778005852e+00 4.83330778348481e-02 5.21960636738916e-03 
1.99251213350306e+00 4.82529370849597e-02 5.21767313316208e-03 
2.05576648694760e+00 4.81699135130593e-02 5.21550658154051e-03 
2.11902084039214e+00 4.80840133025604e-02 5.21306552049302e-03 
2.18227519383668e+00 4.79960225803446e-02 5.21030653721903e-03 
2.24552954728123e+00 4.79060000543886e-02 5.20729984055269e-03 
2.30878390072577e+00 4.78134456395523e-02 5.20428830164108e-03 
2.37203825417031e+00 4.77183595318194e-02 5.20148676011452e-03 
2.43529260761485e+00 4.76207393602640e-02 5.19890853950717e-03 
2.49854696105939e+00 4.75205842134962e-02 5.19646584035765e-03 
2.56180131450393e+00 4.74175861800461e-02 5.19408514592381e-03 
2.62505566794847e+00 4.73114094668566e-02 5.19169221944104e-03 
2.68831002139302e+00 4.72020579792624e-02 5.18921609962448e-03 
2.75156437483756e+00 4.70895370415398e-02 5.18659956516355e-03 
2.81481872828210e+00 4.69738534029410e-02 5.18378890055162e-03 
2.87807308172664e+00 4.68552520739642e-02 5.18073450403042e-03 
2.94132743517118e+00 4.67338280445366e-02 5.17739945372672e-03 
3.00458178861572e+00 4.66095919219304e-02 5.17374709283978e-03 
3.06783614206027e+00 4.64827399495544e-02 5.16974048457844e-03 
3.13109049550481e+00 4.63534226843838e-02 5.16535250460520e-03 
3.19434484894935e+00 4.62216541996455e-02 5.16056031852828e-03 
3.25759920239389e+00 4.60874498025396e-02 5.15548532887228e-03 
3.32085355583843e+00 4.59508184028799e-02 5.15046320716351e-03 
3.38410790928297e+00 4.58117581919328e-02 5.14573578868049e-03 
3.44736226272751e+00 4.56702647444864e-02 5.14129315592626e-03 
3.51061661617206e+00 4.55263359308784e-02 5.13704016390008e-03 
3.57387096961660e+00 4.53799718600776e-02 5.13289002396271e-03 
3.63712532306114e+00 4.52311887074001e-02 5.12876230513582e-03 
3.70037967650568e+00 4.50801365714471e-02 5.12458506184841e-03 
3.76363402995022e+00 4.49268216054358e-02 5.12029863051291e-03 
3.82688838339476e+00 4.47712519150197e-02 5.11584539945311e-03 
3.89014273683931e+00 4.46134374928778e-02 5.11117329172610e-03 
3.95339709028385e+00 4.44533901544368e-02 5.10623531613358e-03 
4.01665144372839e+00 4.42911234750395e-02 5.10099235977881e-03 
4.07990579717293e+00 4.41264346075922e-02 5.09541093939358e-03 
4.14316015061747e+00 4.39592733534413e-02 5.08945162215359e-03 
4.20641450406201e+00 4.37896588867168e-02 5.08308194178262e-03 
4.26966885750655e+00 4.36176119743719e-02 5.07627494984563e-03 
4.33292321095110e+00 4.34431549188737e-02 5.06900697665423e-03 
4.39617756439564e+00 4.32663115006933e-02 5.06125717265981e-03 
4.45943191784018e+00 4.30871069361544e-02 5.05307530256646e-03 
4.52268627128472e+00 4.29055629652631e-02 5.04460409530358e-03 
4.58594062472926e+00 4.27220190818729e-02 5.03593626708870e-03 
4.64919497817380e+00 4.25365425785779e-02 5.02707238345089e-03 
4.71244933161835e+00 4.23491493669986e-02 5.01797057311645e-03 
4.77570368506289e+00 4.21598571977977e-02 5.00859202617619e-03 
4.83895803850743e+00 4.19686855719122e-02 4.99890259804849e-03 
4.90221239195197e+00 4.17756556095967e-02 4.98887248397442e-03 
4.96546674539651e+00 4.15807899660976e-02 4.97847591378098e-03 
5.02872109884105e+00 4.13841127052904e-02 4.96768588487831e-03 
5.09197545228560e+00 4.11852959151826e-02 4.95642205869211e-03 
5.15522980573014e+00 4.09843565923529e-02 4.94455012177576e-03 
5.21848415917468e+00 4.07813338645542e-02 4.93202559814383e-03 
5.28173851261922e+00 4.05762673479067e-02 4.91886173264522e-03 
5.34499286606376e+00 4.03691971066749e-02 4.90507253435361e-03 
5.40824721950830e+00 4.01601635732965e-02 4.89067269151708e-03 
5.47150157295284e+00 3.99492075114734e-02 4.87567747555043e-03 
5.53475592639739e+00 3.97363699410002e-02 4.86010266688843e-03 
5.59801027984193e+00 3.95216921043329e-02 4.84396462315138e-03 
5.66126463328647e+00 3.93052153826926e-02 4.82728069294240e-03 
5.72451898673101e+00 3.90869812223574e-02 4.81006904389926e-03 
5.78777334017555e+00 3.88670310612558e-02 4.79234817664206e-03 
5.85102769362009e+00 3.86454062957678e-02 4.77413685248345e-03 
5.91428204706464e+00 3.84221482123157e-02 4.75545403122025e-03 
5.97753640050918e+00 3.81972979586663e-02 4.73631906400641e-03 
6.04079075395372e+00 3.79708708529605e-02 4.71675662598807e-03 
6.10404510739826e+00 3.77427568953192e-02 4.69680177919940e-03 
6.16729946084280e+00 3.75129969603781e-02 4.67647749928220e-03 
6.23055381428734e+00 3.72816312315620e-02 4.65580526135606e-03 
6.29380816773188e+00 3.70486996832768e-02 4.63480106867536e-03 
6.35706252117643e+00 3.68142420543670e-02 4.61348104601061e-03 
6.42031687462097e+00 3.65782977906087e-02 4.59186137557272e-03 
6.48357122806551e+00 3.63409060240930e-02 4.56995823163076e-03 
6.54682558151005e+00 3.61021055222103e-02 4.54778774469473e-03 
6.61007993495459e+00 3.58619346708507e-02 4.52536594962368e-03 
6.67333428839913e+00 3.56204314291564e-02 4.50270875235806e-03 
6.73658864184368e+00 3.53776333168359e-02 4.47983190738167e-03 
6.79984299528822e+00 3.51335773720877e-02 4.45675100717507e-03 
6.86309734873276e+00 3.48883001409192e-02 4.43348144806832e-03 
6.92635170217730e+00 3.46418376397649e-02 4.41003841100731e-03 
6.98960605562184e+00 3.43942253480583e-02 4.38644074359344e-03 
7.05286040906638e+00 3.41451680722081e-02 4.36272281456575e-03 
7.11611476251093e+00 3.38940543524355e-02 4.33889983033636e-03 
7.17936911595547e+00 3.36409297573099e-02 4.31493896028690e-03 
7.24262346940001e+00 3.33858395953165e-02 4.29085350749388e-03 
7.30587782284455e+00 3.31288284962145e-02 4.26665958848504e-03 
7.36913217628909e+00 3.28699404060973e-02 4.24237275235551e-03 
7.43238652973363e+00 3.26092185608028e-02 4.21800799237407e-03 
7.49564088317817e+00 3.23467054839790e-02 4.19357974796073e-03 
7.55889523662272e+00 3.20824429646007e-02 4.16910191742221e-03 
7.62214959006726e+00 3.18164720577550e-02 4.14458786133808e-03 
7.68540394351180e+00 3.15488330659609e-02 4.12005041617846e-03 
7.74865829695634e+00 3.12795655423937e-02 4.09550189890185e-03 
7.81191265040088e+00 3.10087082757044e-02 4.07095412123443e-03 
7.87516700384542e+00 3.07362992954085e-02 4.04641839529504e-03 
7.93842135728997e+00 3.04623758599048e-02 4.02190554834029e-03 
8.00167571073451e+00 3.01869744637646e-02 3.99741991814665e-03 
8.06493006417905e+00 2.99104850550364e-02 3.97295048745625e-03 
8.12818441762359e+00 2.96332549369718e-02 3.94851470558396e-03 
8.19143877106813e+00 2.93553101437104e-02 3.92414105191474e-03 
8.25469312451267e+00 2.90766759832376e-02 3.89983806740216e-03 
8.31794747795722e+00 2.87973770387764e-02 3.87561387684710e-03 
8.38120183140176e+00 2.85174371853718e-02 3.85147619679830e-03 
8.44445618484630e+00 2.82368795926954e-02 3.82743172835173e-03 
8.50771053829084e+00 2.79557268332550e-02 3.80348538063969e-03 
8.57096489173538e+00 2.76740010063659e-02 3.77964171041842e-03 
8.63421924517992e+00 2.73917236425746e-02 3.75590638363109e-03 
8.69747359862446e+00 2.71089156099038e-02 3.73228532588856e-03 
8.76072795206901e+00 2.68255971403062e-02 3.70878405323444e-03 
8.82398230551355e+00 2.65417878366476e-02 3.68540774359865e-03 
8.88723665895809e+00 2.62575066906676e-02 3.66216124602188e-03 
8.95049101240263e+00 2.59727720906107e-02 3.63904909510370e-03 
9.01374536584717e+00 2.56876018389500e-02 3.61607551995466e-03 
9.07699971929171e+00 2.54020131605402e-02 3.59324445793152e-03 
9.14025407273625e+00 2.51160227200371e-02 3.57055956330388e-03 
9.20350842618080e+00 2.48296466304583e-02 3.54802422030133e-03 
9.26676277962534e+00 2.45429004702375e-02 3.52564155182465e-03 
9.33001713306988e+00 2.42557992920297e-02 3.50341443220638e-03 
9.39327148651442e+00 2.39683576392818e-02 3.48134549490557e-03 
9.45652583995896e+00 2.36805895552969e-02 3.45943714369957e-03 
9.51978019340350e+00 2.33925085994250e-02 3.43769156028459e-03 
9.58303454684805e+00 2.31041278562666e-02 3.41611071530057e-03 
9.64628890029259e+00 2.28154599513684e-02 3.39469637568576e-03 
9.70954325373713e+00 2.25265170604750e-02 3.37345011504944e-03 
9.77279760718167e+00 2.22373109247011e-02 3.35237332067023e-03 
9.83605196062621e+00 2.19478528597653e-02 3.33146720323585e-03 
9.89930631407075e+00 2.16581537706165e-02 3.31073280348359e-03 
9.96256066751529e+00 2.13682241605924e-02 3.29017100132773e-03 
1.00258150209598e+01 2.10780741454828e-02 3.26974180057921e-03 
1.00890693744044e+01 2.07894380610944e-02 3.24938330814399e-03 
1.01523237278489e+01 2.05024772055775e-02 3.22919325589070e-03 
1.02155780812935e+01 2.02171772235872e-02 3.20918226463358e-03 
1.02788324347380e+01 1.99335237249078e-02 3.18935045504720e-03 
1.03420867881825e+01 1.96515022929992e-02 3.16969783288254e-03 
1.04053411416271e+01 1.93710984968003e-02 3.15022429396114e-03 
1.04685954950716e+01 1.90922978984320e-02 3.13092963109093e-03 
1.05318498485162e+01 1.88150860638137e-02 3.11181353875085e-03 
1.05951042019607e+01 1.85394485695722e-02 3.09287562028752e-03 
1.06583585554053e+01 1.82653710124155e-02 3.07411539496785e-03 
1.07216129088498e+01 1.79928390148227e-02 3.05553227529927e-03 
1.07848672622943e+01 1.77218382384829e-02 3.03712491066406e-03 
1.08481216157389e+01 1.74523545068313e-02 3.01889136973989e-03 
1.09113759691834e+01 1.71843737862957e-02 3.00083048890684e-03 
1.09746303226280e+01 1.69178820688865e-02 2.98294171166793e-03 
1.10378846760725e+01 1.66528653817698e-02 2.96522438993123e-03 
1.11011390295170e+01 1.63893097941831e-02 2.94767779128080e-03 
1.11643933829616e+01 1.61272014257461e-02 2.93030110460688e-03 
1.12276477364061e+01 1.58665264524034e-02 2.91309344660622e-03 
1.12909020898507e+01 1.56072711136040e-02 2.89605386681478e-03 
1.13541564432952e+01 1.53494217173731e-02 2.87918135341089e-03 
1.14174107967398e+01 1.50929646464798e-02 2.86247483770709e-03 
1.14806651501843e+01 1.48378863627292e-02 2.84588604791809e-03 
1.15439195036288e+01 1.45841698038364e-02 2.82913081060474e-03 
1.16071738570734e+01 1.43318028293057e-02 2.81179717809763e-03 
1.16704282105179e+01 1.40808551559134e-02 2.79372536100930e-03 
1.17336825639625e+01 1.38313933771608e-02 2.77495140614498e-03 
1.17969369174070e+01 1.35834810103504e-02 2.75551074336063e-03 
1.18601912708515e+01 1.33371785431505e-02 2.73543818251270e-03 
1.19234456242961e+01 1.30925434815823e-02 2.71476791034166e-03 
1.19866999777406e+01 1.28496303975101e-02 2.69353160615246e-03 
1.20499543311852e+01 1.26086272130683e-02 2.67175217390083e-03 
1.21132086846297e+01 1.23699117307356e-02 2.64945533410401e-03 
1.21764630380742e+01 1.21335220368647e-02 2.62669220154101e-03 
1.22397173915188e+01 1.18994932833344e-02 2.60349335278052e-03 
1.23029717449633e+01 1.16678577655538e-02 2.57988865621008e-03 
1.23662260984079e+01 1.14386449991237e-02 2.55590727603801e-03 
1.24294804518524e+01 1.12118817963108e-02 2.53157767632464e-03 
1.24927348052970e+01 1.09875923411797e-02 2.50692762564858e-03 
1.25559891587415e+01 1.07657982644313e-02 2.48198420194942e-03 
1.26192435121860e+01 1.05465187168720e-02 2.45677379830107e-03 
1.26824978656306e+01 1.03297704424328e-02 2.43131390052483e-03 
1.27457522190751e+01 1.01155667421236e-02 2.40558590236358e-03 
1.28090065725197e+01 9.90391873175576e-03 2.37955409036050e-03 
1.28722609259642e+01 9.69484872260585e-03 2.35322002839497e-03 
1.29355152794087e+01 9.48837627867770e-03 2.32661325283067e-03 
1.29987696328533e+01 9.28451830200987e-03 2.29976248363163e-03 
1.30620239862978e+01 9.08328911725631e-03 2.27269563127576e-03 
1.31252783397424e+01 8.88470055487585e-03 2.24543980449262e-03 
1.31885326931869e+01 8.68876203345947e-03 2.21802131838075e-03 
1.32517870466315e+01 8.49548064061008e-03 2.19046568472744e-03 
1.33150414000760e+01 8.30486121608997e-03 2.16279760827791e-03 
1.33782957535205e+01 8.11690643246665e-03 2.13504103767452e-03 
1.34415501069651e+01 7.93161686846406e-03 2.10721920530844e-03 
1.35048044604096e+01 7.74899108181558e-03 2.07935461465512e-03 
1.35680588138542e+01 7.56902568403274e-03 2.05146903373000e-03 
1.36313131672987e+01 7.39171541359315e-03 2.02358350514318e-03 
1.36945675207432e+01 7.21705320814835e-03 1.99570481402684e-03 
1.37578218741878e+01 7.04502769342386e-03 1.96780858941717e-03 
1.38210762276323e+01 6.87562936359270e-03 1.93986770480374e-03 
1.38843305810769e+01 6.70885683007742e-03 1.91188770793223e-03 
1.39475849345214e+01 6.54470657971543e-03 1.88389254679459e-03 
1.40108392879660e+01 6.38317305942921e-03 1.85590531342185e-03 
1.40740936414105e+01 6.22424875935745e-03 1.82794825801661e-03 
1.41373479948550e+01 6.06792429419401e-03 1.80004280364782e-03 
1.42006023482996e+01 5.91418848290876e-03 1.77220956131519e-03 
1.42638567017441e+01 5.76302842663098e-03 1.74446834549483e-03 
1.43271110551887e+01 5.61442958485092e-03 1.71683818999244e-03 
1.43903654086332e+01 5.46837584975053e-03 1.68933736419584e-03 
1.44536197620777e+01 5.32484961880388e-03 1.66198338957599e-03 
1.45168741155223e+01 5.18383186548454e-03 1.63479305652106e-03 
1.45801284689668e+01 5.04530220820631e-03 1.60778244136615e-03 
1.46433828224114e+01 4.90923897735869e-03 1.58096692368895e-03 
1.47066371758559e+01 4.77561928055171e-03 1.55432851778232e-03 
1.47698915293005e+01 4.64441071758292e-03 1.52780067505075e-03 
1.48331458827450e+01 4.51559360979146e-03 1.50133261510298e-03 
1.48964002361895e+01 4.38915887298818e-03 1.47492773618863e-03 
1.49596545896341e+01 4.26509537269789e-03 1.44860983188507e-03 
1.50229089430786e+01 4.14339002198577e-03 1.42240331625387e-03 
1.50861632965232e+01 4.02408861003607e-03 1.39632354178440e-03 
1.51494176499677e+01 3.90718172962679e-03 1.37039498128199e-03 
1.52126720034122e+01 3.79264846510687e-03 1.34463783330470e-03 
1.52759263568568e+01 3.68046637625668e-03 1.31907052741242e-03 
1.53391807103013e+01 3.57061158859689e-03 1.29371055760093e-03 
1.54024350637459e+01 3.46305888084591e-03 1.26857450821865e-03 
1.54656894171904e+01 3.35778176957679e-03 1.24367808013555e-03 
1.55289437706350e+01 3.25475259102374e-03 1.21903611641374e-03 
1.55921981240795e+01 3.15394258021538e-03 1.19466262514888e-03 
1.56554524775240e+01 3.05532194777269e-03 1.17057080846800e-03 
1.57187068309686e+01 2.95885995304597e-03 1.14677309703970e-03 
1.57819611844131e+01 2.86452497404785e-03 1.12328059924641e-03 
1.58452155378577e+01 2.77227557681511e-03 1.09979078030418e-03 
1.59084698913022e+01 2.68209858688186e-03 1.07630883840694e-03 
1.59717242447467e+01 2.59395289721256e-03 1.05282745587434e-03 
1.60349785981913e+01 2.50785443576110e-03 1.02932064427443e-03 
1.60982329516358e+01 2.42377254506488e-03 1.00580030828570e-03 
1.61614873050804e+01 2.34172764662355e-03 9.82289291456517e-04 
1.62247416585249e+01 2.26169006921853e-03 9.58828929936694e-04 
1.62879960119695e+01 2.18367342508964e-03 9.35445135581949e-04 
1.63512503654140e+01 2.10764380088879e-03 9.12176340973505e-04 
1.64145047188585e+01 2.03360852389384e-03 8.89043136641853e-04 
1.64777590723031e+01 1.96153035331987e-03 8.66083576835635e-04 
1.65410134257476e+01 1.89141219359652e-03 8.43336918984545e-04 
1.66042677791922e+01 1.82322013811502e-03 8.20866346830473e-04 
1.66675221326367e+01 1.75694425571428e-03 7.98697265827085e-04 
1.67307764860812e+01 1.69253655002523e-03 7.76851958654025e-04 
1.67940308395258e+01 1.62998362129257e-03 7.55335523451959e-04 
1.68572851929703e+01 1.56923682677716e-03 7.34167468160367e-04 
1.69205395464149e+01 1.51027977477769e-03 7.13350865599141e-04 
1.69837938998594e+01 1.45306352208824e-03 6.92898334044426e-04 
1.70470482533039e+01 1.39757952074000e-03 6.72788874666905e-04 
1.71103026067485e+01 1.34381080213224e-03 6.53000580898453e-04 
1.71735569601930e+01 1.29174004045706e-03 6.33530158845527e-04 
1.72368113136376e+01 1.24132102422300e-03 6.14392510878108e-04 
1.73000656670821e+01 1.19253431324256e-03 5.95592728993747e-04 
1.73633200205267e+01 1.14533318096230e-03 5.77143697033490e-04 
1.74265743739712e+01 1.09969642498894e-03 5.59047836573455e-04 
1.74898287274157e+01 1.05557725206667e-03 5.41314972025383e-04 
1.75530830808603e+01 1.01295252464526e-03 5.23941552577971e-04 
1.76163374343048e+01 9.71775124774501e-04 5.06932548541784e-04 
1.76795917877494e+01 9.32022282193083e-04 4.90285118915970e-04 
1.77428461411939e+01 8.93648992871064e-04 4.74007332476207e-04 
1.78061004946384e+01 8.56631527132631e-04 4.58096727941047e-04 
1.78693548480830e+01 8.20925602828221e-04 4.42559587056603e-04 
1.79326092015275e+01 7.86506823866234e-04 4.27392002012459e-04 
1.79958635549721e+01 7.53331860701772e-04 4.12597798044868e-04 
1.80591179084166e+01 7.21375509184459e-04 3.98169628614546e-04 
1.81223722618612e+01 6.90595315887534e-04 3.84108379427202e-04 
1.81856266153057e+01 6.60966888114208e-04 3.70407598312859e-04 
1.82488809687502e+01 6.32449803790570e-04 3.57069513822412e-04 
1.83121353221948e+01 6.05019637505865e-04 3.44087792572885e-04 
1.83753896756393e+01 5.78637276096328e-04 3.31463432751873e-04 
1.84386440290839e+01 5.53278451194517e-04 3.19189329578525e-04 
1.85018983825284e+01 5.28905470343291e-04 3.07266984605369e-04 
1.85651527359729e+01 5.05495267719444e-04 2.95692451209824e-04 
1.86284070894175e+01 4.83011907796688e-04 2.84467866312484e-04 
1.86916614428620e+01 4.61431024710776e-04 2.73585498402563e-04 
1.87549157963066e+01 4.40717199204494e-04 2.63042599157914e-04 
1.88181701497511e+01 4.20846804109704e-04 2.52829819468619e-04 
1.88814245031957e+01 4.01786171892033e-04 2.42943842584960e-04 
1.89446788566402e+01 3.83512488622969e-04 2.33375216443778e-04 
1.90079332100847e+01 3.65993836902721e-04 2.24120153557230e-04 
1.90711875635293e+01 3.49208274319403e-04 2.15169181915835e-04 
1.91344419169738e+01 3.33125618686269e-04 2.06518132602133e-04 
1.91976962704184e+01 3.17724842741985e-04 1.98157584987428e-04 
1.92609506238629e+01 3.02977473346102e-04 1.90083069663788e-04 
1.93242049773074e+01 2.88863428961385e-04 1.82285278133824e-04 
1.93874593307520e+01 2.75355909955544e-04 1.74759513248339e-04 
1.94507136841965e+01 2.62435799546223e-04 1.67496629817451e-04 
1.95139680376411e+01 2.50077928379141e-04 1.60491767790702e-04 
1.95772223910856e+01 2.38264153353757e-04 1.53735987806154e-04 
1.96404767445302e+01 2.26970885973394e-04 1.47224324196111e-04 
1.97037310979747e+01 2.16180956993733e-04 1.40948078137514e-04 
1.97669854514192e+01 2.05872304503994e-04 1.34902228476251e-04 
1.98302398048638e+01 1.96028725796446e-04 1.29078344611484e-04 
1.98934941583083e+01 1.86629627612687e-04 1.23471691901895e-04 
1.99567485117529e+01 1.77659948693735e-04 1.18074975868103e-04 
2.00200028651974e+01 1.69100686137557e-04 1.12882991133205e-04 
2.00832572186419e+01 1.60924667352916e-04 1.07893295671187e-04 
2.01465115720865e+01 1.53112034578816e-04 1.03100399869050e-04 
2.02097659255310e+01 1.45650227113928e-04 9.84963413803793e-05 
2.02730202789756e+01 1.38523468732669e-04 9.40761659642306e-05 
2.03362746324201e+01 1.31719954063975e-04 8.98326232576696e-05 
2.03995289858647e+01 1.25225001360877e-04 8.57609088965025e-05 
2.04627833393092e+01 1.19027536615979e-04 8.18541432592131e-05 
2.05260376927537e+01 1.13113915762232e-04 7.81076859331841e-05 
2.05892920461983e+01 1.07473770190334e-04 7.45150231800463e-05 
2.06525463996428e+01 1.02094437551423e-04 7.10716894122338e-05 
2.07158007530874e+01 9.69662271473436e-05 6.77715300763920e-05 
2.07790551065319e+01 9.20774034941389e-05 6.46102624271808e-05 
2.08423094599764e+01 8.74189252215269e-05 6.15820828353350e-05 
2.09055638134210e+01 8.29799301951072e-05 5.86828968819115e-05 
2.09688181668655e+01 7.87519970687734e-05 5.59072422930998e-05 
2.10320725203101e+01 7.47250850711268e-05 5.32512162288536e-05 
2.10953268737546e+01 7.08913631863315e-05 5.07096871279827e-05 
2.11585812271992e+01 6.72415617038147e-05 4.82789450296729e-05 
2.12218355806437e+01 6.37684101418072e-05 4.59541775807878e-05 
2.12850899340882e+01 6.04633613563418e-05 4.37318673056890e-05 
2.13483442875328e+01 5.73196757501872e-05 4.16075088850333e-05 
2.14115986409773e+01 5.43294821544211e-05 3.95777754767373e-05 
2.14748529944219e+01 5.14865425667775e-05 3.76384561240685e-05 
2.15381073478664e+01 4.87836171732756e-05 3.57864115238894e-05 
2.16013617013109e+01 4.62149408179958e-05 3.40177120612166e-05 
2.16646160547555e+01 4.37738624400150e-05 3.23294018298487e-05 
2.17278704082000e+01 4.14550616737331e-05 3.07178193479786e-05 
2.17911247616446e+01 3.92524356502733e-05 2.91801871169834e-05 
2.18543791150891e+01 3.71610815526564e-05 2.77130984784760e-05 
2.19176334685336e+01 3.51754061936614e-05 2.63139486178570e-05 
2.19808878219782e+01 3.32908979822851e-05 2.49796251810055e-05 
2.20441421754227e+01 3.15024739729739e-05 2.37079608443109e-05 
2.21073965288673e+01 2.98061141279840e-05 2.24963013336317e-05 
2.21706508823118e+01 2.81970598367462e-05 2.13425079281502e-05 
2.22339052357564e+01 2.66714465916009e-05 2.02441633019130e-05 
2.22971595892009e+01 2.52252039872283e-05 1.91995438700387e-05 
2.23604139426454e+01 2.38546661657784e-05 1.82063050577310e-05 
2.24236682960900e+01 2.25557778341427e-05 1.72622731366511e-05 
2.24869226495345e+01 2.13252055002102e-05 1.63649388175537e-05 
2.25501770029791e+01 2.01592745954784e-05 1.55123076852507e-05 
2.26134313564236e+01 1.90549560981779e-05 1.47020891685616e-05 
2.26766857098681e+01 1.80089225097428e-05 1.39324550353167e-05 
2.27399400633127e+01 1.70184234743175e-05 1.32013158605908e-05 
2.28031944167572e+01 1.60804476578617e-05 1.25069972362193e-05 
2.28664487702018e+01 1.51924995290443e-05 1.18475945638389e-05 
2.29297031236463e+01 1.43518555619714e-05 1.12215756486953e-05 
2.29929574770909e+01 1.35562530479652e-05 1.06272055785298e-05 
2.30562118305354e+01 1.28032302737641e-05 1.00630834845556e-05 
2.31194661839799e+01 1.20907370722064e-05 9.52763010904307e-06 
2.31827205374245e+01 1.14165497314475e-05 9.01956571766149e-06 
2.32459748908690e+01 1.07788119516277e-05 8.53745371678297e-06 
2.33092292443136e+01 1.01755162299659e-05 8.08012598230559e-06 
2.33724835977581e+01 9.60498295793318e-06 7.64627657038071e-06 
2.34357379512026e+01 9.06540091353504e-06 7.23484008057989e-06 
2.34989923046472e+01 8.55525139838320e-06 6.84463011831132e-06 
2.35622466580917e+01 8.07290126245572e-06 6.47467572775229e-06 
2.36255010115363e+01 7.61697823288542e-06 6.12389981730617e-06 
2.36887553649808e+01 7.18601060734722e-06 5.79141817376557e-06 
2.37520097184254e+01 6.77875925746744e-06 5.47626053156801e-06 
2.38152640718699e+01 6.39390396412690e-06 5.17763618541844e-06 
2.38785184253144e+01 6.03032872125051e-06 4.89467009006505e-06 
2.39417727787590e+01 5.68683687188739e-06 4.62663217247518e-06 
2.40050271322035e+01 5.36241675753108e-06 4.37271495056675e-06 
2.40682814856481e+01 5.05599242910324e-06 4.13224996042607e-06 
2.41315358390926e+01 4.76665258921704e-06 3.90450649897781e-06 
2.41947901925371e+01 4.49343036575593e-06 3.68887802562230e-06 
2.42580445459817e+01 4.23550538561290e-06 3.48470368448500e-06 
2.43212988994262e+01 3.99200928820510e-06 3.29143347152877e-06 
2.43845532528708e+01 3.76220402297239e-06 3.10847002487643e-06 
2.44478076063153e+01 3.54531015038165e-06 2.93531491198610e-06 
2.45110619597599e+01 3.34066410888023e-06 2.77142844673024e-06 
2.45743163132044e+01 3.14756668088852e-06 2.61635919616886e-06 
2.46375706666489e+01 2.96542166627852e-06 2.46961982534216e-06 
2.47008250200935e+01 2.79360218474192e-06 2.33081390890228e-06 
2.47640793735380e+01 2.63158226575774e-06 2.19952585459279e-06 
2.48273337269826e+01 2.47880482025706e-06 2.07540592855934e-06 
2.48905880804271e+01 2.33478279333811e-06 1.95806007099577e-06 
2.49538424338716e+01 2.19900729478790e-06 1.84714619306634e-06 
2.50170967873162e+01 2.07104240326031e-06 1.74229478705259e-06 
2.50803511407607e+01 1.95036000357066e-06 1.64324536807187e-06 
2.51436054942053e+01 1.83655515136442e-06 1.54967481235042e-06 
2.52068598476498e+01 1.72922844495031e-06 1.46130241141660e-06 
2.52701142010944e+01 1.62803713408073e-06 1.37783283206547e-06 
2.53333685545389e+01 1.53262399268865e-06 1.29901567769378e-06 
2.53966229079834e+01 1.44268203160354e-06 1.22458589177868e-06 
2.54598772614280e+01 1.35789187541170e-06 1.15431834608656e-06 
2.55231316148725e+01 1.27797868612053e-06 1.08797525715388e-06 
2.55863859683171e+01 1.20265704319496e-06 1.02535431089835e-06 
2.56496403217616e+01 1.13168100065782e-06 9.66242280136303e-07 
2.57128946752061e+01 1.06479558527213e-06 9.10457438188478e-07 
2.57761490286507e+01 1.00178080212940e-06 8.57808657996341e-07 
2.58394033820952e+01 9.42408968651808e-07 8.08132781115182e-07 
2.59026577355398e+01 8.86483388592412e-07 7.61258561135456e-07 
2.59659120889843e+01 8.33800830506466e-07 7.17039577972804e-07 
2.60291664424288e+01 7.84185505880561e-07 6.75322461210423e-07 
2.60924207958734e+01 7.37456081286628e-07 6.35975871748879e-07 
2.61556751493179e+01 6.93455521837241e-07 5.98862505386195e-07 
2.62189295027625e+01 6.52022097562284e-07 5.63864603717552e-07 
2.62821838562070e+01 6.13015587459081e-07 5.30859295670157e-07 
2.63454382096516e+01 5.76291803762507e-07 4.99741046190878e-07 
2.64086925630961e+01 5.41725593547277e-07 4.70399944373019e-07 
2.64719469165406e+01 5.09188460423095e-07 4.42741451173093e-07 
2.65352012699852e+01 4.78568749087468e-07 4.16667287916212e-07 
2.65984556234297e+01 4.49751993392396e-07 3.92092802368212e-07 
2.66617099768743e+01 4.22638623670999e-07 3.68930151438586e-07 
2.67249643303188e+01 3.97126713821977e-07 3.47103567796275e-07 
2.67882186837634e+01 3.73127510959996e-07 3.26534566071622e-07 
2.68514730372079e+01 3.50550292798389e-07 3.07155359307674e-07 
2.69147273906524e+01 3.29315983595976e-07 2.88895849405426e-07 
2.69779817440970e+01 3.09343867264138e-07 2.71695948140622e-07 
2.70412360975415e+01 2.90563945887347e-07 2.55496416166468e-07 
2.71044904509861e+01 2.72906495046821e-07 2.40246246482773e-07 
2.71677448044306e+01 2.56307807337986e-07 2.25891199416156e-07 
2.72309991578751e+01 2.40703174775873e-07 2.12381647271910e-07 
2.72942535113197e+01 2.26036034563426e-07 1.99666698398370e-07 
2.73575078647642e+01 2.12248998203627e-07 1.87702176344420e-07 
2.74207622182088e+01 1.99291860214955e-07 1.76442836548966e-07 
2.74840165716533e+01 1.87113736906183e-07 1.65849366463469e-07 
2.75472709250978e+01 1.75670077929438e-07 1.55881552829368e-07 
2.76105252785424e+01 1.64915778836774e-07 1.46504421604717e-07 
2.76737796319869e+01 1.54811318334226e-07 1.37682240935841e-07 
2.77370339854315e+01 1.45316725206719e-07 1.29383905456821e-07 
2.78002883388760e+01 1.36396949159813e-07 1.21577673804033e-07 
2.78635426923206e+01 1.28016577191936e-07 1.14235889282267e-07 
2.79267970457651e+01 1.20144532739860e-07 1.07330362886397e-07 
2.79900513992096e+01 1.12749449329055e-07 1.00836511248996e-07 
2.80533057526542e+01 1.05803781158897e-07 9.47293068128896e-08 
2.81165601060987e+01 9.92797530799917e-08 8.89869042160491e-08 
2.81798144595433e+01 9.31529555756660e-08 8.35870886707584e-08 
2.82430688129878e+01 8.73987999820064e-08 7.85104533466852e-08 
2.83063231664323e+01 8.19956618756881e-08 7.37372853057748e-08 
2.83695775198769e+01 7.69217791292577e-08 6.92503488763399e-08 
2.84328318733214e+01 7.21579998541565e-08 6.50321557991307e-08 
2.84960862267660e+01 6.76850685124313e-08 6.10674029226410e-08 
2.85593405802105e+01 6.34860276576892e-08 5.73405796514017e-08 
2.86225949336551e+01 5.95438440302402e-08 5.38381024283343e-08 
2.86858492870996e+01 5.58435072729131e-08 5.05462182438578e-08 
2.87491036405441e+01 5.23699538300508e-08 4.74528732102795e-08 
2.88123579939887e+01 4.91099004885298e-08 4.45458758804814e-08 
2.88756123474332e+01 4.60500290794148e-08 4.18145326788648e-08 
2.89388667008778e+01 4.31785880180419e-08 3.92480391713993e-08 
2.90021210543223e+01 4.04838053562954e-08 3.68369111232998e-08 
2.90653754077668e+01 3.79552873908249e-08 3.45715757286261e-08 
2.91286297612114e+01 3.55826316094688e-08 3.24436235520595e-08 
2.91918841146559e+01 3.33566478344612e-08 3.04445751286466e-08 
2.92551384681005e+01 3.12681461151171e-08 2.85669759581700e-08 
2.93183928215450e+01 2.93090027124242e-08 2.68033168790725e-08 
2.93816471749896e+01 2.74711010704168e-08 2.51469915684084e-08 
2.94449015284341e+01 2.57472621762891e-08 2.35913517271189e-08 
2.95081558818786e+01 2.41303194466148e-08 2.21305441517517e-08 
2.95714102353232e+01 2.26139305659397e-08 2.07586840840029e-08 
2.96346645887677e+01 2.11917694966663e-08 1.94705868229349e-08 
2.96979189422123e+01 1.98582347675222e-08 1.82610446279335e-08 
2.97611732956568e+01 1.86077438975923e-08 1.71254659973175e-08 
2.98244276491013e+01 1.74353512376379e-08 1.60592433039725e-08 
2.98876820025459e+01 1.63361319247007e-08 1.50583112474452e-08 
2.99509363559904e+01 1.53057207418842e-08 1.41185939749616e-08 
3.00141907094350e+01 1.43397743212030e-08 1.32366070758373e-08 
3.00774450628795e+01 1.34343915048605e-08 1.24090165201078e-08 
3.01406994163241e+01 1.25856991018359e-08 1.16327793695097e-08 
3.02039537697686e+01 1.17902673589154e-08 1.09046798782703e-08 
3.02672081232131e+01 1.10446932242941e-08 1.02218412708233e-08 
3.03304624766577e+01 1.03459562310640e-08 9.58139343971254e-09 
3.03937168301022e+01 9.69106144793331e-09 8.98079942989756e-09 
3.04569711835468e+01 9.07734924494722e-09 8.41753007068608e-09 
3.05202255369913e+01 8.50218423101059e-09 7.88934842295966e-09 
3.05834798904358e+01 7.96322485106944e-09 7.39402606468329e-09 
3.06467342438804e+01 7.45815241234965e-09 6.92959088949822e-09 
3.07099885973249e+01 6.98490569818097e-09 6.49407973552404e-09 
3.07732429507695e+01 6.54144493819173e-09 6.08575423598749e-09 
3.08364973042140e+01 6.12595595762043e-09 5.70288515509435e-09 
3.08997516576585e+01 5.73664460423149e-09 5.34394039107567e-09 
3.09630060111031e+01 5.37191437087867e-09 5.00739697219031e-09 
3.10262603645476e+01 5.03018736570121e-09 4.69190478856877e-09 
3.10895147179922e+01 4.71005883902371e-09 4.39612271574308e-09 
3.11527690714367e+01 4.41014128412425e-09 4.11886119437920e-09 
3.12160234248813e+01 4.12919885778619e-09 3.85893939808127e-09 
3.12792777783258e+01 3.86601163584932e-09 3.61530938103312e-09 
3.13425321317703e+01 3.61949253159021e-09 3.38693159922034e-09 
3.14057864852149e+01 3.38856911147731e-09 3.17288299777110e-09 
3.14690408386594e+01 3.17228527981982e-09 2.97224853739548e-09 
3.15322951921040e+01 2.96969839272306e-09 2.78421528937535e-09 
3.15955495455485e+01 2.77996768480137e-09 2.60797791821772e-09 
3.16588038989930e+01 2.60226470945110e-09 2.44282058715600e-09 
3.17220582524376e+01 2.43585022836429e-09 2.28803460924434e-09 
3.17853126058821e+01 2.27999625930036e-09 2.14298973497652e-09 
3.18485669593267e+01 2.13405292685821e-09 2.00706241211099e-09 
3.19118213127712e+01 1.99738061964834e-09 1.87969782528755e-09 
3.19750756662158e+01 1.86940810708749e-09 1.76034740396373e-09 
3.20383300196603e+01 1.74957350036684e-09 1.64852280795896e-09 
3.21015843731048e+01 1.63737477126595e-09 1.54374149666777e-09 
3.21648387265494e+01 1.53231837917432e-09 1.44557370100618e-09 
3.22280930799939e+01 1.43396318088730e-09 1.35359501875063e-09 
3.22913474334385e+01 1.34187573230640e-09 1.26742727953750e-09 
3.23546017868830e+01 1.25566845009289e-09 1.18669726355856e-09 
3.24178561403275e+01 1.17496072428719e-09 1.11107224957118e-09 
3.24811104937721e+01 1.09941208112646e-09 1.04022439092437e-09 
3.25443648472166e+01 1.02868862156285e-09 9.73862477848378e-10 
3.26076192006612e+01 9.62492194592943e-10 9.11699260470792e-10 
3.26708735541057e+01 9.00528995001718e-10 8.53477938667480e-10 
3.27341279075503e+01 8.42536007485433e-10 7.98944318640167e-10 
3.27973822609948e+01 7.88255413198731e-10 7.47871506700486e-10 
3.28606366144393e+01 7.37456324605491e-10 7.00036149380569e-10 
3.29238909678839e+01 6.89912532937171e-10 6.55238789688532e-10 
3.29871453213284e+01 6.45421384198035e-10 6.13284615593623e-10 
3.30503996747730e+01 6.03785620788626e-10 5.74002728117366e-10 
3.31136540282175e+01 5.64829588019854e-10 5.37224441797853e-10 
3.31769083816620e+01 5.28377850244787e-10 5.02797148937483e-10 
3.32401627351066e+01 4.94273162298826e-10 4.70567762792234e-10 
3.33034170885511e+01 4.62361830802125e-10 4.40399445099134e-10 
3.33666714419957e+01 4.32506050898280e-10 4.12157956151256e-10 
3.34299257954402e+01 4.04571184538927e-10 3.85723258189570e-10 
3.34931801488848e+01 3.78436471181840e-10 3.60977644856539e-10 
3.35564345023293e+01 3.53983972282628e-10 3.37815822673802e-10 
3.36196888557738e+01 3.31107869999020e-10 3.16134588146154e-10 
3.36829432092184e+01 3.09704859888022e-10 2.95841586695812e-10 
3.37461975626629e+01 2.89682223521502e-10 2.76846335840367e-10 
3.38094519161075e+01 2.70949479881225e-10 2.59067834865470e-10 
3.38727062695520e+01 2.53425393345018e-10 2.42426758731935e-10 
3.39359606229965e+01 2.37030719045083e-10 2.26852069090269e-10 
3.39992149764411e+01 2.21694286449142e-10 2.12274226392846e-10 
3.40624693298856e+01 2.07346695484932e-10 1.98630933140223e-10 
3.41257236833302e+01 1.93925597495443e-10 1.85861231527375e-10 
3.41889780367747e+01 1.81370217656745e-10 1.73910492675988e-10 
3.42522323902193e+01 1.69625939064707e-10 1.62725284414910e-10 
3.43154867436638e+01 1.58639543251418e-10 1.52257705357679e-10 
3.43787410971083e+01 1.48363189244526e-10 1.42460922442133e-10 
3.44419954505529e+01 1.38750278138782e-10 1.33292935765661e-10 
3.45052498039974e+01 1.29758906882004e-10 1.24712698579267e-10 
3.45685041574420e+01 1.21348275160335e-10 1.16683387539817e-10 
3.46317585108865e+01 1.13481683166635e-10 1.09169029223857e-10 
3.46950128643310e+01 1.06123409752342e-10 1.02137340675122e-10 
3.47582672177756e+01 9.92413143162499e-11 9.55567963941063e-11 
3.48215215712201e+01 9.28041244722511e-11 8.93990955578978e-11 
3.48847759246647e+01 8.67836942776958e-11 8.36366120452253e-11 
3.49480302781092e+01 8.11526477473674e-11 7.82445373169380e-11 
3.50112846315537e+01 7.58863387634346e-11 7.31989651126128e-11 
3.50745389849983e+01 7.09610582738495e-11 6.84785463266599e-11 
3.51377933384428e+01 6.63552451911816e-11 6.40623754481919e-11 
3.52010476918874e+01 6.20478015497646e-11 5.99313658980289e-11 
3.52643020453319e+01 5.80197256440895e-11 5.60667811694345e-11 
3.53275563987765e+01 5.42525669762320e-11 5.24514725516113e-11 
3.53908107522210e+01 5.07294355629541e-11 4.90687517987090e-11 
3.54540651056655e+01 4.74342768022766e-11 4.59036659762554e-11 
3.55173194591101e+01 4.43526409244293e-11 4.29419757101351e-11 
3.55805738125546e+01 4.14704964128677e-11 4.01708954347226e-11 
3.56438281659992e+01 3.87751912138948e-11 3.75779684569085e-11 
3.57070825194437e+01 3.62544439892269e-11 3.51519889098613e-11 
3.57703368728883e+01 3.38971774475405e-11 3.28820435518165e-11 
3.58335912263328e+01 3.16926427614010e-11 3.07583116561702e-11 
3.58968455797773e+01 2.96311420117845e-11 2.87712327451636e-11 
3.59600999332219e+01 2.77032682074525e-11 2.69122005564309e-11 
3.60233542866664e+01 2.59005315788182e-11 2.51728401763564e-11 
3.60866086401110e+01 2.42146999516684e-11 2.35456100914815e-11 
3.61498629935555e+01 2.26383416709123e-11 2.20231743555320e-11 
3.62131173470000e+01 2.11642530897838e-11 2.05989248835969e-11 
3.62763717004446e+01 1.97859292074566e-11 1.92664361717057e-11 
3.63396260538891e+01 1.84970667795632e-11 1.80199183853682e-11 
3.64028804073337e+01 1.72919722820600e-11 1.68537437883697e-11 
3.64661347607782e+01 1.61651306638707e-11 1.57628397829181e-11 
3.65293891142227e+01 1.51115589729389e-11 1.47422776274042e-11 
3.65926434676673e+01 1.41264320872672e-11 1.37876133751486e-11 
3.66558978211118e+01 1.32053892319511e-11 1.28945306972750e-11 
3.67191521745564e+01 1.23442091670980e-11 1.20591366161918e-11 
3.67824065280009e+01 1.15390758644145e-11 1.12776513242456e-11 
3.68456608814455e+01 1.07862966222174e-11 1.05466646968524e-11 
3.69089152348900e+01 1.00825323372571e-11 9.86286693082345e-12 
3.69721695883345e+01 9.42455287812932e-12 9.22327102996856e-12 
3.70354239417791e+01 8.80943666574988e-12 8.62497889812396e-12 
3.70986782952236e+01 8.23435838409331e-12 8.06537430345235e-12 
3.71619326486682e+01 7.69676195630661e-12 7.54191976580169e-12 
3.72251870021127e+01 7.19417632078949e-12 7.05232390965935e-12 
3.72884413555572e+01 6.72436534669498e-12 6.59436509766373e-12 
3.73516957090018e+01 6.28516796689581e-12 6.16603656472448e-12 
3.74149500624463e+01 5.87462810552684e-12 5.76539328138555e-12 
3.74782044158909e+01 5.49085594861737e-12 5.39068539029192e-12 
3.75414587693354e+01 5.13214700764114e-12 5.04025485531701e-12 
3.76047131227800e+01 4.79687930916744e-12 4.71259988296321e-12 
3.76679674762245e+01 4.48354252541623e-12 4.40625118747980e-12 
3.77312218296690e+01 4.19067979682090e-12 4.11984429452216e-12 
3.77944761831136e+01 3.91697194596047e-12 3.85205937483436e-12 
3.78577305365581e+01 3.66114682711927e-12 3.60170382045920e-12 
3.79209848900027e+01 3.42205220544173e-12 3.36762437581497e-12 
3.79842392434472e+01 3.19857721085570e-12 3.14877863672952e-12 
3.80474935968917e+01 2.98971541098336e-12 2.94415888031528e-12 
3.81107479503363e+01 2.79449674966589e-12 2.75285397574765e-12 
3.81740023037808e+01 2.61204213563532e-12 2.57398335188469e-12 
3.82372566572254e+01 2.44150446310324e-12 2.40675060816302e-12 
3.83005110106699e+01 2.28211585963110e-12 2.25038626769284e-12 
3.83637653641145e+01 2.13313657427291e-12 2.10419420316680e-12 
3.84270197175590e+01 1.99389587368259e-12 1.96750200395519e-12 
3.84902740710035e+01 1.86374774606367e-12 1.83970118185378e-12 
3.85535284244481e+01 1.74210630104381e-12 1.72020413727026e-12 
3.86167827778926e+01 1.62840737858574e-12 1.60847897980748e-12 
3.86800371313372e+01 1.52213919270908e-12 1.50401221422420e-12 
3.87432914847817e+01 1.42280905649932e-12 1.40633889853477e-12 
3.88065458382262e+01 1.32996990991712e-12 1.31501028786671e-12 
3.88698001916708e+01 1.24319147765139e-12 1.22961995556671e-12 
3.89330545451153e+01 1.16208323491301e-12 1.14977573478670e-12 
3.89963088985599e+01 1.08626940631824e-12 1.07512234400630e-12 
3.90595632520044e+01 1.01540884888766e-12 1.00531705428929e-12 
3.91228176054490e+01 9.49173379320486e-13 9.40049287870747e-13 
3.91860719588935e+01 8.87264988831821e-13 8.79019515344856e-13 
3.92493263123380e+01 8.29397054737175e-13 8.21956233002653e-13 
3.93125806657826e+01 7.75309245895773e-13 7.68597660327678e-13 
3.93758350192271e+01 7.24751233893848e-13 7.18706447283179e-13 
3.94390893726717e+01 6.77495599538904e-13 6.72053799770678e-13 
3.95023437261162e+01 6.33323710344366e-13 6.28432220910521e-13 
3.95655980795607e+01 5.92036896719131e-13 5.87641741744012e-13 
3.96288524330053e+01 5.53444206983247e-13 5.49500959739333e-13 
3.96921067864498e+01 5.17372085736791e-13 5.13835095015465e-13 
3.97553611398944e+01 4.83653756200855e-13 4.80485553981622e-13 
3.98186154933389e+01 4.52137601967400e-13 4.49299568618190e-13 
3.98818698467835e+01 4.22677959861935e-13 4.20138482582359e-13 
3.99451242002280e+01 3.95142379212430e-13 3.92868763365945e-13 
4.00083785536725e+01 3.69403637362133e-13 3.67370747557394e-13 
4.00716329071171e+01 3.45347375518069e-13 3.43529840650327e-13 
4.01348872605616e+01 3.22862733495314e-13 3.21241751950894e-13 
4.01981416140062e+01 3.01847956140780e-13 3.00404395591887e-13 
4.02613959674507e+01 2.82205410856261e-13 2.80924274544801e-13 
4.03246503208952e+01 2.63846287262157e-13 2.62711473234254e-13 
4.03879046743398e+01 2.46685387772959e-13 2.45684347437775e-13 
4.04511590277843e+01 2.30645194703484e-13 2.29764395430423e-13 
4.05144133812289e+01 2.15651356416424e-13 2.14880318255943e-13 
4.05776677346734e+01 2.01636207361825e-13 2.00963574239910e-13 
4.06409220881179e+01 1.88534856523227e-13 1.87951894517780e-13 
4.07041764415625e+01 1.76288234279530e-13 1.75785429459190e-13 
4.07674307950070e+01 1.64839702438239e-13 1.64409792846523e-13 
4.08306851484516e+01 1.54137691788065e-13 1.53772721059955e-13 
4.08939395018961e+01 1.44132763868904e-13 1.43826709369500e-13 
4.09571938553407e+01 1.34779894427414e-13 1.34526115348265e-13 
4.10204482087852e+01 1.26035926468331e-13 1.25829442160241e-13 
4.10837025622297e+01 1.17861547347133e-13 1.17696826875146e-13 
4.11469569156743e+01 1.10219080772420e-13 1.10092018218729e-13 
4.12102112691188e+01 1.03074198808624e-13 1.02980198419263e-13 
4.12734656225634e+01 9.63940075277680e-14 9.63296964775178e-14 
4.13367199760079e+01 9.01485296121987e-14 9.01100990609619e-14 
4.13999743294524e+01 8.43090444345632e-14 8.42937348101735e-14 
4.14632286828970e+01 7.88493721258681e-14 7.88540357557792e-14 
4.15264830363415e+01 7.37444341233870e-14 7.37668233884392e-14 
4.15897373897861e+01 6.89713653995748e-14 6.90088872307694e-14 
4.16529917432306e+01 6.45082660698124e-14 6.45590992570246e-14 
4.17162460966752e+01 6.03351648735538e-14 6.03971807160742e-14 
4.17795004501197e+01 5.64329363732048e-14 5.65046679062985e-14 
4.18427548035642e+01 5.27841356633265e-14 5.28638422097675e-14 
4.19060091570088e+01 4.93720591013631e-14 4.94585671314943e-14 
4.19692635104533e+01 4.61814675272625e-14 4.62733602304913e-14 
4.20325178638979e+01 4.31977717481140e-14 4.32941431154659e-14 
4.20957722173424e+01 4.04076800851146e-14 4.05074060391882e-14 
4.21590265707869e+01 3.77984410805943e-14 3.79008371816768e-14 
4.22222809242315e+01 3.53584166854719e-14 3.54626025699682e-14 
4.22855352776760e+01 3.30764687042723e-14 3.31819179101605e-14 
4.23487896311206e+01 3.09424293679931e-14 3.10484414067319e-14 
4.24120439845651e+01 2.89465689074805e-14 2.90527464698890e-14 
4.24752983380097e+01 2.70800034356916e-14 2.71857946408413e-14 
4.25385526914542e+01 2.53342328742887e-14 2.54393454939741e-14 
4.26018070448987e+01 2.37014945329931e-14 2.38054990515002e-14 
4.26650613983433e+01 2.21743620517224e-14 2.22770512616846e-14 
4.27283157517878e+01 2.07460519376923e-14 2.08470966997096e-14 
4.27915701052324e+01 1.94100754302731e-14 1.95093368798176e-14 
4.28548244586769e+01 1.81605042815424e-14 1.82577352636208e-14 
4.29180788121214e+01 1.69916685291938e-14 1.70867846918883e-14 
4.29813331655660e+01 1.58983869627625e-14 1.59912077822954e-14 
4.30445875190105e+01 1.48757047238085e-14 1.49661889252249e-14 
4.31078418724551e+01 1.39190931702262e-14 1.40071140720496e-14 
4.31710962258996e+01 1.30242220319272e-14 1.31097720110660e-14 
4.32343505793442e+01 1.21871327541214e-14 1.22701283438449e-14 
4.32976049327887e+01 1.14040406376230e-14 1.14845001270063e-14 
4.33608592862332e+01 1.06714851954572e-14 1.07493595243928e-14 
4.34241136396778e+01 9.98615831421200e-15 1.00614853546191e-14 
4.34873679931223e+01 9.34503468530018e-15 9.41779250506114e-15 
4.35506223465669e+01 8.74522255003460e-15 8.81546345255971e-15 
4.36138767000114e+01 8.18407685742642e-15 8.25180004378380e-15 
4.36771310534559e+01 7.65906961173592e-15 7.72433764727403e-15 
4.37403854069005e+01 7.16788805423679e-15 7.23071635428236e-15 
4.38036397603450e+01 6.70832202728882e-15 6.76878006596774e-15 
4.38668941137896e+01 6.27834917062447e-15 6.33646455858566e-15 
4.39301484672341e+01 5.87603705863850e-15 5.93188350273378e-15 
4.39934028206787e+01 5.49961713604339e-15 5.55323117471852e-15 
4.40566571741232e+01 5.14739968211766e-15 5.19885713888851e-15 
4.41199115275677e+01 4.81783798048701e-15 4.86718168008393e-15 
4.41831658810123e+01 4.50945442161287e-15 4.55676064979154e-15 
4.42464202344568e+01 4.22089620218992e-15 4.26621194876123e-15 
4.43096745879014e+01 3.95087110046696e-15 3.99427183818470e-15 
4.43729289413459e+01 3.69819582816294e-15 3.73973102203095e-15 
4.44361832947904e+01 3.46174020686235e-15 3.50148355156469e-15 
4.44994376482350e+01 3.24046914585383e-15 3.27847124819917e-15 
4.45626920016795e+01 3.03339411578959e-15 3.06972617985407e-15 
4.46259463551241e+01 2.83960959634063e-15 2.87432233104127e-15 
4.46892007085686e+01 2.65825088898027e-15 2.69141249972535e-15 
4.47524550620131e+01 2.48852576614464e-15 2.52018626531444e-15 
4.48157094154577e+01 2.32967779136178e-15 2.35990204215262e-15 
4.48789637689022e+01 2.18101380438322e-15 2.20985052100405e-15 
4.49422181223468e+01 2.04187202650359e-15 2.06938251776009e-15 
4.50054724757913e+01 1.91164593187952e-15 1.93787717241007e-15 
4.50687268292359e+01 1.78975651099673e-15 1.81476614698176e-15 
4.51319811826804e+01 1.67567300537799e-15 1.69950596007863e-15 
4.51952355361249e+01 1.56888878468470e-15 1.59159901475548e-15 
4.52584898895695e+01 1.46893935873156e-15 1.49056952836953e-15 
4.53217442430140e+01 1.37538139532950e-15 1.39598180752056e-15 
4.53849985964586e+01 1.28780836866862e-15 1.30741930385846e-15 
4.54482529499031e+01 1.20583230716764e-15 1.22450049808932e-15 
4.55115073033476e+01 1.12909738973164e-15 1.14686067393168e-15 
4.55747616567922e+01 1.05726406682507e-15 1.07416572537937e-15 
4.56380160102367e+01 9.90020874881080e-16 1.00609629444124e-15 
4.57012703636813e+01 9.27070620649092e-16 9.42359774382778e-16 
4.57645247171258e+01 8.68140648282843e-16 8.82676503291302e-16 
4.58277790705704e+01 8.12970817672661e-16 8.26790200047012e-16 
4.58910334240149e+01 7.61322427738474e-16 7.74455946058064e-16 
4.59542877774594e+01 7.12967754759030e-16 7.25449259505462e-16 
4.60175421309040e+01 6.67697808510476e-16 6.79555632596968e-16 
4.60807964843485e+01 6.25313227258562e-16 6.36578422555134e-16 
4.61440508377931e+01 5.85631020064546e-16 5.96329742144909e-16 
4.62073051912376e+01 5.48476641726714e-16 5.58637322381139e-16 
4.62705595446822e+01 5.13689854347978e-16 5.23336580498928e-16 
4.63338138981267e+01 4.81117828632927e-16 4.90276588969898e-16 
4.63970682515712e+01 4.50620240264030e-16 4.59313168033241e-16 
4.64603226050158e+01 4.22063264042169e-16 4.30314077916655e-16 
4.65235769584603e+01 3.95324005394258e-16 4.03153002986225e-16 
4.65868313119049e+01 3.70285271289808e-16 3.77714068710670e-16 
4.66500856653494e+01 3.46839423993081e-16 3.53886601815966e-16 
4.67133400187939e+01 3.24883827843526e-16 3.31569060200664e-16 
4.67765943722385e+01 3.04324200902656e-16 3.10664468540253e-16 
4.68398487256830e+01 2.85070649853893e-16 2.91083837788286e-16 
4.69031030791276e+01 2.67040585246238e-16 2.72742188764218e-16 
4.69663574325721e+01 2.50155268211002e-16 2.55561527827089e-16 
4.70296117860166e+01 2.34342346369967e-16 2.39467382358026e-16 
4.70928661394612e+01 2.19532846009838e-16 2.24391390468436e-16 
4.71561204929057e+01 2.05663378227769e-16 2.10268282179124e-16 
4.72193748463503e+01 1.92673518846256e-16 1.97038133448374e-16 
4.72826291997948e+01 1.80507727862574e-16 1.84643735448994e-16 
4.73458835532394e+01 1.69113066898362e-16 1.73032556621499e-16 
4.74091379066839e+01 1.58440869370763e-16 1.62154449927576e-16 
4.74723922601284e+01 1.48444751800615e-16 1.51963360918291e-16 
4.75356466135730e+01 1.39082067218391e-16 1.42415329350942e-16 
4.75989009670175e+01 1.30312172330808e-16 1.33469976291283e-16 
4.76621553204621e+01 1.22097692416401e-16 1.25088762110502e-16 
4.77254096739066e+01 1.14403011288423e-16 1.17236281352561e-16 
4.77886640273511e+01 1.07195372233696e-16 1.09878744084059e-16 
4.78519183807957e+01 1.00443561999050e-16 1.02985103472825e-16 
4.79151727342402e+01 9.41188691169983e-17 9.65257317167800e-17 
4.79784270876848e+01 8.81939368759937e-17 9.04733888117065e-17 
4.80416814411293e+01 8.26435858489565e-17 8.48020185467513e-17 
4.81049357945739e+01 7.74437831386968e-17 7.94876826765604e-17 
4.81681901480184e+01 7.25724880684935e-17 7.45075596558767e-17 
4.82314445014629e+01 6.80087010376141e-17 6.98407338937172e-17 
4.82946988549075e+01 6.37330962875153e-17 6.54672481661211e-17 
4.83579532083520e+01 5.97272622525599e-17 6.13687528914248e-17 
4.84212075617966e+01 5.59742525621594e-17 5.75277407068067e-17 
4.84844619152411e+01 5.24579236552217e-17 5.39281121306824e-17 
4.85477162686856e+01 4.91634146265969e-17 5.05545078576630e-17 
4.86109706221302e+01 4.60765695996356e-17 4.73928016191191e-17 
4.86742249755747e+01 4.31843556435499e-17 4.44295176690405e-17 
4.87374793290193e+01 4.04743590129052e-17 4.16522602501639e-17 
4.88007336824638e+01 3.79351491614588e-17 3.90492053560916e-17 
4.88639880359083e+01 3.55558393625670e-17 3.66094749896998e-17 
4.89272423893529e+01 3.33264038009871e-17 3.43226936912288e-17 
4.89904967427974e+01 3.12372943112971e-17 3.21793147140298e-17 
4.90537510962420e+01 2.92797166214495e-17 3.01702330312567e-17 
4.91170054496865e+01 2.74452960110519e-17 2.82870696305656e-17 
4.91802598031311e+01 2.57263179912622e-17 2.65218337770573e-17 
4.92435141565756e+01 2.41154366117472e-17 2.48671708252555e-17 
4.93067685100201e+01 2.26058841752804e-17 2.33160674435405e-17 
4.93700228634647e+01 2.11912167292893e-17 2.18620676428921e-17 
4.94332772169092e+01 1.98654968167686e-17 2.04990154760284e-17 
4.94965315703538e+01 1.86230713911050e-17 1.92212433743775e-17 
4.95597859237983e+01 1.74587310859461e-17 1.80233475389843e-17 
4.96230402772429e+01 1.63675164039881e-17 1.69003521481081e-17 
4.96862946306874e+01 1.53448565370672e-17 1.58475132701635e-17 
4.97495489841319e+01 1.43864002125856e-17 1.48604620439404e-17 
4.98128033375765e+01 1.34881367024797e-17 1.39350334781215e-17 
4.98760576910210e+01 1.26462481751825e-17 1.30673913054335e-17 
4.99393120444656e+01 1.18572151905972e-17 1.22538784988402e-17 
5.00025663979101e+01 1.11176878098503e-17 1.14910995905178e-17 
5.00658207513546e+01 1.04244649931492e-17 1.07758868009604e-17 
5.01290751047992e+01 9.77453108063344e-18 1.01053040698410e-17 
5.01923294582437e+01 9.16519842613880e-18 9.47651446924509e-18 
5.02555838116883e+01 8.59390735306103e-18 8.88692936875647e-18 
5.03188381651328e+01 8.05829643114168e-18 8.33408088571923e-18 
5.03820925185774e+01 7.55611685057453e-18 7.81569400029326e-18 
5.04453468720219e+01 7.08529373919869e-18 7.32960000467255e-18 
5.05086012254664e+01 6.64385133815647e-18 6.87379943532197e-18 
5.05718555789110e+01 6.22996650431798e-18 6.44638643151511e-18 
5.06351099323555e+01 5.84190332153489e-18 6.04560365675826e-18 
5.06983642858001e+01 5.47805978650570e-18 5.66977618810743e-18 
5.07616186392446e+01 5.13691066283870e-18 5.31735944885570e-18 
5.08248729926891e+01 4.81704822077148e-18 4.98688142472768e-18 
5.08881273461337e+01 4.51713229241677e-18 4.67698449920199e-18 
5.09513816995782e+01 4.23592582435244e-18 4.38637494513916e-18 
5.10146360530228e+01 3.97225122437996e-18 4.11385944016024e-18 
5.10778904064673e+01 3.72502138889307e-18 3.85830091536566e-18 
5.11411447599118e+01 3.49320154667652e-18 3.61865042884161e-18 
5.12043991133564e+01 3.27583633830547e-18 3.39390856933702e-18 
5.12676534668009e+01 3.07201646308546e-18 3.18315327934601e-18 
5.13309078202455e+01 2.88090231393012e-18 2.98550611307618e-18 
5.13941621736900e+01 2.70169482135347e-18 2.80015652502440e-18 
5.14574165271346e+01 2.53365608292628e-18 2.62633237016773e-18 
5.15206708805791e+01 2.37608387490260e-18 2.46332110808745e-18 
5.15839252340236e+01 2.22832965925072e-18 2.31044401068030e-18 
5.16471795874682e+01 2.08977630044350e-18 2.16707467445084e-18 
5.17104339409127e+01 1.95985378414005e-18 2.03261646860312e-18 
5.17736882943573e+01 1.83801973513070e-18 1.90651869803374e-18 
5.18369426478018e+01 1.72377313908759e-18 1.78825647828683e-18 
5.19001970012463e+01 1.61663735889364e-18 1.67734565655399e-18 
5.19634513546909e+01 1.51617201355900e-18 1.57332556697646e-18 
5.20267057081354e+01 1.42195813452333e-18 1.47576902095011e-18 
5.20899600615800e+01 1.33360726054545e-18 1.38426939996180e-18 
5.21532144150245e+01 1.25075146462288e-18 1.29845135842829e-18 
5.22164687684691e+01 1.17305088614841e-18 1.21795901104267e-18 
5.22797231219136e+01 1.10018220168089e-18 1.14246382028824e-18 
5.23429774753581e+01 1.03184660336936e-18 1.07165294335127e-18 
5.24062318288027e+01 9.67759844415154e-19 1.00523744321935e-18 
5.24694861822472e+01 9.07659205288239e-19 9.42942208305905e-19 
5.25327405356918e+01 8.51294787582897e-19 8.84513123387329e-19 
5.25959948891363e+01 7.98435596667868e-19 8.29708252045309e-19 
5.26592492425808e+01 7.48861927062083e-19 7.78304099443843e-19 
5.27225035960254e+01 7.02370673782243e-19 7.30087899067234e-19 
5.27857579494699e+01 6.58768672117653e-19 6.84863082555990e-19 
5.28490123029145e+01 6.17877335649849e-19 6.42442532158926e-19 
5.29122666563590e+01 5.79526830565903e-19 6.02653358202507e-19 
5.29755210098036e+01 5.43560125857678e-19 5.65330996102400e-19 
5.30387753632481e+01 5.09827897396183e-19 5.30323379260978e-19 
5.31020297166926e+01 4.78192064940243e-19 4.97485774714616e-19 
5.31652840701372e+01 4.48521334375777e-19 4.66684428101235e-19 
5.32285384235817e+01 4.20694286672141e-19 4.37792045331728e-19 
5.32917927770263e+01 3.94595478209870e-19 4.10690976535917e-19 
5.33550471304708e+01 3.70118138540734e-19 3.85269262782234e-19 
5.34183014839153e+01 3.47160758795440e-19 3.61423417415287e-19 
5.34815558373599e+01 3.25629447876155e-19 3.39054967018674e-19 
5.35448101908044e+01 3.05434947735205e-19 3.18072881142788e-19 
5.36080645442490e+01 2.86494691321886e-19 2.98390545596313e-19 
5.36713188976935e+01 2.68730191214460e-19 2.79927885091177e-19 
5.37345732511381e+01 2.52068837139060e-19 2.62608714720243e-19 
5.37978276045826e+01 2.36441611160132e-19 2.46362594397357e-19 
5.38610819580271e+01 2.21784657785768e-19 2.31122511173158e-19 
5.39243363114717e+01 2.08037284798364e-19 2.16826499417094e-19 
5.39875906649162e+01 1.95143334768436e-19 2.03415612563335e-19 
5.40508450183608e+01 1.83049435744390e-19 1.90835338677111e-19 
5.41140993718053e+01 1.71706199337921e-19 1.79033825416005e-19 
5.41773537252498e+01 1.61066689982650e-19 1.67963116865230e-19 
5.42406080786944e+01 1.51087471560578e-19 1.57577600040264e-19 
5.43038624321389e+01 1.41727267865440e-19 1.47835085595139e-19 
5.43671167855835e+01 1.32947876952115e-19 1.38695448162564e-19 
5.44303711390280e+01 1.24712998872987e-19 1.30121570675240e-19 
5.44936254924726e+01 1.16989034499021e-19 1.22078154311194e-19 
5.45568798459171e+01 1.09744059598428e-19 1.14532543667588e-19 
5.46201341993616e+01 1.02948522754120e-19 1.07453685114652e-19 
5.46833885528062e+01 9.65743474778976e-20 1.00812847878169e-19 
5.47466429062507e+01 9.05955419948723e-20 9.45827122600788e-20 
5.48098972596953e+01 8.49874133806864e-20 8.87379997794804e-20 
5.48731516131398e+01 7.97271003648797e-20 8.32546750395052e-20 
5.49364059665843e+01 7.47928854848106e-20 7.81104964121195e-20 
5.49996603200289e+01 7.01646606468995e-20 7.32844292104241e-20 
5.50629146734734e+01 6.58234255752047e-20 6.87570948374166e-20 
5.51261690269180e+01 6.17515584631773e-20 6.45100421313713e-20 
5.51894233803625e+01 5.79322019911999e-20 6.05260824806665e-20 
5.52526777338070e+01 5.43497484786441e-20 5.67887726191977e-20 
5.53159320872516e+01 5.09893779522430e-20 5.32828968773522e-20 
5.53791864406961e+01 4.78373677840083e-20 4.99939962491752e-20 
5.54424407941407e+01 4.48806885124620e-20 4.69086898870847e-20 
5.55056951475852e+01 4.21072743382499e-20 4.40142630050670e-20 
5.55689495010298e+01 3.95056694553093e-20 4.12989477790777e-20 
5.56322038544743e+01 3.70652643666716e-20 3.87515627124870e-20 
5.56954582079188e+01 3.47759863938127e-20 3.63617580830410e-20 
5.57587125613634e+01 3.26285061441600e-20 3.41197003238245e-20 
5.58219669148079e+01 3.06139666630577e-20 3.20162865046921e-20 
5.58852212682525e+01 2.87241638339807e-20 3.00428680921394e-20 
5.59484756216970e+01 2.69513093333058e-20 2.81914383833322e-20 
5.60117299751415e+01 2.52881882638896e-20 2.64543907162796e-20 
5.60749843285861e+01 2.37279516808773e-20 2.48246822773584e-20 
5.61382386820306e+01 2.22642543401582e-20 2.32956224519766e-20 
5.62014930354752e+01 2.08910730948567e-20 2.18610159925444e-20 
5.62647473889197e+01 1.96028272744159e-20 2.05149777406732e-20 
5.63280017423643e+01 1.83942197158890e-20 1.92520577638132e-20 
5.63912560958088e+01 1.72603419702012e-20 1.80670791528028e-20 
5.64545104492533e+01 1.61965351383511e-20 1.69552474048193e-20 
5.65177648026979e+01 1.51984818228184e-20 1.59120084133778e-20 
5.65810191561424e+01 1.42620842936810e-20 1.49331440866889e-20 
5.66442735095870e+01 1.33835448599889e-20 1.40146480085071e-20 
5.67075278630315e+01 1.25592592010526e-20 1.31528090291031e-20 
5.67707822164760e+01 1.17858866203696e-20 1.23441023912395e-20 
5.68340365699206e+01 1.10602566485798e-20 1.15852628110702e-20 
5.68972909233651e+01 1.03794304572692e-20 1.08731891397080e-20 
5.69605452768097e+01 9.74061907723733e-21 1.02050082593804e-20 
5.70237996302542e+01 9.14123708777469e-21 9.57799159255038e-21 
5.70870539836988e+01 8.57883100124304e-21 8.98961097104147e-21 
5.71503083371433e+01 8.05112620223293e-21 8.43746551584686e-21 
5.72135626905878e+01 7.55596423077446e-21 7.91933049057991e-21 
5.72768170440324e+01 7.09134382251189e-21 7.43309325978330e-21 
5.73400713974769e+01 6.65536598142035e-21 6.97679601025974e-21 
5.74033257509215e+01 6.24626986450468e-21 6.54857965720325e-21 
5.74665801043660e+01 5.86238467356306e-21 6.14672120536073e-21 
5.75298344578105e+01 5.50216103393700e-21 5.76958461356864e-21 
5.75930888112551e+01 5.16412885613792e-21 5.41565347023062e-21 
5.76563431646996e+01 4.84692477610918e-21 5.08348795039921e-21 
5.77195975181442e+01 4.54925524360486e-21 4.77175339493086e-21 
5.77828518715887e+01 4.26992051975721e-21 4.47918260233291e-21 
5.78461062250333e+01 4.00778234187932e-21 4.20460082660699e-21 
5.79093605784778e+01 3.76178491154209e-21 3.94689274062827e-21 
5.79726149319223e+01 3.53092656663425e-21 3.70502430274519e-21 
5.80358692853669e+01 3.31427813848800e-21 3.47801381117264e-21 
5.80991236388114e+01 3.11095813303130e-21 3.26495103268541e-21 
5.81623779922560e+01 2.92014878775486e-21 3.06497183987358e-21 
5.82256323457005e+01 2.74107432590822e-21 2.87727494570813e-21 
5.82888866991450e+01 2.57301500239453e-21 2.70109967882458e-21 
5.83521410525896e+01 2.41528804930924e-21 2.53574062444222e-21 
5.84153954060341e+01 2.26725996341691e-21 2.38052814824633e-21 
5.84786497594787e+01 2.12832980888352e-21 2.23484120631350e-21 
5.85419041129232e+01 1.99793996716278e-21 2.09809027664521e-21 
5.86051584663678e+01 1.87556150438281e-21 1.96972856769896e-21 
5.86684128198123e+01 1.76070357666383e-21 1.84923705905421e-21 
5.87316671732568e+01 1.65290060603179e-21 1.73613430926658e-21 
5.87949215267014e+01 1.55172050989616e-21 1.62996334428027e-21 
5.88581758801459e+01 1.45675346122811e-21 1.53030024008312e-21 
5.89214302335905e+01 1.36761908970097e-21 1.43674262997945e-21 
5.89846845870350e+01 1.28395662975871e-21 1.34891721546674e-21 
5.90479389404795e+01 1.20543122237446e-21 1.26646969193023e-21 
5.91111932939241e+01 1.13172527904352e-21 1.18907132188404e-21 
5.91744476473686e+01 1.06254399690842e-21 1.11641010355024e-21 
5.92377020008132e+01 9.97607788075148e-22 1.04819652375787e-21 
5.93009563542577e+01 9.36657106690237e-22 9.84155815668414e-22 
5.93642107077022e+01 8.79445811680120e-22 9.24032993897604e-22 
5.94274650611468e+01 8.25745391988474e-22 8.67586066734010e-22 
5.94907194145913e+01 7.75339147209289e-22 8.14590443173285e-22 
5.95539737680359e+01 7.28025886375572e-22 7.64832981685980e-22 
5.96172281214804e+01 6.83614825288160e-22 7.18115847597949e-22 
5.96804824749250e+01 6.41928824792863e-22 6.74251295094140e-22 
5.97437368283695e+01 6.02799916153814e-22 6.33065043537629e-22 
5.98069911818140e+01 5.66072136493210e-22 5.94391702207834e-22 
5.98702455352586e+01 5.31597604542882e-22 5.58077725545411e-22 
5.99334998887031e+01 4.99239003698722e-22 5.23977401342966e-22 
5.99967542421477e+01 4.68866140101979e-22 4.91955437378096e-22 
6.00600085955922e+01 4.40358117448077e-22 4.61883443600834e-22 
6.01232629490368e+01 4.13600317770328e-22 4.33642196035949e-22 
6.01865173024813e+01 3.88486306625569e-22 4.07118552118021e-22 
6.02497716559258e+01 3.64915184326638e-22 3.82207431987661e-22 
6.03130260093704e+01 3.42793255305021e-22 3.58809113664245e-22 
6.03762803628149e+01 3.22031703994997e-22 3.36830966825011e-22 
6.04395347162595e+01 3.02548057958911e-22 3.16185081110190e-22 
6.05027890697040e+01 2.84264148279437e-22 2.96789783067949e-22 
6.05660434231485e+01 2.67107392349901e-22 2.78567556673476e-22 
6.06292977765931e+01 2.51009003581497e-22 2.61446370267020e-22 
6.06925521300376e+01 2.35905116542566e-22 2.45357853439309e-22 
6.07558064834822e+01 2.21735215122160e-22 2.30238457414981e-22 
6.08190608369267e+01 2.08443119890225e-22 2.16027856900859e-22 
6.08823151903712e+01 1.95975607654023e-22 2.02669964412104e-22 
6.09455695438158e+01 1.84283278454915e-22 1.90111529575413e-22 
6.10088238972603e+01 1.73319342776714e-22 1.78303025307134e-22 
6.10720782507049e+01 1.63040383449852e-22 1.67197420478878e-22 
6.11353326041494e+01 1.53405289679219e-22 1.56750953589100e-22 
6.11985869575940e+01 1.44375927254224e-22 1.46922057693798e-22 
6.12618413110385e+01 1.35916201109219e-22 1.37672035225040e-22 
6.13250956644830e+01 1.27992645604563e-22 1.28964116716872e-22 
6.13883500179276e+01 1.20573599560058e-22 1.20764048680310e-22 
6.14516043713721e+01 1.13629726948128e-22 1.13039269960297e-22 
6.15148587248167e+01 1.07133290288970e-22 1.05759423045605e-22 
6.15781130782612e+01 1.01058610856668e-22 9.88956339169568e-23 
6.16413674317057e+01 9.53814280281521e-23 9.24209558247311e-23 
6.17046217851503e+01 9.00793070241232e-23 8.63097402665773e-23 
6.17678761385948e+01 8.51310732923762e-23 8.05380210818370e-23 
6.18311304920394e+01 8.05171748682817e-23 7.50829657600542e-23 
6.18943848454839e+01 7.62191821726387e-23 6.99232066575510e-23 
6.19576391989285e+01 7.22201112643034e-23 6.50383632134663e-23 
6.20208935523730e+01 6.85039805662838e-23 6.04093261724065e-23 
6.20841479058175e+01 6.50561005811690e-23 5.60178424958728e-23 
6.21474022592621e+01 6.18626800466014e-23 5.18467576590976e-23 
6.22106566127066e+01 5.89110870797205e-23 4.78796561139497e-23 
6.22739109661512e+01 5.61894981217700e-23 4.41010660035426e-23 
6.23371653195957e+01 5.36871349598427e-23 4.04961489764441e-23 
6.24004196730402e+01 5.13939505652931e-23 3.70508710167148e-23 
6.24636740264848e+01 4.93008460001880e-23 3.37517362447328e-23 
6.25269283799293e+01 4.73993878985254e-23 3.05859269816847e-23 
6.25901827333739e+01 4.56820088928482e-23 2.75410769139603e-23 
6.26534370868184e+01 4.41417520423900e-23 2.46053829897308e-23 
6.27166914402630e+01 4.27724581054000e-23 2.17674139843486e-23 
6.27799457937075e+01 4.15685326940795e-23 1.90161963535193e-23 
6.28432001471520e+01 4.05251234644710e-23 1.63410548277459e-23 
6.29064545005966e+01 3.96379061828872e-23 1.37316739136316e-23 
6.29697088540411e+01 3.89032547028828e-23 1.11779676761438e-23 
6.30329632074857e+01 3.83180424690656e-23 8.67011817944724e-24 
6.30962175609302e+01 3.78798079957215e-23 6.19847209559957e-24 
6.31594719143747e+01 3.75865686176111e-23 3.75355700229403e-24 
6.32227262678193e+01 3.74369840740750e-23 2.53661637458025e-24 
