Energy(eV)           EEDF(eV^-(3/2))      Anisotropy(eV^-(3/2))
1.32664885257221e-03 2.82994496587270e+00 1.37009651806897e-03 
3.97994655771663e-03 2.82079391659061e+00 1.91695782692227e-03 
6.63324426286106e-03 2.80702963147977e+00 2.78721340934800e-03 
9.28654196800548e-03 2.79179284678989e+00 3.38219877112908e-03 
1.19398396731499e-02 2.77655445875350e+00 3.84110438882269e-03 
1.45931373782943e-02 2.76123113887518e+00 4.22185618056390e-03 
1.72464350834387e-02 2.74625827135005e+00 4.55417349061084e-03 
1.98997327885832e-02 2.73131654343852e+00 4.86086809032799e-03 
2.25530304937276e-02 2.71659336825175e+00 5.12328857068007e-03 
2.52063281988720e-02 2.70212002607165e+00 5.33321290345149e-03 
2.78596259040164e-02 2.68817799271725e+00 5.46984096725636e-03 
3.05129236091609e-02 2.67500481025844e+00 5.59107985968524e-03 
3.31662213143053e-02 2.66224737841201e+00 5.73677466255359e-03 
3.58195190194497e-02 2.64980520677696e+00 5.86241084862254e-03 
3.84728167245941e-02 2.63780010323081e+00 5.94448390237389e-03 
4.11261144297385e-02 2.62633813456706e+00 6.02756505516936e-03 
4.37794121348830e-02 2.61516694303844e+00 6.12266902358984e-03 
4.64327098400274e-02 2.60433134077814e+00 6.19042749528077e-03 
4.90860075451718e-02 2.59389592967607e+00 6.22903250471878e-03 
5.17393052503162e-02 2.58390831977471e+00 6.24666004724013e-03 
5.43926029554607e-02 2.57436765031692e+00 6.24332988714210e-03 
5.70459006606051e-02 2.56531641501690e+00 6.21188186854248e-03 
5.96991983657495e-02 2.55679069380930e+00 6.15238661207583e-03 
6.23524960708939e-02 2.54882028036646e+00 6.06484316848830e-03 
6.50057937760384e-02 2.54142877775944e+00 5.94918330564855e-03 
6.76590914811828e-02 2.53463366267881e+00 5.80527694889221e-03 
7.03123891863272e-02 2.52844631903488e+00 5.67885657919296e-03 
7.29656868914716e-02 2.52267210871935e+00 5.60708316225939e-03 
7.56189845966160e-02 2.51719848214974e+00 5.54781460659639e-03 
7.82722823017605e-02 2.51203685100929e+00 5.47153044304510e-03 
8.09255800069049e-02 2.50719636033523e+00 5.37821592871441e-03 
8.35788777120493e-02 2.50268390492008e+00 5.26783671379057e-03 
8.62321754171937e-02 2.49850414001508e+00 5.14034044987125e-03 
8.88854731223382e-02 2.49465948649699e+00 4.99565871733557e-03 
9.15387708274826e-02 2.49115013072597e+00 4.83370931696766e-03 
9.41920685326270e-02 2.48797401939221e+00 4.65439899072767e-03 
9.68453662377714e-02 2.48512684972176e+00 4.45762666878739e-03 
9.94986639429158e-02 2.48260205548960e+00 4.26647541403918e-03 
1.02151961648060e-01 2.48033702502533e+00 4.13860153711937e-03 
1.04805259353205e-01 2.47821007050819e+00 4.05703969141386e-03 
1.07458557058349e-01 2.47622213687175e+00 3.96626721144634e-03 
1.10111854763494e-01 2.47437352735980e+00 3.86626844165347e-03 
1.12765152468638e-01 2.47266390356455e+00 3.75702491227452e-03 
1.15418450173782e-01 2.47109228490518e+00 3.63851585167869e-03 
1.18071747878927e-01 2.46965704758174e+00 3.51071878663653e-03 
1.20725045584071e-01 2.46835592304534e+00 3.40591267222345e-03 
1.23378343289216e-01 2.46713738031017e+00 3.33808049570722e-03 
1.26031640994360e-01 2.46598712414950e+00 3.27468701976791e-03 
1.28684938699505e-01 2.46490530625958e+00 3.20574914365912e-03 
1.31338236404649e-01 2.46389184687982e+00 3.13126197884154e-03 
1.33991534109793e-01 2.46294643479248e+00 3.05121987955437e-03 
1.36644831814938e-01 2.46206852722768e+00 2.96561657975380e-03 
1.39298129520082e-01 2.46125734967900e+00 2.87444535188924e-03 
1.41951427225227e-01 2.46051189563567e+00 2.77769919277745e-03 
1.44604724930371e-01 2.45983092623804e+00 2.67537104422001e-03 
1.47258022635515e-01 2.45921296986404e+00 2.56745405980113e-03 
1.49911320340660e-01 2.45865632165493e+00 2.46754852114848e-03 
1.52564618045804e-01 2.45814703312323e+00 2.39352064786764e-03 
1.55217915750949e-01 2.45767061698397e+00 2.33275149858070e-03 
1.57871213456093e-01 2.45722671842128e+00 2.26852536991324e-03 
1.60524511161238e-01 2.45681489328601e+00 2.20084026226645e-03 
1.63177808866382e-01 2.45643460803234e+00 2.12969418113060e-03 
1.65831106571526e-01 2.45608523964102e+00 2.05508521595113e-03 
1.68484404276671e-01 2.45576607553076e+00 1.97701163664900e-03 
1.71137701981815e-01 2.45547631345905e+00 1.91860150612605e-03 
1.73790999686960e-01 2.45520128995907e+00 1.88420155665369e-03 
1.76444297392104e-01 2.45493988353782e+00 1.84978194602936e-03 
1.79097595097249e-01 2.45469203449284e+00 1.81347929141075e-03 
1.81750892802393e-01 2.45445765663619e+00 1.77529324339660e-03 
1.84404190507537e-01 2.45423663729205e+00 1.73522342691286e-03 
1.87057488212682e-01 2.45402883729232e+00 1.69326945209190e-03 
1.89710785917826e-01 2.45383409097046e+00 1.64943092692083e-03 
1.92364083622971e-01 2.45365220615346e+00 1.60370747212739e-03 
1.95017381328115e-01 2.45348296415236e+00 1.55609873891869e-03 
1.97670679033259e-01 2.45332611975112e+00 1.50660443032119e-03 
2.00323976738404e-01 2.45318140119426e+00 1.47422620295875e-03 
2.02977274443548e-01 2.45304112199714e+00 1.47251995381927e-03 
2.05630572148693e-01 2.45290076376800e+00 1.48239674120756e-03 
2.08283869853837e-01 2.45276036108581e+00 1.49203291369577e-03 
2.10937167558982e-01 2.45261994809537e+00 1.50142853437900e-03 
2.13590465264126e-01 2.45247955850739e+00 1.51058366637215e-03 
2.16243762969270e-01 2.45233922559868e+00 1.51949837276252e-03 
2.18897060674415e-01 2.45219898221230e+00 1.52817271657496e-03 
2.21550358379559e-01 2.45205886075769e+00 1.53660676074069e-03 
2.24203656084704e-01 2.45191889321087e+00 1.54480056806962e-03 
2.26856953789848e-01 2.45177911111457e+00 1.55275420121432e-03 
2.29510251494993e-01 2.45163954557840e+00 1.56046772262750e-03 
2.32163549200137e-01 2.45150022727904e+00 1.56794119452281e-03 
2.34816846905281e-01 2.45136118646037e+00 1.57517467884667e-03 
2.37470144610426e-01 2.45122245293369e+00 1.58216823726413e-03 
2.40123442315570e-01 2.45108405607785e+00 1.58892193112376e-03 
2.42776740020715e-01 2.45094602483945e+00 1.59543582140821e-03 
2.45430037725859e-01 2.45080838773302e+00 1.60170996870867e-03 
2.48083335431004e-01 2.45067117284117e+00 1.60774443321377e-03 
2.50736633136148e-01 2.45053440781480e+00 1.64117874817967e-03 
2.53389930841292e-01 2.45038877362979e+00 1.70990791320020e-03 
2.56043228546437e-01 2.45023109118316e+00 1.78727112322210e-03 
2.58696526251581e-01 2.45006077729740e+00 1.86584012499996e-03 
2.61349823956726e-01 2.44987723796213e+00 1.94561206730530e-03 
2.64003121661870e-01 2.44967986838264e+00 2.02658395063453e-03 
2.66656419367014e-01 2.44946805303122e+00 2.10875262072388e-03 
2.69309717072159e-01 2.44924116570153e+00 2.19211476220363e-03 
2.71963014777303e-01 2.44899856956610e+00 2.27666689240057e-03 
2.74616312482448e-01 2.44873961723700e+00 2.36240535523727e-03 
2.77269610187592e-01 2.44846365082982e+00 2.44932631517572e-03 
2.79922907892737e-01 2.44817000203108e+00 2.53742575121801e-03 
2.82576205597881e-01 2.44785799216912e+00 2.62669945094307e-03 
2.85229503303025e-01 2.44752693228868e+00 2.71714300454854e-03 
2.87882801008170e-01 2.44717612322918e+00 2.80875179892280e-03 
2.90536098713314e-01 2.44680485570680e+00 2.90152101172214e-03 
2.93189396418459e-01 2.44641241040060e+00 2.99544560544872e-03 
2.95842694123603e-01 2.44599805804260e+00 3.09052032151811e-03 
2.98495991828748e-01 2.44556105951213e+00 3.18673967432108e-03 
3.01149289533892e-01 2.44510066593437e+00 3.29492859880521e-03 
3.03802587239036e-01 2.44460996236613e+00 3.41542589660228e-03 
3.06455884944181e-01 2.44408732097376e+00 3.53813381568424e-03 
3.09109182649325e-01 2.44353152408891e+00 3.66231782724601e-03 
3.11762480354470e-01 2.44294133772260e+00 3.78796698310635e-03 
3.14415778059614e-01 2.44231551181768e+00 3.91506984304587e-03 
3.17069075764759e-01 2.44165278051338e+00 4.04361446197658e-03 
3.19722373469903e-01 2.44095186242205e+00 4.17358837723302e-03 
3.22375671175047e-01 2.44021146091855e+00 4.30497859592261e-03 
3.25028968880192e-01 2.43943026444247e+00 4.43777158236278e-03 
3.27682266585336e-01 2.43860694681348e+00 4.57195324565166e-03 
3.30335564290481e-01 2.43774016756023e+00 4.70750892730880e-03 
3.32988861995625e-01 2.43682857226286e+00 4.84442338903301e-03 
3.35642159700769e-01 2.43587079290961e+00 4.98268080058212e-03 
3.38295457405914e-01 2.43486544826762e+00 5.12226472777037e-03 
3.40948755111058e-01 2.43381114426837e+00 5.26315812063034e-03 
3.43602052816203e-01 2.43270647440780e+00 5.40534330170928e-03 
3.46255350521347e-01 2.43155002016163e+00 5.54880195453014e-03 
3.48908648226492e-01 2.43034035141586e+00 5.69427281063842e-03 
3.51561945931636e-01 2.42907537313114e+00 5.84955469141170e-03 
3.54215243636780e-01 2.42774670161523e+00 6.01363709409901e-03 
3.56868541341925e-01 2.42635248354698e+00 6.17909863298762e-03 
3.59521839047069e-01 2.42489085234676e+00 6.34591155120856e-03 
3.62175136752214e-01 2.42335992891960e+00 6.51404711550244e-03 
3.64828434457358e-01 2.42175782242454e+00 6.68347560160804e-03 
3.67481732162503e-01 2.42008263107080e+00 6.85416628016577e-03 
3.70135029867647e-01 2.41833244294076e+00 7.02608740315139e-03 
3.72788327572791e-01 2.41650533684016e+00 7.19920619086013e-03 
3.75441625277936e-01 2.41459938317572e+00 7.37348881947866e-03 
3.78094922983080e-01 2.41261264486040e+00 7.54890040928786e-03 
3.80748220688225e-01 2.41054317824631e+00 7.72540501351476e-03 
3.83401518393369e-01 2.40838903408569e+00 7.90296560786942e-03 
3.86054816098513e-01 2.40614825851980e+00 8.08154408081286e-03 
3.88708113803658e-01 2.40381889409591e+00 8.26110122458206e-03 
3.91361411508802e-01 2.40139898081251e+00 8.44159672700010e-03 
3.94014709213947e-01 2.39888655719253e+00 8.62298916410940e-03 
3.96668006919091e-01 2.39627966138478e+00 8.80523599368115e-03 
3.99321304624236e-01 2.39357633229332e+00 8.98741125751619e-03 
4.01974602329380e-01 2.39077569363536e+00 9.16675645403989e-03 
4.04627900034524e-01 2.38787924677507e+00 9.34415113161261e-03 
4.07281197739669e-01 2.38488520709714e+00 9.52218210667768e-03 
4.09934495444813e-01 2.38179179525541e+00 9.70080520773596e-03 
4.12587793149958e-01 2.37859723827936e+00 9.87997525387396e-03 
4.15241090855102e-01 2.37529977070316e+00 1.00596460551961e-02 
4.17894388560247e-01 2.37189763571682e+00 1.02397704142342e-02 
4.20547686265391e-01 2.36838908633918e+00 1.04203001283178e-02 
4.23200983970535e-01 2.36477238661224e+00 1.06011859929797e-02 
4.25854281675680e-01 2.36104581281652e+00 1.07823778064126e-02 
4.28507579380824e-01 2.35720765470688e+00 1.09638243749896e-02 
4.31160877085969e-01 2.35325621676829e+00 1.11454735198921e-02 
4.33814174791113e-01 2.34918981949101e+00 1.13272720848644e-02 
4.36467472496258e-01 2.34500680066457e+00 1.15091659451180e-02 
4.39120770201402e-01 2.34070551668988e+00 1.16911000174132e-02 
4.41774067906546e-01 2.33628434390878e+00 1.18730182713503e-02 
4.44427365611691e-01 2.33174167995022e+00 1.20548637418802e-02 
4.47080663316835e-01 2.32707594509246e+00 1.22365785430599e-02 
4.49733961021980e-01 2.32228558364019e+00 1.24181038830872e-02 
4.52387258727124e-01 2.31736906531593e+00 1.25993800806131e-02 
4.55040556432268e-01 2.31232488666460e+00 1.27803465823626e-02 
4.57693854137413e-01 2.30715157247035e+00 1.29609419820935e-02 
4.60347151842557e-01 2.30184767718464e+00 1.31411040408879e-02 
4.63000449547702e-01 2.29641178636446e+00 1.33207697087972e-02 
4.65653747252846e-01 2.29084251811954e+00 1.34998751478631e-02 
4.68307044957991e-01 2.28513852456742e+00 1.36783557565242e-02 
4.70960342663135e-01 2.27929849329517e+00 1.38561461954086e-02 
4.73613640368279e-01 2.27332114882640e+00 1.40331804145362e-02 
4.76266938073424e-01 2.26720525409239e+00 1.42093916819182e-02 
4.78920235778568e-01 2.26094961190579e+00 1.43847126135757e-02 
4.81573533483713e-01 2.25455306643570e+00 1.45590752049829e-02 
4.84226831188857e-01 2.24801450468251e+00 1.47324108639155e-02 
4.86880128894002e-01 2.24133285795099e+00 1.49046504447200e-02 
4.89533426599146e-01 2.23450710332030e+00 1.50757242839964e-02 
4.92186724304290e-01 2.22753626510907e+00 1.52455622376873e-02 
4.94840022009435e-01 2.22041941633412e+00 1.54140937195730e-02 
4.97493319714579e-01 2.21315568016102e+00 1.55812477411489e-02 
5.00146617419724e-01 2.20574423134495e+00 1.57458847460166e-02 
5.02799915124868e-01 2.19818639384015e+00 1.59071093388216e-02 
5.05453212830013e-01 2.19048317642294e+00 1.60659307476741e-02 
5.08106510535157e-01 2.18263397250776e+00 1.62231247396015e-02 
5.10759808240301e-01 2.17463823005355e+00 1.63786221879438e-02 
5.13413105945446e-01 2.16649545282715e+00 1.65323538504873e-02 
5.16066403650590e-01 2.15820520164698e+00 1.66842504152510e-02 
5.18719701355735e-01 2.14976709560550e+00 1.68342425473862e-02 
5.21372999060879e-01 2.14118081326853e+00 1.69822609371536e-02 
5.24026296766024e-01 2.13244609384973e+00 1.71282363489500e-02 
5.26679594471168e-01 2.12356273835839e+00 1.72720996713373e-02 
5.29332892176312e-01 2.11453061071887e+00 1.74137819680541e-02 
5.31986189881457e-01 2.10534963885963e+00 1.75532145299576e-02 
5.34639487586601e-01 2.09601981577027e+00 1.76903289278564e-02 
5.37292785291746e-01 2.08654120052466e+00 1.78250570661908e-02 
5.39946082996890e-01 2.07691391926828e+00 1.79573312375013e-02 
5.42599380702034e-01 2.06713816616803e+00 1.80870841776559e-02 
5.45252678407179e-01 2.05721420432268e+00 1.82142491217675e-02 
5.47905976112323e-01 2.04714236663214e+00 1.83387598607477e-02 
5.50559273817468e-01 2.03692305662367e+00 1.84605507984483e-02 
5.53212571522612e-01 2.02655674923340e+00 1.85795570093219e-02 
5.55865869227756e-01 2.01604399154129e+00 1.86957142965482e-02 
5.58519166932901e-01 2.00538540345776e+00 1.88089592505472e-02 
5.61172464638045e-01 1.99458167836038e+00 1.89192293078271e-02 
5.63825762343190e-01 1.98363358367876e+00 1.90264628100974e-02 
5.66479060048334e-01 1.97254196142622e+00 1.91305990635683e-02 
5.69132357753479e-01 1.96130772867628e+00 1.92315783983672e-02 
5.71785655458623e-01 1.94993187798274e+00 1.93293422280011e-02 
5.74438953163767e-01 1.93841547774150e+00 1.94238331087851e-02 
5.77092250868912e-01 1.92675967249284e+00 1.95149947991611e-02 
5.79745548574056e-01 1.91496568316255e+00 1.96027723188262e-02 
5.82398846279201e-01 1.90303480724062e+00 1.96871120075883e-02 
5.85052143984345e-01 1.89096841889611e+00 1.97679615838734e-02 
5.87705441689490e-01 1.87876796902686e+00 1.98452702027921e-02 
5.90358739394634e-01 1.86643498524299e+00 1.99189885136816e-02 
5.93012037099778e-01 1.85397107178280e+00 1.99890687170460e-02 
5.95665334804923e-01 1.84137790936025e+00 2.00554646208031e-02 
5.98318632510067e-01 1.82865725494281e+00 2.01181316957469e-02 
6.00971930215212e-01 1.81581094145887e+00 2.01770271301420e-02 
6.03625227920356e-01 1.80284087743382e+00 2.02321098833638e-02 
6.06278525625501e-01 1.78974904655409e+00 2.02833407384944e-02 
6.08931823330645e-01 1.77653750715839e+00 2.03306823537852e-02 
6.11585121035789e-01 1.76320839165568e+00 2.03740993128967e-02 
6.14238418740934e-01 1.74976390586929e+00 2.04135581738309e-02 
6.16891716446078e-01 1.73620632830686e+00 2.04490275164659e-02 
6.19545014151223e-01 1.72253800935577e+00 2.04804779886146e-02 
6.22198311856367e-01 1.70876137040387e+00 2.05078823505113e-02 
6.24851609561512e-01 1.69487890288552e+00 2.05312155176363e-02 
6.27504907266656e-01 1.68089316725277e+00 2.05504546018161e-02 
6.30158204971800e-01 1.66680679187202e+00 2.05655789504999e-02 
6.32811502676945e-01 1.65262247184622e+00 2.05765701841375e-02 
6.35464800382089e-01 1.63834296776310e+00 2.05834122315766e-02 
6.38118098087234e-01 1.62397110436978e+00 2.05860913634058e-02 
6.40771395792378e-01 1.60950976917445e+00 2.05845962231730e-02 
6.43424693497523e-01 1.59496191097569e+00 2.05789178563937e-02 
6.46077991202667e-01 1.58033053832034e+00 2.05690497372927e-02 
6.48731288907811e-01 1.56561871789079e+00 2.05549877932074e-02 
6.51384586612956e-01 1.55082957282277e+00 2.05367304265883e-02 
6.54037884318100e-01 1.53596628095475e+00 2.05142785345319e-02 
6.56691182023245e-01 1.52103207301029e+00 2.04876355257955e-02 
6.59344479728389e-01 1.50603023071466e+00 2.04568073352379e-02 
6.61997777433533e-01 1.49096408484732e+00 2.04218024356296e-02 
6.64651075138678e-01 1.47583701323180e+00 2.03826318467922e-02 
6.67304372843822e-01 1.46065243866482e+00 2.03393091420201e-02 
6.69957670548967e-01 1.44541382678639e+00 2.02918504517446e-02 
6.72610968254111e-01 1.43012468389293e+00 2.02402744644116e-02 
6.75264265959256e-01 1.41478855469543e+00 2.01846024245351e-02 
6.77917563664400e-01 1.39940902002489e+00 2.01248581279051e-02 
6.80570861369544e-01 1.38398969448727e+00 2.00610679139261e-02 
6.83224159074689e-01 1.36853422407029e+00 1.99932606550672e-02 
6.85877456779833e-01 1.35304628370475e+00 1.99214677434201e-02 
6.88530754484978e-01 1.33752957478266e+00 1.98457230743479e-02 
6.91184052190122e-01 1.32198782263507e+00 1.97660630272281e-02 
6.93837349895267e-01 1.30642477397234e+00 1.96825264432901e-02 
6.96490647600411e-01 1.29084419428955e+00 1.95951546005543e-02 
6.99143945305555e-01 1.27524986524008e+00 1.95039247969426e-02 
7.01797243010700e-01 1.25964583069033e+00 1.94085834982913e-02 
7.04450540715844e-01 1.24403703585873e+00 1.93092668701331e-02 
7.07103838420989e-01 1.22842725770379e+00 1.92063471286207e-02 
7.09757136126133e-01 1.21282027765662e+00 1.90998771352587e-02 
7.12410433831277e-01 1.19721987893208e+00 1.89899119296996e-02 
7.15063731536422e-01 1.18162984382821e+00 1.88765086854344e-02 
7.17717029241566e-01 1.16605395101715e+00 1.87597266629149e-02 
7.20370326946711e-01 1.15049597283094e+00 1.86396271601588e-02 
7.23023624651855e-01 1.13495967254545e+00 1.85162734608926e-02 
7.25676922357000e-01 1.11944880166583e+00 1.83897307802959e-02 
7.28330220062144e-01 1.10396709721678e+00 1.82600662084184e-02 
7.30983517767288e-01 1.08851827904110e+00 1.81273486513321e-02 
7.33636815472433e-01 1.07310604710982e+00 1.79916487701020e-02 
7.36290113177577e-01 1.05773407884735e+00 1.78530389176520e-02 
7.38943410882722e-01 1.04240602647500e+00 1.77115930736079e-02 
7.41596708587866e-01 1.02712551437621e+00 1.75673867772104e-02 
7.44250006293011e-01 1.01189613648694e+00 1.74204970583849e-02 
7.46903303998155e-01 9.96721453714338e-01 1.72710023670652e-02 
7.49556601703299e-01 9.81604991387210e-01 1.71189825008698e-02 
7.52209899408444e-01 9.66550236741354e-01 1.69645185312344e-02 
7.54863197113588e-01 9.51560636443074e-01 1.68076927280998e-02 
7.57516494818733e-01 9.36639594153976e-01 1.66485884832692e-02 
7.60169792523877e-01 9.21790468140169e-01 1.64872902325424e-02 
7.62823090229022e-01 9.07016568928907e-01 1.63238833767404e-02 
7.65476387934166e-01 8.92321157015627e-01 1.61584542017329e-02 
7.68129685639310e-01 8.77707440624304e-01 1.59910897975892e-02 
7.70782983344455e-01 8.63178573523908e-01 1.58218779769695e-02 
7.73436281049599e-01 8.48737652903729e-01 1.56509071928739e-02 
7.76089578754744e-01 8.34387717310183e-01 1.54782664558755e-02 
7.78742876459888e-01 8.20131744647659e-01 1.53040452509551e-02 
7.81396174165032e-01 8.05972650245852e-01 1.51283334540627e-02 
7.84049471870177e-01 7.91913284995922e-01 1.49512212485272e-02 
7.86702769575321e-01 7.77956433557707e-01 1.47727990414401e-02 
7.89356067280466e-01 7.64104812640110e-01 1.45931573801344e-02 
7.92009364985610e-01 7.50361069356668e-01 1.44123868688823e-02 
7.94662662690755e-01 7.36727779658162e-01 1.42305780859335e-02 
7.97315960395899e-01 7.23207446844046e-01 1.40478215010170e-02 
7.99969258101043e-01 7.09802500154304e-01 1.38642073934239e-02 
8.02622555806188e-01 6.96515293443229e-01 1.36798257707936e-02 
8.05275853511332e-01 6.83348103936498e-01 1.34947662887181e-02 
8.07929151216477e-01 6.70303131072752e-01 1.33091181712799e-02 
8.10582448921621e-01 6.57382495430779e-01 1.31229701326379e-02 
8.13235746626766e-01 6.44588237743241e-01 1.29364102997708e-02 
8.15889044331910e-01 6.31922317997750e-01 1.27495261364882e-02 
8.18542342037054e-01 6.19386614625962e-01 1.25624043688122e-02 
8.21195639742199e-01 6.06982923781198e-01 1.23751309118349e-02 
8.23848937447343e-01 5.94712958704987e-01 1.21877907981480e-02 
8.26502235152488e-01 5.82578349182739e-01 1.20004681079426e-02 
8.29155532857632e-01 5.70580641088666e-01 1.18132459008698e-02 
8.31808830562777e-01 5.58721296019870e-01 1.16262061497524e-02 
8.34462128267921e-01 5.47001691019431e-01 1.14394296762297e-02 
8.37115425973065e-01 5.35423118388126e-01 1.12529960884170e-02 
8.39768723678210e-01 5.23986785584342e-01 1.10669837206560e-02 
8.42422021383354e-01 5.12693815211533e-01 1.08814695754269e-02 
8.45075319088499e-01 5.01545245092502e-01 1.06965292674904e-02 
8.47728616793643e-01 4.90542028429608e-01 1.05122369703207e-02 
8.50381914498787e-01 4.79685034049890e-01 1.03286653648880e-02 
8.53035212203932e-01 4.68975046733978e-01 1.01458855908440e-02 
8.55688509909076e-01 4.58412767627510e-01 9.96396720015725e-03 
8.58341807614221e-01 4.47998814733692e-01 9.78297811324174e-03 
8.60995105319365e-01 4.37733723485472e-01 9.60298457761751e-03 
8.63648403024510e-01 4.27617947395737e-01 9.42405112913584e-03 
8.66301700729654e-01 4.17651858783801e-01 9.24624055579645e-03 
8.68954998434798e-01 4.07835749576346e-01 9.06961386418134e-03 
8.71608296139943e-01 3.98169832180896e-01 8.89423024852161e-03 
8.74261593845087e-01 3.88654240429802e-01 8.72014706241032e-03 
8.76914891550232e-01 3.79289030592615e-01 8.54741979316968e-03 
8.79568189255376e-01 3.70074182454650e-01 8.37610203887586e-03 
8.82221486960520e-01 3.61009600459461e-01 8.20624548803866e-03 
8.84874784665665e-01 3.52095114912874e-01 8.03789990192933e-03 
8.87528082370809e-01 3.43330483246147e-01 7.87111309954523e-03 
8.90181380075954e-01 3.34715391335778e-01 7.70593094519477e-03 
8.92834677781098e-01 3.26249454877396e-01 7.54239733868220e-03 
8.95487975486243e-01 3.17932220811166e-01 7.38055420806579e-03 
8.98141273191387e-01 3.09763168796027e-01 7.22044150496090e-03 
9.00794570896531e-01 3.01741712730105e-01 7.06209720235415e-03 
9.03447868601676e-01 2.93867202314563e-01 6.90555729488923e-03 
9.06101166306820e-01 2.86138924658131e-01 6.75085580158358e-03 
9.08754464011965e-01 2.78556105919569e-01 6.59802477093019e-03 
9.11407761717109e-01 2.71117912985228e-01 6.44709428833452e-03 
9.14061059422254e-01 2.63823455178941e-01 6.29809248583426e-03 
9.16714357127398e-01 2.56671786001407e-01 6.15104555404545e-03 
9.19367654832542e-01 2.49661904896266e-01 6.00597775627604e-03 
9.22020952537687e-01 2.42792759040057e-01 5.86291144474429e-03 
9.24674250242831e-01 2.36063245153247e-01 5.72186707883772e-03 
9.27327547947976e-01 2.29472211329564e-01 5.58286324534459e-03 
9.29980845653120e-01 2.23018458880859e-01 5.44591668058824e-03 
9.32634143358265e-01 2.16700744194758e-01 5.31104229439238e-03 
9.35287441063409e-01 2.10517780602406e-01 5.17825319580355e-03 
9.37940738768553e-01 2.04468240253608e-01 5.04756072049483e-03 
9.40594036473698e-01 1.98550755996762e-01 4.91897445977313e-03 
9.43247334178842e-01 1.92763923260962e-01 4.79250229111248e-03 
9.45900631883987e-01 1.87106301937754e-01 4.66815041013244e-03 
9.48553929589131e-01 1.81576418260033e-01 4.54592336394131e-03 
9.51207227294276e-01 1.76172766675664e-01 4.42582408576295e-03 
9.53860524999420e-01 1.70893811713432e-01 4.30785393076418e-03 
9.56513822704564e-01 1.65737989839027e-01 4.19201271300110e-03 
9.59167120409709e-01 1.60703711298800e-01 4.07829874340131e-03 
9.61820418114853e-01 1.55789361949121e-01 3.96670886869909e-03 
9.64473715819998e-01 1.50993305069225e-01 3.85723851124135e-03 
9.67127013525142e-01 1.46313883155521e-01 3.74988170958190e-03 
9.69780311230287e-01 1.41749419695400e-01 3.64463115978240e-03 
9.72433608935431e-01 1.37298220918660e-01 3.54147825733896e-03 
9.75086906640575e-01 1.32958577524772e-01 3.44041313965425e-03 
9.77740204345720e-01 1.28728766384233e-01 3.34142472897588e-03 
9.80393502050864e-01 1.24607052212415e-01 3.24450077572302e-03 
9.83046799756009e-01 1.20591689214326e-01 3.14962790212437e-03 
9.85700097461153e-01 1.16680922698845e-01 3.05679164609227e-03 
9.88353395166297e-01 1.12872990661037e-01 2.96597650525916e-03 
9.91006692871442e-01 1.09166125331276e-01 2.87716598110411e-03 
9.93659990576586e-01 1.05558554689949e-01 2.79034262309904e-03 
9.96313288281731e-01 1.02048503946647e-01 2.70548807280619e-03 
9.98966585986875e-01 9.86341969828055e-02 2.62255614320419e-03 
1.00161988369202e+00 9.53141658144867e-02 2.54132391957548e-03 
1.00427318139716e+00 9.20889995768876e-02 2.46183587663307e-03 
1.00692647910231e+00 8.89566514335784e-02 2.38434614728157e-03 
1.00957977680745e+00 8.59150942020421e-02 2.30882332798096e-03 
1.01223307451260e+00 8.29623210854555e-02 2.23523580175611e-03 
1.01488637221774e+00 8.00963463659278e-02 2.16355177043113e-03 
1.01753966992289e+00 7.73152060595324e-02 2.09373928607826e-03 
1.02019296762803e+00 7.46169585335133e-02 2.02576628166455e-03 
1.02284626533317e+00 7.19996850860841e-02 1.95960060088146e-03 
1.02549956303832e+00 6.94614904892777e-02 1.89521002714417e-03 
1.02815286074346e+00 6.70005034953408e-02 1.83256231174894e-03 
1.03080615844861e+00 6.46148773072008e-02 1.77162520117877e-03 
1.03345945615375e+00 6.23027900135676e-02 1.71236646354890e-03 
1.03611275385890e+00 6.00624449892599e-02 1.65475391418551e-03 
1.03876605156404e+00 5.78920712613782e-02 1.59875544033251e-03 
1.04141934926919e+00 5.57899238419715e-02 1.54433902498267e-03 
1.04407264697433e+00 5.37542840278699e-02 1.49147276983087e-03 
1.04672594467947e+00 5.17834596683799e-02 1.44012491734877e-03 
1.04937924238462e+00 4.98757854015576e-02 1.39026387198146e-03 
1.05203254008976e+00 4.80296228598003e-02 1.34185822046784e-03 
1.05468583779491e+00 4.62433608455065e-02 1.29487675128824e-03 
1.05733913550005e+00 4.45154154775793e-02 1.24928847324335e-03 
1.05999243320520e+00 4.28442303095551e-02 1.20506263317037e-03 
1.06264573091034e+00 4.12282764201558e-02 1.16216873280284e-03 
1.06529902861549e+00 3.96660524770741e-02 1.12057654478220e-03 
1.06795232632063e+00 3.81560847748073e-02 1.08025612782982e-03 
1.07060562402577e+00 3.66969272473662e-02 1.04117784108920e-03 
1.07325892173092e+00 3.52871614566893e-02 1.00331235764944e-03 
1.07591221943606e+00 3.39253965575986e-02 9.66630677261145e-04 
1.07856551714121e+00 3.26102692401352e-02 9.31104138257576e-04 
1.08121881484635e+00 3.13404436501142e-02 8.96704428694141e-04 
1.08387211255150e+00 3.01146112887409e-02 8.63403596720092e-04 
1.08652541025664e+00 2.89314908921257e-02 8.31174060197127e-04 
1.08917870796179e+00 2.77898282915347e-02 7.99988615580113e-04 
1.09183200566693e+00 2.66883962552104e-02 7.69820446075655e-04 
1.09448530337207e+00 2.56259943125883e-02 7.40643129094863e-04 
1.09713860107722e+00 2.46014485617327e-02 7.12430643017118e-04 
1.09979189878236e+00 2.36136114608066e-02 6.85157373282042e-04 
1.10244519648751e+00 2.26613616043815e-02 6.58798117827149e-04 
1.10509849419265e+00 2.17436034853853e-02 6.33328091889231e-04 
1.10775179189780e+00 2.08592672434755e-02 6.08722932187595e-04 
1.11040508960294e+00 2.00073084006135e-02 5.84958700507578e-04 
1.11305838730809e+00 1.91867075846053e-02 5.62011886702996e-04 
1.11571168501323e+00 1.83964702413612e-02 5.39859411136337e-04 
1.11836498271837e+00 1.76356263366110e-02 5.18478626575614e-04 
1.12101828042352e+00 1.69032300478022e-02 4.97847319566833e-04 
1.12367157812866e+00 1.61983594468896e-02 4.77943711301153e-04 
1.12632487583381e+00 1.55201161747123e-02 4.58746457995788e-04 
1.12897817353895e+00 1.48676251076369e-02 4.40234650807632e-04 
1.13163147124410e+00 1.42400340171313e-02 4.22387815298631e-04 
1.13428476894924e+00 1.36365132229140e-02 4.05185910471726e-04 
1.13693806665439e+00 1.30562552403118e-02 3.88609327396144e-04 
1.13959136435953e+00 1.24984744224352e-02 3.72638887440641e-04 
1.14224466206467e+00 1.19624065977694e-02 3.57255840133114e-04 
1.14489795976982e+00 1.14473087037574e-02 3.42441860664820e-04 
1.14755125747496e+00 1.09524584169339e-02 3.28179047057225e-04 
1.15020455518011e+00 1.04771537801532e-02 3.14449917009215e-04 
1.15285785288525e+00 1.00207128274330e-02 3.01237404442173e-04 
1.15551115059040e+00 9.58247320691959e-03 2.88524855760129e-04 
1.15816444829554e+00 9.16179180246112e-03 2.76296025841885e-04 
1.16081774600068e+00 8.75804435425737e-03 2.64535073781682e-04 
1.16347104370583e+00 8.37062507903595e-03 2.53226558394651e-04 
1.16612434141097e+00 7.99894629018695e-03 2.42355433502957e-04 
1.16877763911612e+00 7.64243801826975e-03 2.31907043018137e-04 
1.17143093682126e+00 7.30054763228764e-03 2.21867115834796e-04 
1.17408423452641e+00 6.97273946210834e-03 2.12221760550425e-04 
1.17673753223155e+00 6.65849442239043e-03 2.02957460025721e-04 
1.17939082993670e+00 6.35730963835853e-03 1.94061065799362e-04 
1.18204412764184e+00 6.06869807375270e-03 1.85519792370821e-04 
1.18469742534698e+00 5.79218816126045e-03 1.77321211364356e-04 
1.18735072305213e+00 5.52732343572319e-03 1.69453245586912e-04 
1.19000402075727e+00 5.27366217039232e-03 1.61904162992252e-04 
1.19265731846242e+00 5.03077701649404e-03 1.54662570563197e-04 
1.19531061616756e+00 4.79825464634618e-03 1.47717408123450e-04 
1.19796391387271e+00 4.57569540025476e-03 1.41057942090044e-04 
1.20061721157785e+00 4.36271293740293e-03 1.34674055459978e-04 
1.20327050928300e+00 4.15888419655220e-03 1.28555561849675e-04 
1.20592380698814e+00 3.96383836306572e-03 1.22690780853754e-04 
1.20857710469328e+00 3.77723603284130e-03 1.17069844123319e-04 
1.21123040239843e+00 3.59874894767314e-03 1.11683857434588e-04 
1.21388370010357e+00 3.42805972456466e-03 1.06524188421444e-04 
1.21653699780872e+00 3.26486158706732e-03 1.01582461917185e-04 
1.21919029551386e+00 3.10885809887455e-03 9.68505552253287e-05 
1.22184359321901e+00 2.95976289988616e-03 9.23205933295388e-05 
1.22449689092415e+00 2.81729944494480e-03 8.79849440523064e-05 
1.22715018862930e+00 2.68120074543225e-03 8.38362131716688e-05 
1.22980348633444e+00 2.55120911390079e-03 7.98672395048358e-05 
1.23245678403958e+00 2.42707591190151e-03 7.60710899672167e-05 
1.23511008174473e+00 2.30856130115942e-03 7.24410546149485e-05 
1.23776337944987e+00 2.19543399823283e-03 6.89706416786588e-05 
1.24041667715502e+00 2.08747103278280e-03 6.56535725958110e-05 
1.24306997486016e+00 1.98445750956723e-03 6.24837770486131e-05 
1.24572327256531e+00 1.88618637426285e-03 5.94553880141067e-05 
1.24837657027045e+00 1.79245818320788e-03 5.65627368326928e-05 
1.25102986797560e+00 1.70308087714800e-03 5.38003483009993e-05 
1.25368316568074e+00 1.61786955905799e-03 5.11629357946531e-05 
1.25633646338588e+00 1.53664627610224e-03 4.86453964261722e-05 
1.25898976109103e+00 1.45923980578793e-03 4.62428062428785e-05 
1.26164305879617e+00 1.38548544635603e-03 4.39504154693929e-05 
1.26429635650132e+00 1.31522481144686e-03 4.17636437989753e-05 
1.26694965420646e+00 1.24830562906874e-03 3.96780757376583e-05 
1.26960295191161e+00 1.18458154489088e-03 3.76894560048281e-05 
1.27225624961675e+00 1.12391192987408e-03 3.57936849936232e-05 
1.27490954732189e+00 1.06616169224592e-03 3.39868142942377e-05 
1.27756284502704e+00 1.01120109382071e-03 3.22650422829505e-05 
1.28021614273218e+00 9.58905570657895e-04 3.06247097794413e-05 
1.28286944043733e+00 9.09155558047012e-04 2.90622957747023e-05 
1.28552273814247e+00 8.61836319801389e-04 2.75744132316150e-05 
1.28817603584762e+00 8.16837781837869e-04 2.61578049600287e-05 
1.29082933355276e+00 7.74054370014621e-04 2.48093395679581e-05 
1.29348263125791e+00 7.33384852194637e-04 2.35260074902978e-05 
1.29613592896305e+00 6.94732184498140e-04 2.23049170962559e-05 
1.29878922666819e+00 6.58003361703108e-04 2.11433058143867e-05 
1.30144252437334e+00 6.23109677641360e-04 2.00388231818468e-05 
1.30409582207848e+00 5.89974098944861e-04 1.89888731382037e-05 
1.30674911978363e+00 5.58513435354964e-04 1.79909317415320e-05 
1.30940241748877e+00 5.28648128375076e-04 1.70425978313128e-05 
1.31205571519392e+00 5.00302109344469e-04 1.61415712413186e-05 
1.31470901289906e+00 4.73402662181762e-04 1.52856490888717e-05 
1.31736231060421e+00 4.47880290689611e-04 1.44727221720314e-05 
1.32001560830935e+00 4.23668590312282e-04 1.37007714730633e-05 
1.32266890601449e+00 4.00704124238083e-04 1.29678647664877e-05 
1.32532220371964e+00 3.78926303739055e-04 1.22721533299457e-05 
1.32797550142478e+00 3.58277272640925e-04 1.16118687560763e-05 
1.33062879912993e+00 3.38701795817002e-04 1.09853198635538e-05 
1.33328209683507e+00 3.20147151600539e-04 1.03908897053980e-05 
1.33593539454022e+00 3.02563028011005e-04 9.82703267263960e-06 
1.33858869224536e+00 2.85901422690766e-04 9.29227169139405e-06 
1.34124198995051e+00 2.70116546449793e-04 8.78519551137803e-06 
1.34389528765565e+00 2.55164730317241e-04 8.30445608388425e-06 
1.34654858536079e+00 2.41004336000061e-04 7.84876602721780e-06 
1.34920188306594e+00 2.27595669650150e-04 7.41689617758826e-06 
1.35185518077108e+00 2.14900898843026e-04 7.00767322344795e-06 
1.35450847847623e+00 2.02883972672496e-04 6.61997742126435e-06 
1.35716177618137e+00 1.91510544867353e-04 6.25274039071760e-06 
1.35981507388652e+00 1.80747899837735e-04 5.90494298731956e-06 
1.36246837159166e+00 1.70564881560452e-04 5.57561325045877e-06 
1.36512166929681e+00 1.60931825214260e-04 5.26382442488784e-06 
1.36777496700195e+00 1.51820491477776e-04 4.96869305368278e-06 
1.37042826470709e+00 1.43204003404501e-04 4.68937714072050e-06 
1.37308156241224e+00 1.35056785791171e-04 4.42507438073938e-06 
1.37573486011738e+00 1.27354506957449e-04 4.17502045506839e-06 
1.37838815782253e+00 1.20074022856784e-04 3.93848739113245e-06 
1.38104145552767e+00 1.13193323440077e-04 3.71478198386647e-06 
1.38369475323282e+00 1.06691481195614e-04 3.50324427719583e-06 
1.38634805093796e+00 1.00548601790545e-04 3.30324610376918e-06 
1.38900134864311e+00 9.47457767410421e-05 3.11418968115713e-06 
1.39165464634825e+00 8.92650380400447e-05 2.93550626276064e-06 
1.39430794405339e+00 8.40893146733730e-05 2.76665484170383e-06 
1.39696124175854e+00 7.92023909567514e-05 2.60712090601739e-06 
1.39961453946368e+00 7.45888666281090e-05 2.45641524345130e-06 
1.40226783716883e+00 7.02341186312951e-05 2.31407279428888e-06 
1.40492113487397e+00 6.61242645291206e-05 2.17965155056784e-06 
1.40757443257912e+00 6.22461274853818e-05 2.05273150014834e-06 
1.41022773028426e+00 5.85872027572564e-05 1.93291361410259e-06 
1.41288102798941e+00 5.51356256411683e-05 1.81981887593537e-06 
1.41553432569455e+00 5.18801408169046e-05 1.71308735118027e-06 
1.41818762339969e+00 4.88100730364291e-05 1.61237729595130e-06 
1.42084092110484e+00 4.59152991054727e-05 1.51736430306512e-06 
1.42349421880998e+00 4.31862211075921e-05 1.42774048438427e-06 
1.42614751651513e+00 4.06137408219662e-05 1.34321368806711e-06 
1.42880081422027e+00 3.81892352877570e-05 1.26350674944502e-06 
1.43145411192542e+00 3.59045334693829e-05 1.18835677428261e-06 
1.43410740963056e+00 3.37518939785459e-05 1.11751445321112e-06 
1.43676070733570e+00 3.17239838103196e-05 1.05074340615947e-06 
1.43941400504085e+00 2.98138580520335e-05 9.87819555641562e-07 
1.44206730274599e+00 2.80149405250937e-05 9.28530527792025e-07 
1.44472060045114e+00 2.63210053212445e-05 8.72675080075671e-07 
1.44737389815628e+00 2.47261591961163e-05 8.20062554628831e-07 
1.45002719586143e+00 2.32248247842066e-05 7.70512356222942e-07 
1.45268049356657e+00 2.18117246007154e-05 7.23853453872528e-07 
1.45533379127172e+00 2.04818657968953e-05 6.79923905140937e-07 
1.45798708897686e+00 1.92305256367850e-05 6.38570402227887e-07 
1.46064038668200e+00 1.80532376643708e-05 5.99647838953019e-07 
1.46329368438715e+00 1.69457785313645e-05 5.63018897779127e-07 
1.46594698209229e+00 1.59041554568988e-05 5.28553656047638e-07 
1.46860027979744e+00 1.49245942915212e-05 4.96129210627285e-07 
1.47125357750258e+00 1.40035281589181e-05 4.65629320204558e-07 
1.47390687520773e+00 1.31375866498190e-05 4.36944064471522e-07 
1.47656017291287e+00 1.23235855435189e-05 4.09969519493094e-07 
1.47921347061802e+00 1.15585170334165e-05 3.84607448561557e-07 
1.48186676832316e+00 1.08395404338923e-05 3.60765007871221e-07 
1.48452006602830e+00 1.01639733467528e-05 3.38354466370662e-07 
1.48717336373345e+00 9.52928326633631e-06 3.17292939173738e-07 
1.48982666143859e+00 8.93307960321838e-06 2.97502133933797e-07 
1.49247995914374e+00 8.37310610727118e-06 2.78908109608042e-07 
1.49513325684888e+00 7.84723367161798e-06 2.61441047060874e-07 
1.49778655455403e+00 7.35345349978560e-06 2.45035030976355e-07 
1.50043985225917e+00 6.88987061909306e-06 2.29640076029841e-07 
1.50309314996432e+00 6.45480101145231e-06 2.15201048480879e-07 
1.50574644766946e+00 6.04658748523576e-06 2.01652060923643e-07 
1.50839974537460e+00 5.66361379023519e-06 1.88935953440364e-07 
1.51105304307975e+00 5.30435819761410e-06 1.77002884833326e-07 
1.51370634078489e+00 4.96738815058053e-06 1.65805906706699e-07 
1.51635963849004e+00 4.65135520643493e-06 1.55300801395763e-07 
1.51901293619518e+00 4.35499025483057e-06 1.45445928605466e-07 
1.52166623390033e+00 4.07709899782966e-06 1.36202080313397e-07 
1.52431953160547e+00 3.81655767805043e-06 1.27532343513559e-07 
1.52697282931062e+00 3.57230904187890e-06 1.19401970397707e-07 
1.52962612701576e+00 3.34335852536728e-06 1.11778255590525e-07 
1.53227942472090e+00 3.12877065105810e-06 1.04630420073505e-07 
1.53493272242605e+00 2.92766562456248e-06 9.79295014502028e-08 
1.53758602013119e+00 2.73921612028183e-06 9.16482502225051e-08 
1.54023931783634e+00 2.56264424619769e-06 8.57610317637828e-08 
1.54289261554148e+00 2.39721867816378e-06 8.02437336902819e-08 
1.54554591324663e+00 2.24225195462006e-06 7.50736783468666e-08 
1.54819921095177e+00 2.09709792311111e-06 7.02295401373441e-08 
1.55085250865692e+00 1.96114933043130e-06 6.56912674430397e-08 
1.55350580636206e+00 1.83383554863878e-06 6.14400088861153e-08 
1.55615910406720e+00 1.71462042957903e-06 5.74580437063568e-08 
1.55881240177235e+00 1.60300028093865e-06 5.37287160318130e-08 
1.56146569947749e+00 1.49850195721137e-06 5.02363728347720e-08 
1.56411899718264e+00 1.40068105930185e-06 4.69663053751528e-08 
1.56677229488778e+00 1.30912023681982e-06 4.39046939434701e-08 
1.56942559259293e+00 1.22342758742774e-06 4.10385557251340e-08 
1.57207889029807e+00 1.14323514790095e-06 3.83556956169884e-08 
1.57473218800321e+00 1.06819747183975e-06 3.58446598357004e-08 
1.57738548570836e+00 9.97990289240025e-07 3.34946921658943e-08 
1.58003878341350e+00 9.32309243382540e-07 3.12956927038101e-08 
1.58269208111865e+00 8.70868700741798e-07 2.92381789597634e-08 
1.58534537882379e+00 8.13400629844345e-07 2.73132491898188e-08 
1.58799867652894e+00 7.59653545223475e-07 2.55125478338726e-08 
1.59065197423408e+00 7.09391512823641e-07 2.38282329437894e-08 
1.59330527193923e+00 6.62393213403620e-07 2.22529454913677e-08 
1.59595856964437e+00 6.18451060673309e-07 2.07797804517340e-08 
1.59861186734951e+00 5.77370371075301e-07 1.94022595633059e-08 
1.60126516505466e+00 5.38968582289675e-07 1.81143056707148e-08 
1.60391846275980e+00 5.03074517699058e-07 1.69102185620808e-08 
1.60657176046495e+00 4.69527694201481e-07 1.57846522167719e-08 
1.60922505817009e+00 4.38177670901186e-07 1.47325933842806e-08 
1.61187835587524e+00 4.08883436342788e-07 1.37493414191268e-08 
1.61453165358038e+00 3.81512832082361e-07 1.28304893007520e-08 
1.61718495128553e+00 3.55942010510498e-07 1.19719057712146e-08 
1.61983824899067e+00 3.32054924957463e-07 1.11697185271519e-08 
1.62249154669581e+00 3.09742850219605e-07 1.04202984059306e-08 
1.62514484440096e+00 2.88903931749441e-07 9.72024450919562e-09 
1.62779814210610e+00 2.69442761849631e-07 9.06637021013781e-09 
1.63045143981125e+00 2.51269981303634e-07 8.45568999375056e-09 
1.63310473751639e+00 2.34301904963510e-07 7.88540708214348e-09 
1.63575803522154e+00 2.18460169898271e-07 7.35290179963003e-09 
1.63841133292668e+00 2.03671404784702e-07 6.85572063481565e-09 
1.64106463063183e+00 1.89866919296874e-07 6.39156595929134e-09 
1.64371792833697e+00 1.76982412320815e-07 5.95828636478850e-09 
1.64637122604211e+00 1.64957697887284e-07 5.55386758278318e-09 
1.64902452374726e+00 1.53736447778481e-07 5.17642395255541e-09 
1.65167782145240e+00 1.43265949823900e-07 4.82419040562050e-09 
1.65433111915755e+00 1.33496880956791e-07 4.49551493625547e-09 
1.65698441686269e+00 1.24383094155751e-07 4.18885152955533e-09 
1.65963771456784e+00 1.15881418446206e-07 3.90275352007124e-09 
1.66229101227298e+00 1.07951471183927e-07 3.63586735561272e-09 
1.66494430997813e+00 1.00555481887585e-07 3.38692674224350e-09 
1.66759760768327e+00 9.36581269296333e-08 3.15474714786880e-09 
1.67025090538841e+00 8.72263744348126e-08 2.93822064310490e-09 
1.67290420309356e+00 8.12293387733066e-08 2.73631105934468e-09 
1.67555750079870e+00 7.56381440712327e-08 2.54804944508763e-09 
1.67821079850385e+00 7.04257961947886e-08 2.37252980269486e-09 
1.68086409620899e+00 6.55670626961421e-08 2.20890508876012e-09 
1.68351739391414e+00 6.10383602391169e-08 2.05638346226225e-09 
1.68617069161928e+00 5.68176490510097e-08 1.91422476558366e-09 
1.68882398932443e+00 5.28843339735531e-08 1.78173722434831e-09 
1.69147728702957e+00 4.92191717112049e-08 1.65827435285197e-09 
1.69413058473471e+00 4.58041838986779e-08 1.54323205263171e-09 
1.69678388243986e+00 4.26225756320106e-08 1.43604589245131e-09 
1.69943718014500e+00 3.96586591285759e-08 1.33618855866889e-09 
1.70209047785015e+00 3.68977822013241e-08 1.24316746560240e-09 
1.70474377555529e+00 3.43262612513036e-08 1.15652251612241e-09 
1.70739707326044e+00 3.19313185001761e-08 1.07582400327939e-09 
1.71005037096558e+00 2.97010232010933e-08 1.00067064431822e-09 
1.71270366867072e+00 2.76242365819901e-08 9.30687738946796e-10 
1.71535696637587e+00 2.56905602901276e-08 8.65525444209969e-10 
1.71801026408101e+00 2.38902881206378e-08 8.04857158777082e-10 
1.72066356178616e+00 2.22143608249294e-08 7.48378009881638e-10 
1.72331685949130e+00 2.06543238071564e-08 6.95803436557269e-10 
1.72597015719645e+00 1.92022875285709e-08 6.46867863196216e-10 
1.72862345490159e+00 1.78508904505185e-08 6.01323457816405e-10 
1.73127675260674e+00 1.65932643571290e-08 5.58938969762158e-10 
1.73393005031188e+00 1.54230019084441e-08 5.19498641882704e-10 
1.73658334801702e+00 1.43341262838361e-08 4.82801192533136e-10 
1.73923664572217e+00 1.33210627841489e-08 4.48658863025319e-10 
1.74188994342731e+00 1.23786122690589e-08 4.16896526422481e-10 
1.74454324113246e+00 1.15019263137383e-08 3.87350853821727e-10 
1.74719653883760e+00 1.06864839760399e-08 3.59869534504516e-10 
1.74984983654275e+00 9.92807007212739e-09 3.34310546556824e-10 
1.75250313424789e+00 9.22275486478583e-09 3.10541474769429e-10 
1.75515643195304e+00 8.56687507457055e-09 2.88438872824904e-10 
1.75780972965818e+00 7.95701612952733e-09 2.67887666962423e-10 
1.76046302736332e+00 7.38999557445126e-09 2.48780598484956e-10 
1.76311632506847e+00 6.86284756557166e-09 2.31017702636564e-10 
1.76576962277361e+00 6.37280838117227e-09 2.14505821530736e-10 
1.76842292047876e+00 5.91730288299780e-09 1.99158148954857e-10 
1.77107621818390e+00 5.49393186737555e-09 1.84893805011210e-10 
1.77372951588905e+00 5.10046024881064e-09 1.71637438682204e-10 
1.77638281359419e+00 4.73480602240911e-09 1.59318856526951e-10 
1.77903611129934e+00 4.39502995485937e-09 1.47872675828593e-10 
1.78168940900448e+00 4.07932595687170e-09 1.37238000617220e-10 
1.78434270670962e+00 3.78601209295009e-09 1.27358119092173e-10 
1.78699600441477e+00 3.51352218716283e-09 1.18180221060504e-10 
1.78964930211991e+00 3.26039798619746e-09 1.09655134095608e-10 
1.79230259982506e+00 3.02528184344423e-09 1.01737077201950e-10 
1.79495589753020e+00 2.80690989015759e-09 9.43834308486844e-11 
1.79760919523535e+00 2.60410566190861e-09 8.75545223070791e-11 
1.80026249294049e+00 2.41577415056954e-09 8.12134252943622e-11 
1.80291579064564e+00 2.24089625397435e-09 7.53257729900855e-11 
1.80556908835078e+00 2.07852359718265e-09 6.98595835506641e-11 
1.80822238605592e+00 1.92777370094711e-09 6.47850973036134e-11 
1.81087568376107e+00 1.78782547455177e-09 6.00746248553847e-11 
1.81352898146621e+00 1.65791501165853e-09 5.57024053958242e-11 
1.81618227917136e+00 1.53733166917585e-09 5.16444745283212e-11 
1.81883557687650e+00 1.42541441045448e-09 4.78785409978841e-11 
1.82148887458165e+00 1.32154839532399e-09 4.43838717298401e-11 
1.82414217228679e+00 1.22516180061670e-09 4.11411846297703e-11 
1.82679546999194e+00 1.13572285588664e-09 3.81325486308211e-11 
1.82944876769708e+00 1.05273708002520e-09 3.53412905078218e-11 
1.83210206540222e+00 9.75744705405575e-10 3.27519080088208e-11 
1.83475536310737e+00 9.04318277059920e-10 3.03499888838642e-11 
1.83740866081251e+00 8.38060415208942e-10 2.81221354181964e-11 
1.84006195851766e+00 7.76601730227680e-10 2.60558941026777e-11 
1.84271525622280e+00 7.19598879846222e-10 2.41396900982039e-11 
1.84536855392795e+00 6.66732759053413e-10 2.23627661733680e-11 
1.84802185163309e+00 6.17706813797906e-10 2.07151258156246e-11 
1.85067514933823e+00 5.72245470166986e-10 1.91874802358932e-11 
1.85332844704338e+00 5.30092671271928e-10 1.77711990049518e-11 
1.85598174474852e+00 4.91010514581620e-10 1.64582640772001e-11 
1.85863504245367e+00 4.54777982926014e-10 1.52412269734950e-11 
1.86128834015881e+00 4.21189762839766e-10 1.41131689098402e-11 
1.86394163786396e+00 3.90055144336111e-10 1.30676636728232e-11 
1.86659493556910e+00 3.61196996593477e-10 1.20987430558839e-11 
1.86924823327425e+00 3.34450814404268e-10 1.12008646828411e-11 
1.87190153097939e+00 3.09663830578304e-10 1.03688820566394e-11 
1.87455482868453e+00 2.86694189814009e-10 9.59801668206914e-12 
1.87720812638968e+00 2.65410179850208e-10 8.88383212129439e-12 
1.87986142409482e+00 2.45689515991418e-10 8.22220985045395e-12 
1.88251472179997e+00 2.27418675361282e-10 7.60932679440725e-12 
1.88516801950511e+00 2.10492277483340e-10 7.04163442493377e-12 
1.88782131721026e+00 1.94812508016771e-10 6.51583931538695e-12 
1.89047461491540e+00 1.80288582688179e-10 6.02888505199144e-12 
1.89312791262055e+00 1.66836248659822e-10 5.57793540868858e-12 
1.89578121032569e+00 1.54377320760860e-10 5.16035869870715e-12 
1.89843450803083e+00 1.42839250182057e-10 4.77371322189463e-12 
1.90108780573598e+00 1.32154723396678e-10 4.41514553299209e-12 
1.90374110344112e+00 1.22259064683504e-10 4.08263253226712e-12 
1.90639440114627e+00 1.13094649724128e-10 3.77478261188177e-12 
1.90904769885141e+00 1.04608218891866e-10 3.48983635610904e-12 
1.91170099655656e+00 9.67503304606048e-11 3.22611464922578e-12 
1.91435429426170e+00 8.94750917004289e-11 2.98205949435115e-12 
1.91700759196685e+00 8.27399085437502e-11 2.75622543280280e-12 
1.91966088967199e+00 7.65052525676078e-11 2.54727155920333e-12 
1.92231418737713e+00 7.07344441204343e-11 2.35395409190888e-12 
1.92496748508228e+00 6.53934504988888e-11 2.17511946100390e-12 
1.92762078278742e+00 6.04506981527224e-11 2.00969787860759e-12 
1.93027408049257e+00 5.58768979633535e-11 1.85669735857769e-12 
1.93292737819771e+00 5.16448827051863e-11 1.71519815488718e-12 
1.93558067590286e+00 4.77294558579687e-11 1.58434758999737e-12 
1.93823397360800e+00 4.41072509939169e-11 1.46335524646700e-12 
1.94088727131315e+00 4.07566010151739e-11 1.35148849682759e-12 
1.94354056901829e+00 3.76574165656395e-11 1.24806834843078e-12 
1.94619386672343e+00 3.47910729865193e-11 1.15246558153858e-12 
1.94884716442858e+00 3.21403052273048e-11 1.06409716039092e-12 
1.95150046213372e+00 2.96891101634757e-11 9.82422898352397e-13 
1.95415375983887e+00 2.74226558092149e-11 9.06942359517816e-13 
1.95680705754401e+00 2.53271969479853e-11 8.37191980349707e-13 
1.95946035524916e+00 2.33899967361084e-11 7.72742396036057e-13 
1.96211365295430e+00 2.15992538646422e-11 7.13195957297721e-13 
1.96476695065944e+00 1.99440348930214e-11 6.58184424347290e-13 
1.96742024836459e+00 1.84142113942249e-11 6.07366825609020e-13 
1.97007354606973e+00 1.70004015757865e-11 5.60427469656761e-13 
1.97272684377488e+00 1.56939160638917e-11 5.17074099617811e-13 
1.97538014148002e+00 1.44867075591937e-11 4.77036180028703e-13 
1.97803343918517e+00 1.33713240929508e-11 4.40063306817597e-13 
1.98068673689031e+00 1.23408656307160e-11 4.05923731730457e-13 
1.98334003459546e+00 1.13889437881932e-11 3.74402993117529e-13 
1.98599333230060e+00 1.05096444400864e-11 3.45302645555544e-13 
1.98864663000574e+00 9.69749301789395e-12 3.18439081302327e-13 
1.99129992771089e+00 8.94742230670231e-12 2.93642437066460e-13 
1.99395322541603e+00 8.25474256418434e-12 2.70755580027698e-13 
1.99660652312118e+00 7.61511379726952e-12 2.49633167466148e-13 
1.99925982082632e+00 7.02452004338185e-12 2.30140774751744e-13 
2.00191311853147e+00 6.47924551379528e-12 2.12154086812354e-13 
2.00456641623661e+00 5.97585246658412e-12 1.95558148540488e-13 
2.00721971394176e+00 5.51116068589771e-12 1.80246669916952e-13 
2.00987301164690e+00 5.08222845290763e-12 1.66121381926240e-13 
2.01252630935204e+00 4.68633490180552e-12 1.53091439614635e-13 
2.01517960705719e+00 4.32096366170889e-12 1.41072868899073e-13 
2.01783290476233e+00 3.98378769229738e-12 1.29988053974296e-13 
2.02048620246748e+00 3.67265522748886e-12 1.19765262388623e-13 
2.02313950017262e+00 3.38557674750359e-12 1.10338205066180e-13 
2.02579279787777e+00 3.12071290528756e-12 1.01645628746457e-13 
2.02844609558291e+00 2.87636333849918e-12 9.36309384917742e-14 
2.03109939328806e+00 2.65095630313512e-12 8.62418480803482e-14 
2.03375269099320e+00 2.44303906940373e-12 7.94300562582270e-14 
2.03640598869834e+00 2.25126902467260e-12 7.31509469679796e-14 
2.03905928640349e+00 2.07440543224107e-12 6.73633118065962e-14 
2.04171258410863e+00 1.91130179833914e-12 6.20290930901636e-14 
2.04436588181378e+00 1.76089880314965e-12 5.71131460192231e-14 
2.04701917951892e+00 1.62221775480887e-12 5.25830185468803e-14 
2.04967247722407e+00 1.49435452827698e-12 4.84087476522806e-14 
2.05232577492921e+00 1.37647395370056e-12 4.45626708155190e-14 
2.05497907263436e+00 1.26780462142786e-12 4.10192515769051e-14 
2.05763237033950e+00 1.16763407319710e-12 3.77549181442079e-14 
2.06028566804464e+00 1.07530435121143e-12 3.47479140864917e-14 
2.06293896574979e+00 9.90207878852702e-13 3.19781602228152e-14 
2.06559226345493e+00 9.11783648680096e-13 2.94271268787728e-14 
2.06824556116008e+00 8.39513695119542e-13 2.70777157439543e-14 
2.07089885886522e+00 7.72919830885019e-13 2.49141506192139e-14 
2.07355215657037e+00 7.11560627691391e-13 2.29218763944577e-14 
2.07620545427551e+00 6.55028623229141e-13 2.10874656457771e-14 
2.07885875198065e+00 6.02947737681385e-13 1.93985322854171e-14 
2.08151204968580e+00 5.54970884280066e-13 1.78436517395312e-14 
2.08416534739094e+00 5.10777759527704e-13 1.64122871671495e-14 
2.08681864509609e+00 4.70072799759695e-13 1.50947212694963e-14 
2.08947194280123e+00 4.32583291695546e-13 1.38819932719219e-14 
2.09212524050638e+00 3.98057625530911e-13 1.27658406914577e-14 
2.09477853821152e+00 3.66263679960760e-13 1.17386455315123e-14 
2.09743183591667e+00 3.36987329302124e-13 1.07933845716828e-14 
2.10008513362181e+00 3.10031063606786e-13 9.92440283677647e-15 
2.10273843132696e+00 2.85214964822658e-13 9.12619653329232e-15 
2.10539172903210e+00 2.62372284983976e-13 8.39231362102172e-15 
2.10804502673724e+00 2.41347176431844e-13 7.71705624182470e-15 
2.11069832444239e+00 2.21996009462243e-13 7.09577386067888e-15 
2.11335162214753e+00 2.04186421900687e-13 6.52418212010784e-15 
2.11600491985268e+00 1.87796442000163e-13 5.99833423459569e-15 
2.11865821755782e+00 1.72713679055366e-13 5.51459460093164e-15 
2.12131151526297e+00 1.58834576551005e-13 5.06961445436360e-15 
2.12396481296811e+00 1.46063723054762e-13 4.66030941337542e-15 
2.12661811067325e+00 1.34313216428959e-13 4.28383876786399e-15 
2.12927140837840e+00 1.23502077271032e-13 3.93758637655370e-15 
2.13192470608354e+00 1.13555707803753e-13 3.61914304971209e-15 
2.13457800378869e+00 1.04405392723586e-13 3.32629030268663e-15 
2.13723130149383e+00 9.59878387813498e-14 3.05698537452321e-15 
2.13988459919898e+00 8.82447501151140e-14 2.80934741400760e-15 
2.14253789690412e+00 8.11224365824765e-14 2.58164474294049e-15 
2.14519119460927e+00 7.45714525494238e-14 2.37228311335999e-15 
2.14784449231441e+00 6.85462637871653e-14 2.17979488180586e-15 
2.15049779001955e+00 6.30049403078301e-14 2.00282902961636e-15 
2.15315108772470e+00 5.79088731358220e-14 1.84014196369692e-15 
2.15580438542984e+00 5.32225131649723e-14 1.69058903723476e-15 
2.15845768313499e+00 4.89131303933414e-14 1.55311673448525e-15 
2.16111098084013e+00 4.49505919584789e-14 1.42675546805354e-15 
2.16376427854528e+00 4.13071575169648e-14 1.31061294106528e-15 
2.16641757625042e+00 3.79572906238682e-14 1.20386803028766e-15 
2.16907087395557e+00 3.48774848710665e-14 1.10576514964986e-15 
2.17172417166071e+00 3.20461036388093e-14 1.01560905674089e-15 
2.17437746936585e+00 2.94432324030827e-14 9.32760067752504e-16 
2.17703076707100e+00 2.70505426227704e-14 8.56629649003668e-16 
2.17968406477614e+00 2.48511663058407e-14 7.86676355647358e-16 
2.18233736248129e+00 2.28295804232686e-14 7.22402090436004e-16 
2.18499066018643e+00 2.09715004035743e-14 6.63348657522914e-16 
2.18764395789158e+00 1.92637820001195e-14 6.09094588216741e-16 
2.19029725559672e+00 1.76943308780280e-14 5.59252217396836e-16 
2.19295055330187e+00 1.62520193181266e-14 5.13464990950327e-16 
2.19560385100701e+00 1.49266094819588e-14 4.71404986117703e-16 
2.19825714871215e+00 1.37086827249974e-14 4.32770628042035e-16 
2.20091044641730e+00 1.25895744849491e-14 3.97249495385971e-16 
2.20356374412244e+00 1.15612280102294e-14 3.64589245543401e-16 
2.20621704182759e+00 1.06163186993500e-14 3.34591113402792e-16 
2.20887033953273e+00 9.74812473093277e-15 3.07044700911712e-16 
2.21152363723788e+00 8.95046170883784e-15 2.81751056890937e-16 
2.21417693494302e+00 8.21764004087974e-15 2.58527252071064e-16 
2.21683023264817e+00 7.54442566842928e-15 2.37205099287446e-16 
2.21948353035331e+00 6.92600388590602e-15 2.17629975014363e-16 
2.22213682805845e+00 6.35794600928983e-15 1.99659734289172e-16 
2.22479012576360e+00 5.83617867137003e-15 1.83163711694458e-16 
2.22744342346874e+00 5.35695553862117e-15 1.68021801636023e-16 
2.23009672117389e+00 4.91683126045274e-15 1.54123611680610e-16 
2.23275001887903e+00 4.51263747622558e-15 1.41367683202812e-16 
2.23540331658418e+00 4.14146071895168e-15 1.29660774038772e-16 
2.23805661428932e+00 3.80062206708182e-15 1.18917198257897e-16 
2.24070991199447e+00 3.48765840731489e-15 1.09058218545497e-16 
2.24336320969961e+00 3.20030518200746e-15 1.00011487041443e-16 
2.24601650740475e+00 2.93648050458811e-15 9.17105308049325e-17 
2.24866980510990e+00 2.69427053545157e-15 8.40942783752449e-17 
2.25132310281504e+00 2.47191601917982e-15 7.71066241749761e-17 
2.25397640052019e+00 2.26779989166375e-15 7.06960277573640e-17 
2.25662969822533e+00 2.08043587282998e-15 6.48151451346688e-17 
2.25928299593048e+00 1.90845796725734e-15 5.94204896416203e-17 
2.26193629363562e+00 1.75061080103933e-15 5.44721199881167e-17 
2.26458959134076e+00 1.60574072885050e-15 4.99333533399607e-17 
2.26724288904591e+00 1.47278765034339e-15 4.57705014366255e-17 
2.26989618675105e+00 1.35077747977005e-15 4.19526279119894e-17 
2.27254948445620e+00 1.23881521712020e-15 3.84513251286660e-17 
2.27520278216134e+00 1.13607857312485e-15 3.52405089699479e-17 
2.27785607986649e+00 1.04181210421530e-15 3.22962301563393e-17 
2.28050937757163e+00 9.55321816978156e-16 2.95965007669928e-17 
2.28316267527678e+00 8.75970204828474e-16 2.71211347508178e-17 
2.28581597298192e+00 8.03171682557665e-16 2.48516013083062e-17 
2.28846927068706e+00 7.36388387117566e-16 2.27708901138299e-17 
2.29112256839221e+00 6.75126315496522e-16 2.08633874299166e-17 
2.29377586609735e+00 6.18931772842540e-16 1.91147622403315e-17 
2.29642916380250e+00 5.67388106108236e-16 1.75118615981893e-17 
2.29908246150764e+00 5.20112700446071e-16 1.60426144492544e-17 
2.30173575921279e+00 4.76754217383189e-16 1.46959432494796e-17 
2.30438905691793e+00 4.36990055464846e-16 1.34616827500850e-17 
2.30704235462308e+00 4.00524015584954e-16 1.23305053734413e-17 
2.30969565232822e+00 3.67084154631708e-16 1.12938526490462e-17 
2.31234895003336e+00 3.36420812375011e-16 1.03438722212548e-17 
2.31500224773851e+00 3.08304797719029e-16 9.47335997945829e-18 
2.31765554544365e+00 2.82525721545655e-16 8.67570689733537e-18 
2.32030884314880e+00 2.58890464390341e-16 7.94485020088715e-18 
2.32296214085394e+00 2.37221768127297e-16 7.27522851543040e-18 
2.32561543855909e+00 2.17356941702905e-16 6.66174066976337e-18 
2.32826873626423e+00 1.99146671749915e-16 6.09970786153480e-18 
2.33092203396938e+00 1.82453929646077e-16 5.58483891160670e-18 
2.33357533167452e+00 1.67152967254086e-16 5.11319835707193e-18 
2.33622862937966e+00 1.53128394199720e-16 4.68117715271532e-18 
2.33888192708481e+00 1.40274330115919e-16 4.28546576923042e-18 
2.34153522478995e+00 1.28493625806182e-16 3.92302949354907e-18 
2.34418852249510e+00 1.17697147764631e-16 3.59108575232576e-18 
2.34684182020024e+00 1.07803120935609e-16 3.28708329404925e-18 
2.34949511790539e+00 9.87365250058080e-17 3.00868307853163e-18 
2.35214841561053e+00 9.04285398995111e-17 2.75374073473856e-18 
2.35480171331568e+00 8.28160364949664e-17 2.52029045916113e-18 
2.35745501102082e+00 7.58411088998095e-17 2.30653023726489e-18 
2.36010830872596e+00 6.94506449177641e-17 2.11080828005816e-18 
2.36276160643111e+00 6.35959316097501e-17 1.93161057656450e-18 
2.36541490413625e+00 5.82322931017892e-17 1.76754947102550e-18 
2.36806820184140e+00 5.33187580214644e-17 1.61735318105413e-18 
2.37072149954654e+00 4.88177541557192e-17 1.47985617975809e-18 
2.37337479725169e+00 4.46948281169414e-17 1.35399037110472e-18 
2.37602809495683e+00 4.09183879828944e-17 1.23877699354700e-18 
2.37868139266197e+00 3.74594670403708e-17 1.13331919221484e-18 
2.38133469036712e+00 3.42915069135890e-17 1.03679520483393e-18 
2.38398798807226e+00 3.13901584973759e-17 9.48452111000244e-19 
2.38664128577741e+00 2.87330992430399e-17 8.67600098543242e-19 
2.38929458348255e+00 2.62998654624371e-17 7.93607204483799e-19 
2.39194788118770e+00 2.40716984238730e-17 7.25894491560298e-19 
2.39460117889284e+00 2.20314031129295e-17 6.63931624483261e-19 
2.39725447659799e+00 2.01632186227451e-17 6.07232813007322e-19 
2.39990777430313e+00 1.84526992223559e-17 5.55353091600276e-19 
2.40256107200827e+00 1.68866052289999e-17 5.07884907961526e-19 
2.40521436971342e+00 1.54528028813572e-17 4.64454994914064e-19 
2.40786766741856e+00 1.41401724760226e-17 4.24721502281140e-19 
2.41052096512371e+00 1.29385240895658e-17 3.88371367276246e-19 
2.41317426282885e+00 1.18385202637281e-17 3.55117903696319e-19 
2.41582756053400e+00 1.08316050820448e-17 3.24698591825951e-19 
2.41848085823914e+00 9.90993911280904e-18 2.96873052446458e-19 
2.42113415594429e+00 9.06633973614527e-18 2.71421189708447e-19 
2.42378745364943e+00 8.29422641234461e-18 2.48141488880040e-19 
2.42644075135457e+00 7.58757048479681e-18 2.26849456133950e-19 
2.42909404905972e+00 6.94084914410729e-18 2.07376188593692e-19 
2.43174734676486e+00 6.34900321053732e-18 1.89567063829765e-19 
2.43440064447001e+00 5.80739841997378e-18 1.73280538887850e-19 
2.43705394217515e+00 5.31178992442169e-18 1.58387049749264e-19 
2.43970723988030e+00 4.85828974170088e-18 1.44768002875083e-19 
2.44236053758544e+00 4.44333691078817e-18 1.32314851174926e-19 
2.44501383529059e+00 4.06367012923418e-18 1.20928247374413e-19 
2.44766713299573e+00 3.71630266744159e-18 1.10517268336343e-19 
2.45032043070087e+00 3.39849937145266e-18 1.00998704423956e-19 
2.45297372840602e+00 3.10775558137871e-18 9.22964084841356e-20 
2.45562702611116e+00 2.84177780682375e-18 8.43406994775856e-20 
2.45828032381631e+00 2.59846601371296e-18 7.70678161953128e-20 
2.46093362152145e+00 2.37589738892674e-18 7.04194168789935e-20 
2.46358691922660e+00 2.17231146015009e-18 6.43421209099549e-20 
2.46624021693174e+00 1.98609645845533e-18 5.87870890499850e-20 
2.46889351463689e+00 1.81577682041544e-18 5.37096390094080e-20 
2.47154681234203e+00 1.66000173506484e-18 4.90688933859577e-20 
2.47420011004717e+00 1.51753464884453e-18 4.48274572639212e-20 
2.47685340775232e+00 1.38724364884711e-18 4.09511229886477e-20 
2.47950670545746e+00 1.26809265126619e-18 3.74085998384681e-20 
2.48216000316261e+00 1.15913332800235e-18 3.41712665058977e-20 
2.48481330086775e+00 1.05949770992805e-18 3.12129444741033e-20 
2.48746659857290e+00 9.68391410407741e-19 2.85096905342941e-20 
2.49011989627804e+00 8.85087417343778e-19 2.60396068361352e-20 
2.49277319398319e+00 8.08920406308247e-19 2.37826669975796e-20 
2.49542649168833e+00 7.39281531256630e-19 2.17205569236522e-20 
2.49807978939347e+00 6.75613652930655e-19 1.98365290966412e-20 
2.50073308709862e+00 6.17406968371036e-19 1.81138067684002e-20 
2.50338638480376e+00 5.64192416576353e-19 1.65383859352736e-20 
2.50603968250891e+00 5.15543203860851e-19 1.50990275498254e-20 
2.50869298021405e+00 4.71069585347679e-19 1.37843688970999e-20 
2.51134627791920e+00 4.30414915743647e-19 1.25836585816065e-20 
2.51399957562434e+00 3.93252853856183e-19 1.14870674350625e-20 
2.51665287332948e+00 3.59284801817572e-19 1.04856098401881e-20 
2.51930617103463e+00 3.28237559434410e-19 9.57107172757019e-21 
2.52195946873977e+00 2.99861175703010e-19 8.73594468310791e-21 
2.52461276644492e+00 2.73926981020744e-19 7.97336565065282e-21 
2.52726606415006e+00 2.50225784989988e-19 7.27706175763834e-21 
2.52991936185521e+00 2.28566225965356e-19 6.64129983108525e-21 
2.53257265956035e+00 2.08773259645644e-19 6.06084020766373e-21 
2.53522595726550e+00 1.90686775067579e-19 5.53089447476419e-21 
2.53787925497064e+00 1.74160327327113e-19 5.04708681002543e-21 
2.54053255267578e+00 1.59059977242524e-19 4.60541861472251e-21 
2.54318585038093e+00 1.45263228988718e-19 4.20223616203572e-21 
2.54583914808607e+00 1.32658057479811e-19 3.83420100470165e-21 
2.54849244579122e+00 1.21142017962843e-19 3.49826290806361e-21 
2.55114574349636e+00 1.10621430914482e-19 3.19163509425590e-21 
2.55379904120151e+00 1.01010635909400e-19 2.91177160132262e-21 
2.55645233890665e+00 9.22313086580334e-20 2.65634657762516e-21 
2.55910563661180e+00 8.42118358965183e-20 2.42323534705814e-21 
2.56175893431694e+00 7.68867432564071e-20 2.21049709448778e-21 
2.56441223202208e+00 7.01961716496272e-20 2.01635903355463e-21 
2.56706552972723e+00 6.40853980780613e-20 1.83920193064157e-21 
2.56971882743237e+00 5.85043971199514e-20 1.67754686948764e-21 
2.57237212513752e+00 5.34074396595990e-20 1.53004315070964e-21 
2.57502542284266e+00 4.87527257149223e-20 1.39545722945196e-21 
2.57767872054781e+00 4.45020484815017e-20 1.27266260258968e-21 
2.58033201825295e+00 4.06204869537889e-20 1.16063056442270e-21 
2.58298531595810e+00 3.70761247059930e-20 1.05842175667915e-21 
2.58563861366324e+00 3.38397926184665e-20 9.65178444945451e-22 
2.58829191136838e+00 3.08848335217360e-20 8.80117459408645e-22 
2.59094520907353e+00 2.81868869010557e-20 8.02523743077341e-22 
2.59359850677867e+00 2.57236919608175e-20 7.31744455482327e-22 
2.59625180448382e+00 2.34749074915019e-20 6.67183584283718e-22 
2.59890510218896e+00 2.14219471131947e-20 6.08297021262971e-22 
2.60155839989411e+00 1.95478285900314e-20 5.54588062886548e-22 
2.60421169759925e+00 1.78370360201659e-20 5.05603299022397e-22 
2.60686499530440e+00 1.62753938068515e-20 4.60928856497080e-22 
2.60951829300954e+00 1.48499514087266e-20 4.20186967024625e-22 
2.61217159071468e+00 1.35488779521324e-20 3.83032831640146e-22 
2.61482488841983e+00 1.23613658659017e-20 3.49151756152355e-22 
2.61747818612497e+00 1.12775427701355e-20 3.18256534307889e-22 
2.62013148383012e+00 1.02883909155875e-20 2.90085057353968e-22 
2.62278478153526e+00 9.38567352988765e-21 2.64398130509986e-22 
2.62543807924041e+00 8.56186748143209e-21 2.40977478527428e-22 
2.62809137694555e+00 7.81010172175386e-21 2.19623924044316e-22 
2.63074467465070e+00 7.12410101296130e-21 2.00155723836996e-22 
2.63339797235584e+00 6.49813448873994e-21 1.82407049349768e-22 
2.63605127006098e+00 5.92696863578253e-21 1.66226599051490e-22 
2.63870456776613e+00 5.40582431763828e-21 1.51476331237247e-22 
2.64135786547127e+00 4.93033749512939e-21 1.38030306870817e-22 
2.64401116317642e+00 4.49652332691912e-21 1.25773632957866e-22 
2.64666446088156e+00 4.10074336076054e-21 1.14601497757482e-22 
2.64931775858671e+00 3.73967555061781e-21 1.04418289887472e-22 
2.65197105629185e+00 3.41028685742478e-21 9.95034425341934e-23 
