Energy(eV)           EEDF(eV^-(3/2))      Anisotropy(eV^-(3/2))
1.37988324424099e-02 6.88228599223505e-02 5.14533617450231e-05 
4.13964973272298e-02 6.88192625649982e-02 1.33261777068596e-04 
6.89941622120497e-02 6.88150727316607e-02 2.34065501943966e-04 
9.65918270968696e-02 6.88113090276729e-02 3.43944405110869e-04 
1.24189491981690e-01 6.88085011627388e-02 4.57571198238964e-04 
1.51787156866509e-01 6.88063478596409e-02 5.65711419215124e-04 
1.79384821751329e-01 6.88048216749818e-02 6.74858526530309e-04 
2.06982486636149e-01 6.88036465829946e-02 7.84285562643243e-04 
2.34580151520969e-01 6.88025165885067e-02 8.86835347724337e-04 
2.62177816405789e-01 6.88013392960663e-02 9.92646799119106e-04 
2.89775481290609e-01 6.87995904538343e-02 1.08542900213785e-03 
3.17373146175429e-01 6.87971337262636e-02 1.17621300097163e-03 
3.44970811060249e-01 6.87937259639169e-02 1.26326069400646e-03 
3.72568475945069e-01 6.87892250138100e-02 1.34791045504620e-03 
4.00166140829888e-01 6.87834363406155e-02 1.42945060396123e-03 
4.27763805714708e-01 6.87762813084774e-02 1.50841249593071e-03 
4.55361470599528e-01 6.87676909618373e-02 1.58480690374030e-03 
4.82959135484348e-01 6.87575758184189e-02 1.65855737230275e-03 
5.10556800369168e-01 6.87458516738378e-02 1.72965541575426e-03 
5.38154465253988e-01 6.87324689246617e-02 1.79823079173034e-03 
5.65752130138808e-01 6.87173596074744e-02 1.86430652560794e-03 
5.93349795023628e-01 6.87004564967824e-02 1.92792637924583e-03 
6.20947459908448e-01 6.86816969175584e-02 1.98912760112575e-03 
6.48545124793268e-01 6.86610226807222e-02 2.04794718782907e-03 
6.76142789678087e-01 6.86383799553147e-02 2.10442479595706e-03 
7.03740454562907e-01 6.86137191401956e-02 2.15859992277646e-03 
7.31338119447727e-01 6.85870034528069e-02 2.21053234195579e-03 
7.58935784332547e-01 6.85581966696275e-02 2.26028323509543e-03 
7.86533449217367e-01 6.85272611569985e-02 2.30790882780019e-03 
8.14131114102187e-01 6.84941627611849e-02 2.35345603293285e-03 
8.41728778987007e-01 6.84588708637910e-02 2.39697041252923e-03 
8.69326443871827e-01 6.84213581207834e-02 2.43850945627547e-03 
8.96924108756647e-01 6.83816001060173e-02 2.47813134302724e-03 
9.24521773641466e-01 6.83395753427799e-02 2.51588744641161e-03 
9.52119438526286e-01 6.82952651999653e-02 2.55182998277267e-03 
9.79717103411106e-01 6.82486536958346e-02 2.58600521165901e-03 
1.00731476829593e+00 6.81997276398561e-02 2.61839731070334e-03 
1.03491243318075e+00 6.81487317382832e-02 2.64910321972020e-03 
1.06251009806557e+00 6.80957435431468e-02 2.67814115470897e-03 
1.09010776295039e+00 6.80407652961543e-02 2.70553375393952e-03 
1.11770542783521e+00 6.79838011910722e-02 2.73132127861612e-03 
1.14530309272003e+00 6.79248570000506e-02 2.75555236780575e-03 
1.17290075760485e+00 6.78639399119475e-02 2.77826957267963e-03 
1.20049842248967e+00 6.78010587587793e-02 2.79959607115308e-03 
1.22809608737449e+00 6.77361099740698e-02 2.81969882725996e-03 
1.25569375225931e+00 6.76689936308190e-02 2.83865077785561e-03 
1.28329141714413e+00 6.75997138922282e-02 2.85645784419429e-03 
1.31088908202894e+00 6.75282770172405e-02 2.87311838782709e-03 
1.33848674691376e+00 6.74548862723093e-02 2.88868876160996e-03 
1.36608441179858e+00 6.73795754339871e-02 2.90318722848368e-03 
1.39368207668340e+00 6.73023569556357e-02 2.91664184785327e-03 
1.42127974156822e+00 6.72232435571534e-02 2.92910445083548e-03 
1.44887740645304e+00 6.71422481825118e-02 2.94060063780807e-03 
1.47647507133786e+00 6.70593852838167e-02 2.95119879387357e-03 
1.50407273622268e+00 6.69746669990673e-02 2.96100475905244e-03 
1.53167040110750e+00 6.68883952568109e-02 2.97007663798650e-03 
1.55926806599232e+00 6.68007426784714e-02 2.97841223042847e-03 
1.58686573087714e+00 6.67117247882076e-02 2.98600001702033e-03 
1.61446339576196e+00 6.66213583474046e-02 2.99282875188123e-03 
1.64206106064678e+00 6.65296612651500e-02 2.99889077551176e-03 
1.66965872553160e+00 6.64366525009706e-02 3.00418184210080e-03 
1.69725639041642e+00 6.63423519724819e-02 3.00870084566672e-03 
1.72485405530124e+00 6.62467804624667e-02 3.01244977371599e-03 
1.75245172018606e+00 6.61499595175820e-02 3.01543329144701e-03 
1.78004938507088e+00 6.60519113705824e-02 3.01765776984670e-03 
1.80764704995570e+00 6.59526588924213e-02 3.01913101857664e-03 
1.83524471484052e+00 6.58522255256753e-02 3.01986296719454e-03 
1.86284237972534e+00 6.57506351856193e-02 3.01986610009388e-03 
1.89044004461016e+00 6.56479121561886e-02 3.01915982534363e-03 
1.91803770949498e+00 6.55439927905558e-02 3.01778699407985e-03 
1.94563537437980e+00 6.54384160242381e-02 3.01575935119916e-03 
1.97323303926462e+00 6.53312079081213e-02 3.01306114577992e-03 
2.00083070414944e+00 6.52223950788201e-02 3.00970882206852e-03 
2.02842836903426e+00 6.51120046772371e-02 3.00571952715752e-03 
2.05602603391908e+00 6.50000643032136e-02 3.00111071312416e-03 
2.08362369880390e+00 6.48866019599741e-02 2.99590031497638e-03 
2.11122136368872e+00 6.47716459934753e-02 2.99007828012984e-03 
2.13881902857354e+00 6.46557410267743e-02 2.98364738595659e-03 
2.16641669345836e+00 6.45389667737899e-02 2.97666573461463e-03 
2.19401435834318e+00 6.44213495680511e-02 2.96916024304667e-03 
2.22161202322800e+00 6.43028090936178e-02 2.96116335770429e-03 
2.24920968811282e+00 6.41831028993274e-02 2.95269153143911e-03 
2.27680735299764e+00 6.40622593413814e-02 2.94374098607346e-03 
2.30440501788246e+00 6.39403066750759e-02 2.93433254752694e-03 
2.33200268276728e+00 6.38172729695917e-02 2.92448759073631e-03 
2.35960034765210e+00 6.36931860626052e-02 2.91422669830406e-03 
2.38719801253692e+00 6.35680735870042e-02 2.90355994616451e-03 
2.41479567742174e+00 6.34419637700089e-02 2.89248570115557e-03 
2.44239334230656e+00 6.33148856182426e-02 2.88101051451873e-03 
2.46999100719138e+00 6.31868680145858e-02 2.86914260011994e-03 
2.49758867207620e+00 6.30579404459375e-02 2.85688757355504e-03 
2.52518633696102e+00 6.29279835268752e-02 2.84427209382978e-03 
2.55278400184584e+00 6.27968163544811e-02 2.83131509900830e-03 
2.58038166673066e+00 6.26644714653599e-02 2.81802203711289e-03 
2.60797933161548e+00 6.25309807691431e-02 2.80441945115939e-03 
2.63557699650030e+00 6.23963755389004e-02 2.79053270857568e-03 
2.66317466138512e+00 6.22606864004430e-02 2.77638607239585e-03 
2.69077232626994e+00 6.21239433231766e-02 2.76200274100005e-03 
2.71836999115476e+00 6.19861756124321e-02 2.74740490893825e-03 
2.74596765603958e+00 6.18474119009227e-02 2.73261386726871e-03 
2.77356532092440e+00 6.17076801371910e-02 2.71764996893594e-03 
2.80116298580922e+00 6.15670075863459e-02 2.70252614826060e-03 
2.82876065069404e+00 6.14255140659060e-02 2.68725031480420e-03 
2.85635831557886e+00 6.12833027740682e-02 2.67184690129832e-03 
2.88395598046368e+00 6.11403970446290e-02 2.65634205633695e-03 
2.91155364534850e+00 6.09968195164567e-02 2.64075163466184e-03 
2.93915131023332e+00 6.08525921414462e-02 2.62509071533860e-03 
2.96674897511814e+00 6.07077361898639e-02 2.60937373898365e-03 
2.99434664000296e+00 6.05622722474461e-02 2.59361070677860e-03 
3.02194430488778e+00 6.04162690144411e-02 2.57780281268928e-03 
3.04954196977260e+00 6.02698610051626e-02 2.56196220725300e-03 
3.07713963465742e+00 6.01230649027402e-02 2.54611543374253e-03 
3.10473729954224e+00 5.99758967608544e-02 2.53027334407448e-03 
3.13233496442706e+00 5.98283720174518e-02 2.51444617668638e-03 
3.15993262931188e+00 5.96805055092218e-02 2.49864358233834e-03 
3.18753029419670e+00 5.95323114853548e-02 2.48287434579682e-03 
3.21512795908152e+00 5.93838036582485e-02 2.46714618016123e-03 
3.24272562396634e+00 5.92349952464285e-02 2.45146646994485e-03 
3.27032328885116e+00 5.90858989403702e-02 2.43584283206737e-03 
3.29792095373598e+00 5.89365268783421e-02 2.42028254256834e-03 
3.32551861862080e+00 5.87868906818777e-02 2.40479209857174e-03 
3.35311628350562e+00 5.86370014879001e-02 2.38937759046216e-03 
3.38071394839044e+00 5.84868699413997e-02 2.37404477568132e-03 
3.40831161327526e+00 5.83365062202729e-02 2.35879872796723e-03 
3.43590927816008e+00 5.81859200744351e-02 2.34364421850918e-03 
3.46350694304490e+00 5.80351208050994e-02 2.32858528149490e-03 
3.49110460792972e+00 5.78841173617273e-02 2.31362425365701e-03 
3.51870227281454e+00 5.77329184504859e-02 2.29876350700351e-03 
3.54629993769936e+00 5.75815324116989e-02 2.28400702270638e-03 
3.57389760258418e+00 5.74299671193646e-02 2.26935925612433e-03 
3.60149526746900e+00 5.72782300021652e-02 2.25481976883811e-03 
3.62909293235382e+00 5.71263681361221e-02 2.24038665082668e-03 
3.65669059723864e+00 5.69744196738177e-02 2.22606788279268e-03 
3.68428826212346e+00 5.68223899575965e-02 2.21187137312761e-03 
3.71188592700828e+00 5.66702839731527e-02 2.19779963525231e-03 
3.73948359189310e+00 5.65181063672702e-02 2.18385486842836e-03 
3.76708125677792e+00 5.63658614643482e-02 2.17003897645421e-03 
3.79467892166274e+00 5.62135532830055e-02 2.15635357909586e-03 
3.82227658654756e+00 5.60611855523910e-02 2.14280003296893e-03 
3.84987425143238e+00 5.59087617271639e-02 2.12937945228185e-03 
3.87747191631720e+00 5.57562850020806e-02 2.11609272421592e-03 
3.90506958120202e+00 5.56037583259066e-02 2.10294052691280e-03 
3.93266724608684e+00 5.54511844144701e-02 2.08992334604026e-03 
3.96026491097166e+00 5.52985657631446e-02 2.07704149007252e-03 
3.98786257585647e+00 5.51459046585687e-02 2.06429607607578e-03 
4.01546024074129e+00 5.49931959800152e-02 2.05170273447828e-03 
4.04305790562611e+00 5.48403297921197e-02 2.03926455004553e-03 
4.07065557051093e+00 5.46873091802049e-02 2.02696155042312e-03 
4.09825323539575e+00 5.45341370412991e-02 2.01479331753373e-03 
4.12585090028057e+00 5.43808160938745e-02 2.00275932202007e-03 
4.15344856516539e+00 5.42273488869305e-02 1.99085893235392e-03 
4.18104623005021e+00 5.40737378089170e-02 1.97909141366526e-03 
4.20864389493503e+00 5.39199850975417e-02 1.96745590732990e-03 
4.23624155981985e+00 5.37660928524338e-02 1.95595146784632e-03 
4.26383922470467e+00 5.36120630398026e-02 1.94457713193131e-03 
4.29143688958949e+00 5.34578974946111e-02 1.93333190146936e-03 
4.31903455447431e+00 5.33035979280497e-02 1.92221469968729e-03 
4.34663221935913e+00 5.31491659369337e-02 1.91122439225382e-03 
4.37422988424395e+00 5.29946030081825e-02 1.90035982441699e-03 
4.40182754912877e+00 5.28399105224795e-02 1.88961981046582e-03 
4.42942521401359e+00 5.26850897605857e-02 1.87900312436945e-03 
4.45702287889841e+00 5.25301419087074e-02 1.86850849929412e-03 
4.48462054378323e+00 5.23750680651034e-02 1.85813459199454e-03 
4.51221820866805e+00 5.22198692516154e-02 1.84785711542404e-03 
4.53981587355287e+00 5.20646823315836e-02 1.83766901643905e-03 
4.56741353843769e+00 5.19095150074056e-02 1.82759578432394e-03 
4.59501120332251e+00 5.17543666339081e-02 1.81763773322916e-03 
4.62260886820733e+00 5.15992365227652e-02 1.80779351316189e-03 
4.65020653309215e+00 5.14441239461214e-02 1.79806176035110e-03 
4.67780419797697e+00 5.12890281402578e-02 1.78844109994651e-03 
4.70540186286179e+00 5.11339483088102e-02 1.77893014872742e-03 
4.73299952774661e+00 5.09788836260137e-02 1.76952751731757e-03 
4.76059719263143e+00 5.08238332395705e-02 1.76023181252756e-03 
4.78819485751625e+00 5.06687962735097e-02 1.75104163962742e-03 
4.81579252240107e+00 5.05137718306699e-02 1.74195560442303e-03 
4.84339018728589e+00 5.03587589951970e-02 1.73297231477903e-03 
4.87098785217071e+00 5.02037568347517e-02 1.72409038213194e-03 
4.89858551705553e+00 5.00487644027255e-02 1.71530842294269e-03 
4.92618318194035e+00 4.98937807401698e-02 1.70662506015494e-03 
4.95378084682517e+00 4.97388048777245e-02 1.69803892404890e-03 
4.98137851170999e+00 4.95838358373608e-02 1.68954865337774e-03 
5.00897617659481e+00 4.94288726340690e-02 1.68117452267889e-03 
5.03657384147963e+00 4.92738051080789e-02 1.67292254548750e-03 
5.06417150636445e+00 4.91186102289000e-02 1.66476763456929e-03 
5.09176917124927e+00 4.89632881663750e-02 1.65670330886531e-03 
5.11936683613409e+00 4.88078390692925e-02 1.64872825445707e-03 
5.14696450101891e+00 4.86522630669232e-02 1.64084117071620e-03 
5.17456216590373e+00 4.84965602705405e-02 1.63304077080615e-03 
5.20215983078855e+00 4.83407307747907e-02 1.62532578010026e-03 
5.22975749567337e+00 4.81847746594441e-02 1.61769493660086e-03 
5.25735516055819e+00 4.80286919906193e-02 1.61014699549691e-03 
5.28495282544301e+00 4.78724828215833e-02 1.60268072929209e-03 
5.31255049032783e+00 4.77161471938596e-02 1.59529492517404e-03 
5.34014815521265e+00 4.75596851384525e-02 1.58798838527089e-03 
5.36774582009747e+00 4.74030966768264e-02 1.58075992815523e-03 
5.39534348498229e+00 4.72463818217528e-02 1.57360838859902e-03 
5.42294114986711e+00 4.70895405782515e-02 1.56653261680307e-03 
5.45053881475193e+00 4.69325729445053e-02 1.55953147892223e-03 
5.47813647963675e+00 4.67754789126141e-02 1.55260385661243e-03 
5.50573414452157e+00 4.66182584695167e-02 1.54574864655623e-03 
5.53333180940639e+00 4.64609115977587e-02 1.53896476182935e-03 
5.56092947429121e+00 4.63034382760554e-02 1.53225113206817e-03 
5.58852713917603e+00 4.61458384799381e-02 1.52560670269302e-03 
5.61612480406085e+00 4.59881121823899e-02 1.51903043479895e-03 
5.64372246894567e+00 4.58302593544304e-02 1.51252130503514e-03 
5.67132013383049e+00 4.56722799656939e-02 1.50607830546121e-03 
5.69891779871531e+00 4.55141739849619e-02 1.49970044341048e-03 
5.72651546360013e+00 4.53559413806878e-02 1.49338674132772e-03 
5.75411312848495e+00 4.51975821214830e-02 1.48713623661251e-03 
5.78171079336977e+00 4.50390961765951e-02 1.48094798145446e-03 
5.80930845825459e+00 4.48804835163496e-02 1.47482104266716e-03 
5.83690612313941e+00 4.47217441125851e-02 1.46875450149665e-03 
5.86450378802423e+00 4.45628779390591e-02 1.46274745343435e-03 
5.89210145290905e+00 4.44038849718476e-02 1.45679900802338e-03 
5.91969911779387e+00 4.42447651897169e-02 1.45090828866927e-03 
5.94729678267869e+00 4.40855185744905e-02 1.44507443243686e-03 
5.97489444756351e+00 4.39261451113925e-02 1.43929658985201e-03 
6.00249211244833e+00 4.37666447893850e-02 1.43358236117051e-03 
6.03008977733315e+00 4.36069836451740e-02 1.42793730155575e-03 
6.05768744221797e+00 4.34471384253478e-02 1.42235195843043e-03 
6.08528510710279e+00 4.32871095288002e-02 1.41681928876265e-03 
6.11288277198761e+00 4.31268973542188e-02 1.41133850151591e-03 
6.14048043687243e+00 4.29665023004933e-02 1.40590881787329e-03 
6.16807810175725e+00 4.28059247671158e-02 1.40052947103289e-03 
6.19567576664207e+00 4.26451651545662e-02 1.39519970595971e-03 
6.22327343152689e+00 4.24842238647018e-02 1.38991877918235e-03 
6.25087109641171e+00 4.23231013011226e-02 1.38468595869005e-03 
6.27846876129653e+00 4.21617978695194e-02 1.37950052373944e-03 
6.30606642618135e+00 4.20003139780192e-02 1.37436176459552e-03 
6.33366409106617e+00 4.18386500375295e-02 1.36926898232249e-03 
6.36126175595099e+00 4.16768064620712e-02 1.36422148860756e-03 
6.38885942083581e+00 4.15147836691033e-02 1.35921860556652e-03 
6.41645708572063e+00 4.13525820798413e-02 1.35425966554719e-03 
6.44405475060545e+00 4.11902021195701e-02 1.34934401094781e-03 
6.47165241549027e+00 4.10276442179479e-02 1.34447099404734e-03 
6.49925008037509e+00 4.08649088093029e-02 1.33963997681960e-03 
6.52684774525991e+00 4.07019963329262e-02 1.33485033072443e-03 
6.55444541014472e+00 4.05389072333647e-02 1.33010143652637e-03 
6.58204307502954e+00 4.03756419607040e-02 1.32539268413829e-03 
6.60964073991437e+00 4.02122009708471e-02 1.32072347245456e-03 
6.63723840479919e+00 4.00485847257873e-02 1.31609320918398e-03 
6.66483606968400e+00 3.98847936938763e-02 1.31150131068501e-03 
6.69243373456882e+00 3.97208283500888e-02 1.30694720180403e-03 
6.72003139945364e+00 3.95566891762820e-02 1.30243031571609e-03 
6.74762906433846e+00 3.93923766614519e-02 1.29795009376891e-03 
6.77522672922328e+00 3.92278913019853e-02 1.29350598532956e-03 
6.80282439410810e+00 3.90632336019078e-02 1.28909744763418e-03 
6.83042205899292e+00 3.88984040731298e-02 1.28472394564030e-03 
6.85801972387774e+00 3.87334032356871e-02 1.28038495188215e-03 
6.88561738876256e+00 3.85682316179798e-02 1.27607994632819e-03 
6.91321505364738e+00 3.84028897570076e-02 1.27180841624248e-03 
6.94081271853220e+00 3.82373781986020e-02 1.26756985604823e-03 
6.96841038341702e+00 3.80716974976558e-02 1.26336376719410e-03 
6.99600804830184e+00 3.79058482183500e-02 1.25922073730363e-03 
7.02360571318666e+00 3.77397209717876e-02 1.25519763251917e-03 
7.05120337807148e+00 3.75731179953848e-02 1.25126314181998e-03 
7.07880104295630e+00 3.74060416059369e-02 1.24735808698949e-03 
7.10639870784112e+00 3.72384941180147e-02 1.24348196062960e-03 
7.13399637272594e+00 3.70704778447467e-02 1.23963426151449e-03 
7.16159403761076e+00 3.69019950985924e-02 1.23581449447778e-03 
7.18919170249558e+00 3.67330481921070e-02 1.23202217030189e-03 
7.21678936738040e+00 3.65636394386960e-02 1.22825680561047e-03 
7.24438703226522e+00 3.63937711533625e-02 1.22451792276476e-03 
7.27198469715004e+00 3.62234456534445e-02 1.22080504976118e-03 
7.29958236203486e+00 3.60526652593444e-02 1.21711772013052e-03 
7.32718002691968e+00 3.58814322952506e-02 1.21345547283948e-03 
7.35477769180450e+00 3.57097490898503e-02 1.20981785219484e-03 
7.38237535668932e+00 3.55376179770347e-02 1.20620440775021e-03 
7.40997302157414e+00 3.53650412965967e-02 1.20261469421468e-03 
7.43757068645896e+00 3.51920213949204e-02 1.19904827136389e-03 
7.46516835134378e+00 3.50185606256630e-02 1.19550470395309e-03 
7.49276601622860e+00 3.48446613504296e-02 1.19198356163235e-03 
7.52036368111342e+00 3.46703259394402e-02 1.18848441886298e-03 
7.54796134599824e+00 3.44955567721900e-02 1.18500685483660e-03 
7.57555901088306e+00 3.43203562381021e-02 1.18155045339641e-03 
7.60315667576788e+00 3.41447267371736e-02 1.17811480296000e-03 
7.63075434065270e+00 3.39686706806139e-02 1.17469949644442e-03 
7.65835200553752e+00 3.37921904914773e-02 1.17130413119271e-03 
7.68594967042234e+00 3.36152886052875e-02 1.16792830890230e-03 
7.71354733530716e+00 3.34379674706568e-02 1.16457163555524e-03 
7.74114500019198e+00 3.32602295498971e-02 1.16123372135021e-03 
7.76874266507680e+00 3.30820773196254e-02 1.15791418063589e-03 
7.79634032996162e+00 3.29035132713627e-02 1.15461263184612e-03 
7.82393799484644e+00 3.27245399121259e-02 1.15132869743693e-03 
7.85153565973126e+00 3.25451597650138e-02 1.14806200382508e-03 
7.87913332461608e+00 3.23653753697864e-02 1.14481218132776e-03 
7.90673098950090e+00 3.21851892834383e-02 1.14157886410424e-03 
7.93432865438572e+00 3.20046040807652e-02 1.13836169009895e-03 
7.96192631927054e+00 3.18236223549251e-02 1.13516030098554e-03 
7.98952398415536e+00 3.16422467179922e-02 1.13196679596378e-03 
8.01712164904018e+00 3.14605054708276e-02 1.12872577554572e-03 
8.04471931392500e+00 3.12785882043470e-02 1.12544406910432e-03 
8.07231697880982e+00 3.10964964373154e-02 1.12217823222141e-03 
8.09991464369464e+00 3.09142317086118e-02 1.11892795812411e-03 
8.12751230857946e+00 3.07317955774354e-02 1.11569294347538e-03 
8.15510997346428e+00 3.05491896235105e-02 1.11247288832379e-03 
8.18270763834910e+00 3.03664154472875e-02 1.10926749605470e-03 
8.21030530323392e+00 3.01834746701421e-02 1.10607647334242e-03 
8.23790296811874e+00 3.00003689345725e-02 1.10289953010348e-03 
8.26550063300356e+00 2.98170999043925e-02 1.09973637945131e-03 
8.29309829788838e+00 2.96336692649239e-02 1.09658673765155e-03 
8.32069596277320e+00 2.94500787231848e-02 1.09345032407865e-03 
8.34829362765802e+00 2.92663300080761e-02 1.09032686117347e-03 
8.37589129254284e+00 2.90824248705658e-02 1.08721607440186e-03 
8.40348895742766e+00 2.88983650838695e-02 1.08411769221419e-03 
8.43108662231248e+00 2.87141524436295e-02 1.08103144600581e-03 
8.45868428719730e+00 2.85297887680904e-02 1.07795707007870e-03 
8.48628195208212e+00 2.83452758982732e-02 1.07489430160376e-03 
8.51387961696694e+00 2.81606156981453e-02 1.07184288058405e-03 
8.54147728185176e+00 2.79758100547888e-02 1.06880254981887e-03 
8.56907494673658e+00 2.77908608785662e-02 1.06577305486906e-03 
8.59667261162140e+00 2.76057701032831e-02 1.06275414402265e-03 
8.62427027650622e+00 2.74205396863477e-02 1.05974556826161e-03 
8.65186794139104e+00 2.72351716089291e-02 1.05674708122942e-03 
8.67946560627586e+00 2.70496678761109e-02 1.05375843919922e-03 
8.70706327116068e+00 2.68640305170440e-02 1.05077940104300e-03 
8.73466093604550e+00 2.66782615850948e-02 1.04780972820156e-03 
8.76225860093032e+00 2.64923631579922e-02 1.04484918465478e-03 
8.78985626581514e+00 2.63063373379708e-02 1.04189753689310e-03 
8.81745393069996e+00 2.61201862519115e-02 1.03895455388954e-03 
8.84505159558478e+00 2.59339120514795e-02 1.03602000707235e-03 
8.87264926046960e+00 2.57475169132594e-02 1.03309367029850e-03 
8.90024692535442e+00 2.55610030388867e-02 1.03017531982768e-03 
8.92784459023924e+00 2.53743726551777e-02 1.02726473429707e-03 
8.95544225512406e+00 2.51876280142550e-02 1.02436169469664e-03 
8.98303992000888e+00 2.50007713936716e-02 1.02146598434512e-03 
9.01063758489370e+00 2.48138050965303e-02 1.01857738886678e-03 
9.03823524977852e+00 2.46267314516019e-02 1.01569569616845e-03 
9.06583291466334e+00 2.44395528134386e-02 1.01282069641744e-03 
9.09343057954815e+00 2.42522715624860e-02 1.00995218201995e-03 
9.12102824443298e+00 2.40648901051907e-02 1.00708994759991e-03 
9.14862590931780e+00 2.38774108741059e-02 1.00423378997847e-03 
9.17622357420261e+00 2.36898363279926e-02 1.00138350815418e-03 
9.20382123908744e+00 2.35021689519193e-02 9.98538903283471e-04 
9.23141890397225e+00 2.33144112573567e-02 9.95699778661824e-04 
9.25901656885707e+00 2.31265657822711e-02 9.92865939705413e-04 
9.28661423374190e+00 2.29386350912126e-02 9.90037193933088e-04 
9.31421189862671e+00 2.27506217754018e-02 9.87213350949111e-04 
9.34180956351153e+00 2.25625284528121e-02 9.84394222426221e-04 
9.36940722839635e+00 2.23743577682495e-02 9.81579622089073e-04 
9.39700489328117e+00 2.21861123934279e-02 9.78769365698426e-04 
9.42460255816599e+00 2.19977950270425e-02 9.75963271035630e-04 
9.45220022305081e+00 2.18094083948388e-02 9.73161157887412e-04 
9.47979788793563e+00 2.16209552496785e-02 9.70362848031179e-04 
9.50739555282045e+00 2.14324383716019e-02 9.67568165220993e-04 
9.53499321770527e+00 2.12438605678871e-02 9.64776935173713e-04 
9.56259088259009e+00 2.10552246731052e-02 9.61988985555445e-04 
9.59018854747491e+00 2.08665335491725e-02 9.59204145968688e-04 
9.61778621235973e+00 2.06777900853988e-02 9.56422247939674e-04 
9.64538387724455e+00 2.04889971985322e-02 9.53643124906175e-04 
9.67298154212937e+00 2.03001578328003e-02 9.50866612205566e-04 
9.70057920701419e+00 2.01112749599481e-02 9.48092547063381e-04 
9.72817687189901e+00 1.99223515792714e-02 9.45320768582255e-04 
9.75577453678383e+00 1.97333907176474e-02 9.42551117731098e-04 
9.78337220166865e+00 1.95443954295610e-02 9.39783437334620e-04 
9.81096986655347e+00 1.93553687971277e-02 9.37017572063247e-04 
9.83856753143829e+00 1.91663139301126e-02 9.34253368423487e-04 
9.86616519632311e+00 1.89772339659451e-02 9.31490674748331e-04 
9.89376286120793e+00 1.87881320697308e-02 9.28729341188127e-04 
9.92136052609275e+00 1.85990114342586e-02 9.25969219701883e-04 
9.94895819097757e+00 1.84098752800045e-02 9.23210164048710e-04 
9.97655585586239e+00 1.82207268551307e-02 9.20452029779629e-04 
1.00041535207472e+01 1.80315694354819e-02 9.17573885740813e-04 
1.00317511856320e+01 1.78428860104631e-02 9.14511737807605e-04 
1.00593488505169e+01 1.76549326618639e-02 9.11392739077420e-04 
1.00869465154017e+01 1.74677065186637e-02 9.08284775506560e-04 
1.01145441802865e+01 1.72812047289892e-02 9.05187769798680e-04 
1.01421418451713e+01 1.70954244598845e-02 9.02101645624965e-04 
1.01697395100561e+01 1.69103628970847e-02 8.99026327609880e-04 
1.01973371749410e+01 1.67260172447927e-02 8.95961741317102e-04 
1.02249348398258e+01 1.65423847254594e-02 8.92907813235737e-04 
1.02525325047106e+01 1.63594625795676e-02 8.89864470766656e-04 
1.02801301695954e+01 1.61772480654177e-02 8.86831642209259e-04 
1.03077278344802e+01 1.59957384589186e-02 8.83809256748315e-04 
1.03353254993651e+01 1.58149310533798e-02 8.80797244441007e-04 
1.03629231642499e+01 1.56348231593077e-02 8.77795536204203e-04 
1.03905208291347e+01 1.54554121042043e-02 8.74804063801935e-04 
1.04181184940195e+01 1.52766952323695e-02 8.71822759833171e-04 
1.04457161589043e+01 1.50986699047054e-02 8.68851557719715e-04 
1.04733138237891e+01 1.49213334985241e-02 8.65890391694170e-04 
1.05009114886740e+01 1.47446834073580e-02 8.62939196788301e-04 
1.05285091535588e+01 1.45687170407734e-02 8.59997908821533e-04 
1.05561068184436e+01 1.43934318241857e-02 8.57066464389574e-04 
1.05837044833284e+01 1.42188251986785e-02 8.54144800853183e-04 
1.06113021482132e+01 1.40448946208247e-02 8.51232856327251e-04 
1.06388998130981e+01 1.38716375625098e-02 8.48330569670008e-04 
1.06664974779829e+01 1.36990515107589e-02 8.45437880472279e-04 
1.06940951428677e+01 1.35271339675650e-02 8.42554729047104e-04 
1.07216928077525e+01 1.33558824497204e-02 8.39681056419387e-04 
1.07492904726373e+01 1.31852944886504e-02 8.36816804315727e-04 
1.07768881375222e+01 1.30153676302494e-02 8.33961915154490e-04 
1.08044858024070e+01 1.28460994347193e-02 8.31116332035902e-04 
1.08320834672918e+01 1.26774874764100e-02 8.28279998732380e-04 
1.08596811321766e+01 1.25095293436628e-02 8.25452859679128e-04 
1.08872787970614e+01 1.23422226386552e-02 8.22634859964630e-04 
1.09148764619463e+01 1.21755649772488e-02 8.19825945321371e-04 
1.09424741268311e+01 1.20095539888383e-02 8.17026062116873e-04 
1.09700717917159e+01 1.18441873162038e-02 8.14235157344691e-04 
1.09976694566007e+01 1.16794626153643e-02 8.11453178615570e-04 
1.10252671214855e+01 1.15153775554335e-02 8.08680074148835e-04 
1.10528647863704e+01 1.13519298184780e-02 8.05915792763790e-04 
1.10804624512552e+01 1.11891170993772e-02 8.03160283871306e-04 
1.11080601161400e+01 1.10269371056850e-02 8.00413497465554e-04 
1.11356577810248e+01 1.08653875574936e-02 7.97675384115856e-04 
1.11632554459096e+01 1.07044661872995e-02 7.94945894958689e-04 
1.11908531107945e+01 1.05441707398711e-02 7.92224981689692e-04 
1.12184507756793e+01 1.03844989721180e-02 7.89512596555912e-04 
1.12460484405641e+01 1.02254486529622e-02 7.86808692348153e-04 
1.12736461054489e+01 1.00670175632115e-02 7.84113222393369e-04 
1.13012437703337e+01 9.90920349543444e-03 7.81426140547270e-04 
1.13288414352186e+01 9.75200425383637e-03 7.78747401186983e-04 
1.13564391001034e+01 9.59541765413827e-03 7.76076959203800e-04 
1.13840367649882e+01 9.43944152345657e-03 7.73414769996101e-04 
1.14116344298730e+01 9.28407370018481e-03 7.70760789462358e-04 
1.14392320947578e+01 9.12931203387696e-03 7.68114973994178e-04 
1.14668297596427e+01 8.97515438513237e-03 7.65477280469531e-04 
1.14944274245275e+01 8.82159862548226e-03 7.62847666246088e-04 
1.15220250894123e+01 8.66864263727774e-03 7.60226089154597e-04 
1.15496227542971e+01 8.51628431357950e-03 7.57582409246729e-04 
1.15772204191819e+01 8.36453006189904e-03 7.54834838643225e-04 
1.16048180840668e+01 8.21340780256703e-03 7.51912048520765e-04 
1.16324157489516e+01 8.06295611783817e-03 7.48771827822968e-04 
1.16600134138364e+01 7.91321926984063e-03 7.45365725413789e-04 
1.16876110787212e+01 7.76425456624848e-03 7.41669376525152e-04 
1.17152087436060e+01 7.61611923695305e-03 7.37690043429473e-04 
1.17428064084909e+01 7.46886805283013e-03 7.33435972546046e-04 
1.17704040733757e+01 7.32255440146255e-03 7.28913300753113e-04 
1.17980017382605e+01 7.17723058676351e-03 7.24132229584239e-04 
1.18255994031453e+01 7.03294619516229e-03 7.19095641996615e-04 
1.18531970680301e+01 6.88975084841731e-03 7.13782319699197e-04 
1.18807947329150e+01 6.74770053798425e-03 7.08168669357677e-04 
1.19083923977998e+01 6.60685564185517e-03 7.02256911125674e-04 
1.19359900626846e+01 6.46727312556409e-03 6.96063638729872e-04 
1.19635877275694e+01 6.32900660811026e-03 6.89605136140192e-04 
1.19911853924542e+01 6.19210642967176e-03 6.82897259861471e-04 
1.20187830573391e+01 6.05662054343553e-03 6.75955155819993e-04 
1.20463807222239e+01 5.92259661297848e-03 6.68794205627442e-04 
1.20739783871087e+01 5.79007545505034e-03 6.61429973197411e-04 
1.21015760519935e+01 5.65909489007606e-03 6.53877069381840e-04 
1.21291737168783e+01 5.52968981657121e-03 6.46149753399946e-04 
1.21567713817632e+01 5.40189228627196e-03 6.38261928911259e-04 
1.21843690466480e+01 5.27573157982491e-03 6.30227140840923e-04 
1.22119667115328e+01 5.15123428288846e-03 6.22058572928027e-04 
1.22395643764176e+01 5.02842436250339e-03 6.13769045967874e-04 
1.22671620413024e+01 4.90732324359681e-03 6.05371016719296e-04 
1.22947597061873e+01 4.78794988548946e-03 5.96876577448257e-04 
1.23223573710721e+01 4.67032085828263e-03 5.88297456079358e-04 
1.23499550359569e+01 4.55445041900670e-03 5.79645016927047e-04 
1.23775527008417e+01 4.44035058741942e-03 5.70930261978737e-04 
1.24051503657265e+01 4.32803122134771e-03 5.62163832702537e-04 
1.24327480306114e+01 4.21750009147247e-03 5.53356012352507e-04 
1.24603456954962e+01 4.10876295546156e-03 5.44516728745022e-04 
1.24879433603810e+01 4.00182363136142e-03 5.35655557480284e-04 
1.25155410252658e+01 3.89668407016334e-03 5.26781725583481e-04 
1.25431386901506e+01 3.79334442746557e-03 5.17904115540720e-04 
1.25707363550355e+01 3.69180313415732e-03 5.09031269705445e-04 
1.25983340199203e+01 3.59205696605615e-03 5.00171395051617e-04 
1.26259316848051e+01 3.49410111243460e-03 4.91332368250611e-04 
1.26535293496899e+01 3.39792924337682e-03 4.82521741049407e-04 
1.26811270145747e+01 3.30353357591049e-03 4.73746745928300e-04 
1.27087246794596e+01 3.21090493886381e-03 4.65014302017036e-04 
1.27363223443444e+01 3.12003283640120e-03 4.56331021249025e-04 
1.27639200092292e+01 3.03090551019601e-03 4.47703214733883e-04 
1.27915176741140e+01 2.94351000020197e-03 4.39136899329278e-04 
1.28191153389988e+01 2.85783220398933e-03 4.30637804393903e-04 
1.28467130038837e+01 2.77385693461485e-03 4.22211378703870e-04 
1.28743106687685e+01 2.69156797699871e-03 4.13862797515742e-04 
1.29019083336533e+01 2.61094814278446e-03 4.05596166968113e-04 
1.29295059985381e+01 2.53197947375864e-03 3.97412935221272e-04 
1.29571036634229e+01 2.45464390992279e-03 3.89313691809364e-04 
1.29847013283078e+01 2.37892349278474e-03 3.81301464851682e-04 
1.30122989931926e+01 2.30479937263726e-03 3.73361667290526e-04 
1.30398966580774e+01 2.23225525282528e-03 3.65461615558165e-04 
1.30674943229622e+01 2.16128518188180e-03 3.57588273306572e-04 
1.30950919878470e+01 2.09188215363679e-03 3.49745268051060e-04 
1.31226896527319e+01 2.02403824735583e-03 3.41931587693262e-04 
1.31502873176167e+01 1.95774643252129e-03 3.34147696079168e-04 
1.31778849825015e+01 1.89299942791943e-03 3.26399212156414e-04 
1.32054826473863e+01 1.82978843490194e-03 3.18693321987052e-04 
1.32330803122711e+01 1.76810339284085e-03 3.11037459392866e-04 
1.32606779771560e+01 1.70793274976184e-03 3.03439257772480e-04 
1.32882756420408e+01 1.64926348829276e-03 2.95904400095294e-04 
1.33158733069256e+01 1.59208148863560e-03 2.88436254359716e-04 
1.33434709718104e+01 1.53637234089032e-03 2.81038752232928e-04 
1.33710686366952e+01 1.48212073969529e-03 2.73717411708529e-04 
1.33986663015801e+01 1.42931029563265e-03 2.66478182651782e-04 
1.34262639664649e+01 1.37792346614220e-03 2.59326818293647e-04 
1.34538616313497e+01 1.32794164362013e-03 2.52268635983373e-04 
1.34814592962345e+01 1.27934524051676e-03 2.45307907093117e-04 
1.35090569611193e+01 1.23211385690101e-03 2.38447479541619e-04 
1.35366546260042e+01 1.18622671813736e-03 2.31690090285563e-04 
1.35642522908890e+01 1.14166256660377e-03 2.25039278696962e-04 
1.35918499557738e+01 1.09839941239597e-03 2.18498710079278e-04 
1.36194476206586e+01 1.05641460696612e-03 2.12071684695067e-04 
1.36470452855434e+01 1.01568491365443e-03 2.05761153091685e-04 
1.36746429504283e+01 9.76186575128980e-04 1.99569731362145e-04 
1.37022406153131e+01 9.37895377755059e-04 1.93499716309443e-04 
1.37298382801979e+01 9.00786712921423e-04 1.87553100485248e-04 
1.37574359450827e+01 8.64835635356209e-04 1.81731587076315e-04 
1.37850336099675e+01 8.30016918470090e-04 1.76036604614361e-04 
1.38126312748524e+01 7.96305106768719e-04 1.70469321487516e-04 
1.38402289397372e+01 7.63674565380444e-04 1.65028569689947e-04 
1.38678266046220e+01 7.32099743881068e-04 1.59709286428509e-04 
1.38954242695068e+01 7.01556522398978e-04 1.54505910033770e-04 
1.39230219343916e+01 6.72021931774551e-04 1.49414210447267e-04 
1.39506195992765e+01 6.43473574185654e-04 1.44431250836215e-04 
1.39782172641613e+01 6.15890016831932e-04 1.39553926079546e-04 
1.40058149290461e+01 5.89249763523692e-04 1.34778511245668e-04 
1.40334125939309e+01 5.63533010294359e-04 1.30105441415853e-04 
1.40610102588157e+01 5.38719329962523e-04 1.25537589264803e-04 
1.40886079237006e+01 5.14787457203070e-04 1.21074650610399e-04 
1.41162055885854e+01 4.91716579458943e-04 1.16715216794173e-04 
1.41438032534702e+01 4.69486272332414e-04 1.12459260890154e-04 
1.41714009183550e+01 4.48076007506349e-04 1.08307052293264e-04 
1.41989985832398e+01 4.27465207528213e-04 1.04258538330719e-04 
1.42265962481247e+01 4.07633438751579e-04 1.00313171770030e-04 
1.42541939130095e+01 3.88560238041886e-04 9.64696501450814e-05 
1.42817915778943e+01 3.70225635948450e-04 9.27271258332897e-05 
1.43093892427791e+01 3.52609812375555e-04 8.90853714224984e-05 
1.43369869076639e+01 3.35692899535163e-04 8.55439042166469e-05 
1.43645845725488e+01 3.19455276235302e-04 8.21023794289880e-05 
1.43921822374336e+01 3.03877365234813e-04 7.87607054632184e-05 
1.44197799023184e+01 2.88939624335045e-04 7.55186432471952e-05 
1.44473775672032e+01 2.74622587729054e-04 7.23757482447044e-05 
1.44749752320880e+01 2.60906904173076e-04 6.93311911977170e-05 
1.45025728969729e+01 2.47773379776835e-04 6.63835182890212e-05 
1.45301705618577e+01 2.35203148043953e-04 6.35306498904544e-05 
1.45577682267425e+01 2.23177762232086e-04 6.07705101232978e-05 
1.45853658916273e+01 2.11679293192091e-04 5.81016634706995e-05 
1.46129635565121e+01 2.00690032807533e-04 5.55230424097530e-05 
1.46405612213970e+01 1.90192493577401e-04 5.30334840950128e-05 
1.46681588862818e+01 1.80169432217855e-04 5.06316970694883e-05 
1.46957565511666e+01 1.70603872414542e-04 4.83160603424333e-05 
1.47233542160514e+01 1.61479133182138e-04 4.60846914108037e-05 
1.47509518809362e+01 1.52778989328641e-04 4.39358281878828e-05 
1.47785495458211e+01 1.44487526638922e-04 4.18677950857130e-05 
1.48061472107059e+01 1.36589168261656e-04 3.98787976363918e-05 
1.48337448755907e+01 1.29068698794770e-04 3.79670140480983e-05 
1.48613425404755e+01 1.21911276663147e-04 3.61306581732993e-05 
1.48889402053603e+01 1.15102404436477e-04 3.43679444604256e-05 
1.49165378702452e+01 1.08627942910931e-04 3.26770613620398e-05 
1.49441355351300e+01 1.02474109307375e-04 3.10561757627921e-05 
1.49717332000148e+01 9.66274826916993e-05 2.95034039070508e-05 
1.49993308648996e+01 9.10750076488769e-05 2.80169256977221e-05 
1.50269285297844e+01 8.58094766935016e-05 2.65943394409299e-05 
1.50545261946693e+01 8.08237012354680e-05 2.52338574099987e-05 
1.50821238595541e+01 7.61045717742113e-05 2.39342607042603e-05 
1.51097215244389e+01 7.16394646330079e-05 2.26934494078022e-05 
1.51373191893237e+01 6.74162333605416e-05 2.15093511802592e-05 
1.51649168542085e+01 6.34231994802668e-05 2.03799247665690e-05 
1.51925145190934e+01 5.96491426744380e-05 1.93031631130540e-05 
1.52201121839782e+01 5.60832904839696e-05 1.82770961130854e-05 
1.52477098488630e+01 5.27153075997714e-05 1.72997930049995e-05 
1.52753075137478e+01 4.95352848158859e-05 1.63693644443095e-05 
1.53029051786326e+01 4.65337277096278e-05 1.54839642715884e-05 
1.53305028435175e+01 4.37015451090131e-05 1.46417909966946e-05 
1.53581005084023e+01 4.10300374030523e-05 1.38410890192908e-05 
1.53856981732871e+01 3.85108847459840e-05 1.30801496048566e-05 
1.54132958381719e+01 3.61361352022322e-05 1.23573116346407e-05 
1.54408935030567e+01 3.38981928747869e-05 1.16709621472293e-05 
1.54684911679416e+01 3.17898060558313e-05 1.10195366886376e-05 
1.54960888328264e+01 2.98040554347618e-05 1.04015194870589e-05 
1.55236864977112e+01 2.79343423952771e-05 9.81544346764521e-06 
1.55512841625960e+01 2.61743774299298e-05 9.25989012192914e-06 
1.55788818274808e+01 2.45181686974486e-05 8.73348924575455e-06 
1.56064794923657e+01 2.29600107452365e-05 8.23491855884826e-06 
1.56340771572505e+01 2.14944734167300e-05 7.76290321844807e-06 
1.56616748221353e+01 2.01163909607539e-05 7.31621523870402e-06 
1.56892724870201e+01 1.88208513576288e-05 6.89367282688979e-06 
1.57168701519049e+01 1.76031858745696e-05 6.49413964680339e-06 
1.57444678167898e+01 1.64589588608485e-05 6.11652401910216e-06 
1.57720654816746e+01 1.53839577912812e-05 5.75976272836634e-06 
1.57996631465594e+01 1.43740165542842e-05 5.42150764737645e-06 
1.58272608114442e+01 1.34258444994294e-05 5.10087300872124e-06 
1.58548584763290e+01 1.25358249213926e-05 4.79719673250098e-06 
1.58824561412138e+01 1.17009594518588e-05 4.50965452203493e-06 
1.59100538060987e+01 1.09179681616896e-05 4.23761209989373e-06 
1.59376514709835e+01 1.01841187810846e-05 3.98029513402999e-06 
1.59652491358683e+01 9.49644545107098e-06 3.73709973452526e-06 
1.59928468007531e+01 8.85246673829701e-06 3.50731242489696e-06 
1.60204444656380e+01 8.24950967387447e-06 3.29040548924708e-06 
1.60480421305228e+01 7.68532645447103e-06 3.08576293477879e-06 
1.60756397954076e+01 7.15748525363554e-06 2.89285442551595e-06 
1.61032374602924e+01 6.66393974993130e-06 2.71104386368219e-06 
1.61308351251772e+01 6.20251101306676e-06 2.53981190285743e-06 
1.61584327900620e+01 5.77136250360791e-06 2.37857243910601e-06 
1.61860304549469e+01 5.36854677821829e-06 2.22684708590861e-06 
1.62136281198317e+01 4.99241918529722e-06 2.08409846277933e-06 
1.62412257847165e+01 4.64124318982369e-06 1.94988713205041e-06 
1.62688234496013e+01 4.31354918853766e-06 1.82372238386018e-06 
1.62964211144861e+01 4.00779206412518e-06 1.70520179694174e-06 
1.63240187793710e+01 3.72266142974896e-06 1.59387887313023e-06 
1.63516164442558e+01 3.45678530373702e-06 1.48938624696770e-06 
1.63792141091406e+01 3.20899768075287e-06 1.39131896474043e-06 
1.64068117740254e+01 2.97808268997908e-06 1.29934270875221e-06 
1.64344094389102e+01 2.76300486493926e-06 1.21309131279799e-06 
1.64620071037951e+01 2.56268868428295e-06 1.13226146467461e-06 
1.64896047686799e+01 2.37621636015095e-06 1.05651949885558e-06 
1.65172024335647e+01 2.20263740088273e-06 9.85561229944072e-07 
1.65448000984495e+01 2.04113707730007e-06 9.19053089061637e-07 
1.65723977633343e+01 1.89089455605086e-06 8.56733972381106e-07 
1.65999954282192e+01 1.75120820452888e-06 7.98352509968941e-07 
1.66275930931040e+01 1.62135196384891e-06 7.43694904189643e-07 
1.66551907579888e+01 1.50070552762153e-06 6.92533356354921e-07 
1.66827884228736e+01 1.38862819408176e-06 6.44674722217563e-07 
1.67103860877584e+01 1.28457267750124e-06 5.99913327638132e-07 
1.67379837526433e+01 1.18797487866747e-06 5.58075123075000e-07 
1.67655814175281e+01 1.09835291334251e-06 5.18975034883591e-07 
1.67931790824129e+01 1.01521120488005e-06 4.82456610772946e-07 
1.68207767472977e+01 9.38126302751280e-07 4.48353828758803e-07 
1.68483744121825e+01 8.66663741328285e-07 4.16526397892448e-07 
1.68759720770674e+01 8.00452152770347e-07 3.86825811944552e-07 
1.69035697419522e+01 7.39111420711931e-07 3.59126569745686e-07 
1.69311674068370e+01 6.82316490754306e-07 3.33296184706591e-07 
1.69587650717218e+01 6.29735456632597e-07 3.09222641630392e-07 
1.69863627366066e+01 5.81084354468817e-07 2.86787979393558e-07 
1.70139604014915e+01 5.36073467036853e-07 2.65883438606454e-07 
1.70415580663763e+01 4.94381079283719e-07 2.46418246617107e-07 
1.70691557312611e+01 4.55768056332347e-07 2.28291202117072e-07 
1.70967533961459e+01 4.20029760369801e-07 2.11413886023625e-07 
1.71243510610307e+01 3.86956655782347e-07 1.95710858458567e-07 
1.71519487259156e+01 3.56369409894016e-07 1.81103322090190e-07 
1.71795463908004e+01 3.28084821974233e-07 1.67524080874225e-07 
1.72071440556852e+01 3.01946060917101e-07 1.54903113950828e-07 
1.72347417205700e+01 2.77793289746666e-07 1.43180722563380e-07 
1.72623393854548e+01 2.55489634759516e-07 1.32294855699723e-07 
1.72899370503397e+01 2.34895930310830e-07 1.22192608982905e-07 
1.73175347152245e+01 2.15892959322624e-07 1.12819138982550e-07 
1.73451323801093e+01 1.98359797482819e-07 1.04127677712368e-07 
1.73727300449941e+01 1.82192810654365e-07 9.60698749654517e-08 
1.74003277098789e+01 1.67287130983975e-07 8.86044865986037e-08 
1.74279253747638e+01 1.53552844347124e-07 8.16889910225626e-08 
1.74555230396486e+01 1.40899181838752e-07 7.52871006697854e-08 
1.74831207045334e+01 1.29248281022784e-07 6.93615082234596e-08 
1.75107183694182e+01 1.18521724009827e-07 6.38803599514571e-08 
1.75383160343030e+01 1.08652210556135e-07 5.88109981982082e-08 
1.75659136991879e+01 9.95721179580289e-08 5.41255236078836e-08 
1.75935113640727e+01 9.12233822513899e-08 4.97954119961151e-08 
1.76211090289575e+01 8.35477952763295e-08 4.57962805635064e-08 
1.76487066938423e+01 7.64953524295427e-08 4.21032689333407e-08 
1.76763043587271e+01 7.00160384697751e-08 3.86951127360986e-08 
1.77039020236120e+01 6.40668663872471e-08 3.55501899565583e-08 
1.77314996884968e+01 5.86049359498139e-08 3.26499940551844e-08 
1.77590973533816e+01 5.35933580944477e-08 2.99757575623402e-08 
1.77866950182664e+01 4.89953990548795e-08 2.75114063815722e-08 
1.78142926831512e+01 4.47794580086956e-08 2.52406826481215e-08 
1.78418903480361e+01 4.09141351264741e-08 2.31496521375160e-08 
1.78694880129209e+01 3.73724067510475e-08 2.12242576894213e-08 
1.78970856778057e+01 3.41274781369488e-08 1.94524427687875e-08 
1.79246833426905e+01 3.11562799093048e-08 1.78220752139166e-08 
1.79522810075753e+01 2.84359859001776e-08 1.63227419717176e-08 
1.79798786724602e+01 2.59469367470108e-08 1.49439905652401e-08 
1.80074763373450e+01 2.36697203554603e-08 1.36772395359403e-08 
1.80350740022298e+01 2.15877623831602e-08 1.25141428069924e-08 
1.80626716671146e+01 1.96843825397367e-08 1.14473036157594e-08 
1.80902693319994e+01 1.79451158486738e-08 1.04688492252398e-08 
1.81178669968843e+01 1.63557773322882e-08 9.57191490232518e-09 
1.81454646617691e+01 1.49041509815376e-08 8.74970182766474e-09 
1.81730623266539e+01 1.35782728138541e-08 7.99636774455857e-09 
1.82006599915387e+01 1.23678374286818e-08 7.30613475826126e-09 
1.82282576564235e+01 1.12627650551061e-08 6.67403677217606e-09 
1.82558553213084e+01 1.02543714995258e-08 6.09516938881763e-09 
1.82834529861932e+01 9.33417357638997e-09 5.56531628480308e-09 
1.83110506510780e+01 8.49486110259502e-09 5.08031941486369e-09 
1.83386483159628e+01 7.72930216373178e-09 4.63660322386598e-09 
1.83662459808476e+01 7.03134971942364e-09 4.23064653637854e-09 
1.83938436457325e+01 6.39501417599845e-09 3.85942069329029e-09 
1.84214413106173e+01 5.81513199180244e-09 3.51994725904688e-09 
1.84490389755021e+01 5.28667814802471e-09 3.20966374965571e-09 
1.84766366403869e+01 4.80531975451499e-09 2.92605365945704e-09 
1.85042343052717e+01 4.36684535908366e-09 2.66695136823963e-09 
1.85318319701566e+01 3.96762284015135e-09 2.43023302634235e-09 
1.85594296350414e+01 3.60412618091805e-09 2.21407044769263e-09 
1.85870272999262e+01 3.27331379745723e-09 2.01667313856976e-09 
1.86146249648110e+01 2.97223652319531e-09 1.83649946157433e-09 
1.86422226296958e+01 2.69834987501101e-09 1.67204158748715e-09 
1.86698202945807e+01 2.44918962833259e-09 1.52200091774072e-09 
1.86974179594655e+01 2.22262929612452e-09 1.38510901421568e-09 
1.87250156243503e+01 2.01661189721485e-09 1.26027316399562e-09 
1.87526132892351e+01 1.82936205062598e-09 1.14642742846853e-09 
1.87802109541199e+01 1.65916441121973e-09 1.04265329698998e-09 
1.88078086190048e+01 1.50453821045614e-09 9.48055920508841e-10 
1.88354062838896e+01 1.36405440714910e-09 8.61864006596698e-10 
1.88630039487744e+01 1.23647918900186e-09 7.83327086934319e-10 
1.88906016136592e+01 1.12062320769011e-09 7.11798134381695e-10 
1.89181992785440e+01 1.01545945378039e-09 6.46648378041467e-10 
1.89457969434289e+01 9.19999053403350e-10 5.87335555753482e-10 
1.89733946083137e+01 8.33388008630232e-10 5.33333352464493e-10 
1.90009922731985e+01 7.54804960862538e-10 4.84195377282202e-10 
1.90285899380833e+01 6.83543917772576e-10 4.39497026492668e-10 
1.90561876029681e+01 6.18921499566438e-10 3.98869370012212e-10 
1.90837852678530e+01 5.60341808339507e-10 3.61943232436699e-10 
1.91113829327378e+01 5.07234068677331e-10 3.28394671648137e-10 
1.91389805976226e+01 4.59105590267990e-10 2.97911487505488e-10 
1.91665782625074e+01 4.15484798851653e-10 2.70224517424365e-10 
1.91941759273922e+01 3.75964587682899e-10 2.45074557923222e-10 
1.92217735922771e+01 3.40155580693481e-10 2.22238107843732e-10 
1.92493712571619e+01 3.07721593940080e-10 2.01500102786172e-10 
1.92769689220467e+01 2.78341316791204e-10 1.82675076299310e-10 
1.93045665869315e+01 2.51737300824102e-10 1.65584700609745e-10 
1.93321642518163e+01 2.27644561889271e-10 1.50075169416083e-10 
1.93597619167012e+01 2.05834262933319e-10 1.35998709743670e-10 
1.93873595815860e+01 1.86088002330637e-10 1.23227851355735e-10 
1.94149572464708e+01 1.68217149843026e-10 1.11640217356011e-10 
1.94425549113556e+01 1.52041803832900e-10 1.01130230062754e-10 
1.94701525762404e+01 1.37406568551889e-10 9.15966068120135e-11 
1.94977502411253e+01 1.24163342441789e-10 8.29519565496031e-11 
1.95253479060101e+01 1.12184183948886e-10 7.51125060902256e-11 
1.95529455708949e+01 1.01347241482699e-10 6.80059624120355e-11 
1.95805432357797e+01 9.15472388024296e-11 6.15630767060787e-11 
1.96081409006645e+01 8.26839796765009e-11 5.57240816797188e-11 
1.96357385655494e+01 7.46708882792005e-11 5.04317688601495e-11 
1.96633362304342e+01 6.74256226191404e-11 4.56367558428371e-11 
1.96909338953190e+01 6.08770267452847e-11 4.12918088168159e-11 
1.97185315602038e+01 5.49574702849447e-11 3.73561497231092e-11 
1.97461292250886e+01 4.96085046260116e-11 3.37908027944240e-11 
1.97737268899735e+01 4.47746144951730e-11 3.05621144217635e-11 
1.98013245548583e+01 4.04078172022589e-11 2.76379412748313e-11 
1.98289222197431e+01 3.64625686457717e-11 2.49905249826635e-11 
1.98565198846279e+01 3.28995011434658e-11 2.25933714835800e-11 
1.98841175495127e+01 2.96812726889187e-11 2.04235972992815e-11 
1.99117152143976e+01 2.67756031689918e-11 1.84593762897131e-11 
1.99393128792824e+01 2.41518938637656e-11 1.66818534170429e-11 
1.99669105441672e+01 2.17836925775247e-11 1.50730569978763e-11 
1.99945082090520e+01 1.96459417252850e-11 1.36175225044822e-11 
2.00221058739368e+01 1.77168448323428e-11 1.23007672300703e-11 
2.00497035388217e+01 1.59755955974342e-11 1.11103839878051e-11 
2.00773012037065e+01 1.44044115938609e-11 1.00341814887590e-11 
2.01048988685913e+01 1.29864782360855e-11 9.06153114054584e-12 
2.01324965334761e+01 1.17072606081169e-11 8.18233970812751e-12 
2.01600941983609e+01 1.05530220015390e-11 7.38789008239464e-12 
2.01876918632458e+01 9.51188655823864e-12 6.66990879378449e-12 
2.02152895281306e+01 8.57263636200834e-12 6.02124932645695e-12 
2.02428871930154e+01 7.72557190700344e-12 5.43513257571992e-12 
2.02704848579002e+01 6.96153571613627e-12 4.90570198095395e-12 
2.02980825227850e+01 6.27260884123786e-12 4.42740507981191e-12 
2.03256801876699e+01 5.65131863039028e-12 3.99544433257084e-12 
2.03532778525547e+01 5.09120229709262e-12 3.60527374639719e-12 
2.03808755174395e+01 4.58616433144555e-12 3.25296485149138e-12 
2.04084731823243e+01 4.13093234190997e-12 2.93479713384993e-12 
2.04360708472091e+01 3.72053602622563e-12 2.64755502018463e-12 
2.04636685120940e+01 3.35067574398780e-12 2.38819475722909e-12 
2.04912661769788e+01 3.01730019797908e-12 2.15408532093033e-12 
2.05188638418636e+01 2.71690433733196e-12 1.94273757032310e-12 
2.05464615067484e+01 2.44618716601229e-12 1.75199959635714e-12 
2.05740591716332e+01 2.20229244031300e-12 1.57983658675965e-12 
2.06016568365181e+01 1.98253149645245e-12 1.42448917228081e-12 
2.06292545014029e+01 1.78457765833394e-12 1.28429457094224e-12 
2.06568521662877e+01 1.60624180611061e-12 1.15781489352922e-12 
2.06844498311725e+01 1.44562934105726e-12 1.04369187749236e-12 
2.07120474960573e+01 1.30095852044888e-12 9.40750812928718e-13 
2.07396451609421e+01 1.17068714675291e-12 8.47882598975278e-13 
2.07672428258270e+01 1.05336556846473e-12 7.64127892077389e-13 
2.07948404907118e+01 9.47738897882319e-13 6.88581379054317e-13 
2.08224381555966e+01 8.52628102026956e-13 6.20459886795992e-13 
2.08500358204814e+01 7.67012447736738e-13 5.59024713889347e-13 
2.08776334853662e+01 6.89933346291014e-13 5.03636738746716e-13 
2.09052311502511e+01 6.20560828190641e-13 4.53693424753979e-13 
2.09328288151359e+01 5.58115812497806e-13 4.08673392576630e-13 
2.09604264800207e+01 5.01923687175525e-13 3.68085344164340e-13 
2.09880241449055e+01 4.51351492603493e-13 3.31504220108133e-13 
2.10156218097903e+01 4.05851159477186e-13 2.98531216282765e-13 
2.10432194746752e+01 3.64909388381845e-13 2.68821449134803e-13 
2.10708171395600e+01 3.28080060877607e-13 2.42049202435342e-13 
2.10984148044448e+01 2.94945107756081e-13 2.17931136918565e-13 
2.11260124693296e+01 2.65142476927354e-13 1.96200770087687e-13 
2.11536101342144e+01 2.38333013679186e-13 1.76627458564284e-13 
2.11812077990993e+01 2.14222977604437e-13 1.58994370826272e-13 
2.12088054639841e+01 1.92537312980698e-13 1.43113815914854e-13 
2.12364031288689e+01 1.73037771959111e-13 1.28809415259898e-13 
2.12640007937537e+01 1.55501348016659e-13 1.15928477364344e-13 
2.12915984586385e+01 1.39734858626279e-13 1.04327572267625e-13 
2.13191961235234e+01 1.25557549178194e-13 9.38825185836874e-14 
2.13467937884082e+01 1.12812823503069e-13 8.44767144182488e-14 
2.13743914532930e+01 1.01354215544107e-13 7.60091951249268e-14 
2.14019891181778e+01 9.10548229377941e-14 6.83851965650541e-14 
2.14295867830626e+01 8.17959974671267e-14 6.15226544172739e-14 
2.14571844479475e+01 7.34749293636945e-14 5.53445748075888e-14 
2.14847821128323e+01 6.59955320238578e-14 4.97842751000144e-14 
2.15123797777171e+01 5.92745378773425e-14 4.47792174131091e-14 
2.15399774426019e+01 5.32341535548918e-14 4.02752333950231e-14 
2.15675751074867e+01 4.78069581010306e-14 3.62215414693795e-14 
2.15951727723716e+01 4.29299862498253e-14 3.25741516081673e-14 
2.16227704372564e+01 3.85486632285481e-14 2.92918401544364e-14 
2.16503681021412e+01 3.46120396834609e-14 2.63388929807832e-14 
2.16779657670260e+01 3.10759517256626e-14 2.36818547300664e-14 
2.17055634319108e+01 2.78991843162238e-14 2.12917383050970e-14 
2.17331610967957e+01 2.50460084414367e-14 1.91414002317588e-14 
2.17607587616805e+01 2.24830928200681e-14 1.72073198030403e-14 
2.17883564265653e+01 2.01815404610877e-14 1.54674805307482e-14 
2.18159540914501e+01 1.81144033436647e-14 1.39028023577024e-14 
2.18435517563349e+01 1.62583167307963e-14 1.24954320679374e-14 
2.18711494212198e+01 1.45914995736470e-14 1.12298958873516e-14 
2.18987470861046e+01 1.30950657178314e-14 1.00917202783801e-14 
2.19263447509894e+01 1.17514154765333e-14 9.06835924410508e-15 
2.19539424158742e+01 1.05452873745988e-14 8.14808196287757e-15 
2.19815400807590e+01 9.46246465503226e-15 7.32071860419917e-15 
2.20091377456439e+01 8.49061873439723e-15 6.57686564464275e-15 
2.20367354105287e+01 7.61832861699041e-15 5.90840659711206e-15 
2.20643330754135e+01 6.83559248738336e-15 5.30770250537835e-15 
2.20919307402983e+01 6.13308757702767e-15 4.76802842798121e-15 
2.21195284051831e+01 5.50273226654632e-15 4.28309220322270e-15 
2.21471260700680e+01 4.93701332628774e-15 3.84744298743614e-15 
2.21747237349528e+01 4.42941676824571e-15 3.45599773675531e-15 
2.22023213998376e+01 3.97388825214759e-15 3.10435232003549e-15 
2.22299190647224e+01 3.56517785135803e-15 2.78840086406758e-15 
2.22575167296072e+01 3.19840729463488e-15 2.50458530560731e-15 
2.22851143944921e+01 2.86934582766295e-15 2.24958940830917e-15 
2.23127120593769e+01 2.57406316065365e-15 2.02053892189673e-15 
2.23403097242617e+01 2.30915018182577e-15 1.81475563869166e-15 
2.23679073891465e+01 2.07144065530992e-15 1.62991792556999e-15 
2.23955050540313e+01 1.85818779962777e-15 1.46386305188858e-15 
2.24231027189162e+01 1.66684113097827e-15 1.31471593123854e-15 
2.24507003838010e+01 1.49518772291702e-15 1.18073025661398e-15 
2.24782980486858e+01 1.34117327937388e-15 1.06039174078404e-15 
2.25058957135706e+01 1.20301513259510e-15 9.52290448026736e-16 
2.25334933784554e+01 1.07905878854688e-15 8.55203579238270e-16 
2.25610910433403e+01 9.67868311648976e-16 7.67992880469940e-16 
2.25886887082251e+01 8.68111317262706e-16 6.89671021472455e-16 
2.26162863731099e+01 7.78631264022079e-16 6.19319160460820e-16 
2.26438840379947e+01 6.98355257971973e-16 5.56140164296682e-16 
2.26714817028795e+01 6.26351870474960e-16 4.99392373378981e-16 
2.26990793677644e+01 5.61757233774405e-16 4.48432269264478e-16 
2.27266770326492e+01 5.03821279725337e-16 4.02661259225620e-16 
2.27542746975340e+01 4.51848501320617e-16 3.61559881613302e-16 
2.27818723624188e+01 4.05234928978329e-16 3.24645053363744e-16 
2.28094700273036e+01 3.63420650411695e-16 2.91497489776658e-16 
2.28370676921885e+01 3.25919378160503e-16 2.61727359804246e-16 
2.28646653570733e+01 2.92280396048975e-16 2.34996265046250e-16 
2.28922630219581e+01 2.62112201053520e-16 2.10989650925010e-16 
2.29198606868429e+01 2.35052006526365e-16 1.89434423443965e-16 
2.29474583517277e+01 2.10784644909539e-16 1.70076788579378e-16 
2.29750560166126e+01 1.89018128420157e-16 1.52696371751683e-16 
2.30026536814974e+01 1.69498761786504e-16 1.37088512033902e-16 
2.30302513463822e+01 1.51991615876008e-16 1.23075540192910e-16 
2.30578490112670e+01 1.36292479242919e-16 1.10492373975819e-16 
2.30854466761518e+01 1.22212183153529e-16 9.91955174894149e-17 
2.31130443410367e+01 1.09586329876277e-16 8.90516581804517e-17 
2.31406420059215e+01 9.82627163416837e-17 7.99449942847651e-17 
2.31682396708063e+01 8.81090524352257e-17 7.17680118068023e-17 
2.31958373356911e+01 7.90028850146133e-17 6.44273056167211e-17 
2.32234350005759e+01 7.08377676667655e-17 5.78361733280055e-17 
2.32510326654608e+01 6.35151883196344e-17 5.19192797455297e-17 
2.32786303303456e+01 5.69495009355749e-17 4.66067099687927e-17 
2.33062279952304e+01 5.10614585757156e-17 4.18377068602793e-17 
2.33338256601152e+01 4.57821553007071e-17 3.75558960594644e-17 
2.33614233250000e+01 4.10478456034605e-17 3.37122805703598e-17 
2.33890209898849e+01 3.68030950386007e-17 3.02614069003862e-17 
2.34166186547697e+01 3.29966303114870e-17 2.71637643302937e-17 
2.34442163196545e+01 2.95838573692238e-17 2.43827068078784e-17 
2.34718139845393e+01 2.65235372297514e-17 2.18863751728245e-17 
2.34994116494241e+01 2.37797984471837e-17 1.96452259209011e-17 
2.35270093143090e+01 2.13194744780549e-17 1.76335711751922e-17 
2.35546069791938e+01 1.91137119875777e-17 1.58275947463231e-17 
2.35822046440786e+01 1.71358381805032e-17 1.42065858187018e-17 
2.36098023089634e+01 1.53626460669126e-17 1.27513462765901e-17 
2.36373999738482e+01 1.37726863360035e-17 1.14451789860099e-17 
2.36649976387331e+01 1.23472944296395e-17 1.02726092683400e-17 
2.36925953036179e+01 1.10692224943435e-17 9.22017656495080e-18 
2.37201929685027e+01 9.92346010156527e-18 8.27540813018089e-18 
2.37477906333875e+01 8.89613860698967e-18 7.42745317274639e-18 
2.37753882982723e+01 7.97518695522814e-18 6.66625904025058e-18 
2.38029859631572e+01 7.14945423260941e-18 5.98307916281883e-18 
2.38305836280420e+01 6.40923367832563e-18 5.36981179976178e-18 
2.38581812929268e+01 5.74555999963777e-18 4.81940688492455e-18 
2.38857789578116e+01 5.15062806355738e-18 4.32533527524715e-18 
2.39133766226964e+01 4.61723018291931e-18 3.88191460787776e-18 
2.39409742875813e+01 4.13909064825128e-18 3.48388330976942e-18 
2.39685719524661e+01 3.71041511512474e-18 3.12666157827333e-18 
2.39961696173509e+01 3.32615788767747e-18 2.80601362779952e-18 
2.40237672822357e+01 2.98166377759380e-18 2.51825890765369e-18 
2.40513649471205e+01 2.67287837232915e-18 2.25998876470006e-18 
2.40789626120054e+01 2.39605243992830e-18 2.02822923938232e-18 
2.41065602768902e+01 2.14792080062997e-18 1.82022202559241e-18 
2.41341579417750e+01 1.92547085127079e-18 1.63356584916135e-18 
2.41617556066598e+01 1.72607857960925e-18 1.46603935497255e-18 
2.41893532715446e+01 1.54732330093679e-18 1.31570843889129e-18 
2.42169509364295e+01 1.38709628523388e-18 1.18078418284204e-18 
2.42445486013143e+01 1.24345247853554e-18 1.05970877656779e-18 
2.42721462661991e+01 1.11469725854864e-18 9.51041563840243e-19 
2.42997439310839e+01 9.99267756022421e-19 8.53527825854187e-19 
2.43273415959687e+01 8.95802143490792e-19 7.66007374904537e-19 
2.43549392608536e+01 8.03044646593972e-19 6.87469618741660e-19 
2.43825369257384e+01 7.19900883437322e-19 6.16980239369050e-19 
2.44101345906232e+01 6.45361835994174e-19 5.53725275346647e-19 
2.44377322555080e+01 5.78548049110673e-19 4.96952306656797e-19 
2.44653299203928e+01 5.18648776610339e-19 4.46005745784228e-19 
2.44929275852777e+01 4.64957283222579e-19 4.00279658030215e-19 
2.45205252501625e+01 4.16822135877699e-19 3.59246015038524e-19 
2.45481229150473e+01 3.73675400046826e-19 3.22416848127410e-19 
2.45757205799321e+01 3.34993651632891e-19 2.89366868014494e-19 
2.46033182448169e+01 3.00320498424759e-19 2.59703104448487e-19 
2.46309159097018e+01 2.69235372102328e-19 2.33083015799091e-19 
2.46585135745866e+01 2.41371517395583e-19 2.09190133773256e-19 
2.46861112394714e+01 2.16391011156673e-19 1.87748562341251e-19 
2.47137089043562e+01 1.93999131736395e-19 1.68503439475272e-19 
2.47413065692410e+01 1.73924362140573e-19 1.51232545423995e-19 
2.47689042341259e+01 1.55929868402363e-19 1.35730628538075e-19 
2.47965018990107e+01 1.39797491985877e-19 1.21818699253652e-19 
2.48240995638955e+01 1.25336919207950e-19 1.09331455657653e-19 
2.48516972287803e+01 1.12372866644100e-19 9.81247245488230e-20 
2.48792948936651e+01 1.00752406483947e-19 8.80653736592236e-20 
2.49068925585500e+01 9.03347076288093e-20 7.90372691088580e-20 
2.49344902234348e+01 8.09968882986781e-20 7.09331825278970e-20 
2.49620878883196e+01 7.26258027060461e-20 6.36595605287851e-20 
2.49896855532044e+01 6.51227175163123e-20 5.71299291237208e-20 
2.50172832180892e+01 5.83961678154686e-20 5.12685778843528e-20 
2.50448808829741e+01 5.23634107434272e-20 4.60076972684659e-20 
2.50724785478589e+01 4.69521815605312e-20 4.12858638012083e-20 
2.51000762127437e+01 4.20993525070286e-20 3.70472794790473e-20 
2.51276738776285e+01 3.77467355757715e-20 3.32432108796291e-20 
2.51552715425133e+01 3.38434959924300e-20 2.98286601495756e-20 
2.51828692073982e+01 3.03427859358549e-20 2.67643233521015e-20 
2.52104668722830e+01 2.72036746322225e-20 2.40139166527734e-20 
2.52380645371678e+01 2.43884487919351e-20 2.15457448824269e-20 
2.52656622020526e+01 2.18641559596038e-20 1.93305541896716e-20 
2.52932598669374e+01 1.96004398398391e-20 1.73427882594276e-20 
2.53208575318223e+01 1.75707742589685e-20 1.55588639493441e-20 
2.53484551967071e+01 1.57507275734050e-20 1.39581772473884e-20 
2.53760528615919e+01 1.41189491545809e-20 1.25217187145646e-20 
2.54036505264767e+01 1.26557779675422e-20 1.12328789477089e-20 
2.54312481913615e+01 1.13440311239966e-20 1.00763369789606e-20 
2.54588458562464e+01 1.01678884938921e-20 9.03870513175976e-21 
2.54864435211312e+01 9.11352297052210e-21 8.10763665602416e-21 
2.55140411860160e+01 8.16820644461885e-21 7.27234194423152e-21 
2.55416388509008e+01 7.32081349946405e-21 6.52287223602084e-21 
2.55692365157856e+01 6.56110488677219e-21 5.85053281018742e-21 
2.55968341806705e+01 5.88013002551017e-21 5.24730807711200e-21 
2.56244318455553e+01 5.26965279487748e-21 4.70619227088162e-21 
2.56520295104401e+01 4.72247313297558e-21 4.22072806782687e-21 
2.56796271753249e+01 4.23196692494094e-21 3.78527122152848e-21 
2.57072248402097e+01 3.79234293429262e-21 3.39462032688631e-21 
2.57348225050946e+01 3.39827415147742e-21 3.04422856944046e-21 
2.57624201699794e+01 3.04510303944365e-21 2.72990665913298e-21 
2.57900178348642e+01 2.72854619079101e-21 2.44799224366139e-21 
2.58176154997490e+01 2.44485826789439e-21 2.19511157544239e-21 
2.58452131646338e+01 2.19059541338530e-21 1.96831503785994e-21 
2.58728108295187e+01 1.96274618425567e-21 1.76488595262389e-21 
2.59004084944035e+01 1.75854204549322e-21 1.58244898448259e-21 
2.59280061592883e+01 1.57556193314705e-21 1.41881678068764e-21 
2.59556038241731e+01 1.41158047508148e-21 1.27207667116322e-21 
2.59832014890579e+01 1.26465148680270e-21 1.14046766690520e-21 
2.60107991539428e+01 1.13298641927546e-21 1.02245623050517e-21 
2.60383968188276e+01 1.01502553484883e-21 9.16630877969218e-22 
2.60659944837124e+01 9.09328840317164e-22 8.21755278060454e-22 
2.60935921485972e+01 8.14636328828188e-22 7.36685207376971e-22 
2.61211898134820e+01 7.29790872575640e-22 6.60419627806336e-22 
2.61487874783669e+01 6.53780534998629e-22 5.92037781908182e-22 
2.61763851432517e+01 5.85676137843325e-22 5.30734602980619e-22 
2.62039828081365e+01 5.24665016920277e-22 4.75769698891654e-22 
2.62315804730213e+01 4.70001076453530e-22 4.26495641210549e-22 
2.62591781379061e+01 4.21031717655180e-22 3.82317100066291e-22 
2.62867758027909e+01 3.77157884082664e-22 3.42713443357866e-22 
2.63143734676758e+01 3.37855543057371e-22 3.07206003994515e-22 
2.63419711325606e+01 3.02643724474025e-22 2.75376132794312e-22 
2.63695687974454e+01 2.71101656343629e-22 2.46838980674220e-22 
2.63971664623302e+01 2.42843198639228e-22 2.21257919120675e-22 
2.64247641272150e+01 2.17530511767581e-22 1.98323541418056e-22 
2.64523617920999e+01 1.94853606464623e-22 1.77765180959557e-22 
2.64799594569847e+01 1.74541246444838e-22 1.59334093251019e-22 
2.65075571218695e+01 1.56344590985977e-22 1.42812655574976e-22 
2.65351547867543e+01 1.40045891308054e-22 1.28000897964767e-22 
2.65627524516391e+01 1.25445407045623e-22 1.14723850443165e-22 
2.65903501165240e+01 1.12368342834809e-22 1.02820756594894e-22 
2.66179477814088e+01 1.00654383557262e-22 9.21509408602229e-23 
2.66455454462936e+01 9.01632273880724e-23 8.25851708908615e-23 
2.66731431111784e+01 8.07662156687430e-23 7.40103424603393e-23 
2.67007407760632e+01 7.23507466807644e-23 6.63225630000371e-23 
2.67283384409481e+01 6.48135807973328e-23 5.94308918120293e-23 
2.67559361058329e+01 5.80643618167331e-23 5.32518022835872e-23 
2.67835337707177e+01 5.20202618819380e-23 4.77121672323076e-23 
2.68111314356025e+01 4.66087913977573e-23 4.27448254846263e-23 
2.68387291004873e+01 4.17635152777976e-23 3.82909639310912e-23 
2.68663267653722e+01 3.74262959358630e-23 3.42965687902021e-23 
2.68939244302570e+01 3.35438660693164e-23 3.07143253715447e-23 
2.69215220951418e+01 3.00696200885014e-23 2.75007781260623e-23 
2.69491197600266e+01 2.69608715535271e-23 2.46178446613214e-23 
2.69767174249114e+01 2.41802851940237e-23 2.20305437636463e-23 
2.70043150897963e+01 2.16936814263169e-23 1.97082006471337e-23 
2.70319127546811e+01 1.94711826304215e-23 1.76226302538360e-23 
2.70595104195659e+01 1.74854546011377e-23 1.57490950572908e-23 
2.70871080844507e+01 1.57126260422273e-23 1.40648534926518e-23 
2.71147057493355e+01 1.41308787193581e-23 1.25499190845653e-23 
2.71423034142204e+01 1.27211874484688e-23 1.11859019433201e-23 
2.71699010791052e+01 1.14661882168225e-23 9.95660791119811e-24 
2.71974987439900e+01 1.03507766838505e-23 8.84711557668195e-24 
2.72250964088748e+01 9.36119749453131e-24 7.84424602342968e-24 
2.72526940737596e+01 8.48553200064711e-24 6.93582947948715e-24 
2.72802917386445e+01 7.71296310721506e-24 6.11106969881491e-24 
2.73078894035293e+01 7.03417718380393e-24 5.35996375261747e-24 
2.73354870684141e+01 6.44076761690646e-24 4.67357974375069e-24 
2.73630847332989e+01 5.92557141872532e-24 4.04360082655973e-24 
2.73906823981837e+01 5.48218164927403e-24 3.46253058056734e-24 
2.74182800630686e+01 5.10523581290049e-24 2.92333848787230e-24 
2.74458777279534e+01 4.79001281477027e-24 2.41960365394132e-24 
2.74734753928382e+01 4.53268768556901e-24 1.94524398076566e-24 
2.75010730577230e+01 4.32999302482607e-24 1.49460583659394e-24 
2.75286707226078e+01 4.17945277790756e-24 1.06226328554187e-24 
2.75562683874927e+01 4.07909140998436e-24 6.43058620352385e-25 
2.75838660523775e+01 4.02765827977253e-24 4.36047165106716e-25 
