Energy(eV)           EEDF(eV^-(3/2))      Anisotropy(eV^-(3/2))
1.02969012241353e-02 7.26782049063348e-02 2.38745898115257e-05 
3.08907036724059e-02 7.26751790099345e-02 6.40715460415980e-05 
5.14845061206765e-02 7.26702896122279e-02 1.33738225737268e-04 
7.20783085689471e-02 7.26644486911225e-02 2.10096357985448e-04 
9.26721110172177e-02 7.26589285233542e-02 2.86246934106614e-04 
1.13265913465488e-01 7.26544919492557e-02 3.63628229906323e-04 
1.33859715913759e-01 7.26508213586201e-02 4.37770651581777e-04 
1.54453518362030e-01 7.26478277441103e-02 5.08782026865559e-04 
1.75047320810300e-01 7.26455028320256e-02 5.79031102480429e-04 
1.95641123258571e-01 7.26435882758912e-02 6.46381047374569e-04 
2.16234925706841e-01 7.26419456482054e-02 7.13483867369249e-04 
2.36828728155112e-01 7.26402398070078e-02 7.74802437619912e-04 
2.57422530603383e-01 7.26384907510272e-02 8.37489800983735e-04 
2.78016333051653e-01 7.26361813660925e-02 8.93807519563990e-04 
2.98610135499924e-01 7.26331685541721e-02 9.47657247075637e-04 
3.19203937948194e-01 7.26293125822074e-02 9.99272521050250e-04 
3.39797740396465e-01 7.26244380390267e-02 1.04835484462068e-03 
3.60391542844736e-01 7.26184759074223e-02 1.09554297743766e-03 
3.80985345293006e-01 7.26112218614449e-02 1.14033005140106e-03 
4.01579147741277e-01 7.26026064671909e-02 1.18300337906637e-03 
4.22172950189547e-01 7.25925997811881e-02 1.22364364873755e-03 
4.42766752637818e-01 7.25811713841751e-02 1.26229085743912e-03 
4.63360555086089e-01 7.25682718449839e-02 1.29895933972059e-03 
4.83954357534359e-01 7.25538565196161e-02 1.33369419633412e-03 
5.04548159982630e-01 7.25378853698445e-02 1.36653000305457e-03 
5.25141962430900e-01 7.25203471029258e-02 1.39753477757318e-03 
5.45735764879171e-01 7.25012210392453e-02 1.42675388887678e-03 
5.66329567327442e-01 7.24804812240224e-02 1.45423327595795e-03 
5.86923369775712e-01 7.24581054577293e-02 1.48002261057843e-03 
6.07517172223983e-01 7.24340751354851e-02 1.50417125628538e-03 
6.28110974672254e-01 7.24083750787601e-02 1.52672849629837e-03 
6.48704777120524e-01 7.23809933694771e-02 1.54774341167446e-03 
6.69298579568795e-01 7.23519211868454e-02 1.56726480580567e-03 
6.89892382017065e-01 7.23211526460691e-02 1.58534119718131e-03 
7.10486184465336e-01 7.22886847562603e-02 1.60201838022200e-03 
7.31079986913607e-01 7.22545300297985e-02 1.61734722181088e-03 
7.51673789361877e-01 7.22186906897167e-02 1.63137400132826e-03 
7.72267591810148e-01 7.21811712394860e-02 1.64414527386143e-03 
7.92861394258418e-01 7.21419783330208e-02 1.65570632979779e-03 
8.13455196706689e-01 7.21011206510317e-02 1.66610147627806e-03 
8.34048999154960e-01 7.20586087676360e-02 1.67537437109310e-03 
8.54642801603230e-01 7.20144550177490e-02 1.68356828631340e-03 
8.75236604051501e-01 7.19686733551005e-02 1.69072608418151e-03 
8.95830406499771e-01 7.19212792242140e-02 1.69688947025199e-03 
9.16424208948042e-01 7.18722894643091e-02 1.70209873537182e-03 
9.37018011396313e-01 7.18217222061492e-02 1.70639349399970e-03 
9.57611813844583e-01 7.17695967434679e-02 1.70981274879070e-03 
9.78205616292854e-01 7.17159334315376e-02 1.71239417122828e-03 
9.98799418741124e-01 7.16607536094914e-02 1.71416286757014e-03 
1.01939322118940e+00 7.16042033094960e-02 1.71514212234771e-03 
1.03998702363767e+00 7.15464622854532e-02 1.71537617272551e-03 
1.06058082608594e+00 7.14875543370360e-02 1.71491046057575e-03 
1.08117462853421e+00 7.14275035661018e-02 1.71377779557607e-03 
1.10176843098248e+00 7.13663343178259e-02 1.71201016189494e-03 
1.12236223343075e+00 7.13040711199016e-02 1.70963898664460e-03 
1.14295603587902e+00 7.12407386095876e-02 1.70669490740305e-03 
1.16354983832729e+00 7.11763614941072e-02 1.70320720015280e-03 
1.18414364077556e+00 7.11109645266730e-02 1.69921545067748e-03 
1.20473744322383e+00 7.10445715709561e-02 1.69478132343396e-03 
1.22533124567210e+00 7.09770839158078e-02 1.68995181632376e-03 
1.24592504812037e+00 7.09084800032037e-02 1.68473666635810e-03 
1.26651885056864e+00 7.08387835014809e-02 1.67914847932071e-03 
1.28711265301691e+00 7.07680182222624e-02 1.67320753391536e-03 
1.30770645546518e+00 7.06962078521508e-02 1.66692396445186e-03 
1.32830025791345e+00 7.06235190903477e-02 1.66030971251760e-03 
1.34889406036172e+00 7.05499948482120e-02 1.65339854294955e-03 
1.36948786281000e+00 7.04756572772599e-02 1.64620853658635e-03 
1.39008166525827e+00 7.04005284148151e-02 1.63875860451480e-03 
1.41067546770654e+00 7.03246298116657e-02 1.63107156016360e-03 
1.43126927015481e+00 7.02479824361612e-02 1.62316636445911e-03 
1.45186307260308e+00 7.01706070110897e-02 1.61505652861425e-03 
1.47245687505135e+00 7.00925240978146e-02 1.60676423215279e-03 
1.49305067749962e+00 7.00137530921402e-02 1.59831739555893e-03 
1.51364447994789e+00 6.99343632143504e-02 1.58970872728754e-03 
1.53423828239616e+00 6.98546340715882e-02 1.58094059604986e-03 
1.55483208484443e+00 6.97745800359289e-02 1.57205991928869e-03 
1.57542588729270e+00 6.96942153218259e-02 1.56307325594340e-03 
1.59601968974097e+00 6.96135539549347e-02 1.55398749452869e-03 
1.61661349218924e+00 6.95326097434291e-02 1.54480979146379e-03 
1.63720729463751e+00 6.94513962516914e-02 1.53554750823352e-03 
1.65780109708578e+00 6.93699267769798e-02 1.52620814843625e-03 
1.67839489953405e+00 6.92882143288498e-02 1.51679930298267e-03 
1.69898870198233e+00 6.92062716110409e-02 1.50732860209135e-03 
1.71958250443060e+00 6.91241110056988e-02 1.49780367239470e-03 
1.74017630687887e+00 6.90417445597823e-02 1.48823209723373e-03 
1.76077010932714e+00 6.89591839737027e-02 1.47862138014394e-03 
1.78136391177541e+00 6.88764405920244e-02 1.46897891541394e-03 
1.80195771422368e+00 6.87935253958131e-02 1.45931196434581e-03 
1.82255151667195e+00 6.87104489965701e-02 1.44962763293116e-03 
1.84314531912022e+00 6.86272216317893e-02 1.43993285283459e-03 
1.86373912156849e+00 6.85438531618491e-02 1.43023436501029e-03 
1.88433292401676e+00 6.84603530683316e-02 1.42053870088680e-03 
1.90492672646503e+00 6.83767304540572e-02 1.41089212758565e-03 
1.92552052891330e+00 6.82927350167758e-02 1.40133012459884e-03 
1.94611433136157e+00 6.82082875499640e-02 1.39181031387203e-03 
1.96670813380984e+00 6.81234004019202e-02 1.38231933546924e-03 
1.98730193625811e+00 6.80380855264327e-02 1.37286250851223e-03 
2.00789573870638e+00 6.79523544825543e-02 1.36344490024689e-03 
2.02848954115465e+00 6.78662184354533e-02 1.35407132480416e-03 
2.04908334360293e+00 6.77796881581884e-02 1.34474634392131e-03 
2.06967714605120e+00 6.76927740343179e-02 1.33547426966361e-03 
2.09027094849947e+00 6.76054860611657e-02 1.32625748871144e-03 
2.11086475094774e+00 6.75178429913696e-02 1.31703956873741e-03 
2.13145855339601e+00 6.74301741715035e-02 1.30780927617790e-03 
2.15205235584428e+00 6.73424843302516e-02 1.29864458312248e-03 
2.17264615829255e+00 6.72547778823954e-02 1.28954860301815e-03 
2.19323996074082e+00 6.71670589411525e-02 1.28053146043470e-03 
2.21383376318909e+00 6.70792945869022e-02 1.27163344390086e-03 
2.23442756563736e+00 6.69913126957137e-02 1.26285694183414e-03 
2.25502136808563e+00 6.69031191897377e-02 1.25416063075820e-03 
2.27561517053390e+00 6.68147196798698e-02 1.24554663633945e-03 
2.29620897298217e+00 6.67261194733705e-02 1.23701691947207e-03 
2.31680277543044e+00 6.66373235788183e-02 1.22857326371651e-03 
2.33739657787871e+00 6.65483367166191e-02 1.22021723048385e-03 
2.35799038032698e+00 6.64591633316553e-02 1.21195018430628e-03 
2.37858418277525e+00 6.63698076015172e-02 1.20377323372141e-03 
2.39917798522353e+00 6.62802734592172e-02 1.19568686459701e-03 
2.41977178767180e+00 6.61905646580524e-02 1.18769124688821e-03 
2.44036559012007e+00 6.61006847519841e-02 1.17978702853072e-03 
2.46095939256834e+00 6.60106370414779e-02 1.17197499953012e-03 
2.48155319501661e+00 6.59204246024419e-02 1.16425519014860e-03 
2.50214699746488e+00 6.58300503710228e-02 1.15665738410538e-03 
2.52274079991315e+00 6.57393988038256e-02 1.14920671465806e-03 
2.54333460236142e+00 6.56483966709046e-02 1.14187273275954e-03 
2.56392840480969e+00 6.55570483874247e-02 1.13463345194399e-03 
2.58452220725796e+00 6.54653581022624e-02 1.12748924346869e-03 
2.60511600970623e+00 6.53733297083094e-02 1.12044034013037e-03 
2.62570981215450e+00 6.52809668525415e-02 1.11348684586602e-03 
2.64630361460277e+00 6.51882729458521e-02 1.10662874502039e-03 
2.66689741705104e+00 6.50952511726131e-02 1.09986591139117e-03 
2.68749121949931e+00 6.50019044999476e-02 1.09319811661803e-03 
2.70808502194758e+00 6.49082356867541e-02 1.08662503798506e-03 
2.72867882439586e+00 6.48142472924619e-02 1.08014626619566e-03 
2.74927262684413e+00 6.47199416854667e-02 1.07376131281445e-03 
2.76986642929240e+00 6.46253210512807e-02 1.06746961688170e-03 
2.79046023174067e+00 6.45303874004365e-02 1.06126952271494e-03 
2.81105403418894e+00 6.44351459313515e-02 1.05513311413543e-03 
2.83164783663721e+00 6.43396857983973e-02 1.04905805134358e-03 
2.85224163908548e+00 6.42440077012799e-02 1.04307281586127e-03 
2.87283544153375e+00 6.41481122162020e-02 1.03717657844306e-03 
2.89342924398202e+00 6.40519998021718e-02 1.03136846965326e-03 
2.91402304643029e+00 6.39556708070457e-02 1.02564758424328e-03 
2.93461684887856e+00 6.38591254733077e-02 1.02001298529203e-03 
2.95521065132683e+00 6.37623639435893e-02 1.01446370811288e-03 
2.97580445377510e+00 6.36653862659343e-02 1.00899876386279e-03 
2.99639825622337e+00 6.35681923988275e-02 1.00360742313100e-03 
3.01699205867164e+00 6.34708106171633e-02 9.98267611158048e-04 
3.03758586111991e+00 6.33732991991704e-02 9.92987037444476e-04 
3.05817966356818e+00 6.32756571575179e-02 9.87786125013832e-04 
3.07877346601646e+00 6.31778834527791e-02 9.82663818726883e-04 
3.09936726846473e+00 6.30799769969814e-02 9.77619056369422e-04 
3.11996107091300e+00 6.29819366569627e-02 9.72650770779862e-04 
3.14055487336127e+00 6.28837612575381e-02 9.67757891812707e-04 
3.16114867580954e+00 6.27854495844894e-02 9.62939348142092e-04 
3.18174247825781e+00 6.26870003873831e-02 9.58194067345532e-04 
3.20233628070608e+00 6.25884123825500e-02 9.53520977362749e-04 
3.22293008315435e+00 6.24896842556084e-02 9.48919011510188e-04 
3.24352388560262e+00 6.23908146633975e-02 9.44387110576721e-04 
3.26411768805089e+00 6.22918022360266e-02 9.39924221771810e-04 
3.28471149049916e+00 6.21926455789811e-02 9.35529298096507e-04 
3.30530529294743e+00 6.20933432752639e-02 9.31201299214317e-04 
3.32589909539570e+00 6.19938938872776e-02 9.26939194092501e-04 
3.34649289784397e+00 6.18942959583555e-02 9.22741962303397e-04 
3.36708670029224e+00 6.17945480143023e-02 9.18608593684600e-04 
3.38768050274051e+00 6.16946485649297e-02 9.14538087361326e-04 
3.40827430518879e+00 6.15945961057444e-02 9.10529452223526e-04 
3.42886810763706e+00 6.14943891193184e-02 9.06581710021687e-04 
3.44946191008533e+00 6.13940260762282e-02 9.02693896415787e-04 
3.47005571253360e+00 6.12935054361085e-02 8.98865055407830e-04 
3.49064951498187e+00 6.11928256497472e-02 8.95094238340735e-04 
3.51124331743014e+00 6.10919851603095e-02 8.91380513920722e-04 
3.53183711987841e+00 6.09909824031167e-02 8.87722971241634e-04 
3.55243092232668e+00 6.08898158060684e-02 8.84120714166407e-04 
3.57302472477495e+00 6.07884837905751e-02 8.80572858984518e-04 
3.59361852722322e+00 6.06869847724242e-02 8.77075223811284e-04 
3.61421232967149e+00 6.05853247055643e-02 8.73612668997681e-04 
3.63480613211976e+00 6.04835340060069e-02 8.70187238254848e-04 
3.65539993456803e+00 6.03816108725702e-02 8.66812591170966e-04 
3.67599373701630e+00 6.02795535073961e-02 8.63487912548210e-04 
3.69658753946457e+00 6.01773601164084e-02 8.60212400214105e-04 
3.71718134191284e+00 6.00750289097329e-02 8.56985264992183e-04 
3.73777514436112e+00 5.99725581020830e-02 8.53805730648140e-04 
3.75836894680939e+00 5.98699459131135e-02 8.50673033812674e-04 
3.77896274925766e+00 5.97671905677460e-02 8.47586423882830e-04 
3.79955655170593e+00 5.96642902964686e-02 8.44545162906810e-04 
3.82015035415420e+00 5.95612433356106e-02 8.41548525453108e-04 
3.84074415660247e+00 5.94580479275981e-02 8.38595798465901e-04 
3.86133795905074e+00 5.93547023211879e-02 8.35686281108589e-04 
3.88193176149901e+00 5.92512047716857e-02 8.32819284597147e-04 
3.90252556394728e+00 5.91475535411478e-02 8.29994132025648e-04 
3.92311936639555e+00 5.90437468985689e-02 8.27210158184428e-04 
3.94371316884382e+00 5.89397831200572e-02 8.24466709371974e-04 
3.96430697129209e+00 5.88356604889987e-02 8.21763143201736e-04 
3.98490077374036e+00 5.87313772962109e-02 8.19098828410014e-04 
4.00549457618863e+00 5.86269318400867e-02 8.16499165643121e-04 
4.02608837863690e+00 5.85222699697568e-02 8.13972047496995e-04 
4.04668218108517e+00 5.84173742585223e-02 8.11490690776951e-04 
4.06727598353344e+00 5.83122432635163e-02 8.09046465434843e-04 
4.08786978598172e+00 5.82068755424519e-02 8.06638784339612e-04 
4.10846358842999e+00 5.81012696539350e-02 8.04267070208135e-04 
4.12905739087826e+00 5.79954241577684e-02 8.01930755403721e-04 
4.14965119332653e+00 5.78893376152512e-02 7.99629281734892e-04 
4.17024499577480e+00 5.77830085894707e-02 7.97362100255755e-04 
4.19083879822307e+00 5.76764356455899e-02 7.95128671063456e-04 
4.21143260067134e+00 5.75696173511313e-02 7.92928463107670e-04 
4.23202640311961e+00 5.74625522762538e-02 7.90760954014904e-04 
4.25262020556788e+00 5.73552389940237e-02 7.88625629894614e-04 
4.27321400801615e+00 5.72476760806851e-02 7.86521985146880e-04 
4.29380781046442e+00 5.71398621159258e-02 7.84449522275254e-04 
4.31440161291269e+00 5.70317956831426e-02 7.82407751707438e-04 
4.33499541536096e+00 5.69234753697015e-02 7.80396191626983e-04 
4.35558921780923e+00 5.68148997671956e-02 7.78414367796817e-04 
4.37618302025750e+00 5.67060674717015e-02 7.76461813384007e-04 
4.39677682270577e+00 5.65969770840349e-02 7.74538068790798e-04 
4.41737062515404e+00 5.64876272100042e-02 7.72642681492565e-04 
4.43796442760232e+00 5.63780164606622e-02 7.70775205879116e-04 
4.45855823005059e+00 5.62681434525568e-02 7.68935203097237e-04 
4.47915203249886e+00 5.61580068079809e-02 7.67122240885893e-04 
4.49974583494713e+00 5.60476051552237e-02 7.65312120390097e-04 
4.52033963739540e+00 5.59369803925391e-02 7.63479133356175e-04 
4.54093343984367e+00 5.58261764835703e-02 7.61646490983142e-04 
4.56152724229194e+00 5.57151918936216e-02 7.59838974118418e-04 
4.58212104474021e+00 5.56040251009498e-02 7.58056193832463e-04 
4.60271484718848e+00 5.54926745968124e-02 7.56297767034516e-04 
4.62330864963675e+00 5.53811388855195e-02 7.54563316343104e-04 
4.64390245208502e+00 5.52694164844861e-02 7.52852469958716e-04 
4.66449625453329e+00 5.51575059242877e-02 7.51164861540226e-04 
4.68509005698156e+00 5.50454057487178e-02 7.49500130083588e-04 
4.70568385942983e+00 5.49331145148473e-02 7.47857919803569e-04 
4.72627766187810e+00 5.48206307930865e-02 7.46237880019273e-04 
4.74687146432637e+00 5.47079531672485e-02 7.44639665040873e-04 
4.76746526677465e+00 5.45950802346154e-02 7.43062934059942e-04 
4.78805906922292e+00 5.44820106060061e-02 7.41507351042782e-04 
4.80865287167119e+00 5.43687429058465e-02 7.39972584625294e-04 
4.82924667411946e+00 5.42552757722416e-02 7.38458308011576e-04 
4.84984047656773e+00 5.41416078570493e-02 7.36964198874202e-04 
4.87043427901600e+00 5.40277378259566e-02 7.35489939257204e-04 
4.89102808146427e+00 5.39136643585578e-02 7.34035215481623e-04 
4.91162188391254e+00 5.37993861484340e-02 7.32599718053035e-04 
4.93221568636081e+00 5.36849019032353e-02 7.31183141571803e-04 
4.95280948880908e+00 5.35702103447638e-02 7.29785184644941e-04 
4.97340329125735e+00 5.34553102090599e-02 7.28405549800533e-04 
4.99399709370562e+00 5.33402002464887e-02 7.27054686983623e-04 
5.01459089615389e+00 5.32248610324199e-02 7.25773239367033e-04 
5.03518469860216e+00 5.31092223436057e-02 7.24550328582101e-04 
5.05577850105043e+00 5.29932830725931e-02 7.23344685326059e-04 
5.07637230349870e+00 5.28770421236288e-02 7.22156016800237e-04 
5.09696610594697e+00 5.27604984129149e-02 7.20984033568353e-04 
5.11755990839525e+00 5.26436508688641e-02 7.19828449484564e-04 
5.13815371084352e+00 5.25264984323552e-02 7.18688981623436e-04 
5.15874751329179e+00 5.24090400569891e-02 7.17565350211974e-04 
5.17934131574006e+00 5.22912747093448e-02 7.16457278563228e-04 
5.19993511818833e+00 5.21732013692351e-02 7.15364493011219e-04 
5.22052892063660e+00 5.20548190299638e-02 7.14286722847857e-04 
5.24112272308487e+00 5.19361266985813e-02 7.13223700261314e-04 
5.26171652553314e+00 5.18171233961417e-02 7.12175160275840e-04 
5.28231032798141e+00 5.16978081579599e-02 7.11140840693439e-04 
5.30290413042968e+00 5.15781800338681e-02 7.10120482036486e-04 
5.32349793287795e+00 5.14582380884732e-02 7.09113827492251e-04 
5.34409173532622e+00 5.13379814014140e-02 7.08120622858507e-04 
5.36468553777449e+00 5.12174090676188e-02 7.07140616490422e-04 
5.38527934022276e+00 5.10965201975628e-02 7.06173559249156e-04 
5.40587314267103e+00 5.09753139175257e-02 7.05219204451545e-04 
5.42646694511931e+00 5.08537893698498e-02 7.04277307821011e-04 
5.44706074756758e+00 5.07319457131972e-02 7.03347627439844e-04 
5.46765455001585e+00 5.06097821228085e-02 7.02429923702407e-04 
5.48824835246412e+00 5.04872977907601e-02 7.01523959269642e-04 
5.50884215491239e+00 5.03644919262227e-02 7.00629499024967e-04 
5.52943595736066e+00 5.02413637557191e-02 6.99746310031101e-04 
5.55002975980893e+00 5.01179125233823e-02 6.98874161487992e-04 
5.57062356225720e+00 4.99941374912135e-02 6.98012824691729e-04 
5.59121736470547e+00 4.98700379393404e-02 6.97162072994479e-04 
5.61181116715374e+00 4.97456131662748e-02 6.96321681765709e-04 
5.63240496960201e+00 4.96208624891711e-02 6.95491428354079e-04 
5.65299877205028e+00 4.94957852440834e-02 6.94671092050723e-04 
5.67359257449855e+00 4.93703807862240e-02 6.93860454053148e-04 
5.69418637694682e+00 4.92446484902205e-02 6.93059297429849e-04 
5.71478017939509e+00 4.91185877503735e-02 6.92267407086375e-04 
5.73537398184336e+00 4.89921979809140e-02 6.91484569731990e-04 
5.75596778429163e+00 4.88654786162606e-02 6.90710573847201e-04 
5.77656158673990e+00 4.87384291112761e-02 6.89945209652229e-04 
5.79715538918818e+00 4.86110489415245e-02 6.89188269076402e-04 
5.81774919163645e+00 4.84833376035273e-02 6.88439545727887e-04 
5.83834299408472e+00 4.83552946150198e-02 6.87698834864819e-04 
5.85893679653299e+00 4.82269195152066e-02 6.86965933366790e-04 
5.87953059898126e+00 4.80982118650177e-02 6.86240639707082e-04 
5.90012440142953e+00 4.79691712473630e-02 6.85522753926420e-04 
5.92071820387780e+00 4.78397972673873e-02 6.84812077606353e-04 
5.94131200632607e+00 4.77100895527248e-02 6.84108413843769e-04 
5.96190580877434e+00 4.75800477537528e-02 6.83411567226509e-04 
5.98249961122261e+00 4.74496715438450e-02 6.82721343809168e-04 
6.00309341367088e+00 4.73189606196247e-02 6.82055400422232e-04 
6.02368721611915e+00 4.71878862260358e-02 6.81423099348871e-04 
6.04428101856742e+00 4.70564327919193e-02 6.80806329552913e-04 
6.06487482101569e+00 4.69246000986400e-02 6.80195269101128e-04 
6.08546862346396e+00 4.67923879530101e-02 6.79589722252270e-04 
6.10606242591223e+00 4.66597961876095e-02 6.78989494561491e-04 
6.12665622836051e+00 4.65268246611043e-02 6.78394392861568e-04 
6.14725003080878e+00 4.63934732585642e-02 6.77804225244390e-04 
6.16784383325705e+00 4.62597418917792e-02 6.77218801043213e-04 
6.18843763570532e+00 4.61256304995749e-02 6.76637930816011e-04 
6.20903143815359e+00 4.59911390481269e-02 6.76061426328672e-04 
6.22962524060186e+00 4.58562675312734e-02 6.75489100538782e-04 
6.25021904305013e+00 4.57210159708277e-02 6.74920767580622e-04 
6.27081284549840e+00 4.55853844168878e-02 6.74356242749964e-04 
6.29140664794667e+00 4.54493729481462e-02 6.73795342489822e-04 
6.31200045039494e+00 4.53129816721976e-02 6.73237884376732e-04 
6.33259425284321e+00 4.51762107258451e-02 6.72683687107307e-04 
6.35318805529148e+00 4.50390602754051e-02 6.72132570485425e-04 
6.37378185773975e+00 4.49015305170111e-02 6.71584355409978e-04 
6.39437566018802e+00 4.47636216769152e-02 6.71038863862881e-04 
6.41496946263629e+00 4.46253340117886e-02 6.70495918897820e-04 
6.43556326508456e+00 4.44866678090203e-02 6.69955344629500e-04 
6.45615706753283e+00 4.43476233870138e-02 6.69416966222871e-04 
6.47675086998111e+00 4.42082010954826e-02 6.68880609883308e-04 
6.49734467242938e+00 4.40684013157438e-02 6.68346102847140e-04 
6.51793847487765e+00 4.39282244610091e-02 6.67813273372360e-04 
6.53853227732592e+00 4.37876709766755e-02 6.67281950730374e-04 
6.55912607977419e+00 4.36467413406122e-02 6.66751965197414e-04 
6.57971988222246e+00 4.35054360634467e-02 6.66223148046541e-04 
6.60031368467073e+00 4.33637556888492e-02 6.65695331540543e-04 
6.62090748711900e+00 4.32217007938133e-02 6.65168348924992e-04 
6.64150128956727e+00 4.30792719889363e-02 6.64642034421419e-04 
6.66209509201554e+00 4.29364699186962e-02 6.64116223221096e-04 
6.68268889446381e+00 4.27932952617267e-02 6.63590751479224e-04 
6.70328269691208e+00 4.26497487310904e-02 6.63065456309376e-04 
6.72387649936035e+00 4.25058310745490e-02 6.62540175778770e-04 
6.74447030180862e+00 4.23615430748308e-02 6.62014748903116e-04 
6.76506410425689e+00 4.22168855498972e-02 6.61489015642563e-04 
6.78565790670516e+00 4.20718593532046e-02 6.60962816897473e-04 
6.80625170915344e+00 4.19264653739655e-02 6.60435994504661e-04 
6.82684551160171e+00 4.17807045374058e-02 6.59908391234535e-04 
6.84743931404998e+00 4.16345778050200e-02 6.59379850787529e-04 
6.86803311649825e+00 4.14880861748233e-02 6.58850217791794e-04 
6.88862691894652e+00 4.13412306816009e-02 6.58319337801056e-04 
6.90922072139479e+00 4.11940123971545e-02 6.57787057292247e-04 
6.92981452384306e+00 4.10464324305457e-02 6.57253223663969e-04 
6.95040832629133e+00 4.08984919283364e-02 6.56717685235138e-04 
6.97100212873960e+00 4.07501920748266e-02 6.56180291243838e-04 
6.99159593118787e+00 4.06015340922879e-02 6.55655958697439e-04 
7.01218973363614e+00 4.04524947693655e-02 6.55293241231835e-04 
7.03278353608441e+00 4.03028335389623e-02 6.55075417976111e-04 
7.05337733853268e+00 4.01525519160570e-02 6.54852808130722e-04 
7.07397114098095e+00 4.00016514793359e-02 6.54625198054210e-04 
7.09456494342922e+00 3.98501338718826e-02 6.54392374917721e-04 
7.11515874587749e+00 3.96980008018614e-02 6.54154126718083e-04 
7.13575254832577e+00 3.95452540431927e-02 6.53910242291470e-04 
7.15634635077404e+00 3.93918954362212e-02 6.53660511327294e-04 
7.17694015322231e+00 3.92379268883765e-02 6.53404724382630e-04 
7.19753395567058e+00 3.90833503748255e-02 6.53142672897152e-04 
7.21812775811885e+00 3.89281679391173e-02 6.52874149208682e-04 
7.23872156056712e+00 3.87723816938191e-02 6.52598946568922e-04 
7.25931536301539e+00 3.86159938211442e-02 6.52316859159682e-04 
7.27990916546366e+00 3.84590065735709e-02 6.52027682109842e-04 
7.30050296791193e+00 3.83014222744524e-02 6.51731211512542e-04 
7.32109677036020e+00 3.81432433186185e-02 6.51427244442684e-04 
7.34169057280847e+00 3.79844721729667e-02 6.51115578975066e-04 
7.36228437525674e+00 3.78251113770443e-02 6.50796014202976e-04 
7.38287817770501e+00 3.76651635436211e-02 6.50468350257017e-04 
7.40347198015328e+00 3.75046313592516e-02 6.50132388324385e-04 
7.42406578260155e+00 3.73435175848272e-02 6.49787930668679e-04 
7.44465958504982e+00 3.71818250561179e-02 6.49434780649990e-04 
7.46525338749809e+00 3.70195566843036e-02 6.49072742745476e-04 
7.48584718994636e+00 3.68567154564942e-02 6.48701622570429e-04 
7.50644099239464e+00 3.66933044362385e-02 6.48321226899314e-04 
7.52703479484291e+00 3.65293267640225e-02 6.47931363687648e-04 
7.54762859729118e+00 3.63647856577554e-02 6.47531842093969e-04 
7.56822239973945e+00 3.61996844132441e-02 6.47122472502329e-04 
7.58881620218772e+00 3.60340264046558e-02 6.46703066545029e-04 
7.60941000463599e+00 3.58678150849683e-02 6.46273437125716e-04 
7.63000380708426e+00 3.57010539864074e-02 6.45833398442989e-04 
7.65059760953253e+00 3.55337467208726e-02 6.45382766013958e-04 
7.67119141198080e+00 3.53658969803490e-02 6.44921356698612e-04 
7.69178521442907e+00 3.51975085373060e-02 6.44448988724260e-04 
7.71237901687734e+00 3.50285852450835e-02 6.43965481710239e-04 
7.73297281932561e+00 3.48591310382635e-02 6.43470656692978e-04 
7.75356662177388e+00 3.46891499330284e-02 6.42964336151476e-04 
7.77416042422215e+00 3.45186460275049e-02 6.42446344032934e-04 
7.79475422667042e+00 3.43476235020939e-02 6.41916505778697e-04 
7.81534802911870e+00 3.41760866197854e-02 6.41374648350467e-04 
7.83594183156697e+00 3.40040397264590e-02 6.40820600256791e-04 
7.85653563401524e+00 3.38314872511694e-02 6.40254191579984e-04 
7.87712943646351e+00 3.36584337064163e-02 6.39675254003006e-04 
7.89772323891178e+00 3.34848836883987e-02 6.39083620836669e-04 
7.91831704136005e+00 3.33108418772542e-02 6.38479127047270e-04 
7.93891084380832e+00 3.31363130372820e-02 6.37861609284263e-04 
7.95950464625659e+00 3.29613020171489e-02 6.37230905908098e-04 
7.98009844870486e+00 3.27858137500803e-02 6.36586857018470e-04 
8.00069225115313e+00 3.26098532540335e-02 6.35869507085385e-04 
8.02128605360140e+00 3.24335332213201e-02 6.35027517090392e-04 
8.04187985604967e+00 3.22569523655805e-02 6.34122076036763e-04 
8.06247365849794e+00 3.20801151199666e-02 6.33205888687598e-04 
8.08306746094621e+00 3.19030259718577e-02 6.32278854296854e-04 
8.10366126339448e+00 3.17256894627560e-02 6.31340873660630e-04 
8.12425506584275e+00 3.15481101881726e-02 6.30391849130794e-04 
8.14484886829102e+00 3.13702927975028e-02 6.29431684628710e-04 
8.16544267073930e+00 3.11922419938922e-02 6.28460285659137e-04 
8.18603647318757e+00 3.10139625340910e-02 6.27477559323989e-04 
8.20663027563584e+00 3.08354592283000e-02 6.26483414336156e-04 
8.22722407808411e+00 3.06567369400039e-02 6.25477761033318e-04 
8.24781788053238e+00 3.04778005857963e-02 6.24460511391916e-04 
8.26841168298065e+00 3.02986551351925e-02 6.23431579041170e-04 
8.28900548542892e+00 3.01193056104324e-02 6.22390879276772e-04 
8.30959928787719e+00 2.99397570862728e-02 6.21338329074743e-04 
8.33019309032546e+00 2.97600146897687e-02 6.20273847105437e-04 
8.35078689277373e+00 2.95800836000439e-02 6.19197353747372e-04 
8.37138069522200e+00 2.93999690480506e-02 6.18108771101022e-04 
8.39197449767027e+00 2.92196763163180e-02 6.17008023002711e-04 
8.41256830011854e+00 2.90392107386906e-02 6.15895035038322e-04 
8.43316210256681e+00 2.88585777000542e-02 6.14769734557112e-04 
8.45375590501508e+00 2.86777826360520e-02 6.13632050685361e-04 
8.47434970746335e+00 2.84968310327887e-02 6.12481914339932e-04 
8.49494350991163e+00 2.83157284265241e-02 6.11319258242027e-04 
8.51553731235990e+00 2.81344804033547e-02 6.10144016930586e-04 
8.53613111480817e+00 2.79530925988846e-02 6.08956126775679e-04 
8.55672491725644e+00 2.77715706978849e-02 6.07755525991998e-04 
8.57731871970471e+00 2.75899204339416e-02 6.06542154652152e-04 
8.59791252215298e+00 2.74081475890918e-02 6.05315954699741e-04 
8.61850632460125e+00 2.72262579934496e-02 6.04076869962496e-04 
8.63910012704952e+00 2.70442575248187e-02 6.02824846165320e-04 
8.65969392949779e+00 2.68621521082954e-02 6.01559830943109e-04 
8.68028773194606e+00 2.66799477158585e-02 6.00281773853558e-04 
8.70088153439433e+00 2.64976503659485e-02 5.98990626389852e-04 
8.72147533684260e+00 2.63152661230351e-02 5.97686341993106e-04 
8.74206913929087e+00 2.61328010971726e-02 5.96368876064743e-04 
8.76266294173914e+00 2.59502614435444e-02 5.95038185978832e-04 
8.78325674418741e+00 2.57676533619950e-02 5.93694231094073e-04 
8.80385054663568e+00 2.55849830965515e-02 5.92336972765768e-04 
8.82444434908395e+00 2.54022569349318e-02 5.90966374357646e-04 
8.84503815153223e+00 2.52194812080431e-02 5.89582401253449e-04 
8.86563195398050e+00 2.50366622894667e-02 5.88185020868354e-04 
8.88622575642877e+00 2.48538065949326e-02 5.86774202660227e-04 
8.90681955887704e+00 2.46709205817821e-02 5.85349918140742e-04 
8.92741336132531e+00 2.44880107484179e-02 5.83912140886185e-04 
8.94800716377358e+00 2.43050836337437e-02 5.82460846548164e-04 
8.96860096622185e+00 2.41221458165916e-02 5.80996012864115e-04 
8.98919476867012e+00 2.39392039151375e-02 5.79517619667503e-04 
9.00978857111839e+00 2.37562645863056e-02 5.78025648897963e-04 
9.03038237356666e+00 2.35733345251608e-02 5.76520084611091e-04 
9.05097617601493e+00 2.33904204642897e-02 5.75000912987856e-04 
9.07156997846320e+00 2.32075291731702e-02 5.73468122344139e-04 
9.09216378091147e+00 2.30246674575290e-02 5.71921703139844e-04 
9.11275758335974e+00 2.28418421586887e-02 5.70361647987631e-04 
9.13335138580801e+00 2.26590601529021e-02 5.68787951661589e-04 
9.15394518825628e+00 2.24763283506761e-02 5.67200611105578e-04 
9.17453899070455e+00 2.22936536960841e-02 5.65599625441211e-04 
9.19513279315283e+00 2.21110431660668e-02 5.63984995975711e-04 
9.21572659560110e+00 2.19285037697215e-02 5.62356726209470e-04 
9.23632039804937e+00 2.17460425475812e-02 5.60714821843178e-04 
9.25691420049764e+00 2.15636665708815e-02 5.59059290784788e-04 
9.27750800294591e+00 2.13813829408170e-02 5.57390143156127e-04 
9.29810180539418e+00 2.11991987877865e-02 5.55707391299217e-04 
9.31869560784245e+00 2.10171212706272e-02 5.54011049782299e-04 
9.33928941029072e+00 2.08351575758383e-02 5.52301135405532e-04 
9.35988321273899e+00 2.06533149167936e-02 5.50577667206378e-04 
9.38047701518726e+00 2.04716005329432e-02 5.48840666464570e-04 
9.40107081763553e+00 2.02900216890051e-02 5.47090156706880e-04 
9.42166462008380e+00 2.01085856741457e-02 5.45326163711435e-04 
9.44225842253207e+00 1.99272998011502e-02 5.43548715511775e-04 
9.46285222498034e+00 1.97461714055827e-02 5.41757842400511e-04 
9.48344602742861e+00 1.95652078449359e-02 5.39953576932583e-04 
9.50403982987688e+00 1.93844164977702e-02 5.38135953928287e-04 
9.52463363232516e+00 1.92038047628441e-02 5.36305010475806e-04 
9.54522743477343e+00 1.90233800582330e-02 5.34460785933381e-04 
9.56582123722170e+00 1.88431498204395e-02 5.32603321931153e-04 
9.58641503966997e+00 1.86631215034932e-02 5.30732662372669e-04 
9.60700884211824e+00 1.84833025780417e-02 5.28848853435846e-04 
9.62760264456651e+00 1.83037005304310e-02 5.26951943573609e-04 
9.64819644701478e+00 1.81243228617782e-02 5.25041983514220e-04 
9.66879024946305e+00 1.79451770870334e-02 5.23119026261130e-04 
9.68938405191132e+00 1.77662707340336e-02 5.21183127092368e-04 
9.70997785435959e+00 1.75876113425475e-02 5.19234343559560e-04 
9.73057165680786e+00 1.74092064633112e-02 5.17272735486610e-04 
9.75116545925613e+00 1.72310636570557e-02 5.15298364967883e-04 
9.77175926170440e+00 1.70531904935262e-02 5.13311296365869e-04 
9.79235306415267e+00 1.68755945504921e-02 5.11311596308590e-04 
9.81294686660094e+00 1.66982834127500e-02 5.09299333686519e-04 
9.83354066904921e+00 1.65212646711182e-02 5.07274579648992e-04 
9.85413447149748e+00 1.63445459214234e-02 5.05237407600217e-04 
9.87472827394576e+00 1.61681347634800e-02 5.03187893194857e-04 
9.89532207639403e+00 1.59920388000620e-02 5.01126114333143e-04 
9.91591587884230e+00 1.58162656358672e-02 4.99052151155535e-04 
9.93650968129057e+00 1.56408228764750e-02 4.96966086036946e-04 
9.95710348373884e+00 1.54657181272967e-02 4.94868003580438e-04 
9.97769728618711e+00 1.52909589925198e-02 4.92757990610518e-04 
9.99829108863538e+00 1.51165530740450e-02 4.90525424336125e-04 
1.00188848910836e+01 1.49427761157080e-02 4.88020414704990e-04 
1.00394786935319e+01 1.47700036891068e-02 4.85362710684143e-04 
1.00600724959802e+01 1.45982323351902e-02 4.82712934955678e-04 
1.00806662984285e+01 1.44274585909535e-02 4.80071106630296e-04 
1.01012601008767e+01 1.42576789895876e-02 4.77437244426550e-04 
1.01218539033250e+01 1.40888900606267e-02 4.74811366672029e-04 
1.01424477057733e+01 1.39210883300962e-02 4.72193491304549e-04 
1.01630415082215e+01 1.37542703206585e-02 4.69583635873396e-04 
1.01836353106698e+01 1.35884325517602e-02 4.66981817540601e-04 
1.02042291131181e+01 1.34235715397764e-02 4.64388053082209e-04 
1.02248229155664e+01 1.32596837981559e-02 4.61802358889609e-04 
1.02454167180146e+01 1.30967658375649e-02 4.59224750970859e-04 
1.02660105204629e+01 1.29348141660304e-02 4.56655244952035e-04 
1.02866043229112e+01 1.27738252890828e-02 4.54093856078660e-04 
1.03071981253594e+01 1.26137957098971e-02 4.51540599217076e-04 
1.03277919278077e+01 1.24547219294347e-02 4.48995488855888e-04 
1.03483857302560e+01 1.22966004465832e-02 4.46458539107430e-04 
1.03689795327042e+01 1.21394277582962e-02 4.43929763709227e-04 
1.03895733351525e+01 1.19832003597319e-02 4.41409176025501e-04 
1.04101671376008e+01 1.18279147443913e-02 4.38896789048682e-04 
1.04307609400491e+01 1.16735674042556e-02 4.36392615400955e-04 
1.04513547424973e+01 1.15201548299223e-02 4.33896667335816e-04 
1.04719485449456e+01 1.13676735107414e-02 4.31408956739671e-04 
1.04925423473939e+01 1.12161199349499e-02 4.28929495133405e-04 
1.05131361498421e+01 1.10654905898063e-02 4.26458293674030e-04 
1.05337299522904e+01 1.09157819617238e-02 4.23995363156324e-04 
1.05543237547387e+01 1.07669905364029e-02 4.21540714014440e-04 
1.05749175571870e+01 1.06191127989629e-02 4.19094356323650e-04 
1.05955113596352e+01 1.04721452340734e-02 4.16656299801994e-04 
1.06161051620835e+01 1.03260843260838e-02 4.14226553811952e-04 
1.06366989645318e+01 1.01809265591530e-02 4.11805127362248e-04 
1.06572927669800e+01 1.00366684173778e-02 4.09392029109549e-04 
1.06778865694283e+01 9.89330638492029e-03 4.06987267360198e-04 
1.06984803718766e+01 9.75083694613511e-03 4.04590850072038e-04 
1.07190741743249e+01 9.60925658569508e-03 4.02202784856160e-04 
1.07396679767731e+01 9.46856178871645e-03 3.99823078978707e-04 
1.07602617792214e+01 9.32874904088322e-03 3.97451739362707e-04 
1.07808555816697e+01 9.18981482857051e-03 3.95088772589873e-04 
1.08014493841179e+01 9.05175563896724e-03 3.92734184902489e-04 
1.08220431865662e+01 8.91456796019776e-03 3.90387982205235e-04 
1.08426369890145e+01 8.77824828144281e-03 3.88050170067053e-04 
1.08632307914627e+01 8.64279309305950e-03 3.85720753723031e-04 
1.08838245939110e+01 8.50819888670045e-03 3.83399738076291e-04 
1.09044183963593e+01 8.37446215543212e-03 3.81087127699937e-04 
1.09250121988076e+01 8.24157939385216e-03 3.78782926838914e-04 
1.09456060012558e+01 8.10954709820598e-03 3.76487139411949e-04 
1.09661998037041e+01 7.97836176650245e-03 3.74199769013504e-04 
1.09867936061524e+01 7.84801989862863e-03 3.71920818915700e-04 
1.10073874086006e+01 7.71851799646372e-03 3.69650292070305e-04 
1.10279812110489e+01 7.58985256399208e-03 3.67388191110685e-04 
1.10485750134972e+01 7.46202010741537e-03 3.65134518353774e-04 
1.10691688159455e+01 7.33501713526381e-03 3.62889275802057e-04 
1.10897626183937e+01 7.20884015850659e-03 3.60652465145583e-04 
1.11103564208420e+01 7.08348569066131e-03 3.58424087763957e-04 
1.11309502232903e+01 6.95895024790261e-03 3.56204144728356e-04 
1.11515440257385e+01 6.83523034916984e-03 3.53992636803531e-04 
1.11721378281868e+01 6.71232251627395e-03 3.51789564449843e-04 
1.11927316306351e+01 6.59022327400333e-03 3.49594927825312e-04 
1.12133254330833e+01 6.46892915022890e-03 3.47408726787630e-04 
1.12339192355316e+01 6.34843667600821e-03 3.45230960896222e-04 
1.12545130379799e+01 6.22874238568871e-03 3.43061629414294e-04 
1.12751068404282e+01 6.10984281701007e-03 3.40900731310895e-04 
1.12957006428764e+01 5.99173451120562e-03 3.38748265262976e-04 
1.13162944453247e+01 5.87441401310296e-03 3.36604229657461e-04 
1.13368882477730e+01 5.75787787122353e-03 3.34468622593342e-04 
1.13574820502212e+01 5.64212263788143e-03 3.32341441883727e-04 
1.13780758526695e+01 5.52714486928125e-03 3.30222685057945e-04 
1.13986696551178e+01 5.41294112561504e-03 3.28112349363633e-04 
1.14192634575661e+01 5.29950797115836e-03 3.26010431768810e-04 
1.14398572600143e+01 5.18684197436547e-03 3.23916928964000e-04 
1.14604510624626e+01 5.07493970796359e-03 3.21831837364320e-04 
1.14810448649109e+01 4.96379774904625e-03 3.19755153111579e-04 
1.15016386673591e+01 4.85341267916581e-03 3.17686872076398e-04 
1.15222324698074e+01 4.74378108442499e-03 3.15626989860308e-04 
1.15428262722557e+01 4.63489955556761e-03 3.13566183816107e-04 
1.15634200747039e+01 4.52677028861666e-03 3.11459079151360e-04 
1.15840138771522e+01 4.41941873824956e-03 3.09245355210972e-04 
1.16046076796005e+01 4.31288969290538e-03 3.06904648314760e-04 
1.16252014820488e+01 4.20722517685900e-03 3.04431907644847e-04 
1.16457952844970e+01 4.10247213401117e-03 3.01802073241725e-04 
1.16663890869453e+01 3.99868904513302e-03 2.98996794021667e-04 
1.16869828893936e+01 3.89593671292914e-03 2.96019778115186e-04 
1.17075766918418e+01 3.79427175802214e-03 2.92882846756592e-04 
1.17281704942901e+01 3.69374671496268e-03 2.89595675269549e-04 
1.17487642967384e+01 3.59441122909091e-03 2.86165353914344e-04 
1.17693580991867e+01 3.49631279141069e-03 2.82600236268511e-04 
1.17899519016349e+01 3.39949539928071e-03 2.78910990031999e-04 
1.18105457040832e+01 3.30399917017599e-03 2.75108596973130e-04 
1.18311395065315e+01 3.20986045464633e-03 2.71194239962907e-04 
1.18517333089797e+01 3.11711740809309e-03 2.67155345328986e-04 
1.18723271114280e+01 3.02581445664959e-03 2.62985245025458e-04 
1.18929209138763e+01 2.93599539259553e-03 2.58692184570622e-04 
1.19135147163245e+01 2.84769946187387e-03 2.54289034098829e-04 
1.19341085187728e+01 2.76096152615214e-03 2.49788205600522e-04 
1.19547023212211e+01 2.67581222603907e-03 2.45201649653437e-04 
1.19752961236694e+01 2.59227814494907e-03 2.40540853580806e-04 
1.19958899261176e+01 2.51038197313669e-03 2.35816719999518e-04 
1.20164837285659e+01 2.43014333036454e-03 2.31039533923386e-04 
1.20370775310142e+01 2.35157907905171e-03 2.26219535150467e-04 
1.20576713334624e+01 2.27470110148013e-03 2.21366702353154e-04 
1.20782651359107e+01 2.19951803773233e-03 2.16490216332749e-04 
1.20988589383590e+01 2.12603544479392e-03 2.11598808752762e-04 
1.21194527408073e+01 2.05425595352381e-03 2.06700768076321e-04 
1.21400465432555e+01 1.98417942320858e-03 2.01803946304481e-04 
1.21606403457038e+01 1.91580309344259e-03 1.96915766445472e-04 
1.21812341481521e+01 1.84912173309948e-03 1.92043230647214e-04 
1.22018279506003e+01 1.78412778618405e-03 1.87192928927723e-04 
1.22224217530486e+01 1.72081151437597e-03 1.82371048440473e-04 
1.22430155554969e+01 1.65916113609843e-03 1.77583383214230e-04 
1.22636093579451e+01 1.59916296196525e-03 1.72835344309391e-04 
1.22842031603934e+01 1.54080152648001e-03 1.68131970335372e-04 
1.23047969628417e+01 1.48405971587934e-03 1.63477938276147e-04 
1.23253907652900e+01 1.42891889203062e-03 1.58877574573645e-04 
1.23459845677382e+01 1.37535901231115e-03 1.54334866421208e-04 
1.23665783701865e+01 1.32335874541201e-03 1.49853473221910e-04 
1.23871721726348e+01 1.27289558302497e-03 1.45436738169060e-04 
1.24077659750830e+01 1.22394594738512e-03 1.41087699908678e-04 
1.24283597775313e+01 1.17648529465507e-03 1.36809104246246e-04 
1.24489535799796e+01 1.13048821414947e-03 1.32603415862448e-04 
1.24695473824279e+01 1.08592852340975e-03 1.28472830004966e-04 
1.24901411848761e+01 1.04277935915027e-03 1.24419284125765e-04 
1.25107349873244e+01 1.00101326410678e-03 1.20444469435547e-04 
1.25313287897727e+01 9.60602269827497e-04 1.16549842349265e-04 
1.25519225922209e+01 9.21517975455340e-04 1.12736635798730e-04 
1.25725163946692e+01 8.83731622557938e-04 1.09005870390444e-04 
1.25931101971175e+01 8.47214166068651e-04 1.05358365388759e-04 
1.26137039995657e+01 8.11936341408398e-04 1.01794749506438e-04 
1.26342978020140e+01 7.77868727863670e-04 9.83154714865267e-05 
1.26548916044623e+01 7.44981808301094e-04 9.49208104612518e-05 
1.26754854069106e+01 7.13246025303365e-04 9.16108860753600e-05 
1.26960792093588e+01 6.82631833815149e-04 8.83856683629518e-05 
1.27166730118071e+01 6.53109750390883e-04 8.52449873684278e-05 
1.27372668142554e+01 6.24650399139086e-04 8.21885425036520e-05 
1.27578606167036e+01 5.97224554460085e-04 7.92159116348332e-05 
1.27784544191519e+01 5.70803180675820e-04 7.63265598939728e-05 
1.27990482216002e+01 5.45357468651728e-04 7.35198482109884e-05 
1.28196420240485e+01 5.20858869511600e-04 7.07950415638040e-05 
1.28402358264967e+01 4.97279125546834e-04 6.81513169448250e-05 
1.28608296289450e+01 4.74590298421656e-04 6.55877710432616e-05 
1.28814234313933e+01 4.52764794775662e-04 6.31034276437520e-05 
1.29020172338415e+01 4.31775389324530e-04 6.06971059152209e-05 
1.29226110362898e+01 4.11595313621959e-04 5.83670704441815e-05 
1.29432048387381e+01 3.92198499286671e-04 5.61113801909284e-05 
1.29637986411863e+01 3.73559577165929e-04 5.39286334188671e-05 
1.29843924436346e+01 3.55653550085947e-04 5.18177734634003e-05 
1.30049862460829e+01 3.38455810124321e-04 4.97748804316558e-05 
1.30255800485312e+01 3.21943506367183e-04 4.77927510365661e-05 
1.30461738509794e+01 3.06096831562704e-04 4.58666739522037e-05 
1.30667676534277e+01 2.90896755764556e-04 4.39958598313261e-05 
1.30873614558760e+01 2.76324225552478e-04 4.21800303265074e-05 
1.31079552583242e+01 2.62360364317422e-04 4.04178239904627e-05 
1.31285490607725e+01 2.48986934071435e-04 3.87075678214879e-05 
1.31491428632208e+01 2.36186303440447e-04 3.70486056598025e-05 
1.31697366656691e+01 2.23940850996162e-04 3.54407953797798e-05 
1.31903304681173e+01 2.12233052120816e-04 3.38837915552046e-05 
1.32109242705656e+01 2.01045542678662e-04 3.23772068597998e-05 
1.32315180730139e+01 1.90361102500357e-04 3.09206674176884e-05 
1.32521118754621e+01 1.80162654050533e-04 2.95137378557332e-05 
1.32727056779104e+01 1.70433295971518e-04 2.81558040617395e-05 
1.32932994803587e+01 1.61156371491623e-04 2.68459555290546e-05 
1.33138932828069e+01 1.52315588716036e-04 2.55831375624622e-05 
1.33344870852552e+01 1.43895038554623e-04 2.43664148296776e-05 
1.33550808877035e+01 1.35879112234924e-04 2.31949680271184e-05 
1.33756746901518e+01 1.28252487027207e-04 2.20679923771325e-05 
1.33962684926000e+01 1.21000124759952e-04 2.09846576806646e-05 
1.34168622950483e+01 1.14107285010702e-04 1.99440877185129e-05 
1.34374560974966e+01 1.07559541094871e-04 1.89453613397202e-05 
1.34580498999448e+01 1.01342793787891e-04 1.79875189384514e-05 
1.34786437023931e+01 9.54432829152185e-05 1.70695217270646e-05 
1.34992375048414e+01 8.98476173235238e-05 1.61902103984860e-05 
1.35198313072897e+01 8.45428244747253e-05 1.53484152492243e-05 
1.35404251097379e+01 7.95163329124584e-05 1.45430659136141e-05 
1.35610189121862e+01 7.47559226475555e-05 1.37731364964874e-05 
1.35816127146345e+01 7.02497296501566e-05 1.30375890149419e-05 
1.36022065170827e+01 6.59862488427626e-05 1.23353776736036e-05 
1.36228003195310e+01 6.19543357077748e-05 1.16654528145564e-05 
1.36433941219793e+01 5.81432066187432e-05 1.10267645544319e-05 
1.36639879244275e+01 5.45424380001128e-05 1.04182661214857e-05 
1.36845817268758e+01 5.11419644157260e-05 9.83891690572965e-06 
1.37051755293241e+01 4.79320756817578e-05 9.28768523535176e-06 
1.37257693317724e+01 4.49034130951410e-05 8.76355089273586e-06 
1.37463631342206e+01 4.20469648639135e-05 8.26550738341218e-06 
1.37669569366689e+01 3.93540608213104e-05 7.79256397122095e-06 
1.37875507391172e+01 3.68163665008449e-05 7.34374749286919e-06 
1.38081445415654e+01 3.44258766450973e-05 6.91810396490891e-06 
1.38287383440137e+01 3.21749082164739e-05 6.51469999597137e-06 
1.38493321464620e+01 3.00560929738165e-05 6.13242659903613e-06 
1.38699259489103e+01 2.80624486217710e-05 5.77004190877080e-06 
1.38905197513585e+01 2.61874564945904e-05 5.42655151601318e-06 
1.39111135538068e+01 2.44248648651503e-05 5.10106207623097e-06 
1.39317073562551e+01 2.27687287394634e-05 4.79261473479176e-06 
1.39523011587033e+01 2.12134545250918e-05 4.50042605004078e-06 
1.39728949611516e+01 1.97536665729794e-05 4.22381350868513e-06 
1.39934887635999e+01 1.83842217552222e-05 3.96188839514521e-06 
1.40140825660481e+01 1.71002957859899e-05 3.71384966580044e-06 
1.40346763684964e+01 1.58973552437039e-05 3.47926996725648e-06 
1.40552701709447e+01 1.47709084764912e-05 3.25770150330022e-06 
1.40758639733930e+01 1.37166747921803e-05 3.04850456708014e-06 
1.40964577758412e+01 1.27305885095737e-05 2.85104725010627e-06 
1.41170515782895e+01 1.18088006462804e-05 2.66476709676740e-06 
1.41376453807378e+01 1.09476383687640e-05 2.48916455933864e-06 
1.41582391831860e+01 1.01435933069369e-05 2.32374581181156e-06 
1.41788329856343e+01 9.39332198475317e-06 2.16801647045966e-06 
1.41994267880826e+01 8.69365020482097e-06 2.02151115689300e-06 
1.42200205905309e+01 8.04155372850326e-06 1.88377726307524e-06 
1.42406143929791e+01 7.43415892132197e-06 1.75434909154692e-06 
1.42612081954274e+01 6.86875202550531e-06 1.63278328053962e-06 
1.42818019978757e+01 6.34276455041323e-06 1.51868297280155e-06 
1.43023958003239e+01 5.85375475398337e-06 1.41167102249292e-06 
1.43229896027722e+01 5.39940614579604e-06 1.31137350044017e-06 
1.43435834052205e+01 4.97752793740606e-06 1.21743277340636e-06 
1.43641772076687e+01 4.58604656013949e-06 1.12951319356070e-06 
1.43847710101170e+01 4.22299819138835e-06 1.04729404993306e-06 
1.44053648125653e+01 3.88652493568770e-06 9.70466006135988e-07 
1.44259586150136e+01 3.57487094342092e-06 8.98731256467493e-07 
1.44465524174618e+01 3.28637849225254e-06 8.31803610686305e-07 
1.44671462199101e+01 3.01948405388977e-06 7.69406411584128e-07 
1.44877400223584e+01 2.77271506546056e-06 7.11272168591212e-07 
1.45083338248066e+01 2.54468746783368e-06 6.57140825453214e-07 
1.45289276272549e+01 2.33410211095507e-06 6.06759451153057e-07 
1.45495214297032e+01 2.13974426418052e-06 5.59891418386007e-07 
1.45701152321515e+01 1.96047579029311e-06 5.16320780049461e-07 
1.45907090345997e+01 1.79522814434202e-06 4.75845786671010e-07 
1.46113028370480e+01 1.64299864081726e-06 4.38274709992956e-07 
1.46318966394963e+01 1.50284727402004e-06 4.03425141802059e-07 
1.46524904419445e+01 1.37389362112008e-06 3.71123765387177e-07 
1.46730842443928e+01 1.25531382391304e-06 3.41205932610824e-07 
1.46936780468411e+01 1.14633770993795e-06 3.13513783336635e-07 
1.47142718492893e+01 1.04624657403601e-06 2.87896877127652e-07 
1.47348656517376e+01 9.54371194317513e-07 2.64214990695551e-07 
1.47554594541859e+01 8.70087393742556e-07 2.42337305231765e-07 
1.47760532566342e+01 7.92813518981824e-07 2.22140230069570e-07 
1.47966470590824e+01 7.22008080136324e-07 2.03506903417427e-07 
1.48172408615307e+01 6.57167539618390e-07 1.86327365689433e-07 
1.48378346639790e+01 5.97824108515763e-07 1.70498874526765e-07 
1.48584284664272e+01 5.43543147636746e-07 1.55925251367895e-07 
1.48790222688755e+01 4.93921181854861e-07 1.42516198303319e-07 
1.48996160713238e+01 4.48583977594966e-07 1.30187126481399e-07 
1.49202098737721e+01 4.07184646040710e-07 1.18858854072931e-07 
1.49408036762203e+01 3.69401895539884e-07 1.08457289252334e-07 
1.49613974786686e+01 3.34938369832407e-07 9.89131389027983e-08 
1.49819912811169e+01 3.03519081151685e-07 9.01615583790069e-08 
1.50025850835651e+01 2.74889970944579e-07 8.21425068828134e-08 
1.50231788860134e+01 2.48843497872525e-07 7.47969420303197e-08 
1.50437726884617e+01 2.25172652977118e-07 6.80748373520228e-08 
1.50643664909099e+01 2.03670611605009e-07 6.19287930014605e-08 
1.50849602933582e+01 1.84147521299754e-07 5.63123540120040e-08 
1.51055540958065e+01 1.66429215921921e-07 5.11825144324281e-08 
1.51261478982548e+01 1.50356016251500e-07 4.64994913349711e-08 
1.51467417007030e+01 1.35781612378759e-07 4.22265105767499e-08 
1.51673355031513e+01 1.22572023324858e-07 3.83296040270795e-08 
1.51879293055996e+01 1.10604629479348e-07 3.47774179401719e-08 
1.52085231080478e+01 9.97672735959535e-08 3.15410321260368e-08 
1.52291169104961e+01 8.99574262484555e-08 2.85937895515121e-08 
1.52497107129444e+01 8.10814118132813e-08 2.59111359876141e-08 
1.52703045153927e+01 7.30536912128086e-08 2.34704693082303e-08 
1.52908983178409e+01 6.57961978220018e-08 2.12509980380759e-08 
1.53114921202892e+01 5.92377231094892e-08 1.92336087442954e-08 
1.53320859227375e+01 5.33133487514832e-08 1.74007418656652e-08 
1.53526797251857e+01 4.79639221220809e-08 1.57362755756424e-08 
1.53732735276340e+01 4.31355722256586e-08 1.42254172801097e-08 
1.53938673300823e+01 3.87792632956104e-08 1.28546023572698e-08 
1.54144611325305e+01 3.48503834380303e-08 1.16113997554058e-08 
1.54350549349788e+01 3.13083658486347e-08 1.04844240738894e-08 
1.54556487374271e+01 2.81163402759219e-08 9.46325376361066e-09 
1.54762425398754e+01 2.52408125429833e-08 8.53835509471425e-09 
1.54968363423236e+01 2.26513700743258e-08 7.70101155193374e-09 
1.55174301447719e+01 2.03204115023988e-08 6.94325833075580e-09 
1.55380239472202e+01 1.82228985511682e-08 6.25782162094630e-09 
1.55586177496684e+01 1.63361285110131e-08 5.63806237749849e-09 
1.55792115521167e+01 1.46395257304650e-08 5.07792429269235e-09 
1.55998053545650e+01 1.31144506559087e-08 4.57188569658138e-09 
1.56203991570133e+01 1.17440250504069e-08 4.11491512675362e-09 
1.56409929594615e+01 1.05129721174164e-08 3.70243032157306e-09 
1.56615867619098e+01 9.40747034445108e-09 3.33026040422824e-09 
1.56821805643581e+01 8.41501996588347e-09 2.99461103774343e-09 
1.57027743668063e+01 7.52432102321342e-09 2.69203234359925e-09 
1.57233681692546e+01 6.72516207545494e-09 2.41938938873039e-09 
1.57439619717029e+01 6.00831868197768e-09 2.17383505738775e-09 
1.57645557741511e+01 5.36546084538044e-09 1.95277925839792e-09 
1.57851495765994e+01 4.78901441635621e-09 1.75330297831017e-09 
1.58057433790477e+01 4.27254864509629e-09 1.57334135850896e-09 
1.58263371814960e+01 3.80991363775811e-09 1.41113739958591e-09 
1.58469309839442e+01 3.39585337451823e-09 1.26497248824303e-09 
1.58675247863925e+01 3.02533920068688e-09 1.13338275839362e-09 
1.58881185888408e+01 2.69407146167858e-09 1.01494092037411e-09 
1.59087123912890e+01 2.39794917959188e-09 9.08430120647673e-10 
1.59293061937373e+01 2.13346458640410e-09 8.12668631772900e-10 
1.59498999961856e+01 1.89728189748078e-09 7.26648124440821e-10 
1.59704937986339e+01 1.68654698427087e-09 6.49393071033238e-10 
1.59910876010821e+01 1.49855337431249e-09 5.80071052080270e-10 
1.60116814035304e+01 1.33098477981792e-09 5.17887526522527e-10 
1.60322752059787e+01 1.18164924776752e-09 4.62166796456371e-10 
1.60528690084269e+01 1.04866398491930e-09 4.12252502656265e-10 
1.60734628108752e+01 9.30253562355401e-10 3.67575479583252e-10 
1.60940566133235e+01 8.24900020654095e-10 3.27592660001125e-10 
1.61146504157717e+01 7.31174506320668e-10 2.91839390903561e-10 
1.61352442182200e+01 6.47855776992177e-10 2.59873019295226e-10 
1.61558380206683e+01 5.73796415132604e-10 2.31315079662247e-10 
1.61764318231166e+01 5.08015944993280e-10 2.05805694720962e-10 
1.61970256255648e+01 4.49594903058907e-10 1.83037307759532e-10 
1.62176194280131e+01 3.97747731350282e-10 1.62718054638690e-10 
1.62382132304614e+01 3.51739150888369e-10 1.44598572526893e-10 
1.62588070329096e+01 3.10941043598895e-10 1.28442714341821e-10 
1.62794008353579e+01 2.74766599757167e-10 1.14048755971765e-10 
1.62999946378062e+01 2.42714582880425e-10 1.01226067109082e-10 
1.63205884402545e+01 2.14317589930630e-10 8.98118240328364e-11 
1.63411822427027e+01 1.89176411901783e-10 7.96524819738630e-11 
1.63617760451510e+01 1.66919465570759e-10 7.06169038303199e-11 
1.63823698475993e+01 1.47229404397395e-10 6.25816844851099e-11 
1.64029636500475e+01 1.29811370316479e-10 5.54414352207909e-11 
1.64235574524958e+01 1.14413558008157e-10 4.90971862245286e-11 
1.64441512549441e+01 1.00802413940491e-10 4.34644227976732e-11 
1.64647450573923e+01 8.87784947406819e-11 3.84639396892218e-11 
1.64853388598406e+01 7.81571268034640e-11 3.40281063996896e-11 
1.65059326622889e+01 6.87806105896803e-11 3.00928239507417e-11 
1.65265264647372e+01 6.05031915178377e-11 2.66026386958395e-11 
1.65471202671854e+01 5.32012761453263e-11 2.35066818337726e-11 
1.65677140696337e+01 4.67607813480169e-11 2.07623582348319e-11 
1.65883078720820e+01 4.10842974422069e-11 1.83301682383818e-11 
1.66089016745302e+01 3.60818230330417e-11 1.61762645923748e-11 
1.66294954769785e+01 3.16765826569536e-11 1.42691211986183e-11 
1.66500892794268e+01 2.77977242847728e-11 1.25817593568103e-11 
1.66706830818751e+01 2.43848585186202e-11 1.10890770321772e-11 
1.66912768843233e+01 2.13823242575292e-11 9.76961784426396e-12 
1.67118706867716e+01 1.87427157837498e-11 8.60344111643870e-12 
1.67324644892199e+01 1.64223948393261e-11 7.57351952328131e-12 
1.67530582916681e+01 1.43842210629725e-11 6.66404818060635e-12 
1.67736520941164e+01 1.25940502265804e-11 5.86154340796907e-12 
1.67942458965647e+01 1.10228407697592e-11 5.15350578554969e-12 
1.68148396990129e+01 9.64392913690869e-12 4.52928013124558e-12 
1.68354335014612e+01 8.43464988055738e-12 3.97900225809669e-12 
1.68560273039095e+01 7.37422114067815e-12 3.49426938028953e-12 
1.68766211063578e+01 6.44498702417276e-12 3.06731310012841e-12 
1.68972149088060e+01 5.63078056214677e-12 2.69152013247211e-12 
1.69178087112543e+01 4.91787385736013e-12 2.36078489054607e-12 
1.69384025137026e+01 4.29371357086486e-12 2.06991258856060e-12 
1.69589963161508e+01 3.74764574879479e-12 1.81411384447247e-12 
1.69795901185991e+01 3.26994114130007e-12 1.58931574457674e-12 
1.70001839210474e+01 2.85234685471250e-12 1.39173647848785e-12 
1.70207777234957e+01 2.48708849381668e-12 1.21821286905898e-12 
1.70413715259439e+01 2.16764627524374e-12 1.06582185506724e-12 
1.70619653283922e+01 1.88831999367054e-12 9.32059546438945e-13 
1.70825591308405e+01 1.64426919652123e-12 8.14672358144979e-13 
1.71031529332887e+01 1.43107322848168e-12 7.11741202271408e-13 
1.71237467357370e+01 1.24498116365737e-12 6.21503219230438e-13 
1.71443405381853e+01 1.08257225201371e-12 5.42458612655012e-13 
1.71649343406336e+01 9.40946178511547e-13 4.73231683335393e-13 
1.71855281430818e+01 8.17461705941397e-13 4.12653050991377e-13 
1.72061219455301e+01 7.09881057094414e-13 3.59651670657662e-13 
1.72267157479784e+01 6.16169265851281e-13 3.13317883734321e-13 
1.72473095504266e+01 5.34603416324774e-13 2.72819761684528e-13 
1.72679033528749e+01 4.63618983467183e-13 2.37451290801015e-13 
1.72884971553232e+01 4.01892243995085e-13 2.06567747788009e-13 
1.73090909577714e+01 3.48222884013156e-13 1.79622403273942e-13 
1.73296847602197e+01 3.01595996265521e-13 1.56116735650653e-13 
1.73502785626680e+01 2.61092602717389e-13 1.35628301581592e-13 
1.73708723651163e+01 2.25936167698800e-13 1.17772481343505e-13 
1.73914661675645e+01 1.95424550676961e-13 1.02223578345768e-13 
1.74120599700128e+01 1.68964809911741e-13 8.86854988953310e-14 
1.74326537724611e+01 1.46021565760121e-13 7.69076792366989e-14 
1.74532475749093e+01 1.26142975143661e-13 6.66626675586211e-14 
1.74738413773576e+01 1.08921631041882e-13 5.77581126710068e-14 
1.74944351798059e+01 9.40138984050506e-14 5.00196635878284e-14 
1.75150289822542e+01 8.11103677322443e-14 4.32999689616571e-14 
1.75356227847024e+01 6.99502132663574e-14 3.74656625601231e-14 
1.75562165871507e+01 6.02989113812351e-14 3.24041007383138e-14 
1.75768103895990e+01 5.19588763948443e-14 2.80134794275298e-14 
1.75974041920472e+01 4.47526908228218e-14 2.42078650051911e-14 
1.76179979944955e+01 3.85309648564837e-14 2.09097054480744e-14 
1.76385917969438e+01 3.31597395134414e-14 1.80535772735203e-14 
1.76591855993920e+01 2.85262807046874e-14 1.55805227798331e-14 
1.76797794018403e+01 2.45296349500054e-14 1.34408337241531e-14 
1.77003732042886e+01 2.10848907875260e-14 1.15897781571036e-14 
1.77209670067369e+01 1.81161113215583e-14 9.98966336660314e-15 
1.77415608091851e+01 1.55594611289443e-14 8.60661778381866e-15 
1.77621546116334e+01 1.33579271890679e-14 7.41211608074112e-15 
1.77827484140817e+01 1.14636080611190e-14 6.38056041087341e-15 
1.78033422165299e+01 9.83377778539886e-15 5.49040517595708e-15 
1.78239360189782e+01 8.43255796656058e-15 4.72234256619970e-15 
1.78445298214265e+01 7.22798822086504e-15 4.06013010494456e-15 
1.78651236238748e+01 6.19324477924721e-15 3.48923209401936e-15 
1.78857174263230e+01 5.30446390035562e-15 2.99742703460529e-15 
1.79063112287713e+01 4.54162802129975e-15 2.57379232688731e-15 
1.79269050312196e+01 3.88695138795190e-15 2.20914906055166e-15 
1.79474988336678e+01 3.32552306229306e-15 1.89530464146711e-15 
1.79680926361161e+01 2.84411156886310e-15 1.62537771092483e-15 
1.79886864385644e+01 2.43163050606988e-15 1.39323420835518e-15 
1.80092802410126e+01 2.07825491089107e-15 1.19377942678684e-15 
1.80298740434609e+01 1.77576558029040e-15 1.02249606790189e-15 
1.80504678459092e+01 1.51682936202498e-15 8.75549731372405e-16 
1.80710616483575e+01 1.29531349378116e-15 7.49481501642932e-16 
1.80916554508057e+01 1.10580386361567e-15 6.41393548306392e-16 
1.81122492532540e+01 9.43776643052936e-16 5.48719019511798e-16 
1.81328430557023e+01 8.05241532015517e-16 4.69310116238777e-16 
1.81534368581505e+01 6.86865724543765e-16 4.01266033438649e-16 
1.81740306605988e+01 5.85711977679048e-16 3.42996943742125e-16 
1.81946244630471e+01 4.99328001117529e-16 2.93097084434963e-16 
1.82152182654954e+01 4.25554388854653e-16 2.50391161903023e-16 
1.82358120679436e+01 3.62588971194251e-16 2.13840862247312e-16 
1.82564058703919e+01 3.08846150746496e-16 1.82578450252932e-16 
1.82769996728402e+01 2.63003154333970e-16 1.55837990813315e-16 
1.82975934752884e+01 2.23897142584034e-16 1.32979635942766e-16 
1.83181872777367e+01 1.90558398813273e-16 1.13439090479068e-16 
1.83387810801850e+01 1.62135160225206e-16 9.67451391371583e-17 
1.83593748826332e+01 1.37917394708698e-16 8.24825640515739e-17 
1.83799686850815e+01 1.17281950791954e-16 7.03047727782490e-17 
1.84005624875298e+01 9.97095640818228e-17 5.99066209688250e-17 
1.84211562899781e+01 8.47448813365255e-17 5.10334959044874e-17 
1.84417500924263e+01 7.20086047996395e-17 4.34614231759404e-17 
1.84623438948746e+01 6.11683912195133e-17 3.70035900606154e-17 
1.84829376973229e+01 5.19475101905033e-17 3.14958017765887e-17 
1.85035314997711e+01 4.41036844597366e-17 2.68011587258070e-17 
1.85241253022194e+01 3.74352529840081e-17 2.27994366136245e-17 
1.85447191046677e+01 3.17658032347783e-17 1.93904346302347e-17 
1.85653129071160e+01 2.69485510290286e-17 1.64862300670887e-17 
1.85859067095642e+01 2.28551921816353e-17 1.40135712509454e-17 
1.86065005120125e+01 1.93790100457924e-17 1.19082353033522e-17 
1.86270943144608e+01 1.64267972255690e-17 1.01167356210104e-17 
1.86476881169090e+01 1.39210568419981e-17 8.59221651980115e-18 
1.86682819193573e+01 1.17941554452637e-17 7.29566965549862e-18 
1.86888757218056e+01 9.98987977622865e-18 6.19295038937182e-18 
1.87094695242538e+01 8.45920934248312e-18 5.25564298336539e-18 
1.87300633267021e+01 7.16141558227201e-18 4.45889468835461e-18 
1.87506571291504e+01 6.06100882710853e-18 3.78203013499777e-18 
1.87712509315987e+01 5.12851310333571e-18 3.20698082310034e-18 
1.87918447340469e+01 4.33826364811865e-18 2.71872070635312e-18 
1.88124385364952e+01 3.66895216889139e-18 2.30412869503893e-18 
1.88330323389435e+01 3.10203967897999e-18 1.95229696972401e-18 
1.88536261413917e+01 2.62213958585603e-18 1.65370803145178e-18 
1.88742199438400e+01 2.21587517110363e-18 1.40045257151197e-18 
1.88948137462883e+01 1.87214829728701e-18 1.18563475005621e-18 
1.89154075487366e+01 1.58131784081999e-18 1.00352589512883e-18 
1.89360013511848e+01 1.33538786242531e-18 8.49135189549598e-19 
1.89565951536331e+01 1.12741745394215e-18 7.18317911560368e-19 
1.89771889560814e+01 9.51652303340580e-19 6.07465865917897e-19 
1.89977827585296e+01 8.03101212328287e-19 5.13591149999829e-19 
1.90183765609779e+01 6.77629612570501e-19 4.34106054557395e-19 
1.90389703634262e+01 5.71647816909494e-19 3.66859629652334e-19 
1.90595641658744e+01 4.82172270569546e-19 3.09967937631871e-19 
1.90801579683227e+01 4.06621593335101e-19 2.61860396092056e-19 
1.91007517707710e+01 3.42859829932341e-19 2.21175032787595e-19 
1.91213455732193e+01 2.89039864093802e-19 1.86783731381257e-19 
1.91419393756675e+01 2.43633661547969e-19 1.57708713012803e-19 
1.91625331781158e+01 2.05320472641838e-19 1.33140278760456e-19 
1.91831269805641e+01 1.73007954832013e-19 1.12376988233648e-19 
1.92037207830123e+01 1.45752410596762e-19 9.48381146671754e-20 
1.92243145854606e+01 1.22773522318455e-19 8.00208285622995e-20 
1.92449083879089e+01 1.03397486646117e-19 6.75089311255950e-20 
1.92655021903572e+01 8.70672810389630e-20 5.69422315112833e-20 
1.92860959928054e+01 7.33021507829386e-20 4.80226636430734e-20 
1.93066897952537e+01 6.17047534962387e-20 4.04924003896096e-20 
1.93272835977020e+01 5.19323167004897e-20 3.41381327918253e-20 
1.93478774001502e+01 4.37016035621389e-20 2.87754397340492e-20 
1.93684712025985e+01 3.67683934740622e-20 2.42517781430508e-20 
1.93890650050468e+01 3.09309291483480e-20 2.04353281725187e-20 
1.94096588074950e+01 2.60153286025561e-20 1.72170802189966e-20 
1.94302526099433e+01 2.18779750116782e-20 1.45028797754746e-20 
1.94508464123916e+01 1.83951527076357e-20 1.22148823461316e-20 
1.94714402148399e+01 1.54647019184896e-20 1.02858841669446e-20 
1.94920340172881e+01 1.29986607471630e-20 8.66033525373323e-21 
1.95126278197364e+01 1.09244094167650e-20 7.29030198348517e-21 
1.95332216221847e+01 9.17944992592041e-21 6.13617162070641e-21 
1.95538154246329e+01 7.71219623472859e-21 5.16377903535758e-21 
1.95744092270812e+01 6.47827305260521e-21 4.34489606732892e-21 
1.95950030295295e+01 5.44106077812249e-21 3.65518812570440e-21 
1.96155968319778e+01 4.56907310735699e-21 3.07455367969027e-21 
1.96361906344260e+01 3.83633232159011e-21 2.58567204046427e-21 
1.96567844368743e+01 3.22051250076697e-21 2.17423858218496e-21 
1.96773782393226e+01 2.70319760859791e-21 1.82793336986832e-21 
1.96979720417708e+01 2.26856766213223e-21 1.53658392657324e-21 
1.97185658442191e+01 1.90357595864856e-21 1.29143324151202e-21 
1.97391596466674e+01 1.59702004166317e-21 1.08525225376725e-21 
1.97597534491156e+01 1.33966322121905e-21 9.11820685876433e-22 
1.97803472515639e+01 1.12357806457464e-21 7.66004674237397e-22 
1.98009410540122e+01 9.42229592631058e-22 6.43388794053936e-22 
1.98215348564605e+01 7.90011652374145e-22 5.40329562291259e-22 
1.98421286589087e+01 6.62303786812337e-22 4.53694796177531e-22 
1.98627224613570e+01 5.55144030821575e-22 3.80900435138456e-22 
1.98833162638053e+01 4.65267723774970e-22 3.19726046083644e-22 
1.99039100662535e+01 3.89876732863976e-22 2.68340127340257e-22 
1.99245038687018e+01 3.26665900151233e-22 2.25169599497936e-22 
1.99450976711501e+01 2.73660378638307e-22 1.88917166353816e-22 
1.99656914735984e+01 2.29233626100473e-22 1.58469054427429e-22 
1.99862852760466e+01 1.91992822057508e-22 1.32906902825268e-22 
2.00068790784949e+01 1.60791094190937e-22 1.11444421852903e-22 
2.00274728809432e+01 1.34642552503267e-22 9.34369311448418e-23 
2.00480666833914e+01 1.12737644689328e-22 7.83273896597877e-23 
2.00686604858397e+01 9.43844385961315e-23 6.56548121552698e-23 
2.00892542882880e+01 7.90135780600515e-23 5.50240357644421e-23 
2.01098480907362e+01 6.61382888278448e-23 4.61096401660461e-23 
2.01304418931845e+01 5.53580946587808e-23 3.86329318946175e-23 
2.01510356956328e+01 4.63307335633464e-23 3.23644240718342e-23 
2.01716294980811e+01 3.87746769348857e-23 2.71076388380130e-23 
2.01922233005293e+01 3.24494178036372e-23 2.27007951952564e-23 
2.02128171029776e+01 2.71571782051062e-23 1.90054152139848e-23 
2.02334109054259e+01 2.27290794785363e-23 1.59074691899109e-23 
2.02540047078741e+01 1.90263010270154e-23 1.33093649046570e-23 
2.02745985103224e+01 1.59303811940420e-23 1.11307204912129e-23 
2.02951923127707e+01 1.33440073748383e-23 9.30273521668313e-24 
2.03157861152190e+01 1.11842159860956e-23 7.76870606443796e-24 
2.03363799176672e+01 9.38293743519642e-24 6.48007438675985e-24 
2.03569737201155e+01 7.88222962178953e-24 5.39676457035148e-24 
2.03775675225638e+01 6.63466327779153e-24 4.48440966560386e-24 
2.03981613250120e+01 5.59998079646503e-24 3.71456426584439e-24 
2.04187551274603e+01 4.74538229504232e-24 3.06275946168761e-24 
2.04393489299086e+01 4.04318244060819e-24 2.50862349596555e-24 
2.04599427323568e+01 3.47104148835950e-24 2.03452022386071e-24 
2.04805365348051e+01 3.01031977550464e-24 1.62559755347164e-24 
2.05011303372534e+01 2.64628849397494e-24 1.26883681801870e-24 
2.05217241397017e+01 2.36697057656602e-24 9.53038543713548e-25 
2.05423179421499e+01 2.16336157063183e-24 6.68161810639204e-25 
2.05629117445982e+01 2.02860794410737e-24 4.05248022781755e-25 
2.05835055470465e+01 1.95826836438325e-24 2.78144155587019e-25 
