Energy(eV)           EEDF(eV^-(3/2))      Anisotropy(eV^-(3/2))
7.24900683877751e-02 4.45307153078274e-02 1.03196118416553e-03 
2.17470205163325e-01 4.45012216513975e-02 8.64613928866215e-03 
3.62450341938875e-01 4.44827864935184e-02 8.51577772724577e-03 
5.07430478714426e-01 4.44517974907202e-02 8.52428158167451e-03 
6.52410615489976e-01 4.44070198258675e-02 8.56929916488821e-03 
7.97390752265526e-01 4.43480989991522e-02 8.62300598384289e-03 
9.42370889041076e-01 4.42747493135043e-02 8.67824207578020e-03 
1.08735102581663e+00 4.41869572642157e-02 8.73182536245050e-03 
1.23233116259218e+00 4.40870387279069e-02 8.78360186184998e-03 
1.37731129936773e+00 4.39736379516696e-02 8.83263921735624e-03 
1.52229143614328e+00 4.38477848427828e-02 8.87958105998762e-03 
1.66727157291883e+00 4.37116133999697e-02 8.92497020860804e-03 
1.81225170969438e+00 4.35662288370237e-02 8.96855108648698e-03 
1.95723184646993e+00 4.34115606895059e-02 9.00959733694202e-03 
2.10221198324548e+00 4.32436271807473e-02 9.04653458449461e-03 
2.24719212002103e+00 4.30641991340701e-02 9.07880648103660e-03 
2.39217225679658e+00 4.28730010277673e-02 9.10508186533495e-03 
2.53715239357213e+00 4.26695777624716e-02 9.12409716984524e-03 
2.68213253034768e+00 4.24518015931319e-02 9.13464574891592e-03 
2.82711266712323e+00 4.22191182363654e-02 9.13659497024595e-03 
2.97209280389878e+00 4.19727467675550e-02 9.13088132899892e-03 
3.11707294067433e+00 4.17138086208651e-02 9.11860320565223e-03 
3.26205307744988e+00 4.14435321688138e-02 9.10036152852599e-03 
3.40703321422543e+00 4.11621309810333e-02 9.07630747986785e-03 
3.55201335100098e+00 4.08698432263530e-02 9.04625312893514e-03 
3.69699348777653e+00 4.05670653336661e-02 9.01000617917722e-03 
3.84197362455208e+00 4.02547033827819e-02 8.96775306341314e-03 
3.98695376132763e+00 3.99330557166074e-02 8.92009549846974e-03 
4.13193389810318e+00 3.96018824730989e-02 8.86759438707561e-03 
4.27691403487873e+00 3.92607234491143e-02 8.81056568255927e-03 
4.42189417165428e+00 3.89099045304970e-02 8.74913934805499e-03 
4.56687430842983e+00 3.85497626174378e-02 8.68360510963763e-03 
4.71185444520538e+00 3.81822644114941e-02 8.61410498349271e-03 
4.85683458198093e+00 3.78077944805224e-02 8.54104491898566e-03 
5.00181471875648e+00 3.74266692202663e-02 8.46465085066800e-03 
5.14679485553203e+00 3.70383658177935e-02 8.38515994558564e-03 
5.29177499230758e+00 3.66424284953699e-02 8.30286214937198e-03 
5.43675512908313e+00 3.62392080857664e-02 8.21802768405128e-03 
5.58173526585868e+00 3.58290504403804e-02 8.13098598306832e-03 
5.72671540263423e+00 3.54122938749000e-02 8.04202598307829e-03 
5.87169553940978e+00 3.49892723442060e-02 7.95135462806064e-03 
6.01667567618533e+00 3.45603178871415e-02 7.85912420899050e-03 
6.16165581296088e+00 3.41252903444766e-02 7.76557633950766e-03 
6.30663594973643e+00 3.36842326478800e-02 7.67095862941055e-03 
6.45161608651198e+00 3.32374751923513e-02 7.57550800244912e-03 
6.59659622328753e+00 3.27853375152398e-02 7.47948238466658e-03 
6.74157636006308e+00 3.23281260989108e-02 7.38313609870033e-03 
6.88655649683863e+00 3.18661339928569e-02 7.28668650795660e-03 
7.03153663361418e+00 3.13996429197472e-02 7.19017396891527e-03 
7.17651677038973e+00 3.09259216663940e-02 7.09401285113573e-03 
7.32149690716528e+00 3.04441455360582e-02 6.99828923749453e-03 
7.46647704394083e+00 2.99546755956812e-02 6.90307780222134e-03 
7.61145718071638e+00 2.94578601323509e-02 6.80851414652517e-03 
7.75643731749193e+00 2.89540340836486e-02 6.71472356810570e-03 
7.90141745426749e+00 2.84435189375404e-02 6.62181245830029e-03 
8.04639759104304e+00 2.79266237087058e-02 6.52994259969855e-03 
8.19137772781859e+00 2.74059842920972e-02 6.43898791573379e-03 
8.33635786459414e+00 2.68823281096621e-02 6.34909608236921e-03 
8.48133800136969e+00 2.63558521159681e-02 6.26035351323034e-03 
8.62631813814524e+00 2.58267430128830e-02 6.17281563920982e-03 
8.77129827492079e+00 2.52951771987149e-02 6.08653163011663e-03 
8.91627841169634e+00 2.47613211982160e-02 6.00154191860919e-03 
9.06125854847189e+00 2.42253321540078e-02 5.91787839446259e-03 
9.20623868524744e+00 2.36873583620307e-02 5.83556583916942e-03 
9.35121882202299e+00 2.31475396355775e-02 5.75462395463081e-03 
9.49619895879854e+00 2.26060075740257e-02 5.67506862651706e-03 
9.64117909557409e+00 2.20628857672732e-02 5.59691218366152e-03 
9.78615923234964e+00 2.15182900755968e-02 5.52016298860118e-03 
9.93113936912519e+00 2.09723289723366e-02 5.44483135116767e-03 
1.00761195059007e+01 2.04253553697152e-02 5.37112299596244e-03 
1.02210996426763e+01 1.98871190165578e-02 5.29838843965119e-03 
1.03660797794518e+01 1.93574415470817e-02 5.22706014111428e-03 
1.05110599162274e+01 1.88361468542707e-02 5.15712583967641e-03 
1.06560400530029e+01 1.83230611265146e-02 5.08857245908699e-03 
1.08010201897785e+01 1.78180129484333e-02 5.02138512938758e-03 
1.09460003265540e+01 1.73208335308478e-02 4.95554682008618e-03 
1.10909804633296e+01 1.68313568803377e-02 4.89103899305536e-03 
1.12359606001051e+01 1.63494198943324e-02 4.82784192370384e-03 
1.13809407368807e+01 1.58748624634269e-02 4.76593494564093e-03 
1.15259208736562e+01 1.54075275152926e-02 4.70520935309652e-03 
1.16709010104318e+01 1.49472426939852e-02 4.64519206804659e-03 
1.18158811472073e+01 1.44938277123471e-02 4.58516190431332e-03 
1.19608612839829e+01 1.40472524538378e-02 4.52464565199941e-03 
1.21058414207584e+01 1.36075366056799e-02 4.46351153981390e-03 
1.22508215575340e+01 1.31747732249366e-02 4.40180287761738e-03 
1.23958016943095e+01 1.27489859362163e-02 4.33964154277781e-03 
1.25407818310851e+01 1.23301867106688e-02 4.27714167751995e-03 
1.26857619678606e+01 1.19183764434470e-02 4.21441245434080e-03 
1.28307421046362e+01 1.15135455324037e-02 4.15155803360278e-03 
1.29757222414117e+01 1.11156744531978e-02 4.08856612485191e-03 
1.31207023781873e+01 1.07247018102906e-02 4.02510319892516e-03 
1.32656825149628e+01 1.03405630109891e-02 3.96072055320760e-03 
1.34106626517384e+01 9.96331792488211e-03 3.89525958019499e-03 
1.35556427885139e+01 9.59303289561841e-03 3.82880128650618e-03 
1.37006229252895e+01 9.22976562400003e-03 3.76147989824212e-03 
1.38456030620650e+01 8.87356981096804e-03 3.69339118993406e-03 
1.39905831988406e+01 8.52445238816246e-03 3.62438086555850e-03 
1.41355633356161e+01 8.18238603059205e-03 3.55411751141098e-03 
1.42805434723917e+01 7.84743484901939e-03 3.48239543618551e-03 
1.44255236091672e+01 7.51967656236662e-03 3.40922192273200e-03 
1.45705037459428e+01 7.19921814386012e-03 3.33469957682452e-03 
1.47154838827183e+01 6.88612907516725e-03 3.25896180115869e-03 
1.48604640194939e+01 6.58049382688461e-03 3.18218628605057e-03 
1.50054441562694e+01 6.28237757400211e-03 3.10472849869919e-03 
1.51504242930450e+01 5.99358286979288e-03 3.02674083639128e-03 
1.52954044298205e+01 5.71551228654149e-03 2.94843386449740e-03 
1.54403845665961e+01 5.44799735772817e-03 2.87015435944381e-03 
1.55853647033716e+01 5.19085014279835e-03 2.79210472297259e-03 
1.57303448401472e+01 4.94386582209289e-03 2.71446406722343e-03 
1.58753249769227e+01 4.70676008391739e-03 2.63624819155966e-03 
1.60203051136983e+01 4.47935703988114e-03 2.55771356211392e-03 
1.61652852504738e+01 4.26143067181536e-03 2.47921971865606e-03 
1.63102653872494e+01 4.05291000281186e-03 2.40100441335417e-03 
1.64552455240249e+01 3.85350165496505e-03 2.32330106005109e-03 
1.66002256608005e+01 3.66306555578827e-03 2.24609358119827e-03 
1.67452057975760e+01 3.48124425025924e-03 2.16937560984008e-03 
1.68901859343516e+01 3.30792731918295e-03 2.09321292713636e-03 
1.70351660711271e+01 3.14282386060690e-03 2.01762836944041e-03 
1.71801462079027e+01 2.98469746433606e-03 1.94289191651985e-03 
1.73251263446782e+01 2.83296746829731e-03 1.86907336016906e-03 
1.74701064814538e+01 2.68759948248512e-03 1.79624587321275e-03 
1.76150866182293e+01 2.54839299622586e-03 1.72457165065710e-03 
1.77600667550049e+01 2.41528958109455e-03 1.65413824967413e-03 
1.79050468917804e+01 2.28807677585055e-03 1.58508264366061e-03 
1.80500270285560e+01 2.16667663524494e-03 1.51756025873275e-03 
1.81950071653315e+01 2.05094094003339e-03 1.45184238789304e-03 
1.83399873021071e+01 1.94075583729404e-03 1.38804566080413e-03 
1.84849674388826e+01 1.83586631280540e-03 1.32622895198040e-03 
1.86299475756582e+01 1.73613741552934e-03 1.26635172987584e-03 
1.87749277124338e+01 1.64132429270083e-03 1.20844017253271e-03 
1.89199078492093e+01 1.55129184314154e-03 1.15244299302252e-03 
1.90648879859848e+01 1.46580693094953e-03 1.09844286214621e-03 
1.92098681227604e+01 1.38478524370254e-03 1.04647250256964e-03 
1.93548482595359e+01 1.30798736241847e-03 9.96584662411080e-04 
1.94998283963115e+01 1.23526285662872e-03 9.48691157913954e-04 
1.96448085330871e+01 1.16638702733577e-03 9.02761945183833e-04 
1.97897886698626e+01 1.10121855102380e-03 8.58706824965180e-04 
1.99347688066382e+01 1.03955062749870e-03 8.16494389316853e-04 
2.00797489434137e+01 9.81247960889221e-04 7.76063895381780e-04 
2.02247290801893e+01 9.26064112349597e-04 7.37458992751861e-04 
2.03697092169648e+01 8.73872603213910e-04 7.00604763401193e-04 
2.05146893537404e+01 8.24497337902471e-04 6.65454159756375e-04 
2.06596694905159e+01 7.77821947391889e-04 6.31915604196907e-04 
2.08046496272915e+01 7.33686726001152e-04 5.99943726408795e-04 
2.09496297640670e+01 6.91984851971208e-04 5.69454597675971e-04 
2.10946099008426e+01 6.52572559638913e-04 5.40411790444542e-04 
2.12395900376181e+01 6.15356199125166e-04 5.12743914353844e-04 
2.13845701743937e+01 5.80202948729032e-04 4.86412825932622e-04 
2.15295503111692e+01 5.47021581488814e-04 4.61343113817093e-04 
2.16745304479448e+01 5.15692448079659e-04 4.37493040643130e-04 
2.18195105847203e+01 4.86132609614173e-04 4.14793334487251e-04 
2.19644907214959e+01 4.58234409556179e-04 3.93209327285497e-04 
2.21094708582714e+01 4.31926109532401e-04 3.72694549656810e-04 
2.22544509950470e+01 4.07119485915085e-04 3.53229308333786e-04 
2.23994311318225e+01 3.83741465146173e-04 3.34761101798900e-04 
2.25444112685981e+01 3.61701121470419e-04 3.17250329103178e-04 
2.26893914053736e+01 3.40932932416794e-04 3.00637859430798e-04 
2.28343715421492e+01 3.21356027254769e-04 2.84887531293706e-04 
2.29793516789247e+01 3.02911698470227e-04 2.69946432018556e-04 
2.31243318157003e+01 2.85528258769992e-04 2.55782298280963e-04 
2.32693119524758e+01 2.69153439782303e-04 2.42347951461581e-04 
2.34142920892514e+01 2.53723136973137e-04 2.29613532416854e-04 
2.35592722260269e+01 2.39190152759596e-04 2.17535804502285e-04 
2.37042523628025e+01 2.25497553093485e-04 2.06087185230418e-04 
2.38492324995780e+01 2.12603162822895e-04 1.95228835267226e-04 
2.39942126363536e+01 2.00456432186205e-04 1.84936525793016e-04 
2.41391927731291e+01 1.89020406277768e-04 1.75177114198978e-04 
2.42841729099047e+01 1.78250775577077e-04 1.65929365441453e-04 
2.44291530466802e+01 1.68113459858831e-04 1.57162186285260e-04 
2.45741331834558e+01 1.58568257717683e-04 1.48854359567640e-04 
2.47191133202313e+01 1.49584828853837e-04 1.40977148956794e-04 
2.48640934570069e+01 1.41127577304000e-04 1.33511360643418e-04 
2.50090735937824e+01 1.33169507330615e-04 1.26428165343649e-04 
2.51540537305580e+01 1.25664419618782e-04 1.19715341491573e-04 
2.52990338673335e+01 1.18578984715901e-04 1.13352590508669e-04 
2.54440140041091e+01 1.11887726294078e-04 1.07322464252963e-04 
2.55889941408846e+01 1.05571499655191e-04 1.01605298647389e-04 
2.57339742776602e+01 9.96075428972690e-05 9.61875744084463e-05 
2.58789544144357e+01 9.39786585271812e-05 9.10515929208410e-05 
2.60239345512113e+01 8.86645158285817e-05 8.61860735487345e-05 
2.61689146879868e+01 8.36505396209068e-05 8.15764481860065e-05 
2.63138948247624e+01 7.89187260320057e-05 7.72127158121143e-05 
2.64588749615379e+01 7.44548533863981e-05 7.30804703660786e-05 
2.66038550983135e+01 7.02424075131702e-05 6.91691808545312e-05 
2.67488352350890e+01 6.62686719745739e-05 6.54655033080896e-05 
2.68938153718646e+01 6.25189539972378e-05 6.19599420697165e-05 
2.70387955086401e+01 5.89818860606554e-05 5.86405559276160e-05 
2.71837756454157e+01 5.56443968433598e-05 5.54987859187707e-05 
2.73287557821912e+01 5.24963272213284e-05 5.25239451943243e-05 
2.74737359189668e+01 4.95260493750306e-05 4.97083198089299e-05 
2.76187160557423e+01 4.67244865497667e-05 4.70423450085296e-05 
2.77636961925179e+01 4.40812960064093e-05 4.45190709797469e-05 
2.79086763292934e+01 4.15883701252995e-05 4.21299378917665e-05 
2.80536564660690e+01 3.92365100840711e-05 3.98685392995493e-05 
2.81986366028445e+01 3.70183436740460e-05 3.77270718220170e-05 
2.83436167396201e+01 3.49257094024587e-05 3.56997780105518e-05 
2.84885968763956e+01 3.29521829814633e-05 3.37798428055420e-05 
2.86335770131712e+01 3.10905236167701e-05 3.19622392740956e-05 
2.87785571499467e+01 2.93349931956100e-05 3.02408810022621e-05 
2.89235372867223e+01 2.76791492922292e-05 2.86112369010642e-05 
2.90685174234978e+01 2.61178684120086e-05 2.70678528521996e-05 
2.92134975602734e+01 2.46454195987617e-05 2.56066452526423e-05 
2.93584776970489e+01 2.32572297765745e-05 2.42227268556679e-05 
2.95034578338245e+01 2.19482019458483e-05 2.29124178742008e-05 
2.96484379706000e+01 2.07142558570380e-05 2.16713387750976e-05 
2.97934181073756e+01 1.95508593847541e-05 2.04961737843446e-05 
2.99383982441511e+01 1.84543734863696e-05 1.93829723816993e-05 
3.00833783809267e+01 1.74205922722565e-05 1.83285790205473e-05 
3.02283585177022e+01 1.64442244124246e-05 1.73309936293263e-05 
3.03733386544778e+01 1.55218757045084e-05 1.63871789112412e-05 
3.05183187912533e+01 1.46508226057442e-05 1.54939921855382e-05 
3.06632989280289e+01 1.38280333339352e-05 1.46490149855978e-05 
3.08082790648044e+01 1.30510662084270e-05 1.38494315747894e-05 
3.09532592015800e+01 1.23172135156558e-05 1.30930640739364e-05 
3.10982393383555e+01 1.16242868181990e-05 1.23773898886968e-05 
3.12432194751311e+01 1.09698681512213e-05 1.17004483382536e-05 
3.13881996119066e+01 1.03519965448311e-05 1.10599796919198e-05 
3.15331797486822e+01 9.76851306814118e-06 1.04542192869037e-05 
3.16781598854577e+01 9.21766101133451e-06 9.88114307332123e-06 
3.18231400222333e+01 8.69751299294601e-06 9.33916324155333e-06 
3.19681201590088e+01 8.20649567395021e-06 8.82646706930302e-06 
3.21131002957844e+01 7.74288862664508e-06 8.34162627400936e-06 
3.22580804325599e+01 7.30528308429924e-06 7.88301752833210e-06 
3.24030605693355e+01 6.89214357322763e-06 7.44935627314662e-06 
3.25480407061110e+01 6.50220900120647e-06 7.03918889054019e-06 
3.26930208428866e+01 6.13410917411437e-06 6.65136038783187e-06 
3.28380009796621e+01 5.78671547648170e-06 6.28456929149794e-06 
3.29829811164377e+01 5.45880539104565e-06 5.93777736390748e-06 
3.31279612532132e+01 5.14936911586880e-06 5.60981947159753e-06 
3.32729413899888e+01 4.85731606782313e-06 5.29976253471579e-06 
3.34179215267643e+01 4.58174298074393e-06 5.00656358036555e-06 
3.35629016635399e+01 4.32167712835793e-06 4.72938422632186e-06 
3.37078818003154e+01 4.07631074927015e-06 4.46729096034975e-06 
3.38528619370910e+01 3.84477638568352e-06 4.21953062259542e-06 
3.39978420738665e+01 3.62635187623606e-06 3.98532153713872e-06 
3.41428222106421e+01 3.42031476112234e-06 3.76407995242145e-06 
3.42878023474176e+01 3.22605714540424e-06 3.55513185355442e-06 
3.44327824841932e+01 3.04286429726975e-06 3.35789034062432e-06 
3.45777626209687e+01 2.87013680785469e-06 3.17165066982265e-06 
3.47227427577443e+01 2.70724068213974e-06 2.99583851512281e-06 
3.48677228945198e+01 2.55364297554492e-06 2.82982750070218e-06 
3.50127030312954e+01 2.40878124389967e-06 2.67309372662359e-06 
3.51576831680709e+01 2.27217027714967e-06 2.52506437425116e-06 
3.53026633048465e+01 2.14330647401677e-06 2.38526935723375e-06 
3.54476434416220e+01 2.02177301290839e-06 2.25321229025994e-06 
3.55926235783976e+01 1.90713109250776e-06 2.12849230818886e-06 
3.57376037151731e+01 1.79900954463603e-06 2.01067479235894e-06 
3.58825838519487e+01 1.69701849297632e-06 1.89940166560653e-06 
3.60275639887242e+01 1.60082743096423e-06 1.79428582604805e-06 
3.61725441254998e+01 1.51008993937669e-06 1.69500742328311e-06 
3.63175242622753e+01 1.42451172640523e-06 1.60122167095421e-06 
3.64625043990509e+01 1.34378497353313e-06 1.51264288401599e-06 
3.66074845358264e+01 1.26764764092435e-06 1.42896393016285e-06 
3.67524646726020e+01 1.19582620060257e-06 1.34992962487372e-06 
3.68974448093775e+01 1.12808733693761e-06 1.27526636662891e-06 
3.70424249461531e+01 1.06418798455076e-06 1.20474623809024e-06 
3.71874050829286e+01 1.00392040756509e-06 1.13812550487290e-06 
3.73323852197042e+01 9.47068602719751e-07 1.07520060341405e-06 
3.74773653564797e+01 8.93447613488060e-07 1.01575437826720e-06 
3.76223454932553e+01 8.42865480543369e-07 9.59605010580504e-07 
3.77673256300308e+01 7.95157533429500e-07 9.06559019827480e-07 
3.79123057668064e+01 7.50153175611384e-07 8.56454019874515e-07 
3.80572859035819e+01 7.07705801080638e-07 8.09117616975910e-07 
3.82022660403575e+01 6.67663794516214e-07 7.64404782448328e-07 
3.83472461771330e+01 6.29896635740521e-07 7.22161904172604e-07 
3.84922263139086e+01 5.94269575168378e-07 6.82259458869382e-07 
3.86372064506841e+01 5.60666416111136e-07 6.44560559612769e-07 
3.87821865874597e+01 5.28967395949519e-07 6.08949524913264e-07 
3.89271667242352e+01 4.99069072716153e-07 5.75304362228022e-07 
3.90721468610108e+01 4.70865002163759e-07 5.43521754608179e-07 
3.92171269977863e+01 4.44263099798623e-07 5.13492979061510e-07 
3.93621071345619e+01 4.19168757258069e-07 4.85125761957811e-07 
3.95070872713374e+01 3.95500003215124e-07 4.58323200262880e-07 
3.96520674081130e+01 3.73172748261853e-07 4.33002881929093e-07 
3.97970475448885e+01 3.52114026307276e-07 4.09078432684065e-07 
3.99420276816641e+01 3.32249097035886e-07 3.86477025972133e-07 
4.00870078184396e+01 3.13513772238250e-07 3.65128728561631e-07 
4.02319879552152e+01 2.95847884750450e-07 3.44972406403946e-07 
4.03769680919907e+01 2.79191884629697e-07 3.25943673919661e-07 
4.05219482287663e+01 2.63485200423416e-07 3.07981512440272e-07 
4.06669283655418e+01 2.48675013449425e-07 2.91022548785937e-07 
4.08119085023174e+01 2.34707666901252e-07 2.75012534198705e-07 
4.09568886390929e+01 2.21536304985108e-07 2.59895218891948e-07 
4.11018687758685e+01 2.09113386890394e-07 2.45622364914656e-07 
4.12468489126440e+01 1.97397339870362e-07 2.32144034549856e-07 
4.13918290494196e+01 1.86346033783360e-07 2.19417327502144e-07 
4.15368091861951e+01 1.75922577329706e-07 2.07397900411113e-07 
4.16817893229707e+01 1.66089628001863e-07 1.96047593616319e-07 
4.18267694597462e+01 1.56814443504860e-07 1.85327023068480e-07 
4.19717495965218e+01 1.48063918510551e-07 1.75202240162201e-07 
4.21167297332973e+01 1.39808988423590e-07 1.65638258134907e-07 
4.22617098700729e+01 1.32020298668218e-07 1.56604869607365e-07 
4.24066900068484e+01 1.24672045098472e-07 1.48070987594180e-07 
4.25516701436240e+01 1.17738193958801e-07 1.40009729058980e-07 
4.26966502803995e+01 1.11195832102219e-07 1.32393466296642e-07 
4.28416304171751e+01 1.05021866519668e-07 1.25198270652256e-07 
4.29866105539506e+01 9.91959478875541e-08 1.18399583598150e-07 
4.31315906907262e+01 9.36975878802979e-08 1.11976102488946e-07 
4.32765708275017e+01 8.85087112160312e-08 1.05905992425451e-07 
4.34215509642773e+01 8.36111370463617e-08 1.00170285268216e-07 
4.35665311010528e+01 7.89888074309548e-08 9.47495635966513e-08 
4.37115112378284e+01 7.46255861055916e-08 8.96269349614462e-08 
4.38564913746039e+01 7.05072050420027e-08 8.47851281190992e-08 
4.40014715113795e+01 6.66193399743461e-08 8.02090964801616e-08 
4.41464516481550e+01 6.29493112598000e-08 7.58834745065889e-08 
4.42914317849306e+01 5.94844008193538e-08 7.17948573450625e-08 
4.44364119217061e+01 5.62133387949547e-08 6.79295719743632e-08 
4.45813920584817e+01 5.31248311405365e-08 6.42756739593901e-08 
4.47263721952572e+01 5.02088594759988e-08 6.08209937512706e-08 
4.48713523320328e+01 4.74553925426330e-08 5.75548862328952e-08 
4.50163324688083e+01 4.48555230994738e-08 5.44667846942839e-08 
4.51613126055839e+01 4.24006074608867e-08 5.15475060844959e-08 
4.53062927423594e+01 4.00828248449554e-08 4.87876763331714e-08 
4.54512728791350e+01 3.78941685059084e-08 4.61788681543908e-08 
4.55962530159105e+01 3.58275146262973e-08 4.37123622919751e-08 
4.57412331526861e+01 3.38757576751566e-08 4.13805068973113e-08 
4.58862132894616e+01 3.20325694866610e-08 3.91755484473172e-08 
4.60311934262372e+01 3.02916427499702e-08 3.70906743555020e-08 
4.61761735630127e+01 2.86473548185273e-08 3.51189880139274e-08 
4.63211536997883e+01 2.70941055558917e-08 3.32544227025438e-08 
4.64661338365638e+01 2.56268980435326e-08 3.14908424472901e-08 
4.66111139733394e+01 2.42407588095769e-08 2.98228431526663e-08 
4.67560941101149e+01 2.29312460471046e-08 2.82449638343525e-08 
4.69010742468905e+01 2.16939417701350e-08 2.67523894909067e-08 
4.70460543836660e+01 2.05248967468787e-08 2.53402586869745e-08 
4.71910345204416e+01 1.94201854960717e-08 2.40042802578244e-08 
4.73360146572171e+01 1.83762959685927e-08 2.27401252953649e-08 
4.74809947939927e+01 1.73897394600346e-08 2.15439684992997e-08 
4.76259749307682e+01 1.64573920331718e-08 2.04119540768872e-08 
4.77709550675438e+01 1.55761524388148e-08 1.93406711260782e-08 
4.79159352043193e+01 1.47432413719185e-08 1.83266842892173e-08 
4.80609153410949e+01 1.39559013763466e-08 1.73669513612824e-08 
4.82058954778704e+01 1.32116592454926e-08 1.64584106955250e-08 
4.83508756146460e+01 1.25080626551589e-08 1.55983481920257e-08 
4.84958557514215e+01 1.18429103397444e-08 1.47840344620789e-08 
4.86408358881971e+01 1.12140208662277e-08 1.40130474481792e-08 
4.87858160249726e+01 1.06194346257117e-08 1.32829532330545e-08 
4.89307961617482e+01 1.00572107436817e-08 1.25915897544446e-08 
4.90757762985237e+01 9.52560441226842e-09 1.19367859116698e-08 
4.92207564352993e+01 9.02288843888626e-09 1.13166111518580e-08 
4.93657365720748e+01 8.54750899683536e-09 1.07291281955662e-08 
4.95107167088504e+01 8.09792875603644e-09 1.01726126722128e-08 
4.96556968456259e+01 7.67276373976297e-09 9.64533536999009e-09 
4.98006769824015e+01 7.27064536600675e-09 9.14575557581435e-09 
4.99456571191770e+01 6.89034075860211e-09 8.67230012855878e-09 
5.00906372559526e+01 6.53055004305580e-09 8.22344716838712e-09 
5.02356173927281e+01 6.18964470244344e-09 7.79811637931842e-09 
5.03805975295037e+01 5.86660599261265e-09 7.39490878551104e-09 
5.05255776662792e+01 5.56051477275484e-09 7.01263676229619e-09 
5.06705578030548e+01 5.27045760823505e-09 6.65023732132811e-09 
5.08155379398303e+01 4.99560976919210e-09 6.30664467191433e-09 
5.09605180766059e+01 4.73515219114386e-09 5.98090402443222e-09 
5.11054982133814e+01 4.48834482055023e-09 5.67205885629132e-09 
5.12504783501570e+01 4.25445316583460e-09 5.37925151928346e-09 
5.13954584869325e+01 4.03281312264937e-09 5.10162349636247e-09 
5.15404386237081e+01 3.82276599732082e-09 4.83840435784394e-09 
5.16854187604836e+01 3.62371581040643e-09 4.58882349700667e-09 
5.18303988972592e+01 3.43507180615647e-09 4.35218879738812e-09 
5.19753790340347e+01 3.25629911484113e-09 4.12780851300969e-09 
5.21203591708103e+01 3.08686787776695e-09 3.91506084816412e-09 
5.22653393075858e+01 2.92629804484298e-09 3.71332480473485e-09 
5.24103194443614e+01 2.77411434687145e-09 3.52204173420959e-09 
5.25552995811369e+01 2.62988591321590e-09 3.34065411263999e-09 
5.27002797179125e+01 2.49318641315402e-09 3.16865999982630e-09 
5.28452598546880e+01 2.36362909781312e-09 3.00555882417934e-09 
5.29902399914636e+01 2.24083151177930e-09 2.85089957407518e-09 
5.31352201282391e+01 2.12444649236540e-09 2.70423278219493e-09 
5.32802002650147e+01 2.01413092268954e-09 2.56515317716185e-09 
5.34251804017902e+01 1.90957315868508e-09 2.43325715156909e-09 
5.35701605385658e+01 1.81046535661406e-09 2.30818051661599e-09 
5.37151406753413e+01 1.71652774300554e-09 2.18956082150426e-09 
5.38601208121169e+01 1.62748410404089e-09 2.07707077850974e-09 
5.40051009488924e+01 1.54308326492586e-09 1.97038487506346e-09 
5.41500810856680e+01 1.46307737664248e-09 1.86920897031901e-09 
5.42950612224435e+01 1.38724092833903e-09 1.77325070624973e-09 
5.44400413592191e+01 1.31535150934617e-09 1.68224571845462e-09 
5.45850214959946e+01 1.24720664030167e-09 1.59593140991496e-09 
5.47300016327702e+01 1.18260672575389e-09 1.51407016622530e-09 
5.48749817695457e+01 1.12136995641454e-09 1.43642610591858e-09 
5.50199619063213e+01 1.06331720073694e-09 1.36278564623835e-09 
5.51649420430969e+01 1.00828520117871e-09 1.29293688943566e-09 
5.53099221798724e+01 9.56113182269457e-10 1.22668784396054e-09 
5.54549023166479e+01 9.06654537807899e-10 1.16384814491678e-09 
5.55998824534235e+01 8.59764958704940e-10 1.10424520035306e-09 
5.57448625901990e+01 8.15312785114721e-10 1.04770797910141e-09 
5.58898427269746e+01 7.73168480085072e-10 9.94081320527813e-10 
5.60348228637502e+01 7.33213800390470e-10 9.43211553786563e-10 
5.61798030005257e+01 6.95332462111531e-10 8.94959181821557e-10 
5.63247831373012e+01 6.59418266074104e-10 8.49186123186823e-10 
5.64697632740768e+01 6.25366819233841e-10 8.05766956583901e-10 
5.66147434108523e+01 5.93082734862784e-10 7.64577600543215e-10 
5.67597235476279e+01 5.62472289293887e-10 7.25505283334252e-10 
5.69047036844035e+01 5.33449803070248e-10 6.88438496973217e-10 
5.70496838211790e+01 5.05931126465463e-10 6.53275838251640e-10 
5.71946639579545e+01 4.79839295516326e-10 6.19917092292451e-10 
5.73396440947301e+01 4.55098751987824e-10 5.88271073597590e-10 
5.74846242315056e+01 4.31640357353510e-10 5.58247710985151e-10 
5.76296043682812e+01 4.09396263704940e-10 5.29765002775387e-10 
5.77745845050568e+01 3.88304359147344e-10 5.02741989663122e-10 
5.79195646418323e+01 3.68303715726027e-10 4.77104924979440e-10 
5.80645447786079e+01 3.49338531230020e-10 4.52781034977712e-10 
5.82095249153834e+01 3.31354088677371e-10 4.29703993511933e-10 
5.83545050521589e+01 3.14300252029852e-10 4.07808380718426e-10 
5.84994851889345e+01 2.98127879268057e-10 3.87034541215631e-10 
5.86444653257101e+01 2.82791922899159e-10 3.67323662303881e-10 
5.87894454624856e+01 2.68248245278645e-10 3.48622085636537e-10 
5.89344255992612e+01 2.54456368947284e-10 3.30876935065051e-10 
5.90794057360367e+01 2.41376648717019e-10 3.14039943845291e-10 
5.92243858728122e+01 2.28972711694917e-10 2.98063570211707e-10 
5.93693660095878e+01 2.17208945836293e-10 2.82904394993680e-10 
5.95143461463634e+01 2.06052664941851e-10 2.68519670032703e-10 
5.96593262831389e+01 1.95471877970963e-10 2.54870334841594e-10 
5.98043064199145e+01 1.85437210253103e-10 2.41917949200747e-10 
5.99492865566900e+01 1.75919921917554e-10 2.29627378744065e-10 
6.00942666934656e+01 1.66893620021334e-10 2.17964094262720e-10 
6.02392468302411e+01 1.58332520396986e-10 2.06896499215650e-10 
6.03842269670167e+01 1.50212886642505e-10 1.96393529340031e-10 
6.05292071037922e+01 1.42511511880238e-10 1.86426725215184e-10 
6.06741872405678e+01 1.35207062071709e-10 1.76968114513256e-10 
6.08191673773433e+01 1.28278686025985e-10 1.67992090516822e-10 
6.09641475141189e+01 1.21707207917384e-10 1.59473494861255e-10 
6.11091276508944e+01 1.15473892017880e-10 1.51389286321842e-10 
6.12541077876700e+01 1.09561501478731e-10 1.43716835988006e-10 
6.13990879244455e+01 1.03953200423385e-10 1.36435409981433e-10 
6.15440680612211e+01 9.86334941044716e-11 1.29524653312247e-10 
6.16890481979966e+01 9.35872529590767e-11 1.22965907406872e-10 
6.18340283347722e+01 8.88005475348076e-11 1.16740861571824e-10 
6.19790084715477e+01 8.42597808505775e-11 1.10832723888029e-10 
6.21239886083233e+01 7.99524299612914e-11 1.05225021601388e-10 
6.22689687450988e+01 7.58662745084738e-11 9.99026418605411e-11 
6.24139488818744e+01 7.19900554420048e-11 9.48507644676381e-11 
6.25589290186499e+01 6.83127890096408e-11 9.00557870354914e-11 
6.27039091554255e+01 6.48243519608587e-11 8.55043753405067e-11 
6.28488892922010e+01 6.15148714380466e-11 8.11842858337427e-11 
6.29938694289766e+01 5.83752449302365e-11 7.70835205368413e-11 
6.31388495657521e+01 5.53965976011893e-11 7.31910583934326e-11 
6.32838297025277e+01 5.25707443234321e-11 6.94961031021423e-11 
6.34288098393032e+01 4.98897069300742e-11 6.59887334805359e-11 
6.35737899760788e+01 4.73461248307553e-11 6.26592339202233e-11 
6.37187701128543e+01 4.49328255184581e-11 5.94986728410382e-11 
6.38637502496299e+01 4.26431895306499e-11 5.64983066403301e-11 
6.40087303864054e+01 4.04707682885474e-11 5.36500942196139e-11 
6.41537105231810e+01 3.84096085184273e-11 5.09461662684036e-11 
6.42986906599565e+01 3.64539121666630e-11 4.83792829942097e-11 
6.44436707967321e+01 3.45983248180356e-11 4.59423615348608e-11 
6.45886509335076e+01 3.28376330171015e-11 4.36288832133262e-11 
6.47336310702832e+01 3.11670207086427e-11 4.14324726369554e-11 
6.48786112070587e+01 2.95817998199505e-11 3.93472600778372e-11 
6.50235913438343e+01 2.80776382959116e-11 3.73675065794900e-11 
6.51685714806098e+01 2.66503202582081e-11 3.54879264548622e-11 
6.53135516173854e+01 2.52959488047860e-11 3.37033533254649e-11 
6.54585317541609e+01 2.40107324735770e-11 3.20090271709609e-11 
6.56035118909365e+01 2.27911656189681e-11 3.04002968005587e-11 
6.57484920277120e+01 2.16338382720939e-11 2.88728753731186e-11 
6.58934721644876e+01 2.05355965917645e-11 2.74225752670983e-11 
6.60384523012631e+01 1.94933735394394e-11 2.60455355404841e-11 
6.61834324380387e+01 1.85043316234831e-11 2.47379856985491e-11 
6.63284125748142e+01 1.75657120896854e-11 2.34964482601031e-11 
6.64733927115898e+01 1.66749619240645e-11 2.23175281387930e-11 
6.66183728483653e+01 1.58295995242173e-11 2.11980929545735e-11 
6.67633529851409e+01 1.50273277144591e-11 2.01350853618476e-11 
6.69083331219164e+01 1.42659140782381e-11 1.91256836968887e-11 
6.70533132586920e+01 1.35432915327411e-11 1.81671346725869e-11 
6.71982933954675e+01 1.28574517097721e-11 1.72568964454220e-11 
6.73432735322431e+01 1.22065344706062e-11 1.63924894005184e-11 
6.74882536690186e+01 1.15887329051922e-11 1.55716235621710e-11 
6.76332338057942e+01 1.10023730147896e-11 1.47920655827895e-11 
6.77782139425697e+01 1.04458290506752e-11 1.40517522935021e-11 
6.79231940793453e+01 9.91759444946563e-12 1.33486720721074e-11 
6.80681742161208e+01 9.41620637830649e-12 1.26809660009685e-11 
6.82131543528964e+01 8.94030889123018e-12 1.20468220627711e-11 
6.83581344896719e+01 8.48858567169166e-12 1.14445652973621e-11 
6.85031146264475e+01 8.05981626812257e-12 1.08725634190660e-11 
6.86480947632230e+01 7.65281613675708e-12 1.03293071245896e-11 
6.87930748999986e+01 7.26648672329660e-12 9.81332588365198e-12 
6.89380550367741e+01 6.89976200828300e-12 9.32325954476757e-12 
6.90830351735497e+01 6.55165311137294e-12 8.85778322193319e-12 
6.92280153103252e+01 6.22120062720425e-12 8.41567112701918e-12 
6.93729954471008e+01 5.90751435553147e-12 7.99572953679415e-12 
6.95179755838763e+01 5.60973079603930e-12 7.59685369305653e-12 
6.96629557206519e+01 5.32704854137494e-12 7.21796798145122e-12 
6.98079358574274e+01 5.05869036817602e-12 6.85807666327086e-12 
6.99529159942030e+01 4.80393477003159e-12 6.51621483601245e-12 
7.00978961309785e+01 4.56208671402154e-12 6.19150592746793e-12 
7.02428762677541e+01 4.33251619046108e-12 5.88308627533087e-12 
7.03878564045296e+01 4.11458890109552e-12 5.59016006921455e-12 
7.05328365413052e+01 3.90771587707299e-12 5.31193348022100e-12 
7.06778166780807e+01 3.71132654426655e-12 5.04767129317246e-12 
7.08227968148563e+01 3.52489097622021e-12 4.79665868677378e-12 
7.09677769516318e+01 3.34789587710560e-12 4.55823343481317e-12 
7.11127570884074e+01 3.17986440485361e-12 4.33175180067428e-12 
7.12577372251829e+01 3.02033475269537e-12 4.11661724784766e-12 
7.14027173619585e+01 2.86887781026437e-12 3.91225000157420e-12 
7.15476974987340e+01 2.72507805988000e-12 3.71811265064498e-12 
7.16926776355096e+01 2.58854931363234e-12 3.53368297805241e-12 
7.18376577722851e+01 2.45891767185299e-12 3.35847679384948e-12 
7.19826379090607e+01 2.33583554776245e-12 3.19202368033806e-12 
7.21276180458362e+01 2.21896646337852e-12 3.03388735825949e-12 
7.22725981826118e+01 2.10799754983632e-12 2.88364403087024e-12 
7.24175783193873e+01 2.00262598069992e-12 2.74090055241397e-12 
7.25625584561629e+01 1.90257011522238e-12 2.60527508996239e-12 
7.27075385929384e+01 1.80755739099822e-12 2.47641333350479e-12 
7.28525187297140e+01 1.71733425891905e-12 2.35397122514724e-12 
7.29974988664895e+01 1.63165537663995e-12 2.23762942383235e-12 
7.31424790032651e+01 1.55029246754222e-12 2.12707787881666e-12 
7.32874591400406e+01 1.47302467385860e-12 2.02202873863186e-12 
7.34324392768162e+01 1.39964645734549e-12 1.92220257007730e-12 
7.35774194135917e+01 1.32995898636186e-12 1.82733988022689e-12 
7.37223995503673e+01 1.26377718297238e-12 1.73718880381429e-12 
7.38673796871428e+01 1.20092203201745e-12 1.65151538858639e-12 
7.40123598239184e+01 1.14122686783315e-12 1.57009259322194e-12 
7.41573399606939e+01 1.08453050557525e-12 1.49270946987561e-12 
7.43023200974695e+01 1.03068285048945e-12 1.41916133194618e-12 
7.44473002342450e+01 9.79538762627584e-13 1.34925795312537e-12 
7.45922803710206e+01 9.30963062480107e-13 1.28281477955772e-12 
7.47372605077961e+01 8.84825049903262e-13 1.21966025122081e-12 
7.48822406445717e+01 8.41002971850136e-13 1.15962794649698e-12 
7.50272207813472e+01 7.99379124951514e-13 1.10255826613867e-12 
7.51722009181228e+01 7.59829405039611e-13 1.04830987423549e-12 
7.53171810548983e+01 7.22242960275205e-13 9.96743201666007e-13 
7.54621611916739e+01 6.86522855932620e-13 9.47721708078918e-13 
7.56071413284494e+01 6.52575279596792e-13 9.01120550916437e-13 
7.57521214652250e+01 6.20312739595380e-13 8.56818619128630e-13 
7.58971016020005e+01 5.89650574850958e-13 8.14703165964852e-13 
7.60420817387761e+01 5.60509813905767e-13 7.74664833374347e-13 
7.61870618755516e+01 5.32814051309682e-13 7.36601794562143e-13 
7.63320420123272e+01 5.06492003455516e-13 7.00415299898369e-13 
7.64770221491027e+01 4.81474712777496e-13 6.66013381346263e-13 
7.66220022858783e+01 4.57697832733643e-13 6.33306864920258e-13 
7.67669824226538e+01 4.35099125202641e-13 6.02212683661558e-13 
7.69119625594294e+01 4.13620503476554e-13 5.72650307380834e-13 
7.70569426962049e+01 3.93205791927321e-13 5.44544705612676e-13 
7.72019228329805e+01 3.73802552792726e-13 5.17823150958022e-13 
7.73469029697560e+01 3.55360080447467e-13 4.92417869594593e-13 
7.74918831065316e+01 3.37831034974904e-13 4.68263178443106e-13 
7.76368632433071e+01 3.21169646345605e-13 4.45297855950474e-13 
7.77818433800827e+01 3.05333175339302e-13 4.23462578400288e-13 
7.79268235168582e+01 2.90280305520308e-13 4.02702040895888e-13 
7.80718036536338e+01 2.75972449856002e-13 3.82962661183279e-13 
7.82167837904093e+01 2.62372310734730e-13 3.64194477287601e-13 
7.83617639271849e+01 2.49445048668082e-13 3.46349090910043e-13 
7.85067440639604e+01 2.37156992676555e-13 3.29381365267876e-13 
7.86517242007360e+01 2.25476685720480e-13 3.13247582498736e-13 
7.87967043375115e+01 2.14373729679194e-13 2.97906962937608e-13 
7.89416844742871e+01 2.03819720586099e-13 2.83320014664495e-13 
7.90866646110626e+01 1.93787214052319e-13 2.69449893155275e-13 
7.92316447478382e+01 1.84250561983205e-13 2.56260922552139e-13 
7.93766248846137e+01 1.75184985812748e-13 2.43719812463491e-13 
7.95216050213893e+01 1.66567325141261e-13 2.31794332985976e-13 
7.96665851581648e+01 1.58375207479500e-13 2.20454403775450e-13 
7.98115652949404e+01 1.50587718132856e-13 2.09670906763164e-13 
7.99565454317159e+01 1.43184656343848e-13 1.99416817563439e-13 
8.01015255684915e+01 1.36147300399368e-13 1.89666467806123e-13 
8.02465057052670e+01 1.29458009781995e-13 1.80395585256438e-13 
8.03914858420426e+01 1.23099590097006e-13 1.71580801827263e-13 
8.05364659788181e+01 1.17055446870689e-13 1.63199721504517e-13 
8.06814461155937e+01 1.11310064121966e-13 1.55230684859107e-13 
8.08264262523692e+01 1.05848468649328e-13 1.47653471305489e-13 
8.09714063891448e+01 1.00656658096498e-13 1.40448527498396e-13 
8.11163865259203e+01 9.57211211957641e-14 1.33597595711021e-13 
8.12613666626959e+01 9.10292206984903e-14 1.27083022641438e-13 
8.14063467994714e+01 8.65687636839132e-14 1.20888321744599e-13 
8.15513269362470e+01 8.23283441498140e-14 1.14997554000242e-13 
8.16963070730225e+01 7.82969581209286e-14 1.09395831195578e-13 
8.18412872097981e+01 7.44643101817511e-14 1.04068761101366e-13 
8.19862673465736e+01 7.08204686769307e-14 9.90028979550443e-14 
8.21312474833492e+01 6.73561400102004e-14 9.41852452909579e-14 
8.22762276201247e+01 6.40623597277232e-14 8.96036592069889e-14 
8.24212077569003e+01 6.09307379985144e-14 8.52464028089570e-14 
8.25661878936758e+01 5.79531828170655e-14 8.11025072487774e-14 
8.27111680304514e+01 5.51221197160033e-14 7.71613723809867e-14 
8.28561481672269e+01 5.24302437221843e-14 7.34130900293495e-14 
8.30011283040025e+01 4.98707160269325e-14 6.98480860234596e-14 
8.31461084407780e+01 4.74369416852752e-14 6.64574096766088e-14 
8.32910885775536e+01 4.51227456786692e-14 6.32324128797843e-14 
8.34360687143291e+01 4.29221736646858e-14 6.01650093503304e-14 
8.35810488511047e+01 4.08296496078902e-14 5.72473869158972e-14 
8.37260289878802e+01 3.88397971711419e-14 5.44722397154914e-14 
8.38710091246558e+01 3.69475808588572e-14 5.18325102128235e-14 
8.40159892614313e+01 3.51481458947910e-14 4.93215971938578e-14 
8.41609693982069e+01 3.34369446152815e-14 4.69331244127487e-14 
8.43059495349824e+01 3.18095929051502e-14 4.46611269295186e-14 
8.44509296717580e+01 3.02619833939580e-14 4.24998436207017e-14 
8.45959098085335e+01 2.87901567241175e-14 4.04438841307378e-14 
8.47408899453091e+01 2.73904029384169e-14 3.84880427554364e-14 
8.48858700820846e+01 2.60591460364700e-14 3.66274480341627e-14 
8.50308502188602e+01 2.47930347950285e-14 3.48573957968869e-14 
8.51758303556357e+01 2.35888392301274e-14 3.31734832247261e-14 
8.53208104924113e+01 2.24435319596001e-14 3.15714590678732e-14 
8.54657906291868e+01 2.13541953335160e-14 3.00473437971357e-14 
8.56107707659624e+01 2.03180943311463e-14 2.85972952112533e-14 
8.57557509027379e+01 1.93325932519867e-14 2.72177161181823e-14 
8.59007310395135e+01 1.83952210356464e-14 2.59051337364528e-14 
8.60457111762890e+01 1.75035965217537e-14 2.46562962405848e-14 
8.61906913130646e+01 1.66554869851725e-14 2.34680645482470e-14 
8.63356714498401e+01 1.58487410754202e-14 2.23374988778586e-14 
8.64806515866157e+01 1.50813412770197e-14 2.12617615884366e-14 
8.66256317233912e+01 1.43513437356641e-14 2.02381947668892e-14 
8.67706118601668e+01 1.36569252803672e-14 1.92642330589164e-14 
8.69155919969423e+01 1.29963294207011e-14 1.83374732658498e-14 
8.70605721337179e+01 1.23679084971677e-14 1.74555960583457e-14 
8.72055522704934e+01 1.17700752138989e-14 1.66164283703053e-14 
8.73505324072690e+01 1.12013404271680e-14 1.58178731227871e-14 
8.74955125440445e+01 1.06602696411070e-14 1.50579651982164e-14 
8.76404926808201e+01 1.01455168882629e-14 1.43348083469642e-14 
8.77854728175956e+01 9.65578567564336e-15 1.36466253940999e-14 
8.79304529543712e+01 9.18985936458292e-15 1.29917015757659e-14 
8.80754330911467e+01 8.74656610870018e-15 1.23684295758649e-14 
8.82204132279223e+01 8.32480609768104e-15 1.17752586417677e-14 
8.83653933646978e+01 7.92352007561341e-15 1.12107350030182e-14 
8.85103735014734e+01 7.54171377395139e-15 1.06734561546155e-14 
8.86553536382489e+01 7.17842964267662e-15 1.01621070832215e-14 
8.88003337750245e+01 6.83276876732935e-15 9.67541921088750e-15 
8.89453139118000e+01 6.50386548193203e-15 9.21220294193561e-15 
8.90902940485756e+01 6.19090702857977e-15 8.77131078190315e-15 
8.92352741853511e+01 5.89311075588995e-15 8.35166653433028e-15 
8.93802543221267e+01 5.60974175619334e-15 7.95223216143110e-15 
8.95252344589022e+01 5.34009238434029e-15 7.57203398830606e-15 
8.96702145956778e+01 5.08349808218113e-15 7.21013292576906e-15 
8.98151947324533e+01 4.83931897974974e-15 6.86564799173571e-15 
8.99601748692289e+01 4.60695409477441e-15 6.53773283033754e-15 
9.01051550060044e+01 4.38582829683107e-15 6.22560185144707e-15 
9.02501351427800e+01 4.17540891138299e-15 5.92849152216445e-15 
9.03951152795555e+01 3.97517019634999e-15 5.64568773118707e-15 
9.05400954163311e+01 3.78461833199526e-15 5.37649119765309e-15 
9.06850755531066e+01 3.60327805999673e-15 5.12024580814902e-15 
9.08300556898822e+01 3.43070292279769e-15 4.87631910033526e-15 
9.09750358266577e+01 3.26646326133797e-15 4.64411757294462e-15 
9.11200159634333e+01 3.11015540350087e-15 4.42306914756828e-15 
9.12649961002088e+01 2.96139088110546e-15 4.21263691385899e-15 
9.14099762369844e+01 2.81980467626055e-15 4.01230336711990e-15 
9.15549563737599e+01 2.68504553264832e-15 3.82158275010613e-15 
9.16999365105355e+01 2.55678335723189e-15 3.64000688494846e-15 
9.18449166473110e+01 2.43470051378275e-15 3.46713625615039e-15 
9.19898967840866e+01 2.31849846722130e-15 3.30254727409287e-15 
9.21348769208621e+01 2.20788995891490e-15 3.14584222879120e-15 
9.22798570576377e+01 2.10260497183353e-15 2.99663783899286e-15 
9.24248371944132e+01 2.00238369751353e-15 2.85457419280302e-15 
9.25698173311888e+01 1.90698189206971e-15 2.71930445141087e-15 
9.27147974679643e+01 1.81616455400883e-15 2.59050288064636e-15 
9.28597776047399e+01 1.72971073385347e-15 2.46785559183461e-15 
9.30047577415154e+01 1.64740785031227e-15 2.35106775756067e-15 
9.31497378782910e+01 1.56905600974956e-15 2.23985528421818e-15 
9.32947180150666e+01 1.49446289567757e-15 2.13395129560225e-15 
9.34396981518421e+01 1.42344764846780e-15 2.03309864253469e-15 
9.35846782886177e+01 1.35583626981475e-15 1.93705572925621e-15 
9.37296584253932e+01 1.29146510785846e-15 1.84558977520770e-15 
9.38746385621687e+01 1.23017672426030e-15 1.75848205144654e-15 
9.40196186989443e+01 1.17182302522635e-15 1.67552181835747e-15 
9.41645988357198e+01 1.11626154420642e-15 1.59651103237916e-15 
9.43095789724954e+01 1.06335825511703e-15 1.52125889121401e-15 
9.44545591092709e+01 1.01298422848993e-15 1.44958606493492e-15 
9.45995392460465e+01 9.65018159440012e-16 1.38131978725495e-15 
9.47445193828220e+01 9.19343359406696e-16 1.31629765951474e-15 
9.48894995195976e+01 8.75850028050459e-16 1.25436323284341e-15 
9.50344796563732e+01 8.34432546601749e-16 1.19536942853634e-15 
9.51794597931487e+01 7.94991519858179e-16 1.13917456156387e-15 
9.53244399299243e+01 7.57431340627718e-16 1.08564541637638e-15 
9.54694200666998e+01 7.21662025300460e-16 1.03465366726339e-15 
9.56144002034754e+01 6.87597021986983e-16 9.86078644614343e-16 
9.57593803402509e+01 6.55154860721094e-16 9.39804112158379e-16 
9.59043604770264e+01 6.24257180687777e-16 8.95720755115460e-16 
9.60493406138020e+01 5.94830213946949e-16 8.53723278410046e-16 
9.61943207505775e+01 5.66803009651577e-16 8.13712644925769e-16 
9.63393008873531e+01 5.40108768240953e-16 7.75593462432116e-16 
9.64842810241286e+01 5.14683242798235e-16 7.39275997267422e-16 
9.66292611609042e+01 4.90465938921497e-16 7.04673820990408e-16 
9.67742412976798e+01 4.67398675387785e-16 6.71705622225970e-16 
9.69192214344553e+01 4.45426663350215e-16 6.40293086990954e-16 
9.70642015712309e+01 4.24497210286522e-16 6.10362529114364e-16 
9.72091817080064e+01 4.04560690771940e-16 5.81842980824067e-16 
9.73541618447820e+01 3.85569379315581e-16 5.54667660069565e-16 
9.74991419815575e+01 3.67478323704850e-16 5.28772250324110e-16 
9.76441221183331e+01 3.50244293791999e-16 5.04096221269230e-16 
9.77891022551086e+01 3.33826567281390e-16 4.80581278893169e-16 
9.79340823918841e+01 3.18185982838361e-16 4.58172554319546e-16 
9.80790625286597e+01 3.03285647182221e-16 4.36817207192498e-16 
9.82240426654352e+01 2.89090082065583e-16 4.16465495927480e-16 
9.83690228022108e+01 2.75565860631498e-16 3.97069519088691e-16 
9.85140029389864e+01 2.62680838867401e-16 3.78584178989953e-16 
9.86589830757619e+01 2.50404728373458e-16 3.60966047310602e-16 
9.88039632125375e+01 2.38708403843589e-16 3.44174232762841e-16 
9.89489433493130e+01 2.27564418664279e-16 3.28169358576421e-16 
9.90939234860886e+01 2.16946380826853e-16 3.12914343861347e-16 
9.92389036228641e+01 2.06829417122964e-16 2.98373481835310e-16 
9.93838837596397e+01 1.97189610657354e-16 2.84513143534363e-16 
9.95288638964152e+01 1.88004418820294e-16 2.71300946774614e-16 
9.96738440331908e+01 1.79252166257300e-16 2.58706389987081e-16 
9.98188241699663e+01 1.70912421272975e-16 2.46700102909441e-16 
9.99638043067418e+01 1.62965538731620e-16 2.35254271172448e-16 
1.00108784443517e+02 1.55392420335744e-16 2.24342384304019e-16 
1.00253764580293e+02 1.48173652928263e-16 2.13940745845483e-16 
1.00398744717069e+02 1.41292621010967e-16 2.04024736427943e-16 
1.00543724853844e+02 1.34733340034007e-16 1.94571642833075e-16 
1.00688704990620e+02 1.28480732726431e-16 1.85559592687742e-16 
1.00833685127395e+02 1.22520294764258e-16 1.76967971281168e-16 
1.00978665264171e+02 1.16838343802483e-16 1.68776927755476e-16 
1.01123645400946e+02 1.11421717799540e-16 1.60967750789917e-16 
1.01268625537722e+02 1.06257999467538e-16 1.53522423007094e-16 
1.01413605674497e+02 1.01335244039154e-16 1.46423959614072e-16 
1.01558585811273e+02 9.66421815805062e-17 1.39656006280065e-16 
1.01703565948048e+02 9.21679713051931e-17 1.33203144414564e-16 
1.01848546084824e+02 8.79023839493706e-17 1.27050528242658e-16 
1.01993526221600e+02 8.38355800245159e-17 1.21184160031963e-16 
1.02138506358375e+02 7.99582742341095e-17 1.15590562515159e-16 
1.02283486495151e+02 7.62615353149357e-17 1.10257027046294e-16 
1.02428466631926e+02 7.27369342768145e-17 1.05171317901254e-16 
1.02573446768702e+02 6.93763637147175e-17 1.00321896046168e-16 
1.02718426905477e+02 6.61721714749828e-17 9.56976521896546e-17 
1.02863407042253e+02 6.31169975298261e-17 9.12881085782085e-17 
1.03008387179028e+02 6.02038945133747e-17 8.70831779829911e-17 
1.03153367315804e+02 5.74261804386156e-17 8.30733456961522e-17 
1.03298347452580e+02 5.47775474025914e-17 7.92494519131027e-17 
1.03443327589355e+02 5.22519285955365e-17 7.56028558870389e-17 
1.03588307726131e+02 4.98435963450518e-17 7.21252394181158e-17 
1.03733287862906e+02 4.75470420200226e-17 6.88087549285009e-17 
1.03878267999682e+02 4.53570644670696e-17 6.56458479954617e-17 
1.04023248136457e+02 4.32686615494990e-17 6.26293909338906e-17 
1.04168228273233e+02 4.12771099245004e-17 5.97525225135072e-17 
1.04313208410008e+02 3.93778670813763e-17 5.70087684780051e-17 
1.04458188546784e+02 3.75666433136363e-17 5.43918967695812e-17 
1.04603168683559e+02 3.58393132324536e-17 5.18960262718657e-17 
1.04748148820335e+02 3.41919807029345e-17 4.95154960298690e-17 
1.04893128957111e+02 3.26208989093818e-17 4.72449633760773e-17 
1.05038109093886e+02 3.11225289486400e-17 4.50792857824360e-17 
1.05183089230662e+02 2.96934676144155e-17 4.30136094140008e-17 
1.05328069367437e+02 2.83305002718600e-17 4.10432623834153e-17 
1.05473049504213e+02 2.70305356098972e-17 3.91638346729915e-17 
1.05618029640988e+02 2.57906533593363e-17 3.73710816827340e-17 
1.05763009777764e+02 2.46080453357799e-17 3.56609963685590e-17 
1.05907989914539e+02 2.34800585078675e-17 3.40297220835900e-17 
1.06052970051315e+02 2.24041417196928e-17 3.24736176963452e-17 
1.06197950188091e+02 2.13778845656400e-17 3.09891788229800e-17 
1.06342930324866e+02 2.03989692410455e-17 2.95730966137540e-17 
1.06487910461642e+02 1.94652056349510e-17 2.82221865621750e-17 
1.06632890598417e+02 1.85744878116532e-17 2.69334415800667e-17 
1.06777870735193e+02 1.77248256920559e-17 2.57039676491460e-17 
1.06922850871968e+02 1.69143057173485e-17 2.45310317437817e-17 
1.07067831008744e+02 1.61411194530426e-17 2.34120036622812e-17 
1.07212811145519e+02 1.54035280298338e-17 2.23443993012901e-17 
1.07357791282295e+02 1.46998879714501e-17 2.13258280687422e-17 
1.07502771419070e+02 1.40286190472556e-17 2.03540319641890e-17 
1.07647751555846e+02 1.33882275953558e-17 1.94268380336865e-17 
1.07792731692622e+02 1.27772774571239e-17 1.85421936656141e-17 
1.07937711829397e+02 1.21944110402708e-17 1.76981236003588e-17 
1.08082691966173e+02 1.16383230375991e-17 1.68927618108889e-17 
1.08227672102948e+02 1.11077794506635e-17 1.61243126275240e-17 
1.08372652239724e+02 1.06015938240278e-17 1.53910795362272e-17 
1.08517632376499e+02 1.01186444284454e-17 1.46914300215221e-17 
1.08662612513275e+02 9.65785276802654e-18 1.40238215827638e-17 
1.08807592650050e+02 9.21819910232222e-18 1.33867699368452e-17 
1.08952572786826e+02 8.79870300737837e-18 1.27788725232367e-17 
1.09097552923602e+02 8.39843739849500e-18 1.21987797429274e-17 
1.09242533060377e+02 8.01651094740912e-18 1.16452161964694e-17 
1.09387513197153e+02 7.65208075162919e-18 1.11169546669963e-17 
1.09532493333928e+02 7.30433642917268e-18 1.06128353115740e-17 
1.09677473470704e+02 6.97251156607439e-18 1.01317421244676e-17 
1.09822453607479e+02 6.65586932741343e-18 9.67262028053334e-18 
1.09967433744255e+02 6.35371280170411e-18 9.23445484046285e-18 
1.10112413881030e+02 6.06537198256603e-18 8.81628642550839e-18 
1.10257394017806e+02 5.79021311708810e-18 8.41719194949966e-18 
1.10402374154581e+02 5.52762692659032e-18 8.03629878666854e-18 
1.10547354291357e+02 5.27703705557870e-18 7.67276733604809e-18 
1.10692334428133e+02 5.03788941276816e-18 7.32580382836336e-18 
1.10837314564908e+02 4.80965980780487e-18 6.99464454720974e-18 
1.10982294701684e+02 4.59184430520114e-18 6.67856740673113e-18 
1.11127274838459e+02 4.38396612748986e-18 6.37687767093081e-18 
1.11272254975235e+02 4.18556692508623e-18 6.08891842101388e-18 
1.11417235112010e+02 3.99621301686425e-18 5.81405762949199e-18 
1.11562215248786e+02 3.81548748831594e-18 5.55169762448391e-18 
1.11707195385561e+02 3.64299583361934e-18 5.30126338909479e-18 
1.11852175522337e+02 3.47835880291249e-18 5.06221111952224e-18 
1.11997155659113e+02 3.32121750368148e-18 4.83401763266743e-18 
1.12142135795888e+02 3.17122692559302e-18 4.61618810547365e-18 
1.12287115932664e+02 3.02806055340226e-18 4.40824648499219e-18 
1.12432096069439e+02 2.89140450467415e-18 4.20974248788188e-18 
1.12577076206215e+02 2.76096170133422e-18 4.02024291732611e-18 
1.12722056342990e+02 2.63644656182766e-18 3.83933799395599e-18 
1.12867036479766e+02 2.51758877385667e-18 3.66663349320196e-18 
1.13012016616541e+02 2.40412848814252e-18 3.50175647198798e-18 
1.13156996753317e+02 2.29581973076208e-18 3.34434814839907e-18 
1.13301976890092e+02 2.19242605075069e-18 3.19406908225349e-18 
1.13446957026868e+02 2.09372360672337e-18 3.05059272646292e-18 
1.13591937163644e+02 1.99949722513831e-18 2.91361011395992e-18 
1.13736917300419e+02 1.90954319252551e-18 2.78282401689740e-18 
1.13881897437195e+02 1.82366568536998e-18 2.65795318732981e-18 
1.14026877573970e+02 1.74167929623582e-18 2.53872706651896e-18 
1.14171857710746e+02 1.66340579996746e-18 2.42488962218037e-18 
1.14316837847521e+02 1.58867643925918e-18 2.31619455568135e-18 
1.14461817984297e+02 1.51732899525132e-18 2.21240877452481e-18 
1.14606798121072e+02 1.44920985562393e-18 2.11330805021962e-18 
1.14751778257848e+02 1.38417136071814e-18 2.01868016093688e-18 
1.14896758394624e+02 1.32207367500225e-18 1.92832095734664e-18 
1.15041738531399e+02 1.26278238260709e-18 1.84203720701248e-18 
1.15186718668175e+02 1.20617018099965e-18 1.75964302957436e-18 
1.15331698804950e+02 1.15211470231398e-18 1.68096247141052e-18 
1.15476678941726e+02 1.10050004624948e-18 1.60582627520974e-18 
1.15621659078501e+02 1.05121480583308e-18 1.53407421067371e-18 
1.15766639215277e+02 1.00415345491863e-18 1.46555214689165e-18 
1.15911619352052e+02 9.59214559051358e-19 1.40011416237966e-18 
1.16056599488828e+02 9.16302031463047e-19 1.33761989164752e-18 
1.16201579625603e+02 8.75323511551533e-19 1.27793643562265e-18 
1.16346559762379e+02 8.36191501928956e-19 1.22093595651963e-18 
1.16491539899155e+02 7.98821898694274e-19 1.16649740767645e-18 
1.16636520035930e+02 7.63135020883958e-19 1.11450435330822e-18 
1.16781500172706e+02 7.29054278220398e-19 1.06484653494967e-18 
1.16926480309481e+02 6.96507103223950e-19 1.01741789493181e-18 
1.17071460446257e+02 6.65423743478875e-19 9.72117995003307e-19 
1.17216440583032e+02 6.35738105678962e-19 9.28850224315196e-19 
1.17361420719808e+02 6.07386660685228e-19 8.87523084259020e-19 
1.17506400856583e+02 5.80309207888705e-19 8.48048563619019e-19 
1.17651380993359e+02 5.54447882445617e-19 8.10343302347509e-19 
1.17796361130135e+02 5.29747847536445e-19 7.74327118159853e-19 
1.17941341266910e+02 5.06156394171284e-19 7.39924060740623e-19 
1.18086321403686e+02 4.83623568198118e-19 7.07061075564630e-19 
1.18231301540461e+02 4.62101353980702e-19 6.75668958915145e-19 
1.18376281677237e+02 4.41544242353683e-19 6.45681146038594e-19 
1.18521261814012e+02 4.21908490299494e-19 6.17034576408374e-19 
1.18666241950788e+02 4.03152635453101e-19 5.89668594578180e-19 
1.18811222087563e+02 3.85236824647577e-19 5.63525734182778e-19 
1.18956202224339e+02 3.68123280036265e-19 5.38550720916632e-19 
1.19101182361114e+02 3.51775690051443e-19 5.14691182936478e-19 
1.19246162497890e+02 3.36159631729225e-19 4.91896746394084e-19 
1.19391142634666e+02 3.21242018235951e-19 4.70119679242307e-19 
1.19536122771441e+02 3.06991481540907e-19 4.49314070660900e-19 
1.19681102908217e+02 2.93377871216818e-19 4.29436414511214e-19 
1.19826083044992e+02 2.80372601213095e-19 4.10444864823068e-19 
1.19971063181768e+02 2.67948195135290e-19 3.92299764637551e-19 
1.20116043318543e+02 2.56078600511407e-19 3.74962970456182e-19 
1.20261023455319e+02 2.44738776206619e-19 3.58398331619132e-19 
1.20406003592094e+02 2.33904977252406e-19 3.42571077273814e-19 
1.20550983728870e+02 2.23554380462186e-19 3.27448250931087e-19 
1.20695963865646e+02 2.13665342602232e-19 3.12998154102114e-19 
1.20840944002421e+02 2.04217060645230e-19 2.99190740266566e-19 
1.20985924139197e+02 1.95189805796956e-19 2.85997109924558e-19 
1.21130904275972e+02 1.86564615158027e-19 2.73389867800739e-19 
1.21275884412748e+02 1.78323503881227e-19 2.61342664513956e-19 
1.21420864549523e+02 1.70449185315686e-19 2.49830520471304e-19 
1.21565844686299e+02 1.62925263354017e-19 2.38829409817757e-19 
1.21710824823074e+02 1.55735978407771e-19 2.28316554157105e-19 
1.21855804959850e+02 1.48866381807807e-19 2.18270044854542e-19 
1.22000785096625e+02 1.42302105208294e-19 2.08669109399356e-19 
1.22145765233401e+02 1.36029518728216e-19 1.99493768486841e-19 
1.22290745370177e+02 1.30035521607037e-19 1.90725077606551e-19 
1.22435725506952e+02 1.24307685614335e-19 1.82344815685642e-19 
1.22580705643728e+02 1.18834064983437e-19 1.74335704221032e-19 
1.22725685780503e+02 1.13603326471938e-19 1.66681124553471e-19 
1.22870665917279e+02 1.08604576784494e-19 1.59365316646756e-19 
1.23015646054054e+02 1.03827480536232e-19 1.52373122339104e-19 
1.23160626190830e+02 9.92621035431514e-20 1.45690165674609e-19 
1.23305606327605e+02 9.48990198221255e-20 1.39302619726279e-19 
1.23450586464381e+02 9.07291692788389e-20 1.33197370205195e-19 
1.23595566601157e+02 8.67439547710333e-20 1.27361803674107e-19 
1.23740546737932e+02 8.29351128611547e-20 1.21783955997136e-19 
1.23885526874708e+02 7.92948018726182e-20 1.16452319966172e-19 
1.24030507011483e+02 7.58154844986690e-20 1.11355980006764e-19 
1.24175487148259e+02 7.24900076937857e-20 1.06484437423857e-19 
1.24320467285034e+02 6.93114960428986e-20 1.01827732646314e-19 
1.24465447421810e+02 6.62734242507185e-20 9.73762864654625e-20 
1.24610427558585e+02 6.33695202775227e-20 9.31210109800970e-20 
1.24755407695361e+02 6.05938311173917e-20 8.90531653526495e-20 
1.24900387832136e+02 5.79406347992613e-20 8.51644565073369e-20 
1.25045367968912e+02 5.54045000800573e-20 8.14469080658721e-20 
1.25190348105688e+02 5.29802064935272e-20 7.78929517526095e-20 
1.25335328242463e+02 5.06627985254292e-20 7.44953082959957e-20 
1.25480308379239e+02 4.84475129686219e-20 7.12470704050554e-20 
1.25625288516014e+02 4.63298280941995e-20 6.81415945354490e-20 
1.25770268652790e+02 4.43053976401695e-20 6.51725762206079e-20 
1.25915248789565e+02 4.23700954442070e-20 6.23339517033678e-20 
1.26060228926341e+02 4.05199554556592e-20 5.96199663316909e-20 
1.26205209063116e+02 3.87512122519286e-20 5.70250851494219e-20 
1.26350189199892e+02 3.70602465201218e-20 5.45440550000616e-20 
1.26495169336668e+02 3.54436218395359e-20 5.21718232541298e-20 
1.26640149473443e+02 3.38980351305598e-20 4.99035942042667e-20 
1.26785129610219e+02 3.24203500499366e-20 4.77347551827836e-20 
1.26930109746994e+02 3.10075519510297e-20 4.56609277768386e-20 
1.27075089883770e+02 2.96567782061101e-20 4.36779006587694e-20 
1.27220070020545e+02 2.83652772642673e-20 4.17816761007002e-20 
1.27365050157321e+02 2.71304361856042e-20 3.99684089028271e-20 
1.27510030294096e+02 2.59497434213093e-20 3.82344486420623e-20 
1.27655010430872e+02 2.48208138180440e-20 3.65762841402070e-20 
1.27799990567647e+02 2.37413547793680e-20 3.49905818406936e-20 
1.27944970704423e+02 2.27091889745093e-20 3.34741353100611e-20 
1.28089950841199e+02 2.17222235717846e-20 3.20239001001209e-20 
1.28234930977974e+02 2.07784708641168e-20 3.06369478228484e-20 
1.28379911114750e+02 1.98760202936137e-20 2.93104978220077e-20 
1.28524891251525e+02 1.90130571864255e-20 2.80418754039380e-20 
1.28669871388301e+02 1.81878373135187e-20 2.68285406125020e-20 
1.28814851525076e+02 1.73987039095503e-20 2.56680502366848e-20 
1.28959831661852e+02 1.66440645383438e-20 2.45580839553834e-20 
1.29104811798627e+02 1.59224065542254e-20 2.34964097776111e-20 
1.29249791935403e+02 1.52322760619996e-20 2.24809077988613e-20 
1.29394772072179e+02 1.45722919644850e-20 2.15096249590903e-20 
1.29539752208954e+02 1.39411216519277e-20 2.05807105223984e-20 
1.29684732345730e+02 1.33374989449883e-20 1.96923014723308e-20 
1.29829712482505e+02 1.27602066717694e-20 1.88426286011119e-20 
1.29974692619281e+02 1.22080882501135e-20 1.80299904846120e-20 
1.30119672756056e+02 1.16800318375003e-20 1.72527053229013e-20 
1.30264652892832e+02 1.11749848070739e-20 1.65092010521094e-20 
1.30409633029607e+02 1.06919325070857e-20 1.57979326140729e-20 
1.30554613166383e+02 1.02299177020742e-20 1.51174467927845e-20 
1.30699593303159e+02 9.78801545949305e-21 1.44665267676253e-20 
1.30844573439934e+02 9.36534396527347e-21 1.38437746515013e-20 
1.30989553576710e+02 8.96106438188373e-21 1.32477821152815e-20 
1.31134533713485e+02 8.57438145025018e-21 1.26775032682568e-20 
1.31279513850261e+02 8.20452109425980e-21 1.21319820118578e-20 
1.31424493987036e+02 7.85074733813710e-21 1.16101431599887e-20 
1.31569474123812e+02 7.51235237697273e-21 1.11109609964201e-20 
1.31714454260587e+02 7.18866343263872e-21 1.06333823840282e-20 
1.31859434397363e+02 6.87903741109481e-21 1.01763767475413e-20 
1.32004414534138e+02 6.58286477882962e-21 9.73897254812148e-21 
1.32149394670914e+02 6.29956205320363e-21 9.32038151949566e-21 
1.32294374807690e+02 6.02856829901839e-21 8.91990039109087e-21 
1.32439354944465e+02 5.76934348743933e-21 8.53675502707760e-21 
1.32584335081241e+02 5.52137426515132e-21 8.17018691354333e-21 
1.32729315218016e+02 5.28416716699293e-21 7.81947525469389e-21 
1.32874295354792e+02 5.05725307588659e-21 7.48392681434877e-21 
1.33019275491567e+02 4.84018104364229e-21 7.16288279463553e-21 
1.33164255628343e+02 4.63252234703675e-21 6.85570958746424e-21 
1.33309235765118e+02 4.43386486178169e-21 6.56163448658328e-21 
1.33454215901894e+02 4.24382685430893e-21 6.28002927828860e-21 
1.33599196038670e+02 4.06203454446645e-21 6.01051240555158e-21 
1.33744176175445e+02 3.88812987243525e-21 5.75260168868292e-21 
1.33889156312221e+02 3.72176863901684e-21 5.50579309799101e-21 
1.34034136448996e+02 3.56262360075155e-21 5.26960112786944e-21 
1.34179116585772e+02 3.41038022124959e-21 5.04356421573094e-21 
1.34324096722547e+02 3.26473944896276e-21 4.82723838142546e-21 
1.34469076859323e+02 3.12541384749927e-21 4.62020150584312e-21 
1.34614056996098e+02 2.99213012351179e-21 4.42204753877501e-21 
1.34759037132874e+02 2.86462560179629e-21 4.23239039057272e-21 
1.34904017269649e+02 2.74265052613374e-21 4.05085865742636e-21 
1.35048997406425e+02 2.62596484807238e-21 3.87709916109543e-21 
1.35193977543201e+02 2.51434032147235e-21 3.71077214520882e-21 
1.35338957679976e+02 2.40755757668627e-21 3.55155449486685e-21 
1.35483937816752e+02 2.30540802766159e-21 3.39913536177720e-21 
1.35628917953527e+02 2.20769120579187e-21 3.25321909260904e-21 
1.35773898090303e+02 2.11421649671289e-21 3.11352124460320e-21 
1.35918878227078e+02 2.02480071042068e-21 2.97977124890896e-21 
1.36063858363854e+02 1.93926966333774e-21 2.85170878178353e-21 
1.36208838500629e+02 1.85745596340512e-21 2.72908618673444e-21 
1.36353818637405e+02 1.77920045157999e-21 2.61166516958439e-21 
1.36498798774181e+02 1.70435018252709e-21 2.49921900105468e-21 
1.36643778910956e+02 1.63275973842521e-21 2.39152950684553e-21 
1.36788759047732e+02 1.56428938762591e-21 2.28838907030886e-21 
1.36933739184507e+02 1.49880628248172e-21 2.18959789130742e-21 
1.37078719321283e+02 1.43618277992357e-21 2.09496580681924e-21 
1.37223699458058e+02 1.37629753396668e-21 2.00430979471528e-21 
1.37368679594834e+02 1.31903396359686e-21 1.91745562849705e-21 
1.37513659731609e+02 1.26428124965158e-21 1.83423560429414e-21 
1.37658639868385e+02 1.21193293671239e-21 1.75449004444373e-21 
1.37803620005160e+02 1.16188784318927e-21 1.67806522797606e-21 
1.37948600141936e+02 1.11404878510407e-21 1.60481475638797e-21 
1.38093580278712e+02 1.06832340741766e-21 1.53459766967349e-21 
1.38238560415487e+02 1.02462301866831e-21 1.46727968640906e-21 
1.38383540552263e+02 9.82863350866367e-22 1.40273148901466e-21 
1.38528520689038e+02 9.42963494931574e-22 1.34082984914556e-21 
1.38673500825814e+02 9.04846595831847e-22 1.28145606735161e-21 
1.38818480962589e+02 8.68438879654035e-22 1.22449699374773e-21 
1.38963461099365e+02 8.33670290076093e-22 1.16984360858842e-21 
1.39108441236140e+02 8.00473598714329e-22 1.11739194725853e-21 
1.39253421372916e+02 7.68784988486364e-22 1.06704180950899e-21 
1.39398401509691e+02 7.38543239612207e-22 1.01869759696099e-21 
1.39543381646467e+02 7.09690264943714e-22 9.72267139868368e-22 
1.39688361783243e+02 6.82170364663511e-22 9.27662454555592e-22 
1.39833341920018e+02 6.55930718220790e-22 8.84798677592137e-22 
1.39978322056794e+02 6.30920701377185e-22 8.43594749879292e-22 
1.40123302193569e+02 6.07092338994620e-22 8.03972449052128e-22 
1.40268282330345e+02 5.84399678626227e-22 7.65857006286293e-22 
1.40413262467120e+02 5.62799208045917e-22 7.29176228591283e-22 
1.40558242603896e+02 5.42249280080285e-22 6.93861053820368e-22 
1.40703222740671e+02 5.22710498448236e-22 6.59844755292709e-22 
1.40848202877447e+02 5.04145188981161e-22 6.27063439951717e-22 
1.40993183014223e+02 4.86517757051270e-22 5.95455328460207e-22 
1.41138163150998e+02 4.69794200736187e-22 5.64961200960018e-22 
1.41283143287774e+02 4.53942442853970e-22 5.35523746430019e-22 
1.41428123424549e+02 4.38931881998354e-22 5.07087960048310e-22 
1.41573103561325e+02 4.24733701964308e-22 4.79600556193096e-22 
1.41718083698100e+02 4.11320456914856e-22 4.53010320994333e-22 
1.41863063834876e+02 3.98666360771186e-22 4.27267583897706e-22 
1.42008043971651e+02 3.86746903074316e-22 4.02324528611160e-22 
1.42153024108427e+02 3.75539120726300e-22 3.78134718647135e-22 
1.42298004245203e+02 3.65021241382758e-22 3.54653369518034e-22 
1.42442984381978e+02 3.55172939764744e-22 3.31836924125698e-22 
1.42587964518754e+02 3.45975005663810e-22 3.09643288735094e-22 
1.42732944655529e+02 3.37409586896118e-22 2.88031454496925e-22 
1.42877924792305e+02 3.29459879222465e-22 2.66961699428090e-22 
1.43022904929080e+02 3.22110357885714e-22 2.46395252736850e-22 
1.43167885065856e+02 3.15346486946165e-22 2.26294464758998e-22 
1.43312865202631e+02 3.09154941229113e-22 2.06622511108452e-22 
1.43457845339407e+02 3.03523332752872e-22 1.87343532257565e-22 
1.43602825476182e+02 2.98440424814101e-22 1.68422374862403e-22 
1.43747805612958e+02 2.93895873343354e-22 1.49824702431662e-22 
1.43892785749734e+02 2.89880434770730e-22 1.31516771478107e-22 
1.44037765886509e+02 2.86385720283485e-22 1.13465514491248e-22 
1.44182746023285e+02 2.83404399042701e-22 9.56383488469783e-23 
1.44327726160060e+02 2.80929963440575e-22 7.80032330825509e-23 
1.44472706296836e+02 2.78956929179358e-22 6.05285067576545e-23 
1.44617686433611e+02 2.77480609733629e-22 4.31829208245737e-23 
1.44762666570387e+02 2.76497314755099e-22 2.59355068780834e-23 
1.44907646707162e+02 2.76004132038471e-22 1.73351927329376e-23 
