Energy(eV)           EEDF(eV^-(3/2))      Anisotropy(eV^-(3/2))
1.76111954302747e-02 6.35778929698361e-02 1.78441981484564e-04 
5.28335862908240e-02 6.35691512238357e-02 4.11942748987756e-04 
8.80559771513733e-02 6.35638915323857e-02 5.05372363734923e-04 
1.23278368011923e-01 6.35607401563595e-02 6.27934250111056e-04 
1.58500758872472e-01 6.35587351234091e-02 7.51285164129301e-04 
1.93723149733021e-01 6.35574940035876e-02 8.80787155927339e-04 
2.28945540593571e-01 6.35565323170189e-02 1.00971248119480e-03 
2.64167931454120e-01 6.35555421830288e-02 1.13930897758701e-03 
2.99390322314669e-01 6.35539861355547e-02 1.25236315812080e-03 
3.34612713175219e-01 6.35516249479049e-02 1.36169403343853e-03 
3.69835104035768e-01 6.35482408615582e-02 1.46833986851389e-03 
4.05057494896317e-01 6.35435849547265e-02 1.57131696091921e-03 
4.40279885756867e-01 6.35375633210914e-02 1.67174338104073e-03 
4.75502276617416e-01 6.35300777904887e-02 1.76936871327955e-03 
5.10724667477965e-01 6.35210170315063e-02 1.86398323278377e-03 
5.45947058338515e-01 6.35103024942031e-02 1.95574810755029e-03 
5.81169449199064e-01 6.34978430865522e-02 2.04470324124550e-03 
6.16391840059613e-01 6.34835461412937e-02 2.13088494235940e-03 
6.51614230920163e-01 6.34673240316142e-02 2.21429579699409e-03 
6.86836621780712e-01 6.34490943389802e-02 2.29493716567609e-03 
7.22059012641261e-01 6.34287813997304e-02 2.37283585873396e-03 
7.57281403501811e-01 6.34063249688605e-02 2.44807610982163e-03 
7.92503794362360e-01 6.33816574374466e-02 2.52071193324771e-03 
8.27726185222909e-01 6.33547154151686e-02 2.59078539509396e-03 
8.62948576083458e-01 6.33254399504296e-02 2.65834235351641e-03 
8.98170966944008e-01 6.32937760172317e-02 2.72346571076391e-03 
9.33393357804557e-01 6.32596719090783e-02 2.78624777813304e-03 
9.68615748665106e-01 6.32230792001801e-02 2.84676595566905e-03 
1.00383813952566e+00 6.31839527286110e-02 2.90498838094520e-03 
1.03906053038621e+00 6.31424616276997e-02 2.96102365957154e-03 
1.07428292124675e+00 6.30987144425879e-02 3.01487669384057e-03 
1.10950531210730e+00 6.30526905183445e-02 3.06652384325142e-03 
1.14472770296785e+00 6.30043718160189e-02 3.11602009130190e-03 
1.17995009382840e+00 6.29537424816450e-02 3.16341469523095e-03 
1.21517248468895e+00 6.29007892471634e-02 3.20891116374153e-03 
1.25039487554950e+00 6.28452845693673e-02 3.25268630283788e-03 
1.28561726641005e+00 6.27871901222549e-02 3.29488557940608e-03 
1.32083965727060e+00 6.27265076997609e-02 3.33548078748000e-03 
1.35606204813115e+00 6.26634359611214e-02 3.37456488271398e-03 
1.39128443899170e+00 6.25979649780579e-02 3.41210724237704e-03 
1.42650682985225e+00 6.25300875955061e-02 3.44812578788179e-03 
1.46172922071280e+00 6.24597977429090e-02 3.48268124018543e-03 
1.49695161157335e+00 6.23870902946750e-02 3.51587966618817e-03 
1.53217400243390e+00 6.23121645113785e-02 3.54792590241232e-03 
1.56739639329445e+00 6.22353102142726e-02 3.57893616870314e-03 
1.60261878415499e+00 6.21565288000990e-02 3.60883861036660e-03 
1.63784117501554e+00 6.20758240012695e-02 3.63758298863390e-03 
1.67306356587609e+00 6.19932018188285e-02 3.66512687759215e-03 
1.70828595673664e+00 6.19086703751746e-02 3.69143762405242e-03 
1.74350834759719e+00 6.18222397286518e-02 3.71649267557061e-03 
1.77873073845774e+00 6.17339216763189e-02 3.74027429021512e-03 
1.81395312931829e+00 6.16437297853368e-02 3.76276525237841e-03 
1.84917552017884e+00 6.15516793862383e-02 3.78395425363306e-03 
1.88439791103939e+00 6.14577873380417e-02 3.80384722035034e-03 
1.91962030189994e+00 6.13620331041126e-02 3.82250315698346e-03 
1.95484269276049e+00 6.12637959575186e-02 3.83986272028969e-03 
1.99006508362104e+00 6.11630905595115e-02 3.85593209935173e-03 
2.02528747448159e+00 6.10599336571899e-02 3.87071492206380e-03 
2.06050986534214e+00 6.09543438189158e-02 3.88422039954590e-03 
2.09573225620268e+00 6.08463413764961e-02 3.89644350520492e-03 
2.13095464706323e+00 6.07362100199119e-02 3.90738866552445e-03 
2.16617703792378e+00 6.06244048961647e-02 3.91709816670656e-03 
2.20139942878433e+00 6.05109540369196e-02 3.92560500037018e-03 
2.23662181964488e+00 6.03956361535058e-02 3.93291737037153e-03 
2.27184421050543e+00 6.02782667488739e-02 3.93903494852936e-03 
2.30706660136598e+00 6.01588755495549e-02 3.94397788782616e-03 
2.34228899222653e+00 6.00374930095432e-02 3.94777842559942e-03 
2.37751138308708e+00 5.99141501772521e-02 3.95046867518774e-03 
2.41273377394763e+00 5.97888787148649e-02 3.95205788430696e-03 
2.44795616480818e+00 5.96617122184971e-02 3.95251960851948e-03 
2.48317855566873e+00 5.95326871766493e-02 3.95181143237942e-03 
2.51840094652928e+00 5.94018327257739e-02 3.94990594827973e-03 
2.55362333738983e+00 5.92687357258132e-02 3.94679097470210e-03 
2.58884572825038e+00 5.91334410544311e-02 3.94248429922055e-03 
2.62406811911092e+00 5.89959936126084e-02 3.93704553664174e-03 
2.65929050997147e+00 5.88564382942879e-02 3.93053148985886e-03 
2.69451290083202e+00 5.87148199370337e-02 3.92299675861842e-03 
2.72973529169257e+00 5.85711832639690e-02 3.91449511965980e-03 
2.76495768255312e+00 5.84255727454291e-02 3.90507963189326e-03 
2.80018007341367e+00 5.82780325378502e-02 3.89479663080098e-03 
2.83540246427422e+00 5.81287226598795e-02 3.88368514757116e-03 
2.87062485513477e+00 5.79777995029498e-02 3.87179318961080e-03 
2.90584724599532e+00 5.78253049008825e-02 3.85917162366686e-03 
2.94106963685587e+00 5.76712801797291e-02 3.84586353948031e-03 
2.97629202771642e+00 5.75157660253346e-02 3.83191187513442e-03 
3.01151441857697e+00 5.73588024454422e-02 3.81735106724694e-03 
3.04673680943752e+00 5.72006152153245e-02 3.80220790439025e-03 
3.08195920029807e+00 5.70412805832134e-02 3.78652935493050e-03 
3.11718159115862e+00 5.68808349621036e-02 3.77035196438843e-03 
3.15240398201916e+00 5.67193140815401e-02 3.75370799779244e-03 
3.18762637287971e+00 5.65567529789315e-02 3.73662807173379e-03 
3.22284876374026e+00 5.63931860305078e-02 3.71913800791153e-03 
3.25807115460081e+00 5.62286472279830e-02 3.70126073867659e-03 
3.29329354546136e+00 5.60631700621972e-02 3.68302268025552e-03 
3.32851593632191e+00 5.58967872391302e-02 3.66445064260700e-03 
3.36373832718246e+00 5.57295308284802e-02 3.64556920564508e-03 
3.39896071804301e+00 5.55614322191835e-02 3.62640367472699e-03 
3.43418310890356e+00 5.53925220038395e-02 3.60697717678420e-03 
3.46940549976411e+00 5.52228302034113e-02 3.58730884483399e-03 
3.50462789062466e+00 5.50523863340513e-02 3.56740974084716e-03 
3.53985028148521e+00 5.48812200410378e-02 3.54728687850435e-03 
3.57507267234576e+00 5.47093608146204e-02 3.52695916240375e-03 
3.61029506320631e+00 5.45368370866751e-02 3.50645067872719e-03 
3.64551745406686e+00 5.43637583518007e-02 3.48578114802603e-03 
3.68073984492740e+00 5.41901714624523e-02 3.46498087624341e-03 
3.71596223578795e+00 5.40161006447323e-02 3.44407443505442e-03 
3.75118462664850e+00 5.38415691651656e-02 3.42308319586553e-03 
3.78640701750905e+00 5.36665993491661e-02 3.40202722483326e-03 
3.82162940836960e+00 5.34912126214791e-02 3.38092512659444e-03 
3.85685179923015e+00 5.33154295466440e-02 3.35979422318027e-03 
3.89207419009070e+00 5.31392698571500e-02 3.33865068840429e-03 
3.92729658095125e+00 5.29627524853678e-02 3.31750971088779e-03 
3.96251897181180e+00 5.27858955794114e-02 3.29638573919276e-03 
3.99774136267235e+00 5.26087165130933e-02 3.27529578324028e-03 
4.03296375353290e+00 5.24311558839932e-02 3.25426138248189e-03 
4.06818614439345e+00 5.22531327845289e-02 3.23329195697238e-03 
4.10340853525400e+00 5.20746646512333e-02 3.21238801116892e-03 
4.13863092611455e+00 5.18957682540830e-02 3.19155947926038e-03 
4.17385331697510e+00 5.17164597203147e-02 3.17081559547529e-03 
4.20907570783564e+00 5.15367545505487e-02 3.15016445728021e-03 
4.24429809869619e+00 5.13566676959564e-02 3.12961297202719e-03 
4.27952048955674e+00 5.11762135861532e-02 3.10916798448211e-03 
4.31474288041729e+00 5.09954060812428e-02 3.08883627733014e-03 
4.34996527127784e+00 5.08142584999606e-02 3.06862394316676e-03 
4.38518766213839e+00 5.06327836462374e-02 3.04853681421814e-03 
4.42041005299894e+00 5.04509937895513e-02 3.02858054162654e-03 
4.45563244385949e+00 5.02689006832523e-02 3.00876029658630e-03 
4.49085483472004e+00 5.00865155820148e-02 2.98907710752012e-03 
4.52607722558059e+00 4.99039004803442e-02 2.96952137918365e-03 
4.56129961644114e+00 4.97212258181497e-02 2.95009366500803e-03 
4.59652200730169e+00 4.95384989224944e-02 2.93081607862422e-03 
4.63174439816224e+00 4.93557266929440e-02 2.91169223392018e-03 
4.66696678902279e+00 4.91729156208982e-02 2.89272536285873e-03 
4.70218917988333e+00 4.89900718062777e-02 2.87391833093517e-03 
4.73741157074388e+00 4.88072009765086e-02 2.85527363601156e-03 
4.77263396160443e+00 4.86243085049123e-02 2.83679341779334e-03 
4.80785635246498e+00 4.84413994300265e-02 2.81847952176889e-03 
4.84307874332553e+00 4.82584784672147e-02 2.80033354389154e-03 
4.87830113418608e+00 4.80755500233970e-02 2.78235680664202e-03 
4.91352352504663e+00 4.78926182128660e-02 2.76455036665008e-03 
4.94874591590718e+00 4.77096868721672e-02 2.74691499243891e-03 
4.98396830676773e+00 4.75267595800071e-02 2.72945186143239e-03 
5.01919069762828e+00 4.73438309304514e-02 2.71217619814014e-03 
5.05441308848883e+00 4.71607191096496e-02 2.69509577734302e-03 
5.08963547934938e+00 4.69774293392520e-02 2.67818775669868e-03 
5.12485787020993e+00 4.67939665851038e-02 2.66145204124172e-03 
5.16008026107048e+00 4.66103355702789e-02 2.64488837320268e-03 
5.19530265193103e+00 4.64265407850380e-02 2.62849631970314e-03 
5.23052504279157e+00 4.62425865023897e-02 2.61227521930239e-03 
5.26574743365212e+00 4.60584767964464e-02 2.59622426616163e-03 
5.30096982451267e+00 4.58742155471741e-02 2.58034263718255e-03 
5.33619221537322e+00 4.56898064412972e-02 2.56462943842737e-03 
5.37141460623377e+00 4.55052529848423e-02 2.54908367132492e-03 
5.40663699709432e+00 4.53205585092884e-02 2.53370427769991e-03 
5.44185938795487e+00 4.51357261780612e-02 2.51849012281579e-03 
5.47708177881542e+00 4.49507589954682e-02 2.50343997473050e-03 
5.51230416967597e+00 4.47656598166231e-02 2.48855250494451e-03 
5.54752656053652e+00 4.45804313567651e-02 2.47382631016999e-03 
5.58274895139707e+00 4.43950761984007e-02 2.45925995452542e-03 
5.61797134225762e+00 4.42095967946297e-02 2.44485197814264e-03 
5.65319373311817e+00 4.40239954751418e-02 2.43060088509247e-03 
5.68841612397872e+00 4.38382744515062e-02 2.41650514218566e-03 
5.72363851483927e+00 4.36524358235308e-02 2.40256317664385e-03 
5.75886090569982e+00 4.34664815850968e-02 2.38877337978808e-03 
5.79408329656036e+00 4.32804136301389e-02 2.37513411773439e-03 
5.82930568742091e+00 4.30942337569813e-02 2.36164373875528e-03 
5.86452807828146e+00 4.29079436732815e-02 2.34830057164384e-03 
5.89975046914201e+00 4.27215450007144e-02 2.33510292618665e-03 
5.93497286000256e+00 4.25350392799371e-02 2.32204909571743e-03 
5.97019525086311e+00 4.23484279749561e-02 2.30913736027840e-03 
6.00541764172366e+00 4.21617124776629e-02 2.29637190160486e-03 
6.04064003258421e+00 4.19748401009563e-02 2.28375589589820e-03 
6.07586242344476e+00 4.17877842224125e-02 2.27128082745879e-03 
6.11108481430531e+00 4.16005468955084e-02 2.25894088576196e-03 
6.14630720516586e+00 4.14131301023768e-02 2.24673433038729e-03 
6.18152959602641e+00 4.12255357572966e-02 2.23465942290683e-03 
6.21675198688696e+00 4.10377657102476e-02 2.22271441877380e-03 
6.25197437774750e+00 4.08498217517604e-02 2.21089757059935e-03 
6.28719676860805e+00 4.06617056159467e-02 2.19920715016370e-03 
6.32241915946860e+00 4.04734189815972e-02 2.18764144610146e-03 
6.35764155032915e+00 4.02849634755084e-02 2.17619875433008e-03 
6.39286394118970e+00 4.00963406751504e-02 2.16487738246900e-03 
6.42808633205025e+00 3.99075521111839e-02 2.15367564969847e-03 
6.46330872291080e+00 3.97185992700910e-02 2.14259188629581e-03 
6.49853111377135e+00 3.95294835967132e-02 2.13162443918012e-03 
6.53375350463190e+00 3.93402064958386e-02 2.12077167213925e-03 
6.56897589549245e+00 3.91507693346115e-02 2.11003195937980e-03 
6.60419828635300e+00 3.89611734451886e-02 2.09940368658647e-03 
6.63942067721355e+00 3.87714201269019e-02 2.08888525477318e-03 
6.67464306807410e+00 3.85815106481543e-02 2.07847508102236e-03 
6.70986545893465e+00 3.83914462483664e-02 2.06817159883039e-03 
6.74508784979520e+00 3.82012281397229e-02 2.05797325845025e-03 
6.78031024065575e+00 3.80108575089691e-02 2.04787852756317e-03 
6.81553263151629e+00 3.78203355189438e-02 2.03788589207111e-03 
6.85075502237684e+00 3.76296633101352e-02 2.02799385611845e-03 
6.88597741323739e+00 3.74388420021130e-02 2.01820094203150e-03 
6.92119980409794e+00 3.72478726949988e-02 2.00850569049976e-03 
6.95642219495849e+00 3.70567564707682e-02 1.99890666074532e-03 
6.99164458581904e+00 3.68654943945908e-02 1.98941773412791e-03 
7.02686697667959e+00 3.66739737430249e-02 1.98008309886272e-03 
7.06208936754014e+00 3.64818787776913e-02 1.97089024603234e-03 
7.09731175840069e+00 3.62892143372480e-02 1.96178722573081e-03 
7.13253414926124e+00 3.60959851967244e-02 1.95277265069347e-03 
7.16775654012179e+00 3.59021960697876e-02 1.94384515232374e-03 
7.20297893098234e+00 3.57078516109838e-02 1.93500338031018e-03 
7.23820132184289e+00 3.55129564179426e-02 1.92624600235480e-03 
7.27342371270344e+00 3.53175150335377e-02 1.91757170492358e-03 
7.30864610356399e+00 3.51215319478044e-02 1.90897919357824e-03 
7.34386849442453e+00 3.49250115998928e-02 1.90046719228246e-03 
7.37909088528508e+00 3.47279583799880e-02 1.89203444302302e-03 
7.41431327614563e+00 3.45303766312045e-02 1.88367970564727e-03 
7.44953566700618e+00 3.43322706514078e-02 1.87540175766846e-03 
7.48475805786673e+00 3.41336446950172e-02 1.86719939427568e-03 
7.51998044872728e+00 3.39345029746940e-02 1.85907142826147e-03 
7.55520283958783e+00 3.37348496630289e-02 1.85101668945768e-03 
7.59042523044838e+00 3.35346888942214e-02 1.84303402433551e-03 
7.62564762130893e+00 3.33340247657278e-02 1.83512229596635e-03 
7.66087001216948e+00 3.31328613398253e-02 1.82728038393310e-03 
7.69609240303003e+00 3.29312026451570e-02 1.81950718411377e-03 
7.73131479389058e+00 3.27290526782213e-02 1.81180160846330e-03 
7.76653718475113e+00 3.25264154048445e-02 1.80416258479398e-03 
7.80175957561168e+00 3.23232947616003e-02 1.79658905657801e-03 
7.83698196647222e+00 3.21196946572099e-02 1.78907998271621e-03 
7.87220435733277e+00 3.19156189738975e-02 1.78163433729950e-03 
7.90742674819332e+00 3.17110715687308e-02 1.77425110937526e-03 
7.94264913905387e+00 3.15060562749180e-02 1.76692930272112e-03 
7.97787152991442e+00 3.13005769030893e-02 1.75966793561488e-03 
8.01309392077497e+00 3.10946372425389e-02 1.75242823820550e-03 
8.04831631163552e+00 3.08884928570915e-02 1.74520013474621e-03 
8.08353870249607e+00 3.06821824072055e-02 1.73802450191014e-03 
8.11876109335662e+00 3.04757073613107e-02 1.73090665801420e-03 
8.15398348421717e+00 3.02690691920293e-02 1.72384572329049e-03 
8.18920587507772e+00 3.00622693766457e-02 1.71684083117617e-03 
8.22442826593827e+00 2.98553093975578e-02 1.70989112807323e-03 
8.25965065679882e+00 2.96481907427276e-02 1.70299577313096e-03 
8.29487304765937e+00 2.94409149061097e-02 1.69615393807132e-03 
8.33009543851992e+00 2.92334833880707e-02 1.68936480697107e-03 
8.36531782938046e+00 2.90258976957977e-02 1.68262757602174e-03 
8.40054022024101e+00 2.88181593437048e-02 1.67594145330290e-03 
8.43576261110156e+00 2.86102698538273e-02 1.66930565857964e-03 
8.47098500196211e+00 2.84022307562097e-02 1.66271942310546e-03 
8.50620739282266e+00 2.81940435892807e-02 1.65618198943018e-03 
8.54142978368321e+00 2.79857099002222e-02 1.64969261119207e-03 
8.57665217454376e+00 2.77772312453320e-02 1.64325055290484e-03 
8.61187456540431e+00 2.75686091903816e-02 1.63685508977142e-03 
8.64709695626486e+00 2.73598453109624e-02 1.63050550750514e-03 
8.68231934712541e+00 2.71509411928281e-02 1.62420110214277e-03 
8.71754173798596e+00 2.69418984322274e-02 1.61794117986177e-03 
8.75276412884651e+00 2.67327186362328e-02 1.61172505679973e-03 
8.78798651970706e+00 2.65234034230616e-02 1.60555205887848e-03 
8.82320891056761e+00 2.63139544223929e-02 1.59942152162985e-03 
8.85843130142815e+00 2.61043732756765e-02 1.59333279002528e-03 
8.89365369228871e+00 2.58946616364388e-02 1.58728521830742e-03 
8.92887608314925e+00 2.56848211705816e-02 1.58127816982703e-03 
8.96409847400980e+00 2.54748535566769e-02 1.57531101688210e-03 
8.99932086487035e+00 2.52647604862557e-02 1.56938314055964e-03 
9.03454325573090e+00 2.50545436640928e-02 1.56349393058039e-03 
9.06976564659145e+00 2.48442048084863e-02 1.55764278514713e-03 
9.10498803745200e+00 2.46337456515331e-02 1.55182911079497e-03 
9.14021042831255e+00 2.44231679393992e-02 1.54605232224582e-03 
9.17543281917310e+00 2.42124734325869e-02 1.54031184226561e-03 
9.21065521003365e+00 2.40016639061958e-02 1.53460710152381e-03 
9.24587760089420e+00 2.37907411501820e-02 1.52893753845563e-03 
9.28109999175475e+00 2.35797069696113e-02 1.52330259913010e-03 
9.31632238261530e+00 2.33685631849091e-02 1.51770173711930e-03 
9.35154477347585e+00 2.31573116321059e-02 1.51213441336822e-03 
9.38676716433640e+00 2.29459541630800e-02 1.50660009606633e-03 
9.42198955519694e+00 2.27344926457957e-02 1.50109826052389e-03 
9.45721194605749e+00 2.25229289645385e-02 1.49562838905201e-03 
9.49243433691804e+00 2.23112650201462e-02 1.49018997084525e-03 
9.52765672777859e+00 2.20995027302363e-02 1.48478250186565e-03 
9.56287911863914e+00 2.18876440294302e-02 1.47940548472788e-03 
9.59810150949969e+00 2.16756908695740e-02 1.47405842858787e-03 
9.63332390036024e+00 2.14636452199561e-02 1.46874084903516e-03 
9.66854629122079e+00 2.12515090675206e-02 1.46345226798678e-03 
9.70376868208134e+00 2.10392844170783e-02 1.45819221358337e-03 
9.73899107294189e+00 2.08269732915138e-02 1.45296022008733e-03 
9.77421346380244e+00 2.06145777319896e-02 1.44775582778323e-03 
9.80943585466299e+00 2.04020997981469e-02 1.44257858288029e-03 
9.84465824552354e+00 2.01895415683031e-02 1.43742803741730e-03 
9.87988063638408e+00 1.99769051396466e-02 1.43230374916913e-03 
9.91510302724464e+00 1.97641926284278e-02 1.42720528155562e-03 
9.95032541810518e+00 1.95514061701475e-02 1.42213220355253e-03 
9.98554780896573e+00 1.93385479197420e-02 1.41707132588519e-03 
1.00207701998263e+01 1.91257092085978e-02 1.41189339022599e-03 
1.00559925906868e+01 1.89137930400198e-02 1.40660545534632e-03 
1.00912149815474e+01 1.87027936561288e-02 1.40134943153750e-03 
1.01264373724079e+01 1.84927053575076e-02 1.39612498853489e-03 
1.01616597632685e+01 1.82835225023721e-02 1.39093180077161e-03 
1.01968821541290e+01 1.80752395057569e-02 1.38576954729714e-03 
1.02321045449896e+01 1.78678508387151e-02 1.38063791169743e-03 
1.02673269358501e+01 1.76613510275316e-02 1.37553658201703e-03 
1.03025493267107e+01 1.74557346529501e-02 1.37046525068258e-03 
1.03377717175712e+01 1.72509963494140e-02 1.36542361442769e-03 
1.03729941084318e+01 1.70471308043190e-02 1.36041137421931e-03 
1.04082164992923e+01 1.68441327572801e-02 1.35542823518547e-03 
1.04434388901529e+01 1.66419969994098e-02 1.35047390654471e-03 
1.04786612810134e+01 1.64407183726093e-02 1.34554810153696e-03 
1.05138836718740e+01 1.62402917688714e-02 1.34065053735567e-03 
1.05491060627345e+01 1.60407121295953e-02 1.33578093508106e-03 
1.05843284535951e+01 1.58419744449128e-02 1.33093901961483e-03 
1.06195508444556e+01 1.56440737530265e-02 1.32612451961627e-03 
1.06547732353162e+01 1.54470051395579e-02 1.32133716743966e-03 
1.06899956261767e+01 1.52507637369074e-02 1.31657669907273e-03 
1.07252180170373e+01 1.50553447236247e-02 1.31184285407634e-03 
1.07604404078978e+01 1.48607433237892e-02 1.30713537552538e-03 
1.07956627987584e+01 1.46669548064016e-02 1.30245400995080e-03 
1.08308851896189e+01 1.44739744847844e-02 1.29779850728281e-03 
1.08661075804795e+01 1.42817977159934e-02 1.29316862079506e-03 
1.09013299713400e+01 1.40904199002379e-02 1.28856410705004e-03 
1.09365523622006e+01 1.38998364803111e-02 1.28398472584529e-03 
1.09717747530611e+01 1.37100429410295e-02 1.27943024016098e-03 
1.10069971439217e+01 1.35210348086813e-02 1.27490041610830e-03 
1.10422195347822e+01 1.33328076504842e-02 1.27039502287871e-03 
1.10774419256428e+01 1.31453570740514e-02 1.26591383269433e-03 
1.11126643165033e+01 1.29586787268665e-02 1.26145662075927e-03 
1.11478867073639e+01 1.27727682957673e-02 1.25702316521182e-03 
1.11831090982244e+01 1.25876215064369e-02 1.25261324707757e-03 
1.12183314890850e+01 1.24032341229038e-02 1.24822665022339e-03 
1.12535538799455e+01 1.22196019470496e-02 1.24386316131220e-03 
1.12887762708061e+01 1.20367208181246e-02 1.23952256975884e-03 
1.13239986616666e+01 1.18545866122710e-02 1.23520466768650e-03 
1.13592210525272e+01 1.16731952420538e-02 1.23090924988403e-03 
1.13944434433877e+01 1.14925426559991e-02 1.22663611376407e-03 
1.14296658342483e+01 1.13126248381394e-02 1.22238505932194e-03 
1.14648882251088e+01 1.11334378075664e-02 1.21815588909538e-03 
1.15001106159694e+01 1.09549776179905e-02 1.21394840812488e-03 
1.15353330068299e+01 1.07772403573072e-02 1.20975349636960e-03 
1.15705553976905e+01 1.06002234272277e-02 1.20549983334929e-03 
1.16057777885510e+01 1.04239356737102e-02 1.20107450419087e-03 
1.16410001794116e+01 1.02484089074126e-02 1.19639355349715e-03 
1.16762225702721e+01 1.00736788589925e-02 1.19139320164679e-03 
1.17114449611327e+01 9.89979601548509e-03 1.18604904624245e-03 
1.17466673519932e+01 9.72680879248944e-03 1.18036978269016e-03 
1.17818897428537e+01 9.55476433680758e-03 1.17436110644470e-03 
1.18171121337143e+01 9.38370939333728e-03 1.16802774321626e-03 
1.18523345245748e+01 9.21368924544149e-03 1.16134810813515e-03 
1.18875569154354e+01 9.04475266508059e-03 1.15428373057158e-03 
1.19227793062959e+01 8.87695706827879e-03 1.14682841724088e-03 
1.19580016971565e+01 8.71035703763114e-03 1.13900088594280e-03 
1.19932240880170e+01 8.54500436869053e-03 1.13081938728584e-03 
1.20284464788776e+01 8.38095021877777e-03 1.12230162090429e-03 
1.20636688697381e+01 8.21824561000961e-03 1.11346556791911e-03 
1.20988912605987e+01 8.05693414971120e-03 1.10432929125734e-03 
1.21341136514592e+01 7.89705684994609e-03 1.09490999578468e-03 
1.21693360423198e+01 7.73865217915054e-03 1.08522456497026e-03 
1.22045584331803e+01 7.58175611438896e-03 1.07528955608884e-03 
1.22397808240409e+01 7.42640219413597e-03 1.06512119604764e-03 
1.22750032149014e+01 7.27262157149394e-03 1.05473537781788e-03 
1.23102256057620e+01 7.12044306775790e-03 1.04414765745244e-03 
1.23454479966225e+01 6.96989322624275e-03 1.03337325167010e-03 
1.23806703874831e+01 6.82099636629083e-03 1.02242703598703e-03 
1.24158927783436e+01 6.67377463738117e-03 1.01132354337661e-03 
1.24511151692042e+01 6.52824807326450e-03 1.00007696343874e-03 
1.24863375600647e+01 6.38443464605115e-03 9.88701142059624e-04 
1.25215599509253e+01 6.24235032018223e-03 9.77209581543401e-04 
1.25567823417858e+01 6.10200910621703e-03 9.65615441197408e-04 
1.25920047326464e+01 5.96342311437273e-03 9.53931538352719e-04 
1.26272271235069e+01 5.82660260775521e-03 9.42170349802009e-04 
1.26624495143675e+01 5.69155605522270e-03 9.30344013637092e-04 
1.26976719052280e+01 5.55829018382660e-03 9.18464331468746e-04 
1.27328942960886e+01 5.42681003077659e-03 9.06542771011772e-04 
1.27681166869491e+01 5.29711899487971e-03 8.94590469018421e-04 
1.28033390778097e+01 5.16921888740586e-03 8.82618234543758e-04 
1.28385614686702e+01 5.04310998233439e-03 8.70636552527012e-04 
1.28737838595308e+01 4.91879106593920e-03 8.58655587673100e-04 
1.29090062503913e+01 4.79625948567188e-03 8.46682759673292e-04 
1.29442286412519e+01 4.67551132680078e-03 8.34721110628142e-04 
1.29794510321124e+01 4.55654264445908e-03 8.22774311416133e-04 
1.30146734229730e+01 4.43934907198440e-03 8.10816984176154e-04 
1.30498958138335e+01 4.32392633992708e-03 7.98792671216057e-04 
1.30851182046941e+01 4.21028590087127e-03 7.86674037790893e-04 
1.31203405955546e+01 4.09843853769268e-03 7.74459363785163e-04 
1.31555629864152e+01 3.98839498800792e-03 7.62146204028089e-04 
1.31907853772757e+01 3.88016764416515e-03 7.49742297802022e-04 
1.32260077681363e+01 3.77376666651818e-03 7.37262258848572e-04 
1.32612301589968e+01 3.66920038610209e-03 7.24721494546928e-04 
1.32964525498574e+01 3.56647473075164e-03 7.12132336814728e-04 
1.33316749407179e+01 3.46559361609423e-03 6.99503026464565e-04 
1.33668973315785e+01 3.36656048603559e-03 6.86844092117978e-04 
1.34021197224390e+01 3.26937708180766e-03 6.74169758356165e-04 
1.34373421132996e+01 3.17404306033729e-03 6.61494896852823e-04 
1.34725645041601e+01 3.08055597033168e-03 6.48833219824375e-04 
1.35077868950207e+01 2.98891135172007e-03 6.36195416418665e-04 
1.35430092858812e+01 2.89910322795721e-03 6.23590826428334e-04 
1.35782316767418e+01 2.81112472208591e-03 6.11030824417820e-04 
1.36134540676023e+01 2.72496713020242e-03 5.98527971289998e-04 
1.36486764584629e+01 2.64062001233144e-03 5.86094216934934e-04 
1.36838988493234e+01 2.55807128127055e-03 5.73740913529438e-04 
1.37191212401840e+01 2.47730728933124e-03 5.61478829352682e-04 
1.37543436310445e+01 2.39831291291168e-03 5.49318163067399e-04 
1.37895660219051e+01 2.32107163484315e-03 5.37268558418211e-04 
1.38247884127656e+01 2.24556562445929e-03 5.25338350802310e-04 
1.38600108036262e+01 2.17177579663555e-03 5.13524528554189e-04 
1.38952331944867e+01 2.09968206276279e-03 5.01812704243202e-04 
1.39304555853473e+01 2.02926895225479e-03 4.90191993257805e-04 
1.39656779762078e+01 1.96052115729215e-03 4.78658427173897e-04 
1.40009003670684e+01 1.89342483724332e-03 4.67205089499200e-04 
1.40361227579289e+01 1.82796533310012e-03 4.55829552387740e-04 
1.40713451487895e+01 1.76413222266438e-03 4.44541272322696e-04 
1.41065675396500e+01 1.70190975122859e-03 4.33347055276071e-04 
1.41417899305106e+01 1.64128315106310e-03 4.22249655240850e-04 
1.41770123213711e+01 1.58223724027793e-03 4.11255778606843e-04 
1.42122347122317e+01 1.52475556688119e-03 4.00371535372446e-04 
1.42474571030922e+01 1.46882102958682e-03 3.89600370851920e-04 
1.42826794939528e+01 1.41441572057011e-03 3.78945426847435e-04 
1.43179018848133e+01 1.36152221654892e-03 3.68412050563374e-04 
1.43531242756738e+01 1.31012161147203e-03 3.58006642503379e-04 
1.43883466665344e+01 1.26019475139386e-03 3.47736672969174e-04 
1.44235690573949e+01 1.21172124588122e-03 3.37610597077406e-04 
1.44587914482555e+01 1.16467957270402e-03 3.27635831746338e-04 
1.44940138391160e+01 1.11904715144333e-03 3.17817756797350e-04 
1.45292362299766e+01 1.07480057103220e-03 3.08158018991599e-04 
1.45644586208371e+01 1.03191601852528e-03 2.98656915596044e-04 
1.45996810116977e+01 9.90370460648892e-04 2.89317808925317e-04 
1.46349034025582e+01 9.50140143501389e-04 2.80146240232365e-04 
1.46701257934188e+01 9.11200563473727e-04 2.71147141267284e-04 
1.47053481842793e+01 8.73526533546803e-04 2.62323772226507e-04 
1.47405705751399e+01 8.37092294444965e-04 2.53678182577416e-04 
1.47757929660004e+01 8.01872177503966e-04 2.45212722927005e-04 
1.48110153568610e+01 7.67840064159150e-04 2.36929758305040e-04 
1.48462377477215e+01 7.34969563688686e-04 2.28831207360829e-04 
1.48814601385821e+01 7.03234138646159e-04 2.20919017330435e-04 
1.49166825294426e+01 6.72606990555794e-04 2.13195005225386e-04 
1.49519049203032e+01 6.43061114177662e-04 2.05660596653090e-04 
1.49871273111637e+01 6.14569337675270e-04 1.98316899271014e-04 
1.50223497020243e+01 5.87114549760008e-04 1.91165029330740e-04 
1.50575720928848e+01 5.60731874935515e-04 1.84199443560319e-04 
1.50927944837454e+01 5.35388328426856e-04 1.77427541380181e-04 
1.51280168746059e+01 5.11051353172133e-04 1.70847819163976e-04 
1.51632392654665e+01 4.87688855904306e-04 1.64458509989799e-04 
1.51984616563270e+01 4.65269239483160e-04 1.58257606126656e-04 
1.52336840471876e+01 4.43761431666839e-04 1.52242880560975e-04 
1.52689064380481e+01 4.23134910508733e-04 1.46411907571105e-04 
1.53041288289087e+01 4.03359726561482e-04 1.40762082360536e-04 
1.53393512197692e+01 3.84406522065534e-04 1.35290639763065e-04 
1.53745736106298e+01 3.66246547295039e-04 1.29994672035356e-04 
1.54097960014903e+01 3.48851674229001e-04 1.24871145754382e-04 
1.54450183923509e+01 3.32194407710543e-04 1.19916917838976e-04 
1.54802407832114e+01 3.16247894251875e-04 1.15128750716289e-04 
1.55154631740720e+01 3.00985928637200e-04 1.10503326655328e-04 
1.55506855649325e+01 2.86382958470318e-04 1.06037261290898e-04 
1.55859079557931e+01 2.72414086808124e-04 1.01727116362262e-04 
1.56211303466536e+01 2.59055073015628e-04 9.75694116916803e-05 
1.56563527375142e+01 2.46282331972516e-04 9.35606364286416e-05 
1.56915751283747e+01 2.34072931755641e-04 8.96972595861425e-05 
1.57267975192353e+01 2.22404589916276e-04 8.59757398957629e-05 
1.57620199100958e+01 2.11255668465421e-04 8.23924206726628e-05 
1.57972423009564e+01 2.00603829581060e-04 7.89260382029625e-05 
1.58324646918169e+01 1.90432512216169e-04 7.55740272326053e-05 
1.58676870826775e+01 1.80721886947583e-04 7.23355044244300e-05 
1.59029094735380e+01 1.71456969306814e-04 6.92076680628828e-05 
1.59381318643986e+01 1.62618918832712e-04 6.61893891808886e-05 
1.59733542552591e+01 1.54193295298533e-04 6.32777306034506e-05 
1.60085766461197e+01 1.46162269348861e-04 6.04717342136165e-05 
1.60437990369802e+01 1.38512140014164e-04 5.77693574056542e-05 
1.60790214278408e+01 1.31225893445752e-04 5.51694413893967e-05 
1.61142438187013e+01 1.24290090871666e-04 5.26689572925099e-05 
1.61494662095619e+01 1.17688645265406e-04 5.02658569684240e-05 
1.61846886004224e+01 1.11408870420864e-04 4.79569221933094e-05 
1.62199109912830e+01 1.05435724576542e-04 4.57400630060841e-05 
1.62551333821435e+01 9.97572695566512e-05 4.36120844440275e-05 
1.62903557730041e+01 9.43594858877581e-05 4.15708716193781e-05 
1.63255781638646e+01 8.92311744425543e-05 3.96132899902715e-05 
1.63608005547252e+01 8.43593057451471e-05 3.77372199168049e-05 
1.63960229455857e+01 7.97334056624793e-05 3.59396127961782e-05 
1.64312453364463e+01 7.53413963346646e-05 3.42183638490707e-05 
1.64664677273068e+01 7.11735098338575e-05 3.25705287461573e-05 
1.65016901181674e+01 6.72185774554360e-05 3.09935987030509e-05 
1.65369125090279e+01 6.34673802275745e-05 2.94837706579092e-05 
1.65721348998885e+01 5.99096993522067e-05 2.80381366534602e-05 
1.66073572907490e+01 5.65374683622396e-05 2.66540419436711e-05 
1.66425796816096e+01 5.33414645328761e-05 2.53297163621275e-05 
1.66778020724701e+01 5.03141919574116e-05 2.40628992208051e-05 
1.67130244633307e+01 4.74471134251612e-05 2.28518631652123e-05 
1.67482468541912e+01 4.47332816480476e-05 2.16944041689041e-05 
1.67834692450518e+01 4.21648190205403e-05 2.05888442554954e-05 
1.68186916359123e+01 3.97353036825614e-05 1.95330532680435e-05 
1.68539140267729e+01 3.74374879604307e-05 1.85254088787665e-05 
1.68891364176334e+01 3.52654511352701e-05 1.75638669612736e-05 
1.69243588084940e+01 3.32125433692234e-05 1.66468662890406e-05 
1.69595811993545e+01 3.12733199660405e-05 1.57724570192440e-05 
1.69948035902150e+01 2.94416954317036e-05 1.49389689317813e-05 
1.70300259810756e+01 2.77112841759106e-05 1.41444984140498e-05 
1.70652483719361e+01 2.60742794582162e-05 1.33878057362798e-05 
1.71004707627967e+01 2.45265663010487e-05 1.26668322887069e-05 
1.71356931536572e+01 2.30634812237902e-05 1.19803553125935e-05 
1.71709155445178e+01 2.16812200689092e-05 1.13268874431978e-05 
1.72061379353783e+01 2.03754920378614e-05 1.07052581193382e-05 
1.72413603262389e+01 1.91427894013559e-05 1.01140525551753e-05 
1.72765827170994e+01 1.79791747611398e-05 9.55215525682002e-06 
1.73118051079600e+01 1.68814218560690e-05 9.01822744432769e-06 
1.73470274988205e+01 1.58459267240054e-05 8.51121070479071e-06 
1.73822498896811e+01 1.48697292527771e-05 8.02984408272747e-06 
1.74174722805416e+01 1.39495386566737e-05 7.57312745350520e-06 
1.74526946714022e+01 1.30826454890220e-05 7.13987819250634e-06 
1.74879170622627e+01 1.22660518985412e-05 6.72915493439430e-06 
1.75231394531233e+01 1.14972836321067e-05 6.33985282807877e-06 
1.75583618439838e+01 1.07736158001051e-05 5.97108908315994e-06 
1.75935842348444e+01 1.00927940371784e-05 5.62183521089307e-06 
1.76288066257049e+01 9.45234691146751e-06 5.29126624113568e-06 
1.76640290165655e+01 8.85022493857435e-06 4.97842796056494e-06 
1.76992514074260e+01 8.28419126503895e-06 4.68255197906436e-06 
1.77344737982866e+01 7.75238669094466e-06 4.40275574743343e-06 
1.77696961891471e+01 7.25279080498681e-06 4.13832581129946e-06 
1.78049185800077e+01 6.78372059653833e-06 3.88844827844911e-06 
1.78401409708682e+01 6.34335479047978e-06 3.65246265823507e-06 
1.78753633617288e+01 5.93017304361952e-06 3.42962042129300e-06 
1.79105857525893e+01 5.54253680205947e-06 3.21931181090345e-06 
1.79458081434499e+01 5.17907549640570e-06 3.02085017108917e-06 
1.79810305343104e+01 4.83831780863553e-06 2.83367405444573e-06 
1.80162529251710e+01 4.51903071729241e-06 2.65724315475786e-06 
1.80514753160315e+01 4.21993740628267e-06 2.49116917035663e-06 
1.80866977068921e+01 3.93989195515889e-06 2.33493518687723e-06 
1.81219200977526e+01 3.67767809253650e-06 2.18803344500263e-06 
1.81571424886132e+01 3.43227226164930e-06 2.04990792046572e-06 
1.81923648794737e+01 3.20259375355427e-06 1.92009761558295e-06 
1.82275872703343e+01 2.98773204124221e-06 1.79810266276825e-06 
1.82628096611948e+01 2.78672799415161e-06 1.68350801806325e-06 
1.82980320520554e+01 2.59877258749392e-06 1.57586494819531e-06 
1.83332544429159e+01 2.42301557124487e-06 1.47480031362528e-06 
1.83684768337765e+01 2.25873894259233e-06 1.37991184977767e-06 
1.84036992246370e+01 2.10518982453046e-06 1.29086455726181e-06 
1.84389216154976e+01 1.96173172562035e-06 1.20729831980661e-06 
1.84741440063581e+01 1.82769873258414e-06 1.12891278841907e-06 
1.85093663972187e+01 1.70252725015517e-06 1.05538600625263e-06 
1.85445887880792e+01 1.58562892987478e-06 9.86449047919572e-07 
1.85798111789398e+01 1.47650528222063e-06 9.21814443352299e-07 
1.86150335698003e+01 1.37463705173792e-06 8.61241714587023e-07 
1.86502559606609e+01 1.27958382210680e-06 8.04474505586604e-07 
1.86854783515214e+01 1.19088780760993e-06 7.51298047346006e-07 
1.87207007423820e+01 1.10816032740453e-06 7.01484008030137e-07 
1.87559231332425e+01 1.03099821707827e-06 6.54840813614567e-07 
1.87911455241031e+01 9.59058829127495e-07 6.11165332283850e-07 
1.88263679149636e+01 8.91987477966305e-07 5.70286882126637e-07 
1.88615903058242e+01 8.29482427471742e-07 5.32024955516784e-07 
1.88968126966847e+01 7.71231970255452e-07 4.96227657536429e-07 
1.89320350875453e+01 7.16970688151846e-07 4.62734760178003e-07 
1.89672574784058e+01 6.66424933753803e-07 4.31411234932239e-07 
1.90024798692664e+01 6.19361493996627e-07 4.02121230757045e-07 
1.90377022601269e+01 5.75543733585145e-07 3.74757391234183e-07 
1.90729246509875e+01 5.34766502211088e-07 3.49203136999730e-07 
1.91081470418480e+01 4.96815191493283e-07 3.25351889840697e-07 
1.91433694327086e+01 4.61506595640592e-07 3.03088049496986e-07 
1.91785918235691e+01 4.28653537756624e-07 2.82313755758966e-07 
1.92138142144297e+01 3.98096129150625e-07 2.62927489316905e-07 
1.92490366052902e+01 3.69671220994445e-07 2.44843244949498e-07 
1.92842589961508e+01 3.43239362773498e-07 2.27971931022871e-07 
1.93194813870113e+01 3.18658437910950e-07 2.12238013562522e-07 
1.93547037778719e+01 2.95806898151111e-07 1.97563360580050e-07 
1.93899261687324e+01 2.74561024261666e-07 1.83881679693586e-07 
1.94251485595930e+01 2.54814938253575e-07 1.71124496240258e-07 
1.94603709504535e+01 2.36461002603678e-07 1.59233667693147e-07 
1.94955933413141e+01 2.19407046651588e-07 1.48149222455670e-07 
1.95308157321746e+01 2.03559481128195e-07 1.37820199424034e-07 
1.95660381230351e+01 1.88838117738421e-07 1.28194107946501e-07 
1.96012605138957e+01 1.75161631189451e-07 1.19226310032836e-07 
1.96364829047562e+01 1.62460300891999e-07 1.10870891648645e-07 
1.96717052956168e+01 1.50663501096378e-07 1.03088777849225e-07 
1.97069276864773e+01 1.39710649953618e-07 9.58398317806821e-08 
1.97421500773379e+01 1.29540450626152e-07 8.90898690240154e-08 
1.97773724681984e+01 1.20100294869571e-07 8.28038237678072e-08 
1.98125948590590e+01 1.11337014833036e-07 7.69518075339886e-08 
1.98478172499195e+01 1.03204955165875e-07 7.15032023139284e-08 
1.98830396407801e+01 9.56580273219633e-08 6.64318902886348e-08 
1.99182620316406e+01 8.86566353545156e-08 6.17111515906292e-08 
1.99534844225012e+01 8.21608524740467e-08 5.73181753382391e-08 
1.99887068133617e+01 7.61363606320740e-08 5.32297906872686e-08 
2.00239292042223e+01 7.05483140925782e-08 4.94270474066688e-08 
2.00591515950828e+01 6.53657725710178e-08 4.58913107382738e-08 
2.00943739859434e+01 6.05586746840459e-08 4.26053105436383e-08 
2.01295963768039e+01 5.61011611434339e-08 3.95509887698673e-08 
2.01648187676645e+01 5.19672643049034e-08 3.67129023371186e-08 
2.02000411585250e+01 4.81346346862550e-08 3.40753815821558e-08 
2.02352635493856e+01 4.45808494575927e-08 3.16250176303292e-08 
2.02704859402461e+01 4.12866000888655e-08 2.93482188258938e-08 
2.03057083311067e+01 3.82325319905740e-08 2.72333473746844e-08 
2.03409307219672e+01 3.54019702630707e-08 2.52686187862355e-08 
2.03761531128278e+01 3.27782149808978e-08 2.34439365612294e-08 
2.04113755036883e+01 3.03468711700752e-08 2.17490871480158e-08 
2.04465978945489e+01 2.80935348202254e-08 2.01753147696756e-08 
2.04818202854094e+01 2.60057838754081e-08 1.87137708757086e-08 
2.05170426762700e+01 2.40711991855282e-08 1.73568654231396e-08 
2.05522650671305e+01 2.22790652556388e-08 1.60969354138393e-08 
2.05874874579911e+01 2.06186782106981e-08 1.49274039439424e-08 
2.06227098488516e+01 1.90807981297291e-08 1.38416372726452e-08 
2.06579322397122e+01 1.76562028681883e-08 1.28339386310193e-08 
2.06931546305727e+01 1.63369278528972e-08 1.18985674686954e-08 
2.07283770214333e+01 1.51150304334345e-08 1.10305912770181e-08 
2.07635994122938e+01 1.39836478980711e-08 1.02250442924425e-08 
2.07988218031544e+01 1.29359420389777e-08 9.47765736163792e-09 
2.08340441940149e+01 1.19660017532350e-08 8.78413652015110e-09 
2.08692665848755e+01 1.10679418181410e-08 8.14078814048129e-09 
2.09044889757360e+01 1.02366726651076e-08 7.54390051723929e-09 
2.09397113665966e+01 9.46713106771026e-09 6.99027913425135e-09 
2.09749337574571e+01 8.75493643385599e-09 6.47671673015046e-09 
2.10101561483177e+01 8.09573429408973e-09 6.00047533258447e-09 
2.10453785391782e+01 7.48577063836628e-09 5.55881841294858e-09 
2.10806009300388e+01 6.92129531548249e-09 5.14937931549827e-09 
2.11158233208993e+01 6.39905545847868e-09 4.76975845138302e-09 
2.11510457117599e+01 5.91582426992565e-09 4.41788200919751e-09 
2.11862681026204e+01 5.46880674023473e-09 4.09167520575500e-09 
2.12214904934810e+01 5.05523216908993e-09 3.78934889006029e-09 
2.12567128843415e+01 4.67269966976963e-09 3.50911444337672e-09 
2.12919352752021e+01 4.31883085815462e-09 3.24942877732416e-09 
2.13271576660626e+01 3.99156400190208e-09 3.00875043029820e-09 
2.13623800569232e+01 3.68885806879359e-09 2.78574894061744e-09 
2.13976024477837e+01 3.40894308883064e-09 2.57909624374454e-09 
2.14328248386443e+01 3.15006803093123e-09 2.38764555065160e-09 
2.14680472295048e+01 2.91071384137168e-09 2.21025298527693e-09 
2.15032696203654e+01 2.68937871176268e-09 2.04593036711005e-09 
2.15384920112259e+01 2.48475931221675e-09 1.89369274641855e-09 
2.15737144020865e+01 2.29556795014619e-09 1.75268886188086e-09 
2.16089367929470e+01 2.12068670829380e-09 1.62207084849001e-09 
2.16441591838076e+01 1.95901179556355e-09 1.50110560155628e-09 
2.16793815746681e+01 1.80958460903483e-09 1.38906346279311e-09 
2.17146039655287e+01 1.67145926398652e-09 1.28531325881111e-09 
2.17498263563892e+01 1.54381400841155e-09 1.18922722676522e-09 
2.17850487472498e+01 1.42583850614524e-09 1.10026209790304e-09 
2.18202711381103e+01 1.31682852777873e-09 1.01787791570032e-09 
2.18554935289709e+01 1.21609006254099e-09 9.41607193915951e-10 
2.18907159198314e+01 1.12301977849806e-09 8.70985616338204e-10 
2.19259383106920e+01 1.03702346774637e-09 8.05611006210953e-10 
2.19611607015525e+01 9.57584400763150e-10 7.45084185293649e-10 
2.19963830924131e+01 8.84193976002347e-10 6.89064000675822e-10 
2.20316054832736e+01 8.16412916281011e-10 6.37219251687111e-10 
2.20668278741342e+01 7.53808440687120e-10 5.89262610634495e-10 
2.21020502649947e+01 6.95997362192809e-10 5.44900701841331e-10 
2.21372726558553e+01 6.42603647649057e-10 5.03873144350909e-10 
2.21724950467158e+01 5.93300057895208e-10 4.65922542455009e-10 
2.22077174375763e+01 5.47765622040614e-10 4.30825834774602e-10 
2.22429398284369e+01 5.05720908853048e-10 3.98362639120146e-10 
2.22781622192974e+01 4.66891973329308e-10 3.68341885277988e-10 
2.23133846101580e+01 4.31040231907627e-10 3.40574900688641e-10 
2.23486070010185e+01 3.97931897801564e-10 3.14898035427509e-10 
2.23838293918791e+01 3.67363284312793e-10 2.91149779751715e-10 
2.24190517827396e+01 3.39134894612352e-10 2.69189983494211e-10 
2.24542741736002e+01 3.13072851727877e-10 2.48880402385467e-10 
2.24894965644607e+01 2.89006935067564e-10 2.30101023726458e-10 
2.25247189553213e+01 2.66788729091086e-10 2.12733528465668e-10 
2.25599413461818e+01 2.46273006301348e-10 1.96675158198382e-10 
2.25951637370424e+01 2.27333096272330e-10 1.81824656621523e-10 
2.26303861279029e+01 2.09845105982935e-10 1.68094047599364e-10 
2.26656085187635e+01 1.93700934300526e-10 1.55396684828693e-10 
2.27008309096240e+01 1.78794897862911e-10 1.43657255192166e-10 
2.27360533004846e+01 1.65034751210592e-10 1.32801620947006e-10 
2.27712756913451e+01 1.52330352028212e-10 1.22765315391752e-10 
2.28064980822057e+01 1.40602992106432e-10 1.13484909092465e-10 
2.28417204730662e+01 1.29775791408101e-10 1.04905224770661e-10 
2.28769428639268e+01 1.19781598416749e-10 9.69719992356696e-11 
2.29121652547873e+01 1.10554849702149e-10 8.96380103012962e-11 
2.29473876456479e+01 1.02038258699909e-10 8.28568402517529e-11 
2.29826100365084e+01 9.41759174950404e-11 7.65880791212782e-11 
2.30178324273690e+01 8.69189599472751e-11 7.07920986525016e-11 
2.30530548182295e+01 8.02197672701845e-11 6.54343998193425e-11 
2.30882772090901e+01 7.40366283366282e-11 6.04810663774514e-11 
2.31234995999506e+01 6.83288739107870e-11 5.59024795437755e-11 
2.31587219908112e+01 6.30609341603924e-11 5.16695701965998e-11 
2.31939443816717e+01 5.81981415306854e-11 4.77570034705660e-11 
2.32291667725323e+01 5.37101654551204e-11 4.41399255465045e-11 
2.32643891633928e+01 4.95674563482640e-11 4.07966674681724e-11 
2.32996115542534e+01 4.57441530120506e-11 3.77059809006695e-11 
2.33348339451139e+01 4.22150699153107e-11 3.48493336795847e-11 
2.33700563359745e+01 3.89581581672220e-11 3.22085611175564e-11 
2.34052787268350e+01 3.59519531622690e-11 2.97678148724581e-11 
2.34405011176956e+01 3.31776576041154e-11 2.75115673939094e-11 
2.34757235085561e+01 3.06169792361380e-11 2.54262664167984e-11 
2.35109458994167e+01 2.82538939058641e-11 2.34986395021377e-11 
2.35461682902772e+01 2.60728138178101e-11 2.17170985785978e-11 
2.35813906811378e+01 2.40600797413193e-11 2.00702994918255e-11 
2.36166130719983e+01 2.22024093069199e-11 1.85483343198148e-11 
2.36518354628589e+01 2.04881599334733e-11 1.71415076116048e-11 
2.36870578537194e+01 1.89060143898623e-11 1.58413485137935e-11 
2.37222802445800e+01 1.74460496428763e-11 1.46395711319748e-11 
2.37575026354405e+01 1.60986234332721e-11 1.35289336738758e-11 
2.37927250263011e+01 1.48552788475792e-11 1.25023552568361e-11 
2.38279474171616e+01 1.37078011899788e-11 1.15536451690581e-11 
2.38631698080222e+01 1.26489835099121e-11 1.06767526030474e-11 
2.38983921988827e+01 1.16718277402127e-11 9.86638565079146e-12 
2.39336145897433e+01 1.07701925415442e-11 9.11737397620971e-12 
2.39688369806038e+01 9.93811665119313e-12 8.42519419966870e-12 
2.40040593714644e+01 9.17036712778227e-12 7.78544666196366e-12 
2.40392817623249e+01 8.46187939191763e-12 7.19429402928606e-12 
2.40745041531855e+01 7.80819518631028e-12 6.64798219730880e-12 
2.41097265440460e+01 7.20497936197626e-12 6.14320477869401e-12 
2.41449489349066e+01 6.64842457482454e-12 5.67672517519531e-12 
2.41801713257671e+01 6.13484017236727e-12 5.24570981282207e-12 
2.42153937166277e+01 5.66098387319900e-12 4.84739536897429e-12 
2.42506161074882e+01 5.22371375796505e-12 4.47936180790215e-12 
2.42858384983488e+01 4.82026880065596e-12 4.13924990294955e-12 
2.43210608892093e+01 4.44797427214851e-12 3.82499283135881e-12 
2.43562832800699e+01 4.10447901584934e-12 3.53457638614274e-12 
2.43915056709304e+01 3.78750606095056e-12 3.26623542317737e-12 
2.44267280617910e+01 3.49505331681657e-12 3.01825030798704e-12 
2.44619504526515e+01 3.22518245313672e-12 2.78911355179834e-12 
2.44971728435121e+01 2.97618865739340e-12 2.57735701512353e-12 
2.45323952343726e+01 2.74642190550551e-12 2.38169325852848e-12 
2.45676176252332e+01 2.53443055570359e-12 2.20086885370512e-12 
2.46028400160937e+01 2.33881003579528e-12 2.03378428703088e-12 
2.46380624069543e+01 2.15832431024834e-12 1.87936943220950e-12 
2.46732847978148e+01 1.99177777405424e-12 1.73668526152730e-12 
2.47085071886754e+01 1.83811800701951e-12 1.60481813110170e-12 
2.47437295795359e+01 1.69632731066671e-12 1.48296606017778e-12 
2.47789519703965e+01 1.56550963710259e-12 1.37034898667052e-12 
2.48141743612570e+01 1.44479875251196e-12 1.26628195541849e-12 
2.48493967521175e+01 1.33343178266271e-12 1.17009893171183e-12 
2.48846191429781e+01 1.23067144958065e-12 1.08121488370239e-12 
2.49198415338386e+01 1.13586829921515e-12 9.99061106580335e-13 
2.49550639246992e+01 1.04839484974780e-12 9.23137882641209e-13 
2.49902863155597e+01 9.67698248565733e-13 8.52956968542661e-13 
2.50255087064203e+01 8.93230305184994e-13 7.88090392468210e-13 
2.50607310972808e+01 8.24477089373339e-13 7.28143884283638e-13 
2.50959534881414e+01 7.60992372820760e-13 6.72743914974088e-13 
2.51311758790019e+01 7.02382584564783e-13 6.21539199332626e-13 
2.51663982698625e+01 6.48266874955600e-13 5.74220520447607e-13 
2.52016206607230e+01 5.98309255300956e-13 5.30487466331654e-13 
2.52368430515836e+01 5.52184712229821e-13 4.90075530227912e-13 
2.52720654424441e+01 5.09606447612733e-13 4.52727835113481e-13 
2.53072878333047e+01 4.70297129234845e-13 4.18218146042632e-13 
2.53425102241652e+01 4.34011975815043e-13 3.86326836765629e-13 
2.53777326150258e+01 4.00514367596482e-13 3.56860428908498e-13 
2.54129550058863e+01 3.69595408405681e-13 3.29631166120709e-13 
2.54481773967469e+01 3.41053236784668e-13 3.04473602709026e-13 
2.54833997876074e+01 3.14709601205238e-13 2.81227245378111e-13 
2.55186221784680e+01 2.90392311798269e-13 2.59750635531919e-13 
2.55538445693285e+01 2.67949283499425e-13 2.39906599247793e-13 
2.55890669601891e+01 2.47233652912461e-13 2.21574200779831e-13 
2.56242893510496e+01 2.28115675127672e-13 2.04636209995820e-13 
2.56595117419102e+01 2.10470102027995e-13 1.88989247915126e-13 
2.56947341327707e+01 1.94186259935156e-13 1.74533139216856e-13 
2.57299565236313e+01 1.79157346636245e-13 1.61179522431794e-13 
2.57651789144918e+01 1.65288967298394e-13 1.48842804814713e-13 
2.58004013053524e+01 1.52490059280268e-13 1.37447468818730e-13 
2.58356236962129e+01 1.40680121574978e-13 1.26920388905687e-13 
2.58708460870735e+01 1.29781520454162e-13 1.17197031083548e-13 
2.59060684779340e+01 1.19725611912941e-13 1.08214927206205e-13 
2.59412908687946e+01 1.10446218546158e-13 9.99189347321468e-14 
2.59765132596551e+01 1.01884814112119e-13 9.22556946760119e-14 
2.60117356505157e+01 9.39849937577356e-14 8.51785591752338e-14 
2.60469580413762e+01 8.66972223826113e-14 7.86424655641100e-14 
2.60821804322368e+01 7.99733196477201e-14 7.26075104501011e-14 
2.61174028230973e+01 7.37705732650752e-14 6.70346136742499e-14 
2.61526252139579e+01 6.80478694213552e-14 6.18891880300266e-14 
2.61878476048184e+01 6.27688309653047e-14 5.71378199602466e-14 
2.62230699956790e+01 5.78984521070591e-14 5.27510000588950e-14 
2.62582923865395e+01 5.34057527436111e-14 4.87002290120864e-14 
2.62935147774001e+01 4.92609290811444e-14 4.49603310171980e-14 
2.63287371682606e+01 4.54375986420988e-14 4.15069994111560e-14 
2.63639595591212e+01 4.19103877747421e-14 3.83187566660664e-14 
2.63991819499817e+01 3.86568304109152e-14 3.53748729522646e-14 
2.64344043408423e+01 3.56553255254370e-14 3.26570266611968e-14 
2.64696267317028e+01 3.28867430038867e-14 3.01475392773770e-14 
2.65048491225634e+01 3.03326943623246e-14 2.78307821502179e-14 
2.65400715134239e+01 2.79768908683067e-14 2.56916796406422e-14 
2.65752939042845e+01 2.58036795116237e-14 2.37169008886499e-14 
2.66105162951450e+01 2.37991915695957e-14 2.18935904893571e-14 
2.66457386860056e+01 2.19501031717008e-14 2.02103780913346e-14 
2.66809610768661e+01 2.02446066177807e-14 1.86563020406308e-14 
2.67161834677267e+01 1.86713611065692e-14 1.72216646344063e-14 
2.67514058585872e+01 1.72203141382926e-14 1.58971194174953e-14 
2.67866282494478e+01 1.58818132512358e-14 1.46743956693131e-14 
2.68218506403083e+01 1.46473006291507e-14 1.35455244878334e-14 
2.68570730311689e+01 1.35085611568406e-14 1.25034524887723e-14 
2.68922954220294e+01 1.24583097899880e-14 1.15413855870952e-14 
2.69275178128900e+01 1.14895550237686e-14 1.06533088374133e-14 
2.69627402037505e+01 1.05960955684604e-14 9.83343002561073e-15 
2.69979625946111e+01 9.77198152891416e-15 9.07661999458035e-15 
2.70331849854716e+01 9.01193437922893e-15 8.37794087510904e-15 
2.70684073763322e+01 8.31089086411722e-15 7.73301905061449e-15 
2.71036297671927e+01 7.66435810860719e-15 7.13764516072123e-15 
2.71388521580533e+01 7.06802755001535e-15 6.58809000242973e-15 
2.71740745489138e+01 6.51807519362791e-15 6.08076539436886e-15 
2.72092969397744e+01 6.01083482972159e-15 5.61249173887378e-15 
2.72445193306349e+01 5.54305190233624e-15 5.18021049275837e-15 
2.72797417214955e+01 5.11160691343440e-15 4.78121078190455e-15 
2.73149641123560e+01 4.71373006592436e-15 4.41288563056114e-15 
2.73501865032166e+01 4.34676715224846e-15 4.07292389064219e-15 
2.73854088940771e+01 4.00836102812650e-15 3.75910357421064e-15 
2.74206312849376e+01 3.69625346426169e-15 3.46945440271066e-15 
2.74558536757982e+01 3.40843857285701e-15 3.20208259883078e-15 
2.74910760666587e+01 3.14299510146422e-15 2.95530855005173e-15 
2.75262984575193e+01 2.89821614395724e-15 2.72751827398669e-15 
2.75615208483798e+01 2.67246720255204e-15 2.51728000361518e-15 
2.75967432392404e+01 2.46429584641395e-15 2.32321826778505e-15 
2.76319656301009e+01 2.27231158502992e-15 2.14411262342937e-15 
2.76671880209615e+01 2.09527857220689e-15 1.97879090996490e-15 
2.77024104118220e+01 1.93201394117490e-15 1.82621286063621e-15 
2.77376328026826e+01 1.78146617351744e-15 1.68537961284036e-15 
2.77728551935431e+01 1.64262906047023e-15 1.55540451293817e-15 
2.78080775844037e+01 1.51460795187373e-15 1.43543640830804e-15 
2.78432999752642e+01 1.39654694337589e-15 1.32471960600534e-15 
2.78785223661248e+01 1.28768487844177e-15 1.22252884867600e-15 
2.79137447569853e+01 1.18729372965249e-15 1.12822008758300e-15 
2.79489671478459e+01 1.09472593752886e-15 1.04117536363447e-15 
2.79841895387064e+01 1.00936226607573e-15 9.60845722911212e-16 
2.80194119295670e+01 9.30651754549640e-16 8.86703246399014e-16 
2.80546343204275e+01 8.58066666799184e-16 8.18278997642052e-16 
2.80898567112881e+01 7.91138874650463e-16 7.55123673258872e-16 
2.81250791021486e+01 7.29420862063512e-16 6.96839281224008e-16 
2.81603014930092e+01 6.72514332186363e-16 6.43044167850233e-16 
2.81955238838697e+01 6.20038611629576e-16 5.93399102948708e-16 
2.82307462747303e+01 5.71654834600658e-16 5.47578860857987e-16 
2.82659686655908e+01 5.27039201700255e-16 5.05294311690567e-16 
2.83011910564514e+01 4.85903424257616e-16 4.66268328062126e-16 
2.83364134473119e+01 4.47972092477178e-16 4.30254493299122e-16 
2.83716358381725e+01 4.12999957703406e-16 3.97016676076235e-16 
2.84068582290330e+01 3.80752779015343e-16 3.66344873128630e-16 
2.84420806198936e+01 3.51021931997988e-16 3.38037893931124e-16 
2.84773030107541e+01 3.23608199647369e-16 3.11916776370396e-16 
2.85125254016147e+01 2.98334120815866e-16 2.87810108361774e-16 
2.85477477924752e+01 2.75030273229669e-16 2.65565387920135e-16 
2.85829701833358e+01 2.53545710991675e-16 2.45036580507655e-16 
2.86181925741963e+01 2.33736356895767e-16 2.26093738157176e-16 
2.86534149650569e+01 2.15473824422843e-16 2.08612452327114e-16 
2.86886373559174e+01 1.98635595284302e-16 1.92481998617366e-16 
2.87238597467780e+01 1.83112475719536e-16 1.77596396630953e-16 
2.87590821376385e+01 1.68800284942555e-16 1.63861306057615e-16 
2.87943045284991e+01 1.55606156960967e-16 1.51186448909981e-16 
2.88295269193596e+01 1.43441507714068e-16 1.39491448212717e-16 
2.88647493102202e+01 1.32227360999382e-16 1.28699405185744e-16 
2.88999717010807e+01 1.21888397745973e-16 1.18741842516877e-16 
2.89351940919413e+01 1.12357457037276e-16 1.09553260616907e-16 
2.89704164828018e+01 1.03570501149431e-16 1.01075322665662e-16 
2.90056388736624e+01 9.54704193219855e-17 9.32522408214467e-17 
2.90408612645229e+01 8.80027677457698e-17 8.60343192316764e-17 
2.90760836553835e+01 8.11189839991895e-17 7.93740437700612e-17 
2.91113060462440e+01 7.47727828033730e-17 7.32290814148168e-17 
2.91465284371046e+01 6.89228723555011e-17 6.75589663285166e-17 
2.91817508279651e+01 6.35299049818100e-17 6.23276389390283e-17 
2.92169732188257e+01 5.85587724905907e-17 5.75006374929592e-17 
2.92521956096862e+01 5.39760263552062e-17 5.30472474113426e-17 
2.92874180005468e+01 4.97518172803800e-17 4.89381212824135e-17 
2.93226403914073e+01 4.58577126688021e-17 4.51470982535324e-17 
2.93578627822679e+01 4.22683355087138e-17 4.16491871596055e-17 
2.93930851731284e+01 3.89595179840112e-17 3.84221065563671e-17 
2.94283075639890e+01 3.59096862643911e-17 3.54445756268305e-17 
2.94635299548495e+01 3.30982985192461e-17 3.26976177059958e-17 
2.94987523457101e+01 3.05070149831045e-17 3.01631120405037e-17 
2.95339747365706e+01 2.81183765898032e-17 2.78248970868402e-17 
2.95691971274312e+01 2.59167935920856e-17 2.56675433489003e-17 
2.96044195182917e+01 2.38874277661712e-17 2.36772871692752e-17 
2.96396419091523e+01 2.20170277130275e-17 2.18409909308398e-17 
2.96748643000128e+01 2.02929832821739e-17 2.01469333499220e-17 
2.97100866908734e+01 1.87040313277308e-17 1.85839284667785e-17 
2.97453090817339e+01 1.72394558229753e-17 1.71419944600493e-17 
2.97805314725945e+01 1.58896841636809e-17 1.58116072074289e-17 
2.98157538634550e+01 1.46456105260836e-17 1.45842662623846e-17 
2.98509762543156e+01 1.34990996991488e-17 1.34518624595004e-17 
2.98861986451761e+01 1.24424146920734e-17 1.24071568334515e-17 
2.99214210360367e+01 1.14686424479280e-17 1.14432448743328e-17 
2.99566434268972e+01 1.05712096290000e-17 1.05539617460919e-17 
2.99918658177578e+01 9.74424234232350e-18 9.73341612307153e-18 
3.00270882086183e+01 8.98204130527532e-18 8.97641322702485e-18 
3.00623105994788e+01 8.27934086013350e-18 8.27814247908670e-18 
3.00975329903394e+01 7.63144222747523e-18 7.63407924825446e-18 
3.01327553811999e+01 7.03414359717500e-18 7.03996409211400e-18 
3.01679777720605e+01 6.48344761470538e-18 6.49199144029005e-18 
3.02032001629210e+01 5.97577918467112e-18 5.98653424100166e-18 
3.02384225537816e+01 5.50773793085511e-18 5.52035141891567e-18 
3.02736449446421e+01 5.07628223373139e-18 5.09035466242905e-18 
3.03088673355027e+01 4.67851976206739e-18 4.69378387586459e-18 
3.03440897263632e+01 4.31186296883079e-18 4.32800966995211e-18 
3.03793121172238e+01 3.97385184951785e-18 3.99068173623071e-18 
3.04145345080843e+01 3.66228531413221e-18 3.67956158480335e-18 
3.04497568989449e+01 3.37507122308675e-18 3.39264801159299e-18 
3.04849792898054e+01 3.11033737052022e-18 3.12803545964795e-18 
3.05202016806660e+01 2.86630460729364e-18 2.88402010880314e-18 
3.05554240715265e+01 2.64138059370211e-18 2.65897994231471e-18 
3.05906464623871e+01 2.43405246167379e-18 2.45146444572920e-18 
3.06258688532476e+01 2.24296600674318e-18 2.26009305867941e-18 
3.06610912441082e+01 2.06683488579120e-18 2.08363101030778e-18 
3.06963136349687e+01 1.90450750527209e-18 1.92090334299471e-18 
3.07315360258293e+01 1.75489021173388e-18 1.77085902276177e-18 
3.07667584166898e+01 1.61700378413728e-18 1.63249815138382e-18 
3.08019808075504e+01 1.48991846470243e-18 1.50492616100563e-18 
3.08372031984109e+01 1.37280166791045e-18 1.38729219526361e-18 
3.08724255892715e+01 1.26486302972748e-18 1.27883491873183e-18 
3.09076479801320e+01 1.16539469623181e-18 1.17883035631501e-18 
3.09428703709926e+01 1.07372484911547e-18 1.08663061234266e-18 
3.09780927618531e+01 9.89251725803807e-19 1.00161971904714e-18 
3.10133151527137e+01 9.11404316077927e-19 9.23246360579688e-19 
3.10485375435742e+01 8.39671087101185e-19 8.50986503024904e-19 
3.10837599344348e+01 7.73566746609055e-19 7.84371049757949e-19 
3.11189823252953e+01 7.12656495396430e-19 7.22954213249480e-19 
3.11542047161559e+01 6.56527922347838e-19 6.66336885308405e-19 
3.11894271070164e+01 6.04811479412995e-19 6.14139870055044e-19 
3.12246494978770e+01 5.57156717513107e-19 5.66023631709210e-19 
3.12598718887375e+01 5.13249571237772e-19 5.21665642925409e-19 
3.12950942795981e+01 4.72792266355016e-19 4.80777070514126e-19 
3.13303166704586e+01 4.35517910353403e-19 4.43083607547572e-19 
3.13655390613192e+01 4.01173505286659e-19 4.08339570882763e-19 
3.14007614521797e+01 3.69532263283242e-19 3.76311682201972e-19 
3.14359838430403e+01 3.40379245635743e-19 3.46790978018048e-19 
3.14712062339008e+01 3.13521757326067e-19 3.19579086774230e-19 
3.15064286247614e+01 2.88777207051782e-19 2.94498290105249e-19 
3.15416510156219e+01 2.65981879824619e-19 2.71379912544571e-19 
3.15768734064825e+01 2.44980675065639e-19 2.50072820453790e-19 
3.16120957973430e+01 2.25634509868518e-19 2.30433599686043e-19 
3.16473181882036e+01 2.07811645133293e-19 2.12333734311904e-19 
3.16825405790641e+01 1.91393932825148e-19 1.95651297388020e-19 
3.17177629699247e+01 1.76269484826401e-19 1.80277014156930e-19 
3.17529853607852e+01 1.62337944351126e-19 1.66107233245006e-19 
3.17882077516458e+01 1.49504290025018e-19 1.53049047343972e-19 
3.18234301425063e+01 1.37683283593264e-19 1.41014347877387e-19 
3.18586525333669e+01 1.26794233744719e-19 1.29924149392489e-19 
3.18938749242274e+01 1.16764748577768e-19 1.19703560977406e-19 
3.19290973150880e+01 1.07526310763622e-19 1.10285437949592e-19 
3.19643197059485e+01 9.90174432384944e-20 1.01606128913585e-19 
3.19995420968091e+01 9.11799702082700e-20 9.36085591889873e-20 
3.20347644876696e+01 8.39616876453932e-20 8.62386340800462e-20 
3.20699868785302e+01 7.73132040149747e-20 7.94478423022096e-20 
3.21052092693907e+01 7.11901928897027e-20 7.31902143909508e-20 
3.21404316602513e+01 6.55507236685108e-20 6.74245207048428e-20 
3.21756540511118e+01 6.03571615754503e-20 6.21116994409443e-20 
3.22108764419724e+01 5.55739125058708e-20 5.72167122277568e-20 
3.22460988328329e+01 5.11690255014527e-20 5.27063693694554e-20 
3.22813212236935e+01 4.71122875844042e-20 4.85508962672591e-20 
3.23165436145540e+01 4.33765752099192e-20 4.47220946501540e-20 
3.23517660054146e+01 3.99362448653756e-20 4.11946648016882e-20 
3.23869883962751e+01 3.67682727475987e-20 3.79446509600938e-20 
3.24222107871357e+01 3.38508952900658e-20 3.49505573454932e-20 
3.24574331779962e+01 3.11645701878301e-20 3.21920338896359e-20 
3.24926555688568e+01 2.86908281070789e-20 2.96508181581970e-20 
3.25278779597173e+01 2.64130830099279e-20 2.73096243217397e-20 
3.25631003505778e+01 2.43156622968635e-20 2.51529380819489e-20 
3.25983227414384e+01 2.23844900185765e-20 2.31660775089617e-20 
3.26335451322989e+01 2.06062677716770e-20 2.13358638675587e-20 
3.26687675231595e+01 1.89690507000311e-20 1.96498277809299e-20 
3.27039899140200e+01 1.74615557505133e-20 1.80967752934247e-20 
3.27392123048806e+01 1.60736472561151e-20 1.66661169120115e-20 
3.27744346957411e+01 1.47957527822571e-20 1.53483452350239e-20 
3.28096570866017e+01 1.36192724588494e-20 1.41344678842219e-20 
3.28448794774622e+01 1.25360857110766e-20 1.30164104885535e-20 
3.28801018683228e+01 1.15388962920923e-20 1.19865374485350e-20 
3.29153242591833e+01 1.06208157817122e-20 1.10379919180670e-20 
3.29505466500439e+01 9.77565440173815e-21 1.01642908206929e-20 
3.29857690409044e+01 8.99756935481637e-21 9.35961165984431e-21 
3.30209914317650e+01 8.28130992664195e-21 8.61845030272771e-21 
3.30562138226255e+01 7.62192058725541e-21 7.93586291835285e-21 
3.30914362134861e+01 7.01494755307884e-21 7.30717681801439e-21 
3.31266586043466e+01 6.45618813648440e-21 6.72819452740578e-21 
3.31618809952072e+01 5.94186481734262e-21 6.19494947258468e-21 
3.31971033860677e+01 5.46841364807442e-21 5.70387810046842e-21 
3.32323257769283e+01 5.03263093670988e-21 5.25161346784666e-21 
3.32675481677888e+01 4.63149463127510e-21 4.83513040239813e-21 
3.33027705586494e+01 4.26228791687455e-21 4.45157112533167e-21 
3.33379929495099e+01 3.92244844682992e-21 4.09836766638265e-21 
3.33732153403705e+01 3.60967248188575e-21 3.77309455814950e-21 
3.34084377312310e+01 3.32178763278428e-21 3.47357206103985e-21 
3.34436601220916e+01 3.05684060082901e-21 3.19774173481856e-21 
3.34788825129521e+01 2.81298977018747e-21 2.94375347434498e-21 
3.35141049038127e+01 2.58857912924979e-21 2.70986041283605e-21 
3.35493272946732e+01 2.38204762004203e-21 2.49449230055754e-21 
3.35845496855338e+01 2.19199141517570e-21 2.29616674308993e-21 
3.36197720763943e+01 2.01708741251035e-21 2.11355105946172e-21 
3.36549944672549e+01 1.85614570126398e-21 1.94538732273787e-21 
3.36902168581154e+01 1.70804499616637e-21 1.79054450005391e-21 
3.37254392489760e+01 1.57177683857961e-21 1.64795515519883e-21 
3.37606616398365e+01 1.44639110739745e-21 1.51665939102807e-21 
3.37958840306971e+01 1.33103325844847e-21 1.39575140544721e-21 
3.38311064215576e+01 1.22489833909636e-21 1.28441651864168e-21 
3.38663288124182e+01 1.12726236470938e-21 1.18188605434334e-21 
3.39015512032787e+01 1.03744350856330e-21 1.08746853336559e-21 
3.39367735941393e+01 9.54828541807747e-22 1.00051158917055e-21 
3.39719959849998e+01 8.78840076849153e-22 9.20428239553505e-22 
3.40072183758604e+01 8.08958852005788e-22 8.46670970614784e-22 
3.40424407667209e+01 7.44701435384287e-22 7.78748122542623e-22 
3.40776631575815e+01 6.85628156170699e-22 7.16194778993019e-22 
3.41128855484420e+01 6.31322704067178e-22 6.58586428206569e-22 
3.41481079393026e+01 5.81410950919246e-22 6.05520532670994e-22 
3.41833303301631e+01 5.35541199620027e-22 5.56634811761180e-22 
3.42185527210237e+01 4.93397467918689e-22 5.11587796508177e-22 
3.42537751118842e+01 4.54682823465722e-22 4.70071996530591e-22 
3.42889975027448e+01 4.19130593963243e-22 4.31797533897050e-22 
3.43242198936053e+01 3.86490297627483e-22 3.96503187617765e-22 
3.43594422844659e+01 3.56537115392039e-22 3.63942627391926e-22 
3.43946646753264e+01 3.29060002766116e-22 3.33893664956919e-22 
3.44298870661870e+01 3.03869707472871e-22 3.06146684645868e-22 
3.44651094570475e+01 2.80788713150432e-22 2.80512377542331e-22 
3.45003318479081e+01 2.59658041988765e-22 2.56812030058281e-22 
3.45355542387686e+01 2.40328734867641e-22 2.34883971750191e-22 
3.45707766296292e+01 2.22667641922955e-22 2.14575437453359e-22 
3.46059990204897e+01 2.06550189148015e-22 1.95747921435649e-22 
3.46412214113503e+01 1.91865329266356e-22 1.78270374585410e-22 
3.46764438022108e+01 1.78509382888368e-22 1.62023625174084e-22 
3.47116661930714e+01 1.66390296667486e-22 1.46894711540390e-22 
3.47468885839319e+01 1.55422378933450e-22 1.32780502138308e-22 
3.47821109747925e+01 1.45529991092329e-22 1.19582997230934e-22 
3.48173333656530e+01 1.36643024196519e-22 1.07212257296599e-22 
3.48525557565136e+01 1.28700132277566e-22 9.55825354094148e-23 
3.48877781473741e+01 1.21644818351126e-22 8.46146027644714e-23 
3.49230005382347e+01 1.15428304318176e-22 7.42325975011443e-23 
3.49582229290952e+01 1.10006113097722e-22 6.43658184888242e-23 
3.49934453199558e+01 1.05340658465656e-22 5.49460982605350e-23 
3.50286677108163e+01 1.01398190325094e-22 4.59090308301317e-23 
3.50638901016769e+01 9.81512264723759e-23 3.71922145136157e-23 
3.50991124925374e+01 9.55759663777421e-23 2.87361868233897e-23 
3.51343348833980e+01 9.36543975991697e-23 2.04830337897037e-23 
3.51695572742585e+01 9.23718240497087e-23 1.23766530746839e-23 
3.52047796651190e+01 9.17190411141858e-23 8.35219944076226e-24 
