Energy(eV)           EEDF(eV^-(3/2))      Anisotropy(eV^-(3/2))
6.63747433849157e-03 1.59177871868597e-01 3.47895295394290e-06 
1.99124230154747e-02 1.59175991406045e-01 5.70047345494645e-06 
3.31873716924578e-02 1.59174240533701e-01 7.12106350094918e-06 
4.64623203694410e-02 1.59172779175466e-01 7.78630829525103e-06 
5.97372690464241e-02 1.59171546204963e-01 7.85496055658952e-06 
7.30122177234072e-02 1.59170663666214e-01 7.36330544790897e-06 
8.62871664003904e-02 1.59170032512834e-01 6.67016116826942e-06 
9.95621150773735e-02 1.59169618171636e-01 5.76373774174947e-06 
1.12837063754357e-01 1.59169358610949e-01 4.89755438257909e-06 
1.26112012431340e-01 1.59169188815911e-01 4.27489221200610e-06 
1.39386961108323e-01 1.59169065254520e-01 3.75839070872332e-06 
1.52661909785306e-01 1.59168984567796e-01 3.19163408538284e-06 
1.65936858462289e-01 1.59168930753881e-01 2.71939803121104e-06 
1.79211807139272e-01 1.59168894778483e-01 2.36574114036194e-06 
1.92486755816255e-01 1.59168867611295e-01 2.09721723403759e-06 
2.05761704493239e-01 1.59168848710716e-01 1.94649833747201e-06 
2.19036653170222e-01 1.59168830297926e-01 1.99331591878069e-06 
2.32311601847205e-01 1.59168811960776e-01 2.04578138190895e-06 
2.45586550524188e-01 1.59168793801521e-01 2.12921498213600e-06 
2.58861499201171e-01 1.59168774590182e-01 2.46863867936964e-06 
2.72136447878154e-01 1.59168746643519e-01 3.00684960668749e-06 
2.85411396555137e-01 1.59168707880094e-01 3.58586277575231e-06 
2.98686345232121e-01 1.59168656031475e-01 4.23958640930475e-06 
3.11961293909104e-01 1.59168586831917e-01 5.01537979232443e-06 
3.25236242586087e-01 1.59168493875154e-01 5.88102133546934e-06 
3.38511191263070e-01 1.59168372706292e-01 6.80043404210123e-06 
3.51786139940053e-01 1.59168218543368e-01 7.81385712395191e-06 
3.65061088617036e-01 1.59168022877712e-01 8.93961586934505e-06 
3.78336037294019e-01 1.59167777137166e-01 1.01451388265340e-05 
3.91610985971002e-01 1.59167474018792e-01 1.14127843517070e-05 
4.04885934647986e-01 1.59167105780755e-01 1.27186789089384e-05 
4.18160883324969e-01 1.59166667129401e-01 1.40615552436276e-05 
4.31435832001952e-01 1.59166150532743e-01 1.54602391300587e-05 
4.44710780678935e-01 1.59165547670029e-01 1.69176510294161e-05 
4.57985729355918e-01 1.59164849826785e-01 1.84337767748836e-05 
4.71260678032901e-01 1.59164047894878e-01 2.00086035020164e-05 
4.84535626709884e-01 1.59163132372595e-01 2.16421191081303e-05 
4.97810575386868e-01 1.59162093364726e-01 2.33288162232159e-05 
5.11085524063851e-01 1.59160921589484e-01 2.50578708366560e-05 
5.24360472740834e-01 1.59159608655772e-01 2.68345315727638e-05 
5.37635421417817e-01 1.59158143943963e-01 2.86682025150858e-05 
5.50910370094800e-01 1.59156516462931e-01 3.05588715825794e-05 
5.64185318771783e-01 1.59154714850199e-01 3.25065259603035e-05 
5.77460267448766e-01 1.59152727372088e-01 3.45111519856262e-05 
5.90735216125750e-01 1.59150541923892e-01 3.65727350379868e-05 
6.04010164802733e-01 1.59148146030063e-01 3.86912594369422e-05 
6.17285113479716e-01 1.59145526844417e-01 4.08667083435084e-05 
6.30560062156699e-01 1.59142671150357e-01 4.30990636656762e-05 
6.43835010833682e-01 1.59139565361114e-01 4.53883059674032e-05 
6.57109959510665e-01 1.59136195520014e-01 4.77344143750783e-05 
6.70384908187648e-01 1.59132547300761e-01 5.01373664859992e-05 
6.83659856864631e-01 1.59128606007749e-01 5.25971382795395e-05 
6.96934805541615e-01 1.59124356576390e-01 5.51116971796235e-05 
7.10209754218598e-01 1.59119784202025e-01 5.76755358401381e-05 
7.23484702895581e-01 1.59114874926805e-01 6.02905996392661e-05 
7.36759651572564e-01 1.59109612801678e-01 6.29618282211085e-05 
7.50034600249547e-01 1.59103981517194e-01 6.56891885540020e-05 
7.63309548926530e-01 1.59097964403972e-01 6.84726454651974e-05 
7.76584497603513e-01 1.59091544433193e-01 7.13121615467210e-05 
7.89859446280497e-01 1.59084704217127e-01 7.42076970594425e-05 
8.03134394957480e-01 1.59077426009694e-01 7.71592098329169e-05 
8.16409343634463e-01 1.59069691707062e-01 8.01666551673640e-05 
8.29684292311446e-01 1.59061482848280e-01 8.32299857322767e-05 
8.42959240988429e-01 1.59052780615950e-01 8.63491514637539e-05 
8.56234189665412e-01 1.59043565836936e-01 8.95240994599533e-05 
8.69509138342395e-01 1.59033818983120e-01 9.27547738747977e-05 
8.82784087019378e-01 1.59023520172196e-01 9.60411158109300e-05 
8.96059035696362e-01 1.59012649168509e-01 9.93830632102884e-05 
9.09333984373345e-01 1.59001185383944e-01 1.02780550742857e-04 
9.22608933050328e-01 1.58989107878855e-01 1.06233509694544e-04 
9.35883881727311e-01 1.58976395363051e-01 1.09741867853475e-04 
9.49158830404294e-01 1.58963026196828e-01 1.13305549393990e-04 
9.62433779081277e-01 1.58948978392053e-01 1.16924474758838e-04 
9.75708727758260e-01 1.58934229613311e-01 1.20598560540693e-04 
9.88983676435244e-01 1.58918757179091e-01 1.24327719361519e-04 
1.00225862511223e+00 1.58902538063050e-01 1.27970772307304e-04 
1.01553357378921e+00 1.58885621006180e-01 1.31459915559959e-04 
1.02880852246619e+00 1.58868022840329e-01 1.34927523190522e-04 
1.04208347114318e+00 1.58849725664310e-01 1.38439210084904e-04 
1.05535841982016e+00 1.58830711357536e-01 1.41994893783230e-04 
1.06863336849714e+00 1.58810961581008e-01 1.45594488672643e-04 
1.08190831717413e+00 1.58790457778345e-01 1.49237905911378e-04 
1.09518326585111e+00 1.58769181176852e-01 1.52925053349620e-04 
1.10845821452809e+00 1.58747112788624e-01 1.56655835450615e-04 
1.12173316320507e+00 1.58724233411698e-01 1.60430153212758e-04 
1.13500811188206e+00 1.58700523631239e-01 1.64247904089112e-04 
1.14828306055904e+00 1.58675963820771e-01 1.68108981905846e-04 
1.16155800923602e+00 1.58650534143455e-01 1.72013276781549e-04 
1.17483295791301e+00 1.58624214553406e-01 1.75960675045503e-04 
1.18810790658999e+00 1.58596984797056e-01 1.79951059154841e-04 
1.20138285526697e+00 1.58568824414567e-01 1.84075003839362e-04 
1.21465780394396e+00 1.58539656856144e-01 1.88391326966688e-04 
1.22793275262094e+00 1.58509421266172e-01 1.92813268966405e-04 
1.24120770129792e+00 1.58478092316176e-01 1.97283893693275e-04 
1.25448264997491e+00 1.58445644412880e-01 2.01803037274153e-04 
1.26775759865189e+00 1.58412051700408e-01 2.06370530210018e-04 
1.28103254732887e+00 1.58377288062558e-01 2.10986197255082e-04 
1.29430749600586e+00 1.58341327125149e-01 2.15638374601789e-04 
1.30758244468284e+00 1.58304149969975e-01 2.20175855245816e-04 
1.32085739335982e+00 1.58265832765850e-01 2.24611170809266e-04 
1.33413234203680e+00 1.58226352940677e-01 2.29087793915292e-04 
1.34740729071379e+00 1.58185687736359e-01 2.33605550615274e-04 
1.36068223939077e+00 1.58143814210879e-01 2.38164261907023e-04 
1.37395718806775e+00 1.58100709240448e-01 2.42763743646036e-04 
1.38723213674474e+00 1.58056349521701e-01 2.47403806455665e-04 
1.40050708542172e+00 1.58010711573967e-01 2.52084255637334e-04 
1.41378203409870e+00 1.57963771741591e-01 2.56804891080347e-04 
1.42705698277569e+00 1.57915506196331e-01 2.61565507171763e-04 
1.44033193145267e+00 1.57865890939805e-01 2.66365892705738e-04 
1.45360688012965e+00 1.57814901806018e-01 2.71205830792963e-04 
1.46688182880664e+00 1.57762514463945e-01 2.76085098770251e-04 
1.48015677748362e+00 1.57708704420189e-01 2.81003468109341e-04 
1.49343172616060e+00 1.57653447021697e-01 2.85958781985680e-04 
1.50670667483759e+00 1.57596718952674e-01 2.90581381429566e-04 
1.51998162351457e+00 1.57538785011800e-01 2.94875617012011e-04 
1.53325657219155e+00 1.57479629263299e-01 2.99196333934785e-04 
1.54653152086854e+00 1.57419235707005e-01 3.03543357290940e-04 
1.55980646954552e+00 1.57357588279929e-01 3.07916508671492e-04 
1.57308141822250e+00 1.57294670857850e-01 3.12315606127147e-04 
1.58635636689948e+00 1.57230467256939e-01 3.16740464130868e-04 
1.59963131557647e+00 1.57164961235410e-01 3.21190893539245e-04 
1.61290626425345e+00 1.57098136495203e-01 3.25666701554584e-04 
1.62618121293043e+00 1.57029976683699e-01 3.30167691687615e-04 
1.63945616160742e+00 1.56960465395460e-01 3.34693663720345e-04 
1.65273111028440e+00 1.56889586174007e-01 3.39244413668242e-04 
1.66600605896138e+00 1.56817322513624e-01 3.43819733743362e-04 
1.67928100763837e+00 1.56743657861197e-01 3.48419412318630e-04 
1.69255595631535e+00 1.56668575618079e-01 3.53043233890843e-04 
1.70583090499233e+00 1.56592059141996e-01 3.57690979044441e-04 
1.71910585366932e+00 1.56514091748973e-01 3.62362424416063e-04 
1.73238080234630e+00 1.56434656715306e-01 3.67057342658553e-04 
1.74565575102328e+00 1.56353737279553e-01 3.71775502406738e-04 
1.75893069970027e+00 1.56271316644564e-01 3.76516668242361e-04 
1.77220564837725e+00 1.56187377979549e-01 3.81280600659131e-04 
1.78548059705423e+00 1.56101904422168e-01 3.86067056029868e-04 
1.79875554573121e+00 1.56014879080658e-01 3.90875786572451e-04 
1.81203049440820e+00 1.55926285036002e-01 3.95706540316283e-04 
1.82530544308518e+00 1.55836105344115e-01 4.00559061070340e-04 
1.83858039176216e+00 1.55744323038078e-01 4.05433088390565e-04 
1.85185534043915e+00 1.55650921130401e-01 4.10328357548502e-04 
1.86513028911613e+00 1.55555882615314e-01 4.15244599499320e-04 
1.87840523779311e+00 1.55459190471100e-01 4.20181540851524e-04 
1.89168018647010e+00 1.55360827662458e-01 4.25138903837572e-04 
1.90495513514708e+00 1.55260777142904e-01 4.30618751187914e-04 
1.91823008382406e+00 1.55158552407084e-01 4.36690176478230e-04 
1.93150503250105e+00 1.55054055632723e-01 4.42864722401897e-04 
1.94477998117803e+00 1.54947256230012e-01 4.49070841802286e-04 
1.95805492985501e+00 1.54838123548723e-01 4.55308042638289e-04 
1.97132987853200e+00 1.54726626884201e-01 4.61575823122309e-04 
1.98460482720898e+00 1.54612735483468e-01 4.67873671635452e-04 
1.99787977588596e+00 1.54496418551443e-01 4.74201066645079e-04 
2.01115472456295e+00 1.54377645257274e-01 4.80557476624007e-04 
2.02442967323993e+00 1.54256384740774e-01 4.86942359971364e-04 
2.03770462191691e+00 1.54132606118984e-01 4.93355164935573e-04 
2.05097957059389e+00 1.54006278492841e-01 4.99795329539841e-04 
2.06425451927088e+00 1.53877370953957e-01 5.06262281509489e-04 
2.07752946794786e+00 1.53745852591524e-01 5.12755438201607e-04 
2.09080441662484e+00 1.53611692499320e-01 5.19274206537104e-04 
2.10407936530183e+00 1.53474859782840e-01 5.25312424024175e-04 
2.11735431397881e+00 1.53335852903544e-01 5.30752836873640e-04 
2.13062926265579e+00 1.53194780176827e-01 5.36088074092115e-04 
2.14390421133278e+00 1.53051624920747e-01 5.41436032177600e-04 
2.15717916000976e+00 1.52906370509502e-01 5.46796317929408e-04 
2.17045410868674e+00 1.52759000376687e-01 5.52168533222789e-04 
2.18372905736373e+00 1.52609498018594e-01 5.57552275000589e-04 
2.19700400604071e+00 1.52457846997535e-01 5.63065638606499e-04 
2.21027895471769e+00 1.52303902634901e-01 5.69022648675031e-04 
2.22355390339467e+00 1.52147303194219e-01 5.75304341690752e-04 
2.23682885207166e+00 1.51988023310126e-01 5.81602319676473e-04 
2.25010380074864e+00 1.51826037701439e-01 5.87915976658493e-04 
2.26337874942562e+00 1.51661321177566e-01 5.94244697955962e-04 
2.27665369810261e+00 1.51493848644997e-01 6.00587860163412e-04 
2.28992864677959e+00 1.51323595113869e-01 6.06944831134545e-04 
2.30320359545657e+00 1.51150535704613e-01 6.13314969968977e-04 
2.31647854413356e+00 1.50974645654671e-01 6.19697627002737e-04 
2.32975349281054e+00 1.50795900325294e-01 6.26092143800404e-04 
2.34302844148752e+00 1.50614275208406e-01 6.32497853150288e-04 
2.35630339016451e+00 1.50429745933553e-01 6.38914079062874e-04 
2.36957833884149e+00 1.50242288274914e-01 6.45340136771745e-04 
2.38285328751847e+00 1.50051878158392e-01 6.51775332737907e-04 
2.39612823619546e+00 1.49858491668770e-01 6.58218964656685e-04 
2.40940318487244e+00 1.49662105056942e-01 6.64670321468594e-04 
2.42267813354942e+00 1.49462694747209e-01 6.71128683372853e-04 
2.43595308222641e+00 1.49260237344647e-01 6.77593321843955e-04 
2.44922803090339e+00 1.49054709642539e-01 6.84063499652287e-04 
2.46250297958037e+00 1.48846088629870e-01 6.90538470887165e-04 
2.47577792825735e+00 1.48634351498895e-01 6.97017480983937e-04 
2.48905287693434e+00 1.48419475652762e-01 7.03499766754529e-04 
2.50232782561132e+00 1.48201438713198e-01 7.10306439320422e-04 
2.51560277428830e+00 1.47979820588272e-01 7.17588482967353e-04 
2.52887772296529e+00 1.47754399105496e-01 7.25027451693684e-04 
2.54215267164227e+00 1.47525142110013e-01 7.32470126320032e-04 
2.55542762031925e+00 1.47292017761754e-01 7.39915422637245e-04 
2.56870256899624e+00 1.47054994548703e-01 7.47362242864215e-04 
2.58197751767322e+00 1.46814041300284e-01 7.54809475717206e-04 
2.59525246635020e+00 1.46569127200866e-01 7.62255996485783e-04 
2.60852741502719e+00 1.46320221803373e-01 7.69700667116867e-04 
2.62180236370417e+00 1.46067295043019e-01 7.77142336306433e-04 
2.63507731238115e+00 1.45810317251132e-01 7.84579839597509e-04 
2.64835226105814e+00 1.45549259169098e-01 7.92011999487625e-04 
2.66162720973512e+00 1.45284091962389e-01 7.99437625543557e-04 
2.67490215841210e+00 1.45014787234697e-01 8.06855514523300e-04 
2.68817710708908e+00 1.44741317042151e-01 8.14264450507587e-04 
2.70145205576607e+00 1.44463653907623e-01 8.21663205038419e-04 
2.71472700444305e+00 1.44181770835120e-01 8.29050537266192e-04 
2.72800195312003e+00 1.43895641324243e-01 8.36425194106277e-04 
2.74127690179702e+00 1.43605239384731e-01 8.43785910403293e-04 
2.75455185047400e+00 1.43310539551059e-01 8.51131409103238e-04 
2.76782679915098e+00 1.43011516897110e-01 8.58460401435942e-04 
2.78110174782797e+00 1.42708147050896e-01 8.65771587105757e-04 
2.79437669650495e+00 1.42400406209334e-01 8.73044237275883e-04 
2.80765164518193e+00 1.42088298759487e-01 8.80042105211958e-04 
2.82092659385892e+00 1.41772138841857e-01 8.86786191392924e-04 
2.83420154253590e+00 1.41451909317708e-01 8.93507299044393e-04 
2.84747649121288e+00 1.41127593595097e-01 9.00204258650992e-04 
2.86075143988987e+00 1.40799175640409e-01 9.06875892983897e-04 
2.87402638856685e+00 1.40466639989885e-01 9.13521017312237e-04 
2.88730133724383e+00 1.40129971761157e-01 9.20138439621070e-04 
2.90057628592082e+00 1.39789156664749e-01 9.26726960836805e-04 
2.91385123459780e+00 1.39444181015583e-01 9.33285375060012e-04 
2.92712618327478e+00 1.39095031744439e-01 9.39812469804677e-04 
2.94040113195176e+00 1.38741696409407e-01 9.46307026244435e-04 
2.95367608062875e+00 1.38384163207290e-01 9.52767819466255e-04 
2.96695102930573e+00 1.38022420984976e-01 9.59193618731196e-04 
2.98022597798271e+00 1.37656459250761e-01 9.65583187742079e-04 
2.99350092665970e+00 1.37286268185626e-01 9.71932563219156e-04 
3.00677587533668e+00 1.36911842839228e-01 9.77981920875017e-04 
3.02005082401366e+00 1.36533574437150e-01 9.83736254083424e-04 
3.03332577269065e+00 1.36151458973121e-01 9.89450975072398e-04 
3.04660072136763e+00 1.35765493048832e-01 9.95125019300104e-04 
3.05987567004461e+00 1.35375673881887e-01 1.00075732004114e-03 
3.07315061872160e+00 1.34981999313682e-01 1.00634680863975e-03 
3.08642556739858e+00 1.34584467817190e-01 1.01189241476821e-03 
3.09970051607556e+00 1.34183078504665e-01 1.01739306668989e-03 
3.11297546475254e+00 1.33777831135250e-01 1.02284769152737e-03 
3.12625041342953e+00 1.33368726122488e-01 1.02825521553472e-03 
3.13952536210651e+00 1.32955764541736e-01 1.03361456437508e-03 
3.15280031078349e+00 1.32538948137464e-01 1.03892466340276e-03 
3.16607525946048e+00 1.32118279330448e-01 1.04418443794979e-03 
3.17935020813746e+00 1.31693761224850e-01 1.04939281361707e-03 
3.19262515681444e+00 1.31265397615171e-01 1.05454871656994e-03 
3.20590010549143e+00 1.30833192993081e-01 1.05965107383864e-03 
3.21917505416841e+00 1.30397152554123e-01 1.06469881362260e-03 
3.23245000284539e+00 1.29957282204278e-01 1.06969086559945e-03 
3.24572495152238e+00 1.29513588566390e-01 1.07462616123787e-03 
3.25899990019936e+00 1.29066078986448e-01 1.07950363411499e-03 
3.27227484887634e+00 1.28614761539720e-01 1.08432222023778e-03 
3.28554979755333e+00 1.28159645036730e-01 1.08908085836804e-03 
3.29882474623031e+00 1.27700739029079e-01 1.09377849035179e-03 
3.31209969490729e+00 1.27238053815098e-01 1.09841406145252e-03 
3.32537464358428e+00 1.26771600445334e-01 1.10298652068777e-03 
3.33864959226126e+00 1.26301390727867e-01 1.10749482116955e-03 
3.35192454093824e+00 1.25827437233438e-01 1.11193792044827e-03 
3.36519948961522e+00 1.25349753300403e-01 1.11631478086011e-03 
3.37847443829221e+00 1.24868353039495e-01 1.12062436987776e-03 
3.39174938696919e+00 1.24383251338391e-01 1.12486566046429e-03 
3.40502433564617e+00 1.23894463866084e-01 1.12903763142977e-03 
3.41829928432316e+00 1.23402007077048e-01 1.13313926779127e-03 
3.43157423300014e+00 1.22905898215200e-01 1.13716956113576e-03 
3.44484918167712e+00 1.22406155317648e-01 1.14112750998531e-03 
3.45812413035411e+00 1.21902797218215e-01 1.14501212016489e-03 
3.47139907903109e+00 1.21395843550752e-01 1.14882240517280e-03 
3.48467402770807e+00 1.20885314752217e-01 1.15255738655344e-03 
3.49794897638506e+00 1.20371232065522e-01 1.15621609427187e-03 
3.51122392506204e+00 1.19853617542147e-01 1.15979756709055e-03 
3.52449887373902e+00 1.19332494044512e-01 1.16330085294760e-03 
3.53777382241601e+00 1.18807885248104e-01 1.16672500933710e-03 
3.55104877109299e+00 1.18279815643352e-01 1.17006910369097e-03 
3.56432371976997e+00 1.17748310537252e-01 1.17333221376162e-03 
3.57759866844695e+00 1.17213396054730e-01 1.17651342800621e-03 
3.59087361712394e+00 1.16675099139744e-01 1.17961184597163e-03 
3.60414856580092e+00 1.16133447556115e-01 1.18252046177145e-03 
3.61742351447790e+00 1.15588666933357e-01 1.18521590013199e-03 
3.63069846315489e+00 1.15040832181038e-01 1.18780456837596e-03 
3.64397341183187e+00 1.14489973364062e-01 1.19031032149166e-03 
3.65724836050885e+00 1.13936121278418e-01 1.19273242080996e-03 
3.67052330918584e+00 1.13379307449972e-01 1.19507014035295e-03 
3.68379825786282e+00 1.12819564133001e-01 1.19732276716436e-03 
3.69707320653980e+00 1.12256924308479e-01 1.19948960163946e-03 
3.71034815521679e+00 1.11691421682097e-01 1.20156995785366e-03 
3.72362310389377e+00 1.11123090682029e-01 1.20356316388991e-03 
3.73689805257075e+00 1.10551966456436e-01 1.20546856216508e-03 
3.75017300124774e+00 1.09978084870699e-01 1.20728550975425e-03 
3.76344794992472e+00 1.09401482504391e-01 1.20901337871348e-03 
3.77672289860170e+00 1.08822196647978e-01 1.21065155640049e-03 
3.78999784727869e+00 1.08240265299246e-01 1.21219944579335e-03 
3.80327279595567e+00 1.07655727159461e-01 1.21365646580679e-03 
3.81654774463265e+00 1.07068621629247e-01 1.21502205160594e-03 
3.82982269330963e+00 1.06478988804189e-01 1.21629565491734e-03 
3.84309764198662e+00 1.05886869470167e-01 1.21747674433727e-03 
3.85637259066360e+00 1.05292305098392e-01 1.21856480563684e-03 
3.86964753934058e+00 1.04695337840182e-01 1.21955934206367e-03 
3.88292248801757e+00 1.04096010521441e-01 1.22045987464022e-03 
3.89619743669455e+00 1.03494366636858e-01 1.22126594245842e-03 
3.90947238537153e+00 1.02890450343830e-01 1.22197710297061e-03 
3.92274733404852e+00 1.02284306456087e-01 1.22259293227616e-03 
3.93602228272550e+00 1.01675980437044e-01 1.22311302540408e-03 
3.94929723140248e+00 1.01065518392860e-01 1.22353699659080e-03 
3.96257218007947e+00 1.00452967065211e-01 1.22386447955351e-03 
3.97584712875645e+00 9.98383738237800e-02 1.22409512775875e-03 
3.98912207743343e+00 9.92217866584595e-02 1.22422861468586e-03 
4.00239702611042e+00 9.86032541712652e-02 1.22441345515233e-03 
4.01567197478740e+00 9.79825195639184e-02 1.22471553752624e-03 
4.02894692346438e+00 9.73594910053400e-02 1.22498163729646e-03 
4.04222187214136e+00 9.67342219538217e-02 1.22514062459082e-03 
4.05549682081835e+00 9.61067666225544e-02 1.22519212791785e-03 
4.06877176949533e+00 9.54771799695656e-02 1.22513580073301e-03 
4.08204671817231e+00 9.48455176872727e-02 1.22497132176514e-03 
4.09532166684930e+00 9.42118361916488e-02 1.22469839533542e-03 
4.10859661552628e+00 9.35761926110050e-02 1.22431675166810e-03 
4.12187156420326e+00 9.29386447743883e-02 1.22382614719293e-03 
4.13514651288025e+00 9.22992511995975e-02 1.22322636483903e-03 
4.14842146155723e+00 9.16580710808169e-02 1.22251721431962e-03 
4.16169641023421e+00 9.10151642758717e-02 1.22169853240785e-03 
4.17497135891120e+00 9.03705912931058e-02 1.22077018320300e-03 
4.18824630758818e+00 8.97244132778840e-02 1.21973205838690e-03 
4.20152125626516e+00 8.90766919987224e-02 1.21858407747037e-03 
4.21479620494214e+00 8.84274898330481e-02 1.21732618802956e-03 
4.22807115361913e+00 8.77768697525929e-02 1.21595836593142e-03 
4.24134610229611e+00 8.71248953084232e-02 1.21448061554857e-03 
4.25462105097309e+00 8.64716306156104e-02 1.21289296996319e-03 
4.26789599965008e+00 8.58171403375443e-02 1.21119549115919e-03 
4.28117094832706e+00 8.51614896698963e-02 1.20938827020317e-03 
4.29444589700404e+00 8.45047443242338e-02 1.20747142741346e-03 
4.30772084568103e+00 8.38469705112921e-02 1.20544511251705e-03 
4.32099579435801e+00 8.31882349239095e-02 1.20330950479426e-03 
4.33427074303499e+00 8.25286047196280e-02 1.20106481321082e-03 
4.34754569171198e+00 8.18681475029689e-02 1.19871127653725e-03 
4.36082064038896e+00 8.12069313073859e-02 1.19624916345533e-03 
4.37409558906594e+00 8.05450245769034e-02 1.19367877265123e-03 
4.38737053774293e+00 7.98824961474459e-02 1.19100043289534e-03 
4.40064548641991e+00 7.92194152278653e-02 1.18821450310849e-03 
4.41392043509689e+00 7.85558513806729e-02 1.18532137241443e-03 
4.42719538377388e+00 7.78918745024827e-02 1.18232146017823e-03 
4.44047033245086e+00 7.72275548041749e-02 1.17921521603070e-03 
4.45374528112784e+00 7.65629627907853e-02 1.17600311987840e-03 
4.46702022980482e+00 7.58981692411305e-02 1.17268568189917e-03 
4.48029517848181e+00 7.52332451871758e-02 1.16926344252309e-03 
4.49357012715879e+00 7.45682618931548e-02 1.16573318453459e-03 
4.50684507583577e+00 7.39032996888226e-02 1.16185883294540e-03 
4.52012002451276e+00 7.32389854470119e-02 1.15765230971363e-03 
4.53339497318974e+00 7.25753817633147e-02 1.15335878777822e-03 
4.54666992186672e+00 7.19125511984426e-02 1.14897901802850e-03 
4.55994487054371e+00 7.12505562609239e-02 1.14451377359598e-03 
4.57321981922069e+00 7.05894593897317e-02 1.13996384968144e-03 
4.58649476789767e+00 6.99293229368501e-02 1.13533006337143e-03 
4.59976971657466e+00 6.92702091497862e-02 1.13061325344406e-03 
4.61304466525164e+00 6.86121801540359e-02 1.12581428016470e-03 
4.62631961392862e+00 6.79552979355107e-02 1.12093402507078e-03 
4.63959456260561e+00 6.72996243229353e-02 1.11597339074615e-03 
4.65286951128259e+00 6.66452209702221e-02 1.11093330058516e-03 
4.66614445995957e+00 6.59921493388317e-02 1.10581469854633e-03 
4.67941940863656e+00 6.53404706801281e-02 1.10061854889553e-03 
4.69269435731354e+00 6.46902460177367e-02 1.09534583593913e-03 
4.70596930599052e+00 6.40415361299118e-02 1.08999756374670e-03 
4.71924425466750e+00 6.33944015319260e-02 1.08457475586376e-03 
4.73251920334449e+00 6.27489024584856e-02 1.07907845501450e-03 
4.74579415202147e+00 6.21050988461838e-02 1.07350972279446e-03 
4.75906910069845e+00 6.14630503159984e-02 1.06786963935334e-03 
4.77234404937544e+00 6.08228161558446e-02 1.06215930306820e-03 
4.78561899805242e+00 6.01844553031891e-02 1.05637983020688e-03 
4.79889394672940e+00 5.95480263277369e-02 1.05053235458214e-03 
4.81216889540639e+00 5.89135874141975e-02 1.04461802719619e-03 
4.82544384408337e+00 5.82811963451403e-02 1.03863801587607e-03 
4.83871879276035e+00 5.76509104839481e-02 1.03259350490005e-03 
4.85199374143734e+00 5.70227867578769e-02 1.02648569461488e-03 
4.86526869011432e+00 5.63968816412311e-02 1.02031580104430e-03 
4.87854363879130e+00 5.57732511386633e-02 1.01408505548905e-03 
4.89181858746829e+00 5.51519507686065e-02 1.00779470411844e-03 
4.90509353614527e+00 5.45330355468491e-02 1.00144600755346e-03 
4.91836848482225e+00 5.39165599702590e-02 9.95040240441973e-04 
4.93164343349923e+00 5.33025780006684e-02 9.88578691025975e-04 
4.94491838217622e+00 5.26911430489255e-02 9.82062660701222e-04 
4.95819333085320e+00 5.20823079591228e-02 9.75493463569234e-04 
4.97146827953018e+00 5.14761249930115e-02 9.68872425982183e-04 
4.98474322820717e+00 5.08726458146081e-02 9.62200886080674e-04 
4.99801817688415e+00 5.02719214750042e-02 9.55542292893392e-04 
5.01129312556113e+00 4.96738411683762e-02 9.49009377789329e-04 
5.02456807423812e+00 4.90781625708415e-02 9.42533746175262e-04 
5.03784302291510e+00 4.84849469668697e-02 9.35997347360160e-04 
5.05111797159208e+00 4.78942550179401e-02 9.29401680488803e-04 
5.06439292026907e+00 4.73061467416908e-02 9.22748260895915e-04 
5.07766786894605e+00 4.67206814913046e-02 9.16038619504980e-04 
5.09094281762303e+00 4.61379179351431e-02 9.09274302216664e-04 
5.10421776630001e+00 4.55579140366427e-02 9.02456869287179e-04 
5.11749271497700e+00 4.49807270344861e-02 8.95587894697037e-04 
5.13076766365398e+00 4.44064134230594e-02 8.88668965510304e-04 
5.14404261233096e+00 4.38350289332109e-02 8.81701681225049e-04 
5.15731756100795e+00 4.32666285133205e-02 8.74687653115172e-04 
5.17059250968493e+00 4.27012663106944e-02 8.67628503563916e-04 
5.18386745836191e+00 4.21389956532966e-02 8.60525865389787e-04 
5.19714240703890e+00 4.15798690318285e-02 8.53381381165013e-04 
5.21041735571588e+00 4.10239380821690e-02 8.46196702527069e-04 
5.22369230439286e+00 4.04712535681864e-02 8.38973489483705e-04 
5.23696725306985e+00 3.99218653649336e-02 8.31713409711876e-04 
5.25024220174683e+00 3.93758224422381e-02 8.24418137851054e-04 
5.26351715042381e+00 3.88331728486963e-02 8.17089354791410e-04 
5.27679209910080e+00 3.82939636960852e-02 8.09728746957188e-04 
5.29006704777778e+00 3.77582411441993e-02 8.02338005585878e-04 
5.30334199645476e+00 3.72260503861250e-02 7.94918826003669e-04 
5.31661694513175e+00 3.66974356339610e-02 7.87472906897494e-04 
5.32989189380873e+00 3.61724401049953e-02 7.80001949584365e-04 
5.34316684248571e+00 3.56511060083475e-02 7.72507657278355e-04 
5.35644179116269e+00 3.51334745320855e-02 7.64991734355744e-04 
5.36971673983968e+00 3.46195858308258e-02 7.57455885618908e-04 
5.38299168851666e+00 3.41094790138256e-02 7.49901815559231e-04 
5.39626663719364e+00 3.36031921335740e-02 7.42331227619845e-04 
5.40954158587063e+00 3.31007621748915e-02 7.34745823458550e-04 
5.42281653454761e+00 3.26022250445439e-02 7.27147302211337e-04 
5.43609148322459e+00 3.21076155613786e-02 7.19537359757210e-04 
5.44936643190158e+00 3.16169674469891e-02 7.11917687984735e-04 
5.46264138057856e+00 3.11303133169147e-02 7.04289974060776e-04 
5.47591632925554e+00 3.06476846723808e-02 6.96655899702048e-04 
5.48919127793253e+00 3.01691118925863e-02 6.89017140449932e-04 
5.50246622660951e+00 2.96946242275417e-02 6.81375364949039e-04 
5.51574117528649e+00 2.92242497914636e-02 6.73732234230090e-04 
5.52901612396348e+00 2.87580155567310e-02 6.66089400997615e-04 
5.54229107264046e+00 2.82959473484045e-02 6.58448508922991e-04 
5.55556602131744e+00 2.78380698393146e-02 6.50811191943274e-04 
5.56884096999443e+00 2.73844065457213e-02 6.43179073566332e-04 
5.58211591867141e+00 2.69349798235470e-02 6.35553766182852e-04 
5.59539086734839e+00 2.64898108651857e-02 6.27936870385702e-04 
5.60866581602537e+00 2.60489196968903e-02 6.20329974297026e-04 
5.62194076470236e+00 2.56123251767389e-02 6.12734652903608e-04 
5.63521571337934e+00 2.51800449931813e-02 6.05152467401096e-04 
5.64849066205632e+00 2.47520956641667e-02 5.97584964547462e-04 
5.66176561073331e+00 2.43284925368511e-02 5.90033676026119e-04 
5.67504055941029e+00 2.39092497878861e-02 5.82500117819215e-04 
5.68831550808727e+00 2.34943804242862e-02 5.74985789591571e-04 
5.70159045676426e+00 2.30838962848753e-02 5.67492174085638e-04 
5.71486540544124e+00 2.26778080423083e-02 5.60020736527981e-04 
5.72814035411822e+00 2.22761252056685e-02 5.52572924047672e-04 
5.74141530279521e+00 2.18788561236350e-02 5.45150165106972e-04 
5.75469025147219e+00 2.14860079882198e-02 5.37753868944765e-04 
5.76796520014917e+00 2.10975868390694e-02 5.30385425033130e-04 
5.78124014882616e+00 2.07135975683275e-02 5.23046202547380e-04 
5.79451509750314e+00 2.03340439260540e-02 5.15737549849978e-04 
5.80779004618012e+00 1.99589285261967e-02 5.08460793988698e-04 
5.82106499485710e+00 1.95882528531084e-02 5.01217240209367e-04 
5.83433994353409e+00 1.92220172686059e-02 4.94008171483483e-04 
5.84761489221107e+00 1.88602210195627e-02 4.86834848051057e-04 
5.86088984088805e+00 1.85028622460312e-02 4.79698506979014e-04 
5.87416478956504e+00 1.81499379898849e-02 4.72600361735411e-04 
5.88743973824202e+00 1.78014442039755e-02 4.65541601779733e-04 
5.90071468691900e+00 1.74573757617957e-02 4.58523392169566e-04 
5.91398963559599e+00 1.71177264676408e-02 4.51546873183877e-04 
5.92726458427297e+00 1.67824890672588e-02 4.44613159963148e-04 
5.94053953294995e+00 1.64516552589827e-02 4.37723342166569e-04 
5.95381448162694e+00 1.61252157053331e-02 4.30878483646484e-04 
5.96708943030392e+00 1.58031600450832e-02 4.24079622140304e-04 
5.98036437898090e+00 1.54854769057761e-02 4.17327768980056e-04 
5.99363932765788e+00 1.51721539166834e-02 4.10624530347652e-04 
6.00691427633487e+00 1.48631757158054e-02 4.03999446281683e-04 
6.02018922501185e+00 1.45584354265647e-02 3.97450852221700e-04 
6.03346417368883e+00 1.42579228771480e-02 3.90948269423352e-04 
6.04673912236582e+00 1.39616268484592e-02 3.84492721149357e-04 
6.06001407104280e+00 1.36695350879677e-02 3.78085202345238e-04 
6.07328901971978e+00 1.33816343240337e-02 3.71726679369032e-04 
6.08656396839677e+00 1.30979102807002e-02 3.65418089741399e-04 
6.09983891707375e+00 1.28183476929364e-02 3.59160341916309e-04 
6.11311386575073e+00 1.25429303223220e-02 3.52954315072363e-04 
6.12638881442772e+00 1.22716409731559e-02 3.46800858924813e-04 
6.13966376310470e+00 1.20044615089783e-02 3.40700793558357e-04 
6.15293871178168e+00 1.17413728694891e-02 3.34654909280758e-04 
6.16621366045867e+00 1.14823550878506e-02 3.28663966497242e-04 
6.17948860913565e+00 1.12273873083580e-02 3.22728695605714e-04 
6.19276355781263e+00 1.09764478044641e-02 3.16849796912752e-04 
6.20603850648962e+00 1.07295139971411e-02 3.11027940570334e-04 
6.21931345516660e+00 1.04865624735660e-02 3.05263766533219e-04 
6.23258840384358e+00 1.02475690061124e-02 2.99557884536890e-04 
6.24586335252056e+00 1.00125085716337e-02 2.93910874095961e-04 
6.25913830119755e+00 9.78135537102118e-03 2.88323284522936e-04 
6.27241324987453e+00 9.55408284902048e-03 2.82795634967118e-04 
6.28568819855151e+00 9.33066371429126e-03 2.77328414473555e-04 
6.29896314722850e+00 9.11106995969218e-03 2.71922082061815e-04 
6.31223809590548e+00 8.89527288277543e-03 2.66577066824359e-04 
6.32551304458246e+00 8.68324310647391e-03 2.61293768044335e-04 
6.33878799325945e+00 8.47495059996444e-03 2.56072555332520e-04 
6.35206294193643e+00 8.27036469968997e-03 2.50913768783145e-04 
6.36533789061341e+00 8.06945413052429e-03 2.45817719148344e-04 
6.37861283929040e+00 7.87218702706214e-03 2.40784688030923e-04 
6.39188778796738e+00 7.67853095501814e-03 2.35814928095132e-04 
6.40516273664436e+00 7.48845293271749e-03 2.30908663295115e-04 
6.41843768532135e+00 7.30191945266194e-03 2.26066089120699e-04 
6.43171263399833e+00 7.11889650315413e-03 2.21287372860153e-04 
6.44498758267531e+00 6.93934958996381e-03 2.16572653879546e-04 
6.45826253135229e+00 6.76324375801938e-03 2.11922043918327e-04 
6.47153748002928e+00 6.59054361310827e-03 2.07335627400710e-04 
6.48481242870626e+00 6.42121334357005e-03 2.02813461762439e-04 
6.49808737738324e+00 6.25521674196589e-03 1.98355577792541e-04 
6.51136232606023e+00 6.09251722670863e-03 1.93961979989594e-04 
6.52463727473721e+00 5.93307786363752e-03 1.89632646932072e-04 
6.53791222341419e+00 5.77686138752204e-03 1.85367531662296e-04 
6.55118717209118e+00 5.62383022347946e-03 1.81166562083526e-04 
6.56446212076816e+00 5.47394650829099e-03 1.77029641369722e-04 
6.57773706944514e+00 5.32717211160144e-03 1.72956648387454e-04 
6.59101201812213e+00 5.18346865698792e-03 1.68947438129483e-04 
6.60428696679911e+00 5.04279754288302e-03 1.65001842159516e-04 
6.61756191547609e+00 4.90511996333842e-03 1.61119669067595e-04 
6.63083686415308e+00 4.77039692861509e-03 1.57300704935612e-04 
6.64411181283006e+00 4.63858928558657e-03 1.53544713812428e-04 
6.65738676150704e+00 4.50965773794204e-03 1.49851438198066e-04 
6.67066171018403e+00 4.38356286617648e-03 1.46220599536438e-04 
6.68393665886101e+00 4.26026514735521e-03 1.42651898716066e-04 
6.69721160753799e+00 4.13972497464081e-03 1.39145016578277e-04 
6.71048655621497e+00 4.02190267657046e-03 1.35699614432295e-04 
6.72376150489196e+00 3.90675853607232e-03 1.32315334576718e-04 
6.73703645356894e+00 3.79425280920998e-03 1.28991800826814e-04 
6.75031140224592e+00 3.68434574364418e-03 1.25728619047099e-04 
6.76358635092291e+00 3.57699759680159e-03 1.22525377688664e-04 
6.77686129959989e+00 3.47216865374086e-03 1.19381648330688e-04 
6.79013624827687e+00 3.36981924470638e-03 1.16296986225605e-04 
6.80341119695386e+00 3.26990976236081e-03 1.13270930847390e-04 
6.81668614563084e+00 3.17240067868768e-03 1.10303006442434e-04 
6.82996109430782e+00 3.07725256155602e-03 1.07392722582452e-04 
6.84323604298481e+00 2.98442609093918e-03 1.04539574718936e-04 
6.85651099166179e+00 2.89388207478054e-03 1.01743044738600e-04 
6.86978594033877e+00 2.80558146449927e-03 9.90026015193136e-05 
6.88306088901576e+00 2.71948537012969e-03 9.63177014860212e-05 
6.89633583769274e+00 2.63555507508833e-03 9.36877891661299e-05 
6.90961078636972e+00 2.55375205056303e-03 9.11122977438844e-05 
6.92288573504670e+00 2.47403796951909e-03 8.85906496132384e-05 
6.93616068372369e+00 2.39637472031775e-03 8.61222569287412e-05 
6.94943563240067e+00 2.32072441994287e-03 8.37065221539730e-05 
6.96271058107765e+00 2.24704942683206e-03 8.13428386070699e-05 
6.97598552975464e+00 2.17531235330883e-03 7.90305910028876e-05 
6.98926047843162e+00 2.10547607761302e-03 7.67691559913654e-05 
7.00253542710860e+00 2.03750375552704e-03 7.45752981505756e-05 
7.01581037578559e+00 1.97128910118762e-03 7.24540871792548e-05 
7.02908532446257e+00 1.90677195523759e-03 7.03838390572360e-05 
7.04236027313955e+00 1.84392521911133e-03 6.83554274783945e-05 
7.05563522181654e+00 1.78272168695484e-03 6.63685994136435e-05 
7.06891017049352e+00 1.72313406536116e-03 6.44230832645440e-05 
7.08218511917050e+00 1.66513499281308e-03 6.25185894569157e-05 
7.09546006784749e+00 1.60869705881674e-03 6.06548110419075e-05 
7.10873501652447e+00 1.55379282271026e-03 5.88314243036516e-05 
7.12200996520145e+00 1.50039483213238e-03 5.70480893726254e-05 
7.13528491387843e+00 1.44847564113648e-03 5.53044508438619e-05 
7.14855986255542e+00 1.39800782793645e-03 5.36001383991404e-05 
7.16183481123240e+00 1.34896401227115e-03 5.19347674323048e-05 
7.17510975990938e+00 1.30131687237544e-03 5.03079396768676e-05 
7.18838470858637e+00 1.25503916154599e-03 4.87192438350585e-05 
7.20165965726335e+00 1.21010372429114e-03 4.71682562074943e-05 
7.21493460594033e+00 1.16648351205477e-03 4.56545413226565e-05 
7.22820955461732e+00 1.12415159850494e-03 4.41776525653802e-05 
7.24148450329430e+00 1.08308119437851e-03 4.27371328035675e-05 
7.25475945197128e+00 1.04324566187424e-03 4.13325150123568e-05 
7.26803440064827e+00 1.00461852858721e-03 3.99633228950014e-05 
7.28130934932525e+00 9.67173500978278e-04 3.86290714997189e-05 
7.29458429800223e+00 9.30884477373123e-04 3.73292678318043e-05 
7.30785924667922e+00 8.95725560486106e-04 3.60634114603120e-05 
7.32113419535620e+00 8.61671069464948e-04 3.48309951186307e-05 
7.33440914403318e+00 8.28695551452959e-04 3.36315052983093e-05 
7.34768409271016e+00 7.96773792666301e-04 3.24644228355021e-05 
7.36095904138715e+00 7.65880828984482e-04 3.13292234894313e-05 
7.37423399006413e+00 7.35991956052985e-04 3.02253785122897e-05 
7.38750893874111e+00 7.07082738897672e-04 2.91523552100288e-05 
7.40078388741810e+00 6.79129021051237e-04 2.81096174935018e-05 
7.41405883609508e+00 6.52106933192732e-04 2.70966264194642e-05 
7.42733378477206e+00 6.25992901301765e-04 2.61128407209530e-05 
7.44060873344905e+00 6.00763654329700e-04 2.51577173265944e-05 
7.45388368212603e+00 5.76396231390749e-04 2.42307118684212e-05 
7.46715863080301e+00 5.52867988476499e-04 2.33312791778024e-05 
7.48043357948000e+00 5.30156604697989e-04 2.24588737691189e-05 
7.49370852815698e+00 5.08240088060029e-04 2.16129503108454e-05 
7.50698347683396e+00 4.87096780773010e-04 2.07929640837273e-05 
7.52025842551095e+00 4.66705364107972e-04 1.99983714257680e-05 
7.53353337418793e+00 4.47044862801232e-04 1.92286301637686e-05 
7.54680832286491e+00 4.28094649015322e-04 1.84832000311921e-05 
7.56008327154190e+00 4.09834445863501e-04 1.77615430721506e-05 
7.57335822021888e+00 3.92244330505504e-04 1.70631240313398e-05 
7.58663316889586e+00 3.75304736822630e-04 1.63874107297718e-05 
7.59990811757284e+00 3.58996457680680e-04 1.57338744261871e-05 
7.61318306624983e+00 3.43300646789583e-04 1.51019901640486e-05 
7.62645801492681e+00 3.28198820168954e-04 1.44912371040469e-05 
7.63973296360379e+00 3.13672857229091e-04 1.39010988420743e-05 
7.65300791228078e+00 2.99705001477274e-04 1.33310637126450e-05 
7.66628286095776e+00 2.86277860859450e-04 1.27806250777686e-05 
7.67955780963474e+00 2.73374407747677e-04 1.22492816012997e-05 
7.69283275831173e+00 2.60977978583908e-04 1.17365375088183e-05 
7.70610770698871e+00 2.49072273190899e-04 1.12419028331107e-05 
7.71938265566569e+00 2.37641353761203e-04 1.07648936453450e-05 
7.73265760434268e+00 2.26669643535364e-04 1.03050322720565e-05 
7.74593255301966e+00 2.16141925180575e-04 9.86184749807629e-06 
7.75920750169664e+00 2.06043338881123e-04 9.43487475555765e-06 
7.77248245037363e+00 1.96359380152092e-04 9.02365629927123e-06 
7.78575739905061e+00 1.87075897387799e-04 8.62774136835839e-06 
7.79903234772759e+00 1.78179089156530e-04 8.24668633474936e-06 
7.81230729640457e+00 1.69655501253108e-04 7.88005483846710e-06 
7.82558224508156e+00 1.61492023520884e-04 7.52741791005420e-06 
7.83885719375854e+00 1.53675886454655e-04 7.18835408037343e-06 
7.85213214243552e+00 1.46194657596042e-04 6.86244947804521e-06 
7.86540709111251e+00 1.39036237732732e-04 6.54929791479866e-06 
7.87868203978949e+00 1.32188856912965e-04 6.24850095902349e-06 
7.89195698846647e+00 1.25641070286512e-04 5.95966799782049e-06 
7.90523193714346e+00 1.19381753783312e-04 5.68241628785797e-06 
7.91850688582044e+00 1.13400099640766e-04 5.41637099535036e-06 
7.93178183449742e+00 1.07685611790583e-04 5.16116522548257e-06 
7.94505678317441e+00 1.02228101115882e-04 4.91644004161097e-06 
7.95833173185139e+00 9.70176805891108e-05 4.68184447457776e-06 
7.97160668052837e+00 9.20447603011152e-05 4.45703552248044e-06 
7.98488162920536e+00 8.73000423915431e-05 4.24167814124279e-06 
7.99815657788234e+00 8.27745158905203e-05 4.03518424543395e-06 
8.01143152655932e+00 7.84608384817087e-05 3.83684093097612e-06 
8.02470647523631e+00 7.43526769813947e-05 3.64674368356202e-06 
8.03798142391329e+00 7.04413003824833e-05 3.46513657235215e-06 
8.05125637259027e+00 6.67182940436039e-05 3.29168961053419e-06 
8.06453132126725e+00 6.31755508416822e-05 3.12608320318155e-06 
8.07780626994424e+00 5.98052624539971e-05 2.96800793257392e-06 
8.09108121862122e+00 5.65999107732047e-05 2.81716434289539e-06 
8.10435616729820e+00 5.35522594585135e-05 2.67326272458563e-06 
8.11763111597519e+00 5.06553456258980e-05 2.53602289860931e-06 
8.13090606465217e+00 4.79024716799542e-05 2.40517400089842e-06 
8.14418101332915e+00 4.52871972897183e-05 2.28045426721220e-06 
8.15745596200614e+00 4.28033315104990e-05 2.16161081864822e-06 
8.17073091068312e+00 4.04449250535103e-05 2.04839944802874e-06 
8.18400585936010e+00 3.82062627048346e-05 1.94058440737524e-06 
8.19728080803709e+00 3.60818558949960e-05 1.83793819667447e-06 
8.21055575671407e+00 3.40664354201878e-05 1.74024135412878e-06 
8.22383070539105e+00 3.21549443159606e-05 1.64728224807346e-06 
8.23710565406803e+00 3.03425308839582e-05 1.55885687073397e-06 
8.25038060274502e+00 2.86245418720708e-05 1.47476863398595e-06 
8.26365555142200e+00 2.69965158081677e-05 1.39482816727125e-06 
8.27693050009898e+00 2.54541764873745e-05 1.31885311781352e-06 
8.29020544877597e+00 2.39934266126690e-05 1.24666795326774e-06 
8.30348039745295e+00 2.26103415883862e-05 1.17810376692858e-06 
8.31675534612993e+00 2.13011634660530e-05 1.11299808561341e-06 
8.33003029480692e+00 2.00622950418033e-05 1.05119468032725e-06 
8.34330524348390e+00 1.88902941044724e-05 9.92543379807824e-07 
8.35658019216088e+00 1.77818678333145e-05 9.36899887040828e-07 
8.36985514083787e+00 1.67338673441529e-05 8.84125598826948e-07 
8.38313008951485e+00 1.57432823826342e-05 8.34087428474445e-07 
8.39640503819183e+00 1.48072361631360e-05 7.86657631683127e-07 
8.40967998686881e+00 1.39229803517586e-05 7.41713635678051e-07 
8.42295493554580e+00 1.30878901917238e-05 6.99137871644025e-07 
8.43622988422278e+00 1.22994597693982e-05 6.58817610504793e-07 
8.44950483289976e+00 1.15552974190674e-05 6.20644802084063e-07 
8.46277978157675e+00 1.08531212644968e-05 5.84515917678941e-07 
8.47605473025373e+00 1.01907548952359e-05 5.50331796069931e-07 
8.48932967893071e+00 9.56612317554791e-06 5.17997492985660e-07 
8.50260462760770e+00 8.97724818377985e-06 4.87422134034608e-07 
8.51587957628468e+00 8.42224527992747e-06 4.58518771110535e-07 
8.52915452496166e+00 7.89931929909444e-06 4.31204242273032e-07 
8.54242947363865e+00 7.40676086849711e-06 4.05399035099434e-07 
8.55570442231563e+00 6.94294284562354e-06 3.81027153499583e-07 
8.56897937099261e+00 6.50631687511836e-06 3.58015987980301e-07 
8.58225431966960e+00 6.09541006193385e-06 3.36296189342072e-07 
8.59552926834658e+00 5.70882175826129e-06 3.15801545786342e-07 
8.60880421702356e+00 5.34522046173552e-06 2.96468863407971e-07 
8.62207916570055e+00 5.00334082238970e-06 2.78237850043713e-07 
8.63535411437753e+00 4.68198075582513e-06 2.61051002444194e-07 
8.64862906305451e+00 4.37999866005460e-06 2.44853496733670e-07 
8.66190401173150e+00 4.09631073347404e-06 2.29593082118871e-07 
8.67517896040848e+00 3.82988839141920e-06 2.15219977805488e-07 
8.68845390908546e+00 3.57975577876845e-06 2.01686773078304e-07 
8.70172885776245e+00 3.34498737606184e-06 1.88948330498631e-07 
8.71500380643943e+00 3.12470569661853e-06 1.76961692170572e-07 
8.72827875511641e+00 2.91807907214992e-06 1.65685989025667e-07 
8.74155370379339e+00 2.72431952438452e-06 1.55082353073734e-07 
8.75482865247038e+00 2.54268072024144e-06 1.45113832566114e-07 
8.76810360114736e+00 2.37245600811381e-06 1.35745310016126e-07 
8.78137854982434e+00 2.21297653284953e-06 1.26943423020300e-07 
8.79465349850133e+00 2.06360942704564e-06 1.18676487822883e-07 
8.80792844717831e+00 1.92375607630374e-06 1.10914425565171e-07 
8.82120339585529e+00 1.79285045612640e-06 1.03628691160473e-07 
8.83447834453228e+00 1.67035753816978e-06 9.67922047348673e-08 
8.84775329320926e+00 1.55577176360343e-06 9.03792855734304e-08 
8.86102824188624e+00 1.44861558136692e-06 8.43655885112484e-08 
8.87430319056323e+00 1.34843804915147e-06 7.87280427082890e-08 
8.88757813924021e+00 1.25481349497580e-06 7.34447927471026e-08 
8.90085308791719e+00 1.16734023726666e-06 6.84951419923056e-08 
8.91412803659417e+00 1.08563936139714e-06 6.38594981509041e-08 
8.92740298527116e+00 1.00935355067909e-06 5.95193209727185e-08 
8.94067793394814e+00 9.38145969850130e-07 5.54570720304703e-08 
8.95395288262512e+00 8.71699199140046e-07 5.16561665194681e-08 
8.96722783130211e+00 8.09714217046637e-07 4.81009270172997e-08 
8.98050277997909e+00 7.51909429996357e-07 4.47765391444904e-08 
8.99377772865607e+00 6.98019747110692e-07 4.16690090676913e-08 
9.00705267733306e+00 6.47795698345049e-07 3.87651227876549e-08 
9.02032762601004e+00 6.01002594312709e-07 3.60524071549949e-08 
9.03360257468702e+00 5.57419726152259e-07 3.35190925575311e-08 
9.04687752336401e+00 5.16839603842548e-07 3.11540772238698e-08 
9.06015247204099e+00 4.79067231414761e-07 2.89468930887730e-08 
9.07342742071797e+00 4.43919417556420e-07 2.68876731668117e-08 
9.08670236939496e+00 4.11224120147045e-07 2.49671203817749e-08 
9.09997731807194e+00 3.80819823309727e-07 2.31764778003267e-08 
9.11325226674892e+00 3.52554945606928e-07 2.15075002194398e-08 
9.12652721542590e+00 3.26287278052395e-07 1.99524270582099e-08 
9.13980216410289e+00 3.01883450654079e-07 1.85039565057433e-08 
9.15307711277987e+00 2.79218426245363e-07 1.71552208779227e-08 
9.16635206145685e+00 2.58175020403664e-07 1.58997631369807e-08 
9.17962701013384e+00 2.38643446296567e-07 1.47315145289490e-08 
9.19290195881082e+00 2.20520883335996e-07 1.36447732951980e-08 
9.20617690748780e+00 2.03711068560586e-07 1.26341844154343e-08 
9.21945185616479e+00 1.88123909705235e-07 1.16947203406809e-08 
9.23272680484177e+00 1.73675118954885e-07 1.08216626759209e-08 
9.24600175351875e+00 1.60285866416821e-07 1.00105847732422e-08 
9.25927670219574e+00 1.47882452382141e-07 9.25733519747198e-09 
9.27255165087272e+00 1.36395997482658e-07 8.55802202743706e-09 
9.28582659954970e+00 1.25762149884096e-07 7.90899795712185e-09 
9.29910154822669e+00 1.15920808690343e-07 7.30684616212651e-09 
9.31237649690367e+00 1.06815862766364e-07 6.74836689794331e-09 
9.32565144558065e+00 9.83949442195105e-08 6.23056479767366e-09 
9.33892639425764e+00 9.06091958100301e-08 5.75063683789766e-09 
9.35220134293462e+00 8.34130515919368e-08 5.30596094248193e-09 
9.36547629161160e+00 7.67640301147143e-08 4.89408519516840e-09 
9.37875124028858e+00 7.06225395448656e-08 4.51271763282552e-09 
9.39202618896557e+00 6.49516940939255e-08 4.15971659226357e-09 
9.40530113764255e+00 5.97171411663017e-08 3.83308158451595e-09 
9.41857608631953e+00 5.48868986661966e-08 3.53094467146778e-09 
9.43185103499652e+00 5.04312019278861e-08 3.25156232067189e-09 
9.44512598367350e+00 4.63223597578158e-08 2.99330771512905e-09 
9.45840093235048e+00 4.25346191003243e-08 2.75466349572360e-09 
9.47167588102747e+00 3.90440378613304e-08 2.53421491489759e-09 
9.48495082970445e+00 3.58283654460457e-08 2.33064338101573e-09 
9.49822577838143e+00 3.28669305876978e-08 2.14272037371908e-09 
9.51150072705842e+00 3.01405360644030e-08 1.96930171138776e-09 
9.52477567573540e+00 2.76313599207158e-08 1.80932215263222e-09 
9.53805062441238e+00 2.53228628290226e-08 1.66179031450829e-09 
9.55132557308936e+00 2.31997012438631e-08 1.52578389090286e-09 
9.56460052176635e+00 2.12476460194623e-08 1.40044515526643e-09 
9.57787547044333e+00 1.94535061772664e-08 1.28497673257360e-09 
9.59115041912031e+00 1.78050575261026e-08 1.17863762607555e-09 
9.60442536779730e+00 1.62909758527593e-08 1.08073948506776e-09 
9.61770031647428e+00 1.49007744153140e-08 9.90643100533117e-10 
9.63097526515126e+00 1.36247454854455e-08 9.07755116135341e-10 
9.64425021382825e+00 1.24539056992768e-08 8.31524942629952e-10 
9.65752516250523e+00 1.13799449890146e-08 7.61441864331122e-10 
9.67080011118221e+00 1.03951788798081e-08 6.97032326822180e-10 
9.68407505985920e+00 9.49250394785532e-09 6.37857395626328e-10 
9.69735000853618e+00 8.66535624686299e-09 5.83510376062299e-10 
9.71062495721316e+00 7.90767252052769e-09 5.33614584997934e-10 
9.72389990589015e+00 7.21385402877735e-09 4.87821265683209e-10 
9.73717485456713e+00 6.57873282510271e-09 4.45807637293774e-10 
9.75044980324411e+00 5.99754033144139e-09 4.07275071246888e-10 
9.76372475192110e+00 5.46587806576626e-09 3.71947386764397e-10 
9.77699970059808e+00 4.97969038579333e-09 3.39569258552379e-10 
9.79027464927506e+00 4.53523912007825e-09 3.09904729845036e-10 
9.80354959795205e+00 4.12907996523040e-09 2.82735824421626e-10 
9.81682454662903e+00 3.75804053505620e-09 2.57861251550329e-10 
9.83009949530601e+00 3.41919995416296e-09 2.35095198142428e-10 
9.84337444398299e+00 3.10986989492719e-09 2.14266202714446e-10 
9.85664939265998e+00 2.82757696277094e-09 1.95216106055631e-10 
9.86992434133696e+00 2.57004634041068e-09 1.77799073783695e-10 
9.88319929001394e+00 2.33518660715975e-09 1.61880686243636e-10 
9.89647423869093e+00 2.12107565449018e-09 1.47337091463253e-10 
9.90974918736791e+00 1.92594762390676e-09 1.34054217125042e-10 
9.92302413604489e+00 1.74818079776702e-09 1.21927037748083e-10 
9.93629908472188e+00 1.58628637800886e-09 1.10858893495705e-10 
9.94957403339886e+00 1.43889809183352e-09 1.00760857235655e-10 
9.96284898207584e+00 1.30476256724780e-09 9.15511466795826e-11 
9.97612393075283e+00 1.18273042500640e-09 8.31545786184239e-11 
9.98939887942981e+00 1.07174803692371e-09 7.55020624500353e-11 
1.00026738281068e+01 9.70849903754790e-10 6.85148596531004e-11 
1.00159487767838e+01 8.79287132721157e-10 6.21332638573660e-11 
1.00292237254608e+01 7.96263951690581e-10 5.63301559487069e-11 
1.00424986741377e+01 7.20993111951793e-10 5.10628089722239e-11 
1.00557736228147e+01 6.52759066861163e-10 4.62823526638062e-11 
1.00690485714917e+01 5.90911523259279e-10 4.19443187722403e-11 
1.00823235201687e+01 5.34859565229020e-10 3.80082497337565e-11 
1.00955984688457e+01 4.84066300096808e-10 3.44373416570010e-11 
1.01088734175227e+01 4.38043980900390e-10 3.11981186535593e-11 
1.01221483661996e+01 3.96349563501140e-10 2.82601358014715e-11 
1.01354233148766e+01 3.58580660137035e-10 2.55957082603578e-11 
1.01486982635536e+01 3.24371854522321e-10 2.31796642685706e-11 
1.01619732122306e+01 2.93391346627369e-10 2.09891199467940e-11 
1.01752481609076e+01 2.65337898040958e-10 1.90032740101981e-11 
1.01885231095846e+01 2.39938051349005e-10 1.72032206539710e-11 
1.02017980582615e+01 2.16943599278527e-10 1.55717790260360e-11 
1.02150730069385e+01 1.96129281471754e-10 1.40933378371565e-11 
1.02283479556155e+01 1.77290688689446e-10 1.27537137834790e-11 
1.02416229042925e+01 1.60242356010152e-10 1.15400225708308e-11 
1.02548978529695e+01 1.44816028207441e-10 1.04405614346525e-11 
1.02681728016465e+01 1.30859081962875e-10 9.44470214511762e-12 
1.02814477503234e+01 1.18233090920739e-10 8.54279357451962e-12 
1.02947226990004e+01 1.06812520821935e-10 7.72607298406158e-12 
1.03079976476774e+01 9.64835430791275e-11 6.98658526040954e-12 
1.03212725963544e+01 8.71429561821744e-11 6.31710939932531e-12 
1.03345475450314e+01 7.86972052605466e-11 5.71109159491638e-12 
1.03478224937084e+01 7.10614909854198e-11 5.16258434900621e-12 
1.03610974423853e+01 6.41589597754397e-11 4.66619106628764e-12 
1.03743723910623e+01 5.79199679832374e-11 4.21701564767583e-12 
1.03876473397393e+01 5.22814133904651e-11 3.81061663700258e-12 
1.04009222884163e+01 4.71861279328171e-11 3.44296551523025e-12 
1.04141972370933e+01 4.25823261181098e-11 3.11040877202605e-12 
1.04274721857703e+01 3.84231040945259e-11 2.80963341711165e-12 
1.04407471344472e+01 3.46659847766908e-11 2.53763562355324e-12 
1.04540220831242e+01 3.12725048481228e-11 2.29169222232405e-12 
1.04672970318012e+01 2.82078398332158e-11 2.06933479227547e-12 
1.04805719804782e+01 2.54404637734383e-11 1.86832611229707e-12 
1.04938469291552e+01 2.29418403537357e-11 1.68663876311504e-12 
1.05071218778322e+01 2.06861426088473e-11 1.52243568504222e-12 
1.05203968265091e+01 1.86499985978006e-11 1.37405251520662e-12 
1.05336717751861e+01 1.68122606704216e-11 1.23998154349119e-12 
1.05469467238631e+01 1.51537961643184e-11 1.11885714074561e-12 
1.05602216725401e+01 1.36572975662919e-11 1.00944252589984e-12 
1.05734966212171e+01 1.23071103501796e-11 9.10617750528887e-13 
1.05867715698940e+01 1.10890768652826e-11 8.21368790287046e-13 
1.06000465185710e+01 9.99039479716560e-12 7.40777642540319e-13 
1.06133214672480e+01 8.99948885702705e-12 6.68013338559904e-13 
1.06265964159250e+01 8.10589447819142e-12 6.02323786874826e-13 
1.06398713646020e+01 7.30015240963062e-12 5.43028371886987e-13 
1.06531463132790e+01 6.57371319776533e-12 4.89511238691162e-13 
1.06664212619559e+01 5.91885064000663e-12 4.41215201273937e-13 
1.06796962106329e+01 5.32858337739092e-12 3.97636216942465e-13 
1.06929711593099e+01 4.79660386997570e-12 3.58318375004932e-13 
1.07062461079869e+01 4.31721406807426e-12 3.22849352434079e-13 
1.07195210566639e+01 3.88526715553106e-12 2.90856293533767e-13 
1.07327960053409e+01 3.49611479863770e-12 2.62002074533311e-13 
1.07460709540178e+01 3.14555938647391e-12 2.35981917589186e-13 
1.07593459026948e+01 2.82981079589680e-12 2.12520321909464e-13 
1.07726208513718e+01 2.54544725751948e-12 1.91368282661334e-13 
1.07858958000488e+01 2.28937993820668e-12 1.72300771001984e-13 
1.07991707487258e+01 2.05882089122219e-12 1.55114451011544e-13 
1.08124456974028e+01 1.85125405751497e-12 1.39625611525114e-13 
1.08257206460797e+01 1.66440903102026e-12 1.25668292878788e-13 
1.08389955947567e+01 1.49623732754683e-12 1.13092590419807e-13 
1.08522705434337e+01 1.34489092106587e-12 1.01763118299938e-13 
1.08655454921107e+01 1.20870283323238e-12 9.15576185886166e-14 
1.08788204407877e+01 1.08616958195887e-12 8.23657021220107e-14 
1.08920953894647e+01 9.75935313007558e-13 7.40877087581743e-14 
1.09053703381416e+01 8.76777455039116e-13 6.66336758482511e-14 
1.09186452868186e+01 7.87593753505276e-13 5.99224047694491e-14 
1.09319202354956e+01 7.07390552338676e-13 5.38806163066443e-14 
1.09451951841726e+01 6.35272204702390e-13 4.84421865244971e-14 
1.09584701328496e+01 5.70431505228527e-13 4.35474555486486e-14 
1.09717450815266e+01 5.12141046304840e-13 3.91426023800024e-14 
1.09850200302035e+01 4.59745410155540e-13 3.51790795067193e-14 
1.09982949788805e+01 4.12654116794058e-13 3.16131016602524e-14 
1.10115699275575e+01 3.70335255479925e-13 2.84051835898629e-14 
1.10248448762345e+01 3.32309734160982e-13 2.55197222094569e-14 
1.10381198249115e+01 2.98146087590654e-13 2.29246189057117e-14 
1.10513947735885e+01 2.67455790437303e-13 2.05909381913391e-14 
1.10646697222654e+01 2.39889026802362e-13 1.84925992456476e-14 
1.10779446709424e+01 2.15130872184998e-13 1.66060972096530e-14 
1.10912196196194e+01 1.92897848117672e-13 1.49102513978878e-14 
1.11044945682964e+01 1.72934813489666e-13 1.33859778565409e-14 
1.11177695169734e+01 1.55012160010909e-13 1.20160839401434e-14 
1.11310444656504e+01 1.38923282379579e-13 1.07850827989775e-14 
1.11443194143273e+01 1.24482296534195e-13 9.67902586882370e-15 
1.11575943630043e+01 1.11521981921679e-13 8.68535163545218e-15 
1.11708693116813e+01 9.98919260220011e-14 7.79274911013796e-15 
1.11841442603583e+01 8.94568514602243e-14 6.99103460099573e-15 
1.11974192090353e+01 8.00951079284549e-14 6.27104049950943e-15 
1.12106941577123e+01 7.16973128520952e-14 5.62451492356848e-15 
1.12239691063892e+01 6.41651262836797e-14 5.04403116878537e-15 
1.12372440550662e+01 5.74101469088732e-14 4.52290601992799e-15 
1.12505190037432e+01 5.13529173167559e-14 4.05512606492029e-15 
1.12637939524202e+01 4.59220278329666e-14 3.63528123592710e-15 
1.12770689010972e+01 4.10533092510327e-14 3.25850487633996e-15 
1.12903438497742e+01 3.66891057346676e-14 2.92041969974726e-15 
1.13036187984511e+01 3.27776200113592e-14 2.61708906786081e-15 
1.13168937471281e+01 2.92723237437234e-14 2.34497306947888e-15 
1.13301686958051e+01 2.61314266575930e-14 2.10088893243655e-15 
1.13434436444821e+01 2.33173986316368e-14 1.88197534561800e-15 
1.13567185931591e+01 2.07965395188136e-14 1.68566030892898e-15 
1.13699935418361e+01 1.85385919809014e-14 1.50963216605676e-15 
1.13832684905130e+01 1.65163930789069e-14 1.35181350824521e-15 
1.13965434391900e+01 1.47055607790790e-14 1.21033766751816e-15 
1.14098183878670e+01 1.30842119107796e-14 1.08352754509696e-15 
1.14230933365440e+01 1.16327084524845e-14 9.69876545451201e-16 
1.14363682852210e+01 1.03334293291907e-14 8.68031408743807e-16 
1.14496432338980e+01 9.17056518166167e-15 7.76776754608040e-16 
1.14629181825749e+01 8.12993381812805e-15 6.95021168427679e-16 
1.14761931312519e+01 7.19881428485708e-15 6.21784677768354e-16 
1.14894680799289e+01 6.36579769577817e-15 5.56187481494489e-16 
1.15027430286059e+01 5.62065314521319e-15 4.97277397949977e-16 
1.15160179772829e+01 4.95464258167714e-15 4.44041761765347e-16 
1.15292929259599e+01 4.36040275209773e-15 3.95763554273680e-16 
1.15425678746368e+01 3.83125644348643e-15 3.52039292126860e-16 
1.15558428233138e+01 3.36099058539507e-15 3.12542832633807e-16 
1.15691177719908e+01 2.94384860845466e-15 2.76955232888226e-16 
1.15823927206678e+01 2.57451815413335e-15 2.44967659795592e-16 
1.15956676693448e+01 2.24811515432575e-15 2.16283626165463e-16 
1.16089426180218e+01 1.96016516959679e-15 1.90620641734314e-16 
1.16222175666987e+01 1.70658275409353e-15 1.67711361374615e-16 
1.16354925153757e+01 1.48364950384842e-15 1.47304305867765e-16 
1.16487674640527e+01 1.28799134367404e-15 1.29164223662910e-16 
1.16620424127297e+01 1.11655551609080e-15 1.13072155164948e-16 
1.16753173614067e+01 9.66587653542033e-16 9.88252544148194e-17 
1.16885923100836e+01 8.35609242189621e-16 8.62364166365382e-17 
1.17018672587606e+01 7.21395721388296e-16 7.51337540962826e-17 
1.17151422074376e+01 6.21955406967114e-16 6.53599570960863e-17 
1.17284171561146e+01 5.35509378109446e-16 5.67715717369525e-17 
1.17416921047916e+01 4.60472426293485e-16 4.92382213475202e-17 
1.17549670534686e+01 3.95435129799046e-16 4.26417941864881e-17 
1.17682420021455e+01 3.39147088072610e-16 3.68756161819888e-17 
1.17815169508225e+01 2.90501326156485e-16 3.18436240536595e-17 
1.17947918994995e+01 2.48519859841148e-16 2.74595511523231e-17 
1.18080668481765e+01 2.12340396635475e-16 2.36461357230713e-17 
1.18213417968535e+01 1.81204135548444e-16 2.03343590225858e-17 
1.18346167455305e+01 1.54444619558237e-16 1.74627187717559e-17 
1.18478916942074e+01 1.31477588072287e-16 1.49765417704880e-17 
1.18611666428844e+01 1.11791772257892e-16 1.28273381137073e-17 
1.18744415915614e+01 9.49405734918537e-17 1.09721982973424e-17 
1.18877165402384e+01 8.05345640226586e-17 9.37323356320262e-18 
1.19009914889154e+01 6.82347489813418e-17 7.99705907628060e-18 
1.19142664375924e+01 5.77465298736709e-17 6.81431893305971e-18 
1.19275413862693e+01 4.88143114257284e-17 5.79925154270138e-18 
1.19408163349463e+01 4.12166959564032e-17 4.92929358427368e-18 
1.19540912836233e+01 3.47622121599207e-17 4.18472050417901e-18 
1.19673662323003e+01 2.92855281700552e-17 3.54832136225997e-18 
1.19806411809773e+01 2.46441019376209e-17 3.00510574817573e-18 
1.19939161296543e+01 2.07152251960504e-17 2.54203932478276e-18 
1.20071910783312e+01 1.73934852838996e-17 2.14778939087598e-18 
1.20204660270082e+01 1.45895735916270e-17 1.81255018642545e-18 
1.20337409756852e+01 1.22253498848035e-17 1.52797477895866e-18 
1.20470159243622e+01 1.02340212194601e-17 1.28669224655150e-18 
1.20602908730392e+01 8.55856933910233e-18 1.08235561489188e-18 
1.20735658217162e+01 7.15038344080415e-18 9.09507712730348e-19 
1.20868407703931e+01 5.96807357310462e-18 7.63463259934427e-19 
1.21001157190701e+01 4.97644256402951e-18 6.40205445427597e-19 
1.21133906677471e+01 4.14559679008419e-18 5.36295402272942e-19 
1.21266656164241e+01 3.45017829514213e-18 4.48793130796755e-19 
1.21399405651011e+01 2.86870276224320e-18 3.75188556838148e-19 
1.21532155137781e+01 2.38298964312359e-18 3.13341540232082e-19 
1.21664904624550e+01 1.97767237228980e-18 2.61429768068290e-19 
1.21797654111320e+01 1.63977804745142e-18 2.17903577947602e-19 
1.21930403598090e+01 1.35836725902138e-18 1.81446858406267e-19 
1.22063153084860e+01 1.12422591086674e-18 1.50943267076172e-19 
1.22195902571630e+01 9.29601904854678e-19 1.25447092286939e-19 
1.22328652058400e+01 7.67980474779368e-19 1.04158161070844e-19 
1.22461401545169e+01 6.33892762151353e-19 8.64002663373240e-20 
1.22594151031939e+01 5.22752937582249e-19 7.16026488107906e-20 
1.22726900518709e+01 4.30719796888220e-19 5.92841256635886e-20 
1.22859650005479e+01 3.54579309621815e-19 4.90395081209435e-20 
1.22992399492249e+01 2.91645077852531e-19 4.05279951578051e-20 
1.23125148979019e+01 2.39674082269334e-19 3.34632702267652e-20 
1.23257898465788e+01 1.96795458004799e-19 2.76050632111389e-20 
1.23390647952558e+01 1.61450360257762e-19 2.27519709240539e-20 
1.23523397439328e+01 1.32341255480119e-19 1.87353568832588e-20 
1.23656146926098e+01 1.08389212677270e-19 1.54141751649369e-20 
1.23788896412868e+01 8.86979757996661e-20 1.26705842322727e-20 
1.23921645899638e+01 7.25237763304809e-20 1.04062350715936e-20 
1.24054395386407e+01 5.92499986058916e-20 8.53913404840170e-21 
1.24187144873177e+01 4.83659423325859e-20 7.00099488834805e-21 
1.24319894359947e+01 3.94490400120004e-20 5.73500633927472e-21 
1.24452643846717e+01 3.21499840263123e-20 4.69395260067574e-21 
1.24585393333487e+01 2.61803011690988e-20 3.83863271441852e-21 
1.24718142820257e+01 2.13019833253941e-20 3.13653297239079e-21 
1.24850892307026e+01 1.73188434922256e-20 2.56071317057366e-21 
1.24983641793796e+01 1.40693178382205e-20 2.08887336483192e-21 
1.25116391280566e+01 1.14204782966630e-20 1.70257278526088e-21 
1.25249140767336e+01 9.26305737030916e-21 1.38657685242734e-21 
1.25381890254106e+01 7.50731835097964e-21 1.12831190632083e-21 
1.25514639740876e+01 6.07963084588477e-21 9.17410391513459e-22 
1.25647389227645e+01 4.91963406612843e-21 7.45331913585778e-22 
1.25780138714415e+01 3.97788938247533e-21 6.05047856598546e-22 
1.25912888201185e+01 3.21393971482104e-21 4.90779185233443e-22 
1.26045637687955e+01 2.59470684571209e-21 3.97778696787567e-22 
1.26178387174725e+01 2.09316912075761e-21 3.22150379596970e-22 
1.26311136661495e+01 1.68727154983098e-21 2.60699712094920e-22 
1.26443886148264e+01 1.35902833416108e-21 2.10809731998988e-22 
1.26576635635034e+01 1.09378455564435e-21 1.70338545122124e-22 
1.26709385121804e+01 8.79609380009379e-22 1.37534651268982e-22 
1.26842134608574e+01 7.06797818105053e-22 1.10967060556044e-22 
1.26974884095344e+01 5.67462006478756e-22 8.94661105664577e-23 
1.27107633582114e+01 4.55200193778846e-22 7.20744134042021e-23 
1.27240383068883e+01 3.64827281375650e-22 5.80128481612140e-23 
1.27373132555653e+01 2.92141722744950e-22 4.66521980730272e-23 
1.27505882042423e+01 2.33734830864256e-22 3.74823962967683e-23 
1.27638631529193e+01 1.86843926413072e-22 3.00879307924988e-23 
1.27771381015963e+01 1.49232130134183e-22 2.41306718058400e-23 
1.27904130502732e+01 1.19090075416173e-22 1.93357474655598e-23 
1.28036879989502e+01 9.49556330646521e-23 1.54799403278322e-23 
1.28169629476272e+01 7.56484194109722e-23 1.23821661809427e-23 
1.28302378963042e+01 6.02164234701814e-23 9.89567057126851e-24 
1.28435128449812e+01 4.78925574899201e-23 7.90164054786117e-24 
1.28567877936582e+01 3.80593236935539e-23 6.30398094660125e-24 
1.28700627423351e+01 3.02201115904209e-23 5.02504776118569e-24 
1.28833376910121e+01 2.39759060654294e-23 4.00216714956262e-24 
1.28966126396891e+01 1.90064059372565e-23 3.18479856440700e-24 
1.29098875883661e+01 1.50547336383277e-23 2.53222535939518e-24 
1.29231625370431e+01 1.19150656867506e-23 2.01167684089815e-24 
1.29364374857201e+01 9.42263617437742e-24 1.59680280822011e-24 
1.29497124343970e+01 7.44566615918339e-24 1.26643574447705e-24 
1.29629873830740e+01 5.87885443162762e-24 1.00358748006458e-24 
1.29762623317510e+01 4.63813278893054e-24 7.94636766825882e-25 
1.29895372804280e+01 3.65644432580831e-24 6.28672121245954e-25 
1.30028122291050e+01 2.88034851313460e-24 4.96960809882927e-25 
1.30160871777820e+01 2.26729378998451e-24 3.92520202276042e-25 
1.30293621264589e+01 1.78342852959239e-24 3.09772107733214e-25 
1.30426370751359e+01 1.40184578578741e-24 2.44264310698209e-25 
1.30559120238129e+01 1.10117719719153e-24 1.92446464345539e-25 
1.30691869724899e+01 8.64467656329731e-25 1.51489909338492e-25 
1.30824619211669e+01 6.78275525782838e-25 1.19142950100268e-25 
1.30957368698439e+01 5.31953866780583e-25 9.36147236859329e-26 
1.31090118185208e+01 4.17076798940537e-25 7.34821017878956e-26 
1.31222867671978e+01 3.26982111328861e-25 5.76151284653227e-26 
1.31355617158748e+01 2.56406903895903e-25 4.51173592387188e-26 
1.31488366645518e+01 2.01197607225149e-25 3.52781677234107e-26 
1.31621116132288e+01 1.58079413508573e-25 2.75346539498117e-26 
1.31753865619058e+01 1.24473120649359e-25 2.14412485008472e-26 
1.31886615105827e+01 9.83497810639483e-26 1.66454787058977e-26 
1.32019364592597e+01 7.81154682109185e-26 1.28686638198601e-26 
1.32152114079367e+01 6.25200173263477e-26 9.89054882512031e-27 
1.32284863566137e+01 5.05848354606141e-26 7.53708218729017e-27 
1.32417613052907e+01 4.15458689656265e-26 5.67070050542900e-27 
1.32550362539677e+01 3.48086120431537e-26 4.18260979334010e-27 
1.32683112026446e+01 2.99126766118435e-26 3.52151000276010e-27 
