Energy(eV)           EEDF(eV^-(3/2))      Anisotropy(eV^-(3/2))
1.08117462853421e-02 7.22823636711759e-02 3.61225658982027e-05 
3.24352388560262e-02 7.22787534844804e-02 9.13576850899296e-05 
5.40587314267103e-02 7.22736451269352e-02 1.74667964672840e-04 
7.56822239973945e-02 7.22681430497581e-02 2.62723722098681e-04 
9.73057165680786e-02 7.22631849565570e-02 3.49598789068258e-04 
1.18929209138763e-01 7.22592932710050e-02 4.37596661798687e-04 
1.40552701709447e-01 7.22561263038234e-02 5.20994434062991e-04 
1.62176194280131e-01 7.22537079602007e-02 6.03499505482716e-04 
1.83799686850815e-01 7.22518184323721e-02 6.83879867812781e-04 
2.05423179421499e-01 7.22502666579158e-02 7.63703949267294e-04 
2.27046671992183e-01 7.22487685672747e-02 8.39102154778345e-04 
2.48670164562868e-01 7.22472206456169e-02 9.13054861707750e-04 
2.70293657133552e-01 7.22453913553475e-02 9.84344703625980e-04 
2.91917149704236e-01 7.22429196485485e-02 1.05015355332497e-03 
3.13540642274920e-01 7.22397221224442e-02 1.11431976629812e-03 
3.35164134845604e-01 7.22355760273677e-02 1.17548969235457e-03 
3.56787627416288e-01 7.22304074055903e-02 1.23477943289811e-03 
3.78411119986972e-01 7.22240381714819e-02 1.29163930487767e-03 
4.00034612557657e-01 7.22163676177782e-02 1.34625991614959e-03 
4.21658105128341e-01 7.22073516796255e-02 1.39876898274775e-03 
4.43281597699025e-01 7.21969541096058e-02 1.44921300490149e-03 
4.64905090269709e-01 7.21851163768717e-02 1.49757760539401e-03 
4.86528582840393e-01 7.21717842587061e-02 1.54389819507424e-03 
5.08152075411077e-01 7.21569077102355e-02 1.58819273888035e-03 
5.29775567981761e-01 7.21404694533142e-02 1.63054072689327e-03 
5.51399060552445e-01 7.21224330000363e-02 1.67096898064570e-03 
5.73022553123130e-01 7.21027615794806e-02 1.70951809766447e-03 
5.94646045693814e-01 7.20814219551053e-02 1.74622990584482e-03 
6.16269538264498e-01 7.20583843170532e-02 1.78114594060230e-03 
6.37893030835182e-01 7.20336221595516e-02 1.81430804378301e-03 
6.59516523405866e-01 7.20071121583740e-02 1.84575825068219e-03 
6.81140015976550e-01 7.19788340494126e-02 1.87553899013228e-03 
7.02763508547234e-01 7.19487704985393e-02 1.90369128396336e-03 
7.24387001117919e-01 7.19169151364722e-02 1.93026118258907e-03 
7.46010493688603e-01 7.18832612277838e-02 1.95529235822004e-03 
7.67633986259287e-01 7.18477997843904e-02 1.97882682699490e-03 
7.89257478829971e-01 7.18105242318456e-02 2.00090609446004e-03 
8.10880971400655e-01 7.17714303280804e-02 2.02157013539302e-03 
8.32504463971339e-01 7.17305160711882e-02 2.04085900264925e-03 
8.54127956542023e-01 7.16877815630140e-02 2.05881423549609e-03 
8.75751449112708e-01 7.16432288566798e-02 2.07547746469300e-03 
8.97374941683392e-01 7.15968618708031e-02 2.09088795512154e-03 
9.18998434254076e-01 7.15486863474904e-02 2.10508361475580e-03 
9.40621926824760e-01 7.14987097361885e-02 2.11810310235579e-03 
9.62245419395444e-01 7.14469410599981e-02 2.12998443893455e-03 
9.83868911966128e-01 7.13933908628891e-02 2.14076332902292e-03 
1.00549240453681e+00 7.13380711658837e-02 2.15045083259009e-03 
1.02711589710750e+00 7.12812163968477e-02 2.15909223190190e-03 
1.04873938967818e+00 7.12229154111019e-02 2.16672911772886e-03 
1.07036288224886e+00 7.11631861045022e-02 2.17339592134745e-03 
1.09198637481955e+00 7.11020471380029e-02 2.17912513779336e-03 
1.11360986739023e+00 7.10395178771783e-02 2.18394956280576e-03 
1.13523335996092e+00 7.09756182872871e-02 2.18790265372407e-03 
1.15685685253160e+00 7.09103688497782e-02 2.19101671745502e-03 
1.17848034510229e+00 7.08437905626141e-02 2.19332191455845e-03 
1.20010383767297e+00 7.07759049243822e-02 2.19487806348654e-03 
1.22172733024365e+00 7.07066418437422e-02 2.19576775197003e-03 
1.24335082281434e+00 7.06359315788825e-02 2.19603606322965e-03 
1.26497431538502e+00 7.05637935729487e-02 2.19569706523076e-03 
1.28659780795571e+00 7.04902479791791e-02 2.19477103394223e-03 
1.30822130052639e+00 7.04153152400045e-02 2.19327253357799e-03 
1.32984479309707e+00 7.03391738146948e-02 2.19121955866167e-03 
1.35146828566776e+00 7.02618660261366e-02 2.18863939984887e-03 
1.37309177823844e+00 7.01834131159648e-02 2.18554793054159e-03 
1.39471527080913e+00 7.01038366895969e-02 2.18196732416562e-03 
1.41633876337981e+00 7.00231581068016e-02 2.17792812289469e-03 
1.43796225595049e+00 6.99413983659620e-02 2.17345330862757e-03 
1.45958574852118e+00 6.98585786531838e-02 2.16857716710922e-03 
1.48120924109186e+00 6.97747188196834e-02 2.16335465341656e-03 
1.50283273366255e+00 6.96898371360303e-02 2.15780267907634e-03 
1.52445622623323e+00 6.96041747854384e-02 2.15191085339713e-03 
1.54607971880392e+00 6.95178793512587e-02 2.14570131110298e-03 
1.56770321137460e+00 6.94309680024100e-02 2.13919252702613e-03 
1.58932670394528e+00 6.93434580699819e-02 2.13239001818847e-03 
1.61095019651597e+00 6.92553669987317e-02 2.12530023088364e-03 
1.63257368908665e+00 6.91667123003574e-02 2.11793043574671e-03 
1.65419718165734e+00 6.90775115100277e-02 2.11028861407822e-03 
1.67582067422802e+00 6.89877821459411e-02 2.10238335711652e-03 
1.69744416679870e+00 6.88975416715880e-02 2.09422378011064e-03 
1.71906765936939e+00 6.88068074602550e-02 2.08581944112585e-03 
1.74069115194007e+00 6.87155967622386e-02 2.07718024476662e-03 
1.76231464451076e+00 6.86239266760250e-02 2.06831634953908e-03 
1.78393813708144e+00 6.85318141223263e-02 2.05923811911683e-03 
1.80556162965213e+00 6.84392758185974e-02 2.04995608832989e-03 
1.82718512222281e+00 6.83463282553153e-02 2.04048091505548e-03 
1.84880861479349e+00 6.82529876741922e-02 2.03082334558792e-03 
1.87043210736418e+00 6.81592700471442e-02 2.02099415710039e-03 
1.89205559993486e+00 6.80651910594913e-02 2.01100927370101e-03 
1.91367909250555e+00 6.79707113861845e-02 2.00091681550818e-03 
1.93530258507623e+00 6.78754904503261e-02 1.99073851529603e-03 
1.95692607764691e+00 6.77795470091542e-02 1.98043250324372e-03 
1.97854957021760e+00 6.76828995604645e-02 1.97000898419621e-03 
2.00017306278828e+00 6.75855663240886e-02 1.95947799069864e-03 
2.02179655535897e+00 6.74875652277913e-02 1.94884934405600e-03 
2.04342004792965e+00 6.73889138937289e-02 1.93813264653588e-03 
2.06504354050033e+00 6.72896296264324e-02 1.92733726720211e-03 
2.08666703307102e+00 6.71897294020651e-02 1.91647233318007e-03 
2.10829052564170e+00 6.70892298587417e-02 1.90550738507181e-03 
2.12991401821239e+00 6.69884937324993e-02 1.89442678157135e-03 
2.15153751078307e+00 6.68875786437313e-02 1.88329321250713e-03 
2.17316100335376e+00 6.67864958541189e-02 1.87212233900167e-03 
2.19478449592444e+00 6.66852562444139e-02 1.86092974114171e-03 
2.21640798849512e+00 6.65838041841485e-02 1.84974927796234e-03 
2.23803148106581e+00 6.64819622161896e-02 1.83858674732502e-03 
2.25965497363649e+00 6.63797430802344e-02 1.82741626365740e-03 
2.28127846620718e+00 6.62771591385828e-02 1.81624478558648e-03 
2.30290195877786e+00 6.61742223693895e-02 1.80507909028332e-03 
2.32452545134854e+00 6.60709443639560e-02 1.79392561480334e-03 
2.34614894391923e+00 6.59673363392644e-02 1.78279037092140e-03 
2.36777243648991e+00 6.58634091470277e-02 1.77167904633593e-03 
2.38939592906060e+00 6.57591732766386e-02 1.76059597548526e-03 
2.41101942163128e+00 6.56546389880170e-02 1.74954356064569e-03 
2.43264291420197e+00 6.55498163911698e-02 1.73852467998917e-03 
2.45426640677265e+00 6.54447152987472e-02 1.72754269021121e-03 
2.47588989934333e+00 6.53393453027015e-02 1.71659931826867e-03 
2.49751339191402e+00 6.52337158833898e-02 1.70571088700962e-03 
2.51913688448470e+00 6.51277454614663e-02 1.69490944104962e-03 
2.54076037705539e+00 6.50212997211554e-02 1.68418953505249e-03 
2.56238386962607e+00 6.49143897322820e-02 1.67352705396727e-03 
2.58400736219675e+00 6.48070261358284e-02 1.66292674222562e-03 
2.60563085476744e+00 6.46992191541932e-02 1.65239298968110e-03 
2.62725434733812e+00 6.45909786015668e-02 1.64192984788481e-03 
2.64887783990881e+00 6.44823138944435e-02 1.63154104613942e-03 
2.67050133247949e+00 6.43732340621484e-02 1.62123000739657e-03 
2.69212482505018e+00 6.42637477573894e-02 1.61099986300209e-03 
2.71374831762086e+00 6.41538632668529e-02 1.60085346767522e-03 
2.73537181019154e+00 6.40435885216726e-02 1.59079341438851e-03 
2.75699530276223e+00 6.39329311078334e-02 1.58082204720793e-03 
2.77861879533291e+00 6.38218982766133e-02 1.57094147336242e-03 
2.80024228790360e+00 6.37104969549659e-02 1.56114294718802e-03 
2.82186578047428e+00 6.35987893669877e-02 1.55141550124294e-03 
2.84348927304496e+00 6.34868340758520e-02 1.54177114021654e-03 
2.86511276561565e+00 6.33746358949173e-02 1.53222342958372e-03 
2.88673625818633e+00 6.32621993738221e-02 1.52277347602865e-03 
2.90835975075702e+00 6.31495288085810e-02 1.51342221594156e-03 
2.92998324332770e+00 6.30366282514695e-02 1.50417042528766e-03 
2.95160673589838e+00 6.29235015206762e-02 1.49501873031264e-03 
2.97323022846907e+00 6.28101522095445e-02 1.48596761659121e-03 
2.99485372103975e+00 6.26965836957561e-02 1.47701158709322e-03 
3.01647721361044e+00 6.25828262800521e-02 1.46813323717779e-03 
3.03810070618112e+00 6.24689586560838e-02 1.45933656205008e-03 
3.05972419875181e+00 6.23549825157178e-02 1.45064074622737e-03 
3.08134769132249e+00 6.22408993900360e-02 1.44204569861180e-03 
3.10297118389317e+00 6.21267106571916e-02 1.43355123366800e-03 
3.12459467646386e+00 6.20124175499994e-02 1.42515707792104e-03 
3.14621816903454e+00 6.18980211632616e-02 1.41686287623399e-03 
3.16784166160523e+00 6.17835224608213e-02 1.40866819786486e-03 
3.18946515417591e+00 6.16689222823453e-02 1.40057253392281e-03 
3.21108864674659e+00 6.15542213512041e-02 1.39257528908550e-03 
3.23271213931728e+00 6.14394202830440e-02 1.38467581028010e-03 
3.25433563188796e+00 6.13245195893775e-02 1.37687342223587e-03 
3.27595912445865e+00 6.12095196805320e-02 1.36916741142650e-03 
3.29758261702933e+00 6.10944208720597e-02 1.36155700515794e-03 
3.31920610960002e+00 6.09792233914306e-02 1.35404138707068e-03 
3.34082960217070e+00 6.08639273821242e-02 1.34661971704297e-03 
3.36245309474138e+00 6.07485329071500e-02 1.33929112767209e-03 
3.38407658731207e+00 6.06330399538743e-02 1.33205471286350e-03 
3.40570007988275e+00 6.05174484396681e-02 1.32490952133907e-03 
3.42732357245344e+00 6.04017582180775e-02 1.31785457699857e-03 
3.44894706502412e+00 6.02859690811397e-02 1.31088888156492e-03 
3.47057055759480e+00 6.01700807652203e-02 1.30401136597184e-03 
3.49219405016549e+00 6.00540929620941e-02 1.29722094173721e-03 
3.51381754273617e+00 5.99380053159754e-02 1.29051659115184e-03 
3.53544103530686e+00 5.98218174184710e-02 1.28389732799904e-03 
3.55706452787754e+00 5.97055288123395e-02 1.27736214951163e-03 
3.57868802044822e+00 5.95891389950251e-02 1.27091003925084e-03 
3.60031151301891e+00 5.94726474219785e-02 1.26453316390880e-03 
3.62193500558959e+00 5.93560768087889e-02 1.25822342687757e-03 
3.64355849816028e+00 5.92394482432835e-02 1.25198655182881e-03 
3.66518199073096e+00 5.91227606991121e-02 1.24582843567463e-03 
3.68680548330165e+00 5.90060131271543e-02 1.23974803301278e-03 
3.70842897587233e+00 5.88892044577848e-02 1.23374429777474e-03 
3.73005246844301e+00 5.87723336029857e-02 1.22781618478917e-03 
3.75167596101370e+00 5.86553994583174e-02 1.22196265119721e-03 
3.77329945358438e+00 5.85384009047554e-02 1.21618265773600e-03 
3.79492294615507e+00 5.84213368104023e-02 1.21047516990607e-03 
3.81654643872575e+00 5.83042060320812e-02 1.20483915902355e-03 
3.83816993129643e+00 5.81870074168177e-02 1.19927360316215e-03 
3.85979342386712e+00 5.80697398032200e-02 1.19377748799705e-03 
3.88141691643780e+00 5.79524020227615e-02 1.18834980756009e-03 
3.90304040900849e+00 5.78349929009719e-02 1.18298956491033e-03 
3.92466390157917e+00 5.77175112585447e-02 1.17769577272447e-03 
3.94628739414985e+00 5.75999559123648e-02 1.17246745381648e-03 
3.96791088672054e+00 5.74823256764625e-02 1.16730364158501e-03 
3.98953437929122e+00 5.73646193628995e-02 1.16220379315111e-03 
4.01115787186191e+00 5.72468345641377e-02 1.15719246558093e-03 
4.03278136443259e+00 5.71288954510576e-02 1.15226974713275e-03 
4.05440485700328e+00 5.70108013537981e-02 1.14740800688835e-03 
4.07602834957396e+00 5.68925515927424e-02 1.14260632929283e-03 
4.09765184214464e+00 5.67741454793535e-02 1.13786381096948e-03 
4.11927533471533e+00 5.66555823169727e-02 1.13317956082416e-03 
4.14089882728601e+00 5.65368614015640e-02 1.12855270012593e-03 
4.16252231985670e+00 5.64179820224253e-02 1.12398236255036e-03 
4.18414581242738e+00 5.62989434628533e-02 1.11946769421185e-03 
4.20576930499806e+00 5.61797450007777e-02 1.11500785335325e-03 
4.22739279756875e+00 5.60603859094212e-02 1.11060201045754e-03 
4.24901629013943e+00 5.59408654578408e-02 1.10624934887899e-03 
4.27063978271012e+00 5.58211829113812e-02 1.10194906463062e-03 
4.29226327528080e+00 5.57013375321900e-02 1.09770036580428e-03 
4.31388676785149e+00 5.55813285797248e-02 1.09350247254783e-03 
4.33551026042217e+00 5.54611553112050e-02 1.08935461727780e-03 
4.35713375299285e+00 5.53408169820035e-02 1.08525604449233e-03 
4.37875724556354e+00 5.52203128460696e-02 1.08120601045607e-03 
4.40038073813422e+00 5.50996421563232e-02 1.07720378302556e-03 
4.42200423070491e+00 5.49788041650486e-02 1.07324864152325e-03 
4.44362772327559e+00 5.48577981242517e-02 1.06933987665253e-03 
4.46525121584627e+00 5.47366232860085e-02 1.06547678994989e-03 
4.48687470841696e+00 5.46152789028808e-02 1.06165869375254e-03 
4.50849820098764e+00 5.44937642282111e-02 1.05785162195444e-03 
4.53012169355833e+00 5.43721630038283e-02 1.05404977706362e-03 
4.55174518612901e+00 5.42504841289322e-02 1.05028662617855e-03 
4.57336867869969e+00 5.41287263627128e-02 1.04656564889291e-03 
4.59499217127038e+00 5.40068884755624e-02 1.04288622086105e-03 
4.61661566384106e+00 5.38849692491149e-02 1.03924772779451e-03 
4.63823915641175e+00 5.37629674762836e-02 1.03564956529296e-03 
4.65986264898243e+00 5.36408819612912e-02 1.03209113867755e-03 
4.68148614155312e+00 5.35187115196985e-02 1.02857186282177e-03 
4.70310963412380e+00 5.33964549784274e-02 1.02509116198511e-03 
4.72473312669448e+00 5.32741111757830e-02 1.02164846964395e-03 
4.74635661926517e+00 5.31516789614705e-02 1.01824322832637e-03 
4.76798011183585e+00 5.30291571966127e-02 1.01487488944596e-03 
4.78960360440654e+00 5.29065447537629e-02 1.01154291313759e-03 
4.81122709697722e+00 5.27838405169183e-02 1.00824676809406e-03 
4.83285058954790e+00 5.26610433815306e-02 1.00498593140452e-03 
4.85447408211859e+00 5.25381522545170e-02 1.00175988839395e-03 
4.87609757468927e+00 5.24151660542695e-02 9.98568132466031e-04 
4.89772106725996e+00 5.22920837106638e-02 9.95410164946403e-04 
4.91934455983064e+00 5.21689041650682e-02 9.92285494929393e-04 
4.94096805240132e+00 5.20456263703526e-02 9.89193639126336e-04 
4.96259154497201e+00 5.19222492908962e-02 9.86134121716501e-04 
4.98421503754269e+00 5.17987719025974e-02 9.83106474200196e-04 
5.00583853011338e+00 5.16751931928819e-02 9.80140597946731e-04 
5.02746202268406e+00 5.15514431162647e-02 9.77245770936303e-04 
5.04908551525475e+00 5.14275003928970e-02 9.74390780445351e-04 
5.07070900782543e+00 5.13033644181205e-02 9.71565921103085e-04 
5.09233250039611e+00 5.11790345928006e-02 9.68770748500977e-04 
5.11395599296680e+00 5.10545103235073e-02 9.66004824673646e-04 
5.13557948553748e+00 5.09297910226959e-02 9.63267717970693e-04 
5.15720297810817e+00 5.08048761088848e-02 9.60559002929205e-04 
5.17882647067885e+00 5.06797650068330e-02 9.57878260149284e-04 
5.20044996324954e+00 5.05544571477156e-02 9.55225076170738e-04 
5.22207345582022e+00 5.04289519692988e-02 9.52599043353161e-04 
5.24369694839090e+00 5.03032489161135e-02 9.49999759763064e-04 
5.26532044096159e+00 5.01773474396267e-02 9.47426829060267e-04 
5.28694393353227e+00 5.00512469984135e-02 9.44879860383239e-04 
5.30856742610296e+00 4.99249470583265e-02 9.42358468238894e-04 
5.33019091867364e+00 4.97984470926665e-02 9.39862272396817e-04 
5.35181441124432e+00 4.96717465823501e-02 9.37390897784667e-04 
5.37343790381501e+00 4.95448450160783e-02 9.34943974384500e-04 
5.39506139638569e+00 4.94177418905031e-02 9.32521137132148e-04 
5.41668488895638e+00 4.92904367103948e-02 9.30122025818902e-04 
5.43830838152706e+00 4.91629289888073e-02 9.27746284996171e-04 
5.45993187409774e+00 4.90352182472440e-02 9.25393563881134e-04 
5.48155536666843e+00 4.89073040158218e-02 9.23063516264304e-04 
5.50317885923911e+00 4.87791858334366e-02 9.20755800421165e-04 
5.52480235180980e+00 4.86508632479255e-02 9.18470079025155e-04 
5.54642584438048e+00 4.85223358162310e-02 9.16206019061113e-04 
5.56804933695116e+00 4.83936031045630e-02 9.13963291741040e-04 
5.58967282952185e+00 4.82646646885615e-02 9.11741572422776e-04 
5.61129632209253e+00 4.81355201534581e-02 9.09540540529492e-04 
5.63291981466322e+00 4.80061690942376e-02 9.07359879471388e-04 
5.65454330723390e+00 4.78766111157990e-02 9.05199276569637e-04 
5.67616679980459e+00 4.77468458331161e-02 9.03058422981158e-04 
5.69779029237527e+00 4.76168728713977e-02 9.00937013625680e-04 
5.71941378494595e+00 4.74866918662478e-02 8.98834747114474e-04 
5.74103727751664e+00 4.73563024638245e-02 8.96751325680836e-04 
5.76266077008732e+00 4.72257043209997e-02 8.94686455111354e-04 
5.78428426265801e+00 4.70948971055177e-02 8.92639844679541e-04 
5.80590775522869e+00 4.69638804961538e-02 8.90611207081144e-04 
5.82753124779937e+00 4.68326541828723e-02 8.88600258369878e-04 
5.84915474037006e+00 4.67012178669843e-02 8.86606717895490e-04 
5.87077823294074e+00 4.65695712613051e-02 8.84630308243301e-04 
5.89240172551143e+00 4.64377140903116e-02 8.82670755174482e-04 
5.91402521808211e+00 4.63056460902988e-02 8.80727787568161e-04 
5.93564871065280e+00 4.61733670095364e-02 8.78801137365020e-04 
5.95727220322348e+00 4.60408766084248e-02 8.76890539511558e-04 
5.97889569579416e+00 4.59081746596509e-02 8.74995731905913e-04 
6.00051918836485e+00 4.57752609483437e-02 8.73127463162595e-04 
6.02214268093553e+00 4.56421133117022e-02 8.71295547973228e-04 
6.04376617350622e+00 4.55087116937266e-02 8.69488662900627e-04 
6.06538966607690e+00 4.53750560312145e-02 8.67696445112339e-04 
6.08701315864758e+00 4.52411462733925e-02 8.65918640221373e-04 
6.10863665121827e+00 4.51069823821291e-02 8.64154996468937e-04 
6.13026014378895e+00 4.49725643321462e-02 8.62405264678789e-04 
6.15188363635964e+00 4.48378921112303e-02 8.60669198212180e-04 
6.17350712893032e+00 4.47029657204427e-02 8.58946552924535e-04 
6.19513062150101e+00 4.45677851743284e-02 8.57237087122718e-04 
6.21675411407169e+00 4.44323505011248e-02 8.55540561523156e-04 
6.23837760664237e+00 4.42966617429688e-02 8.53856739211594e-04 
6.26000109921306e+00 4.41607189561039e-02 8.52185385602963e-04 
6.28162459178374e+00 4.40245222110854e-02 8.50526268402859e-04 
6.30324808435443e+00 4.38880715929855e-02 8.48879157569488e-04 
6.32487157692511e+00 4.37513672015971e-02 8.47243825276622e-04 
6.34649506949579e+00 4.36144091516371e-02 8.45620045877846e-04 
6.36811856206648e+00 4.34771975729479e-02 8.44007595870640e-04 
6.38974205463716e+00 4.33397326106995e-02 8.42406253862278e-04 
6.41136554720785e+00 4.32020144255891e-02 8.40815800536135e-04 
6.43298903977853e+00 4.30640431940409e-02 8.39236018618801e-04 
6.45461253234921e+00 4.29258191084042e-02 8.37666692848010e-04 
6.47623602491990e+00 4.27873423771513e-02 8.36107609941255e-04 
6.49785951749058e+00 4.26486132250739e-02 8.34558558565331e-04 
6.51948301006127e+00 4.25096318934788e-02 8.33019329306276e-04 
6.54110650263195e+00 4.23703986403824e-02 8.31489714640474e-04 
6.56272999520264e+00 4.22309137407046e-02 8.29969508906066e-04 
6.58435348777332e+00 4.20911774864612e-02 8.28458508275257e-04 
6.60597698034400e+00 4.19511901869561e-02 8.26956510727216e-04 
6.62760047291469e+00 4.18109521689712e-02 8.25463316021560e-04 
6.64922396548537e+00 4.16704637769571e-02 8.23978725672656e-04 
6.67084745805606e+00 4.15297253732207e-02 8.22502542924443e-04 
6.69247095062674e+00 4.13887373381135e-02 8.21034572725977e-04 
6.71409444319742e+00 4.12475000702177e-02 8.19574621707496e-04 
6.73571793576811e+00 4.11060139865319e-02 8.18122498156931e-04 
6.75734142833879e+00 4.09642795226553e-02 8.16678011997106e-04 
6.77896492090948e+00 4.08222971329707e-02 8.15240974763819e-04 
6.80058841348016e+00 4.06800672908273e-02 8.13811199583931e-04 
6.82221190605085e+00 4.05375904887208e-02 8.12388501154372e-04 
6.84383539862153e+00 4.03948672384738e-02 8.10972695721718e-04 
6.86545889119221e+00 4.02518980714141e-02 8.09563601061882e-04 
6.88708238376290e+00 4.01086835385524e-02 8.08161036460881e-04 
6.90870587633358e+00 3.99652242107583e-02 8.06764822695679e-04 
6.93032936890427e+00 3.98215206789353e-02 8.05374782015560e-04 
6.95195286147495e+00 3.96775735541947e-02 8.03990738124391e-04 
6.97357635404563e+00 3.95333834680278e-02 8.02612516162926e-04 
6.99519984661632e+00 3.93889510724774e-02 8.01275049210353e-04 
7.01682333918700e+00 3.92442100177007e-02 8.00069249899088e-04 
7.03844683175769e+00 3.90989871910881e-02 7.98959139137541e-04 
7.06007032432837e+00 3.89532838221662e-02 7.97852589991986e-04 
7.08169381689905e+00 3.88071011706283e-02 7.96749387271339e-04 
7.10331730946974e+00 3.86604405268440e-02 7.95649317016746e-04 
7.12494080204042e+00 3.85133032123649e-02 7.94552166492274e-04 
7.14656429461111e+00 3.83656905804266e-02 7.93457724176495e-04 
7.16818778718179e+00 3.82176040164478e-02 7.92365779754480e-04 
7.18981127975248e+00 3.80690449385249e-02 7.91276124110130e-04 
7.21143477232316e+00 3.79200147979230e-02 7.90188549319091e-04 
7.23305826489384e+00 3.77705150795635e-02 7.89102848642217e-04 
7.25468175746453e+00 3.76205473025075e-02 7.88018816519493e-04 
7.27630525003521e+00 3.74701130204350e-02 7.86936248564340e-04 
7.29792874260590e+00 3.73192138221211e-02 7.85854941558455e-04 
7.31955223517658e+00 3.71678513319066e-02 7.84774693447177e-04 
7.34117572774726e+00 3.70160272101664e-02 7.83695303335265e-04 
7.36279922031795e+00 3.68637431537716e-02 7.82616571483015e-04 
7.38442271288863e+00 3.67110008965496e-02 7.81538299302928e-04 
7.40604620545932e+00 3.65578022097376e-02 7.80460289356826e-04 
7.42766969803000e+00 3.64041489024338e-02 7.79382345353373e-04 
7.44929319060069e+00 3.62500428220426e-02 7.78304272146046e-04 
7.47091668317137e+00 3.60954858547162e-02 7.77225875731572e-04 
7.49254017574205e+00 3.59404799257912e-02 7.76146963248502e-04 
7.51416366831274e+00 3.57850270002203e-02 7.75067342976552e-04 
7.53578716088342e+00 3.56291290830002e-02 7.73986824336144e-04 
7.55741065345411e+00 3.54727882195933e-02 7.72905217888495e-04 
7.57903414602479e+00 3.53160064963456e-02 7.71822335335920e-04 
7.60065763859547e+00 3.51587860408994e-02 7.70737989522609e-04 
7.62228113116616e+00 3.50011290226001e-02 7.69651994435858e-04 
7.64390462373684e+00 3.48430376528991e-02 7.68564165207459e-04 
7.66552811630753e+00 3.46845141857506e-02 7.67474318115766e-04 
7.68715160887821e+00 3.45255609180035e-02 7.66382270587870e-04 
7.70877510144889e+00 3.43661801897872e-02 7.65287841202271e-04 
7.73039859401958e+00 3.42063743848933e-02 7.64190849691835e-04 
7.75202208659026e+00 3.40461459311498e-02 7.63091116947125e-04 
7.77364557916095e+00 3.38854973007916e-02 7.61988465020191e-04 
7.79526907173163e+00 3.37244310108236e-02 7.60882717128426e-04 
7.81689256430232e+00 3.35629496233791e-02 7.59773697659082e-04 
7.83851605687300e+00 3.34010557460714e-02 7.58661232173929e-04 
7.86013954944368e+00 3.32387520323401e-02 7.57545147414280e-04 
7.88176304201437e+00 3.30760411817904e-02 7.56425271306353e-04 
7.90338653458505e+00 3.29129259405272e-02 7.55301432966711e-04 
7.92501002715574e+00 3.27494091014819e-02 7.54173462708525e-04 
7.94663351972642e+00 3.25854935047336e-02 7.53041192047768e-04 
7.96825701229710e+00 3.24211820378229e-02 7.51904453709717e-04 
7.98988050486779e+00 3.22564776360600e-02 7.50760260274451e-04 
8.01150399743847e+00 3.20913889206319e-02 7.49523424563405e-04 
8.03312749000916e+00 3.19260891840719e-02 7.48197463429860e-04 
8.05475098257984e+00 3.17605808524180e-02 7.46868510783357e-04 
8.07637447515052e+00 3.15948663852520e-02 7.45536442705509e-04 
8.09799796772121e+00 3.14289482757777e-02 7.44201136427210e-04 
8.11962146029189e+00 3.12628290508954e-02 7.42862470329432e-04 
8.14124495286258e+00 3.10965112712717e-02 7.41520323944462e-04 
8.16286844543326e+00 3.09299975314055e-02 7.40174577957395e-04 
8.18449193800395e+00 3.07632904596899e-02 7.38825114207597e-04 
8.20611543057463e+00 3.05963927184698e-02 7.37471815690378e-04 
8.22773892314531e+00 3.04293070040948e-02 7.36114566558956e-04 
8.24936241571600e+00 3.02620360469684e-02 7.34753252126507e-04 
8.27098590828668e+00 3.00945826115925e-02 7.33387758868398e-04 
8.29260940085737e+00 2.99269494966076e-02 7.32017974424552e-04 
8.31423289342805e+00 2.97591395348280e-02 7.30643787601870e-04 
8.33585638599873e+00 2.95911555932736e-02 7.29265088377081e-04 
8.35747987856942e+00 2.94230005731960e-02 7.27881767899505e-04 
8.37910337114010e+00 2.92546774101006e-02 7.26493718493868e-04 
8.40072686371079e+00 2.90861890737640e-02 7.25100833663644e-04 
8.42235035628147e+00 2.89175385682468e-02 7.23703008094188e-04 
8.44397384885215e+00 2.87487289319012e-02 7.22300137656106e-04 
8.46559734142284e+00 2.85797632373742e-02 7.20892119408647e-04 
8.48722083399352e+00 2.84106445916062e-02 7.19478851603498e-04 
8.50884432656421e+00 2.82413761358245e-02 7.18060233688531e-04 
8.53046781913489e+00 2.80719610455311e-02 7.16636166311512e-04 
8.55209131170558e+00 2.79024025304875e-02 7.15206551324170e-04 
8.57371480427626e+00 2.77327038346922e-02 7.13771291786247e-04 
8.59533829684694e+00 2.75628682363551e-02 7.12330291969718e-04 
8.61696178941763e+00 2.73928990478657e-02 7.10883457363110e-04 
8.63858528198831e+00 2.72227996157563e-02 7.09430694675778e-04 
8.66020877455900e+00 2.70525733206608e-02 7.07971911842496e-04 
8.68183226712968e+00 2.68822235772672e-02 7.06507018028098e-04 
8.70345575970036e+00 2.67117538342657e-02 7.05035923631902e-04 
8.72507925227105e+00 2.65411675742913e-02 7.03558540292692e-04 
8.74670274484173e+00 2.63704683138608e-02 7.02074780893551e-04 
8.76832623741242e+00 2.61996596033048e-02 7.00584559566573e-04 
8.78994972998310e+00 2.60287450266944e-02 6.99087791697996e-04 
8.81157322255379e+00 2.58577282017617e-02 6.97584393933289e-04 
8.83319671512447e+00 2.56866127798161e-02 6.96074284182179e-04 
8.85482020769515e+00 2.55154024456537e-02 6.94557381623928e-04 
8.87644370026584e+00 2.53441009174625e-02 6.93033606712510e-04 
8.89806719283652e+00 2.51727119467207e-02 6.91502881181961e-04 
8.91969068540721e+00 2.50012393180907e-02 6.89965128051702e-04 
8.94131417797789e+00 2.48296868493063e-02 6.88420271631905e-04 
8.96293767054858e+00 2.46580583910552e-02 6.86868237529141e-04 
8.98456116311926e+00 2.44863578268548e-02 6.85308952651710e-04 
9.00618465568994e+00 2.43145890729234e-02 6.83742345215221e-04 
9.02780814826063e+00 2.41427560780445e-02 6.82168344748141e-04 
9.04943164083131e+00 2.39708628234261e-02 6.80586882097399e-04 
9.07105513340199e+00 2.37989133225537e-02 6.78997889434106e-04 
9.09267862597268e+00 2.36269116210377e-02 6.77401300259115e-04 
9.11430211854336e+00 2.34548617964549e-02 6.75797049408784e-04 
9.13592561111405e+00 2.32827679581836e-02 6.74185073060633e-04 
9.15754910368473e+00 2.31106342472337e-02 6.72565308739023e-04 
9.17917259625542e+00 2.29384648360700e-02 6.70937695320914e-04 
9.20079608882610e+00 2.27662639284295e-02 6.69302173041665e-04 
9.22241958139678e+00 2.25940357591333e-02 6.67658683500697e-04 
9.24404307396747e+00 2.24217845938921e-02 6.66007169667233e-04 
9.26566656653815e+00 2.22495147291053e-02 6.64347575886089e-04 
9.28729005910884e+00 2.20772304916545e-02 6.62679847883378e-04 
9.30891355167952e+00 2.19049362386908e-02 6.61003932772234e-04 
9.33053704425020e+00 2.17326363574157e-02 6.59319779058459e-04 
9.35216053682089e+00 2.15603352648560e-02 6.57627336646298e-04 
9.37378402939157e+00 2.13880374076329e-02 6.55926556844110e-04 
9.39540752196226e+00 2.12157472617240e-02 6.54217392369954e-04 
9.41703101453294e+00 2.10434693322199e-02 6.52499797357259e-04 
9.43865450710363e+00 2.08712081530745e-02 6.50773727360401e-04 
9.46027799967431e+00 2.06989682868486e-02 6.49039139360278e-04 
9.48190149224499e+00 2.05267543244477e-02 6.47295991769762e-04 
9.50352498481568e+00 2.03545708848532e-02 6.45544244439240e-04 
9.52514847738636e+00 2.01824226148480e-02 6.43783858662096e-04 
9.54677196995705e+00 2.00103141887345e-02 6.42014797179946e-04 
9.56839546252773e+00 1.98382503080478e-02 6.40237024188081e-04 
9.59001895509842e+00 1.96662357012619e-02 6.38450505340711e-04 
9.61164244766910e+00 1.94942751234893e-02 6.36655207756173e-04 
9.63326594023978e+00 1.93223733561749e-02 6.34851100022146e-04 
9.65488943281047e+00 1.91505352067832e-02 6.33038152200674e-04 
9.67651292538115e+00 1.89787655084794e-02 6.31216335833194e-04 
9.69813641795183e+00 1.88070691198040e-02 6.29385623945506e-04 
9.71975991052252e+00 1.86354509243414e-02 6.27545991052691e-04 
9.74138340309320e+00 1.84639158303816e-02 6.25697413163850e-04 
9.76300689566389e+00 1.82924687705765e-02 6.23839867786775e-04 
9.78463038823457e+00 1.81211147015886e-02 6.21973333932618e-04 
9.80625388080526e+00 1.79498586037350e-02 6.20097792120438e-04 
9.82787737337594e+00 1.77787054806238e-02 6.18213224381667e-04 
9.84950086594662e+00 1.76076603587847e-02 6.16319614264393e-04 
9.87112435851731e+00 1.74367282872932e-02 6.14416946837578e-04 
9.89274785108799e+00 1.72659143373893e-02 6.12505208695313e-04 
9.91437134365868e+00 1.70952236020883e-02 6.10584387960744e-04 
9.93599483622936e+00 1.69246611957873e-02 6.08654474290028e-04 
9.95761832880005e+00 1.67542322538640e-02 6.06715458876202e-04 
9.97924182137073e+00 1.65839419322697e-02 6.04767334452752e-04 
1.00008653139414e+01 1.64137954071169e-02 6.02685357897266e-04 
1.00224888065121e+01 1.62441197356667e-02 6.00366860544967e-04 
1.00441122990828e+01 1.60751891825236e-02 5.97943637219669e-04 
1.00657357916535e+01 1.59070017901106e-02 5.95525611703602e-04 
1.00873592842241e+01 1.57395556011000e-02 5.93112788734053e-04 
1.01089827767948e+01 1.55728486584165e-02 5.90705173043238e-04 
1.01306062693655e+01 1.54068790052408e-02 5.88302769356366e-04 
1.01522297619362e+01 1.52416446850140e-02 5.85905582389711e-04 
1.01738532545069e+01 1.50771437414418e-02 5.83513616848854e-04 
1.01954767470776e+01 1.49133742185004e-02 5.81126877426800e-04 
1.02171002396483e+01 1.47503341604415e-02 5.78745368802185e-04 
1.02387237322189e+01 1.45880216117989e-02 5.76369095637552e-04 
1.02603472247896e+01 1.44264346173951e-02 5.73998062577604e-04 
1.02819707173603e+01 1.42655712223484e-02 5.71632274247577e-04 
1.03035942099310e+01 1.41054294720804e-02 5.69271735251553e-04 
1.03252177025017e+01 1.39460074123241e-02 5.66916450170830e-04 
1.03468411950724e+01 1.37873030891326e-02 5.64566423562366e-04 
1.03684646876430e+01 1.36293145488876e-02 5.62221659957219e-04 
1.03900881802137e+01 1.34720398383091e-02 5.59882163858991e-04 
1.04117116727844e+01 1.33154770044648e-02 5.57547939742320e-04 
1.04333351653551e+01 1.31596240947807e-02 5.55218992051497e-04 
1.04549586579258e+01 1.30044791570511e-02 5.52895325198964e-04 
1.04765821504965e+01 1.28500402394498e-02 5.50576943563905e-04 
1.04982056430671e+01 1.26963053905415e-02 5.48263851490912e-04 
1.05198291356378e+01 1.25432726592930e-02 5.45956053288587e-04 
1.05414526282085e+01 1.23909400950859e-02 5.43653553228216e-04 
1.05630761207792e+01 1.22393057477281e-02 5.41356355542587e-04 
1.05846996133499e+01 1.20883676674673e-02 5.39064464424584e-04 
1.06063231059206e+01 1.19381239050034e-02 5.36777884025987e-04 
1.06279465984913e+01 1.17885725115023e-02 5.34496618456315e-04 
1.06495700910619e+01 1.16397115386091e-02 5.32220671781541e-04 
1.06711935836326e+01 1.14915390384625e-02 5.29950048023032e-04 
1.06928170762033e+01 1.13440530637088e-02 5.27684751156346e-04 
1.07144405687740e+01 1.11972516675166e-02 5.25424785110129e-04 
1.07360640613447e+01 1.10511329035913e-02 5.23170153765060e-04 
1.07576875539154e+01 1.09056948261908e-02 5.20920860952731e-04 
1.07793110464860e+01 1.07609354901403e-02 5.18676910454671e-04 
1.08009345390567e+01 1.06168529508481e-02 5.16438306001321e-04 
1.08225580316274e+01 1.04734452643219e-02 5.14205051271007e-04 
1.08441815241981e+01 1.03307104871842e-02 5.11977149888968e-04 
1.08658050167688e+01 1.01886466766893e-02 5.09754605426458e-04 
1.08874285093395e+01 1.00472518907395e-02 5.07537421399808e-04 
1.09090520019101e+01 9.90652418790228e-03 5.05325601269498e-04 
1.09306754944808e+01 9.76646162742710e-03 5.03119148439299e-04 
1.09522989870515e+01 9.62706226926271e-03 5.00918066255400e-04 
1.09739224796222e+01 9.48832417407469e-03 4.98722358005603e-04 
1.09955459721929e+01 9.35024540326307e-03 4.96532026918495e-04 
1.10171694647636e+01 9.21282401898019e-03 4.94347076162614e-04 
1.10387929573343e+01 9.07605808414877e-03 4.92167508845718e-04 
1.10604164499049e+01 8.93994566248015e-03 4.89993328014031e-04 
1.10820399424756e+01 8.80448481849268e-03 4.87824536651488e-04 
1.11036634350463e+01 8.66967361753030e-03 4.85661137679025e-04 
1.11252869276170e+01 8.53551012578126e-03 4.83503133953870e-04 
1.11469104201877e+01 8.40199241029707e-03 4.81350528268911e-04 
1.11685339127584e+01 8.26911853901150e-03 4.79203323352028e-04 
1.11901574053290e+01 8.13688658075979e-03 4.77061521865393e-04 
1.12117808978997e+01 8.00529460529799e-03 4.74925126404896e-04 
1.12334043904704e+01 7.87434068332244e-03 4.72794139499566e-04 
1.12550278830411e+01 7.74402288648936e-03 4.70668563610940e-04 
1.12766513756118e+01 7.61433928743457e-03 4.68548401132511e-04 
1.12982748681825e+01 7.48528795979338e-03 4.66433654389185e-04 
1.13198983607531e+01 7.35686697822048e-03 4.64324325636742e-04 
1.13415218533238e+01 7.22907441841010e-03 4.62220417061322e-04 
1.13631453458945e+01 7.10190835711609e-03 4.60121930778918e-04 
1.13847688384652e+01 6.97536687217231e-03 4.58028868834886e-04 
1.14063923310359e+01 6.84944804251288e-03 4.55941233203490e-04 
1.14280158236066e+01 6.72414994819276e-03 4.53859025787461e-04 
1.14496393161773e+01 6.59947067040820e-03 4.51782248417548e-04 
1.14712628087479e+01 6.47540829151744e-03 4.49710902852088e-04 
1.14928863013186e+01 6.35196089506138e-03 4.47644990776604e-04 
1.15145097938893e+01 6.22912656578437e-03 4.45584513803421e-04 
1.15361332864600e+01 6.10690338965508e-03 4.43529473471310e-04 
1.15577567790307e+01 5.98528945388737e-03 4.41441356333095e-04 
1.15793802716014e+01 5.86430020562116e-03 4.39243836926549e-04 
1.16010037641720e+01 5.74397550448363e-03 4.36900715839417e-04 
1.16226272567427e+01 5.62435444599150e-03 4.34405834161511e-04 
1.16442507493134e+01 5.50547920129367e-03 4.31732303288767e-04 
1.16658742418841e+01 5.38740229973786e-03 4.28854499478414e-04 
1.16874977344548e+01 5.27018109102933e-03 4.25771501865511e-04 
1.17091212270255e+01 5.15386977180822e-03 4.22494517253732e-04 
1.17307447195961e+01 5.03851943982553e-03 4.19032115432238e-04 
1.17523682121668e+01 4.92417922007827e-03 4.15390016592736e-04 
1.17739917047375e+01 4.81089694147853e-03 4.11576060007623e-04 
1.17956151973082e+01 4.69871761805610e-03 4.07600817210163e-04 
1.18172386898789e+01 4.58768324568774e-03 4.03475000568074e-04 
1.18388621824496e+01 4.47783288566705e-03 3.99192123138452e-04 
1.18604856750202e+01 4.36920998501037e-03 3.94729995233395e-04 
1.18821091675909e+01 4.26186573662794e-03 3.90084858087075e-04 
1.19037326601616e+01 4.15584759922545e-03 3.85270030339646e-04 
1.19253561527323e+01 4.05119939398352e-03 3.80298489395655e-04 
1.19469796453030e+01 3.94796140305427e-03 3.75182864809500e-04 
1.19686031378737e+01 3.84617046957870e-03 3.69935432720630e-04 
1.19902266304444e+01 3.74586009894122e-03 3.64568087676818e-04 
1.20118501230150e+01 3.64706069254854e-03 3.59091930364096e-04 
1.20334736155857e+01 3.54980194821205e-03 3.53518156803467e-04 
1.20550971081564e+01 3.45410787477870e-03 3.47858149816878e-04 
1.20767206007271e+01 3.35999955540949e-03 3.42122362859269e-04 
1.20983440932978e+01 3.26749525157586e-03 3.36320881843308e-04 
1.21199675858685e+01 3.17661050682741e-03 3.30463425749467e-04 
1.21415910784391e+01 3.08735825013262e-03 3.24559347943159e-04 
1.21632145710098e+01 2.99974889860632e-03 3.18617638157946e-04 
1.21848380635805e+01 2.91379045944869e-03 3.12646925104542e-04 
1.22064615561512e+01 2.82948863093228e-03 3.06655479666066e-04 
1.22280850487219e+01 2.74684690228425e-03 3.00651218640849e-04 
1.22497085412926e+01 2.66586665232186e-03 2.94641708994965e-04 
1.22713320338632e+01 2.58654724670991e-03 2.88634172587640e-04 
1.22929555264339e+01 2.50888613371878e-03 2.82635491333581e-04 
1.23145790190046e+01 2.43287893837170e-03 2.76652212767343e-04 
1.23362025115753e+01 2.35851955487965e-03 2.70690555975903e-04 
1.23578260041460e+01 2.28580023727135e-03 2.64756417866659e-04 
1.23794494967167e+01 2.21471168813477e-03 2.58855379739166e-04 
1.24010729892874e+01 2.14524314539556e-03 2.52992714130072e-04 
1.24226964818580e+01 2.07738246706562e-03 2.47173391901849e-04 
1.24443199744287e+01 2.01111621390346e-03 2.41402089547018e-04 
1.24659434669994e+01 1.94642972993528e-03 2.35683196680751e-04 
1.24875669595701e+01 1.88330722079342e-03 2.30020823695899e-04 
1.25091904521408e+01 1.82173182983543e-03 2.24418809555633e-04 
1.25308139447115e+01 1.76168571201390e-03 2.18880729700038e-04 
1.25524374372821e+01 1.70315010547342e-03 2.13409904044122e-04 
1.25740609298528e+01 1.64610540085719e-03 2.08009405045930e-04 
1.25956844224235e+01 1.59053120831122e-03 2.02682065824478e-04 
1.26173079149942e+01 1.53640642217965e-03 1.97430488308374e-04 
1.26389314075649e+01 1.48370928338973e-03 1.92257051397113e-04 
1.26605549001356e+01 1.43241743952960e-03 1.87163919118090e-04 
1.26821783927062e+01 1.38250800262662e-03 1.82153048763452e-04 
1.27038018852769e+01 1.33395760463809e-03 1.77226198991914e-04 
1.27254253778476e+01 1.28674245066995e-03 1.72384937881757e-04 
1.27470488704183e+01 1.24083836994285e-03 1.67630650922131e-04 
1.27686723629890e+01 1.19622086452801e-03 1.62964548930839e-04 
1.27902958555597e+01 1.15286515587845e-03 1.58387675887668e-04 
1.28119193481304e+01 1.11074622918407e-03 1.53900916673286e-04 
1.28335428407010e+01 1.06983887558134e-03 1.49505004704592e-04 
1.28551663332717e+01 1.03011773225065e-03 1.45200529458297e-04 
1.28767898258424e+01 9.91557320436745e-04 1.40987943875338e-04 
1.28984133184131e+01 9.54132081428983e-04 1.36867469261085e-04 
1.29200368109838e+01 9.17816446125714e-04 1.32838258290778e-04 
1.29416603035545e+01 8.82585196871268e-04 1.28898728697835e-04 
1.29632837961251e+01 8.48413699445880e-04 1.25048266949640e-04 
1.29849072886958e+01 8.15277283623576e-04 1.21287034611576e-04 
1.30065307812665e+01 7.83151274479180e-04 1.17609191423007e-04 
1.30281542738372e+01 7.52013011545978e-04 1.14002382992679e-04 
1.30497777664079e+01 7.21844333085734e-04 1.10459657683466e-04 
1.30714012589786e+01 6.92627589733156e-04 1.06981451382498e-04 
1.30930247515492e+01 6.64344677674941e-04 1.03568299582733e-04 
1.31146482441199e+01 6.36977480396130e-04 1.00218835537671e-04 
1.31362717366906e+01 6.10508501468727e-04 9.69319511740975e-05 
1.31578952292613e+01 5.84920484540069e-04 9.37083753567075e-05 
1.31795187218320e+01 5.60195755898900e-04 9.05493645982229e-05 
1.32011422144027e+01 5.36316378341921e-04 8.74559142152585e-05 
1.32227657069733e+01 5.13264193595909e-04 8.44290840759630e-05 
1.32443891995440e+01 4.91020759909415e-04 8.14699204094306e-05 
1.32660126921147e+01 4.69567390266091e-04 7.85792229811672e-05 
1.32876361846854e+01 4.48885226477095e-04 7.57571408925149e-05 
1.33092596772561e+01 4.28955440897735e-04 7.30032465669627e-05 
1.33308831698268e+01 4.09759426293994e-04 7.03172927790715e-05 
1.33525066623975e+01 3.91278597469561e-04 6.76993702310660e-05 
1.33741301549681e+01 3.73494355559994e-04 6.51496140098357e-05 
1.33957536475388e+01 3.56388087001001e-04 6.26681056646846e-05 
1.34173771401095e+01 3.39941182819334e-04 6.02548093280093e-05 
1.34390006326802e+01 3.24135076027692e-04 5.79095542743217e-05 
1.34606241252509e+01 3.08951276378920e-04 5.56320444684263e-05 
1.34822476178216e+01 2.94371402562380e-04 5.34216997262818e-05 
1.35038711103922e+01 2.80377261358765e-04 5.12775908960516e-05 
1.35254946029629e+01 2.66950974653530e-04 4.91987977458049e-05 
1.35471180955336e+01 2.54074912712272e-04 4.71846017244037e-05 
1.35687415881043e+01 2.41731633726165e-04 4.52343041474732e-05 
1.35903650806750e+01 2.29903906730817e-04 4.33471238294751e-05 
1.36119885732457e+01 2.18574732394492e-04 4.15222047926378e-05 
1.36336120658163e+01 2.07727361765588e-04 3.97586236511908e-05 
1.36552355583870e+01 1.97345313068924e-04 3.80553966721733e-05 
1.36768590509577e+01 1.87412386639750e-04 3.64114865151844e-05 
1.36984825435284e+01 1.77912678083475e-04 3.48258086544629e-05 
1.37201060360991e+01 1.68830589747911e-04 3.32972374876186e-05 
1.37417295286698e+01 1.60150840593450e-04 3.18246121361766e-05 
1.37633530212405e+01 1.51858474544924e-04 3.04067419438658e-05 
1.37849765138111e+01 1.43938867407114e-04 2.90424116792715e-05 
1.38066000063818e+01 1.36377732423852e-04 2.77303864500884e-05 
1.38282234989525e+01 1.29161124558567e-04 2.64694163367565e-05 
1.38498469915232e+01 1.22275443571798e-04 2.52575672180197e-05 
1.38714704840939e+01 1.15707610725262e-04 2.40923405132808e-05 
1.38930939766646e+01 1.09445392914210e-04 2.29718978338682e-05 
1.39147174692352e+01 1.03476875168489e-04 2.18946587270653e-05 
1.39363409618059e+01 9.77905839628316e-05 2.08588528449425e-05 
1.39579644543766e+01 9.23756033169922e-05 1.98632371705770e-05 
1.39795879469473e+01 8.72212488386715e-05 1.89064329312255e-05 
1.40012114395180e+01 8.23172026529552e-05 1.79866163014814e-05 
1.40228349320887e+01 7.76537788201436e-05 1.71027398370197e-05 
1.40444584246593e+01 7.32214452681893e-05 1.62544492792577e-05 
1.40660819172300e+01 6.90107101055734e-05 1.54409378130608e-05 
1.40877054098007e+01 6.50123595010348e-05 1.46609385798597e-05 
1.41093289023714e+01 6.12175729136954e-05 1.39133032938373e-05 
1.41309523949421e+01 5.76178081068819e-05 1.31971170559744e-05 
1.41525758875128e+01 5.42047615616126e-05 1.25115001625802e-05 
1.41741993800835e+01 5.09703602526072e-05 1.18555199262490e-05 
1.41958228726541e+01 4.79067975013352e-05 1.12282655671245e-05 
1.42174463652248e+01 4.50065082871335e-05 1.06288318988361e-05 
1.42390698577955e+01 4.22621618683392e-05 1.00562100720011e-05 
1.42606933503662e+01 3.96667157864251e-05 9.50940228776297e-06 
1.42823168429369e+01 3.72133992877021e-05 8.98755725492002e-06 
1.43039403355076e+01 3.48956521013547e-05 8.48986738453951e-06 
1.43255638280782e+01 3.27071283966022e-05 8.01548663754028e-06 
1.43471873206489e+01 3.06417191277381e-05 7.56359574322924e-06 
1.43688108132196e+01 2.86935302020676e-05 7.13342773043700e-06 
1.43904343057903e+01 2.68568690765108e-05 6.72423244045462e-06 
1.44120577983610e+01 2.51262440194396e-05 6.33526326883499e-06 
1.44336812909317e+01 2.34963627612360e-05 5.96577936337165e-06 
1.44553047835023e+01 2.19621305915704e-05 5.61504569225951e-06 
1.44769282760730e+01 2.05186483323442e-05 5.28231884449202e-06 
1.44985517686437e+01 1.91612137887886e-05 4.96684612983690e-06 
1.45201752612144e+01 1.78853284925251e-05 4.66785570348107e-06 
1.45417987537851e+01 1.66866939512866e-05 4.38458029887873e-06 
1.45634222463558e+01 1.55612261290803e-05 4.11632516190228e-06 
1.45850457389264e+01 1.45050142034354e-05 3.86246204778232e-06 
1.46066692314971e+01 1.35143118105720e-05 3.62238138522002e-06 
1.46282927240678e+01 1.25855336000850e-05 3.39548693507719e-06 
1.46499162166385e+01 1.17152514737415e-05 3.18119653872257e-06 
1.46715397092092e+01 1.09001907135079e-05 2.97894198168246e-06 
1.46931632017799e+01 1.01372260635219e-05 2.78815672170085e-06 
1.47147866943506e+01 9.42338024254503e-06 2.60828106293886e-06 
1.47364101869212e+01 8.75582726149660e-06 2.43878624197484e-06 
1.47580336794919e+01 8.13187639987966e-06 2.27917262265922e-06 
1.47796571720626e+01 7.54896787764474e-06 2.12895471081025e-06 
1.48012806646333e+01 7.00466892449951e-06 1.98766028474761e-06 
1.48229041572040e+01 6.49667078538928e-06 1.85483542083479e-06 
1.48445276497747e+01 6.02278360231780e-06 1.73004761727234e-06 
1.48661511423453e+01 5.58092970861150e-06 1.61288237093377e-06 
1.48877746349160e+01 5.16913976622889e-06 1.50294116239171e-06 
1.49093981274867e+01 4.78554834192827e-06 1.39984176250127e-06 
1.49310216200574e+01 4.42838953517745e-06 1.30321757985669e-06 
1.49526451126281e+01 4.09599289774548e-06 1.21271720625918e-06 
1.49742686051988e+01 3.78677940864414e-06 1.12800286058568e-06 
1.49958920977694e+01 3.49925770315011e-06 1.04875217332772e-06 
1.50175155903401e+01 3.23216419700325e-06 9.74644876474087e-07 
1.50391390829108e+01 2.98444567387483e-06 9.05376156407202e-07 
1.50607625754815e+01 2.75478619069401e-06 8.40706947406631e-07 
1.50823860680522e+01 2.54195135691601e-06 7.80359685968934e-07 
1.51040095606229e+01 2.34478395473846e-06 7.24071195796315e-07 
1.51256330531936e+01 2.16219973587723e-06 6.71592145039832e-07 
1.51472565457642e+01 1.99318339314881e-06 6.22686505556248e-07 
1.51688800383349e+01 1.83678470451705e-06 5.77131016317067e-07 
1.51905035309056e+01 1.69211484674877e-06 5.34714652859269e-07 
1.52121270234763e+01 1.55834287537939e-06 4.95238104435391e-07 
1.52337505160470e+01 1.43469236731107e-06 4.58513260305547e-07 
1.52553740086177e+01 1.32043822204620e-06 4.24362706415090e-07 
1.52769975011883e+01 1.21490361729434e-06 3.92619233518031e-07 
1.52986209937590e+01 1.11745711447560e-06 3.63125357637582e-07 
1.53202444863297e+01 1.02750990947304e-06 3.35732853600449e-07 
1.53418679789004e+01 9.44513223858605e-07 3.10302302240173e-07 
1.53634914714711e+01 8.67955831724490e-07 2.86702651736066e-07 
1.53851149640418e+01 7.97361717194322e-07 2.64810793437495e-07 
1.54067384566124e+01 7.32287857659512e-07 2.44511152417784e-07 
1.54283619491831e+01 6.72322127784766e-07 2.25695292907049e-07 
1.54499854417538e+01 6.17081319348415e-07 2.08261538668206e-07 
1.54716089343245e+01 5.66209272026029e-07 1.92114608304643e-07 
1.54932324268952e+01 5.19375110286618e-07 1.77165265420904e-07 
1.55148559194659e+01 4.76271581647452e-07 1.63329983498583e-07 
1.55364794120366e+01 4.36613491623781e-07 1.50530625297971e-07 
1.55581029046072e+01 4.00136230811560e-07 1.38694136551223e-07 
1.55797263971779e+01 3.66594389652728e-07 1.27752253674326e-07 
1.56013498897486e+01 3.35760456552018e-07 1.17641225192614e-07 
1.56229733823193e+01 3.07423595140104e-07 1.08301546547316e-07 
1.56445968748900e+01 2.81388496608686e-07 9.96777079283068e-08 
1.56662203674607e+01 2.57474303177633e-07 9.17179547604059e-08 
1.56878438600313e+01 2.35513598891389e-07 8.43740604568105e-08 
1.57094673526020e+01 2.15351464080438e-07 7.76011110431793e-08 
1.57310908451727e+01 1.96844589962829e-07 7.13573012491845e-08 
1.57527143377434e+01 1.79860449999733e-07 6.56037063179167e-08 
1.57743378303141e+01 1.64276175408890e-07 6.02872960199575e-08 
1.57959613228848e+01 1.49985249088416e-07 5.53761660497119e-08 
1.58175848154554e+01 1.36882614756146e-07 5.08430346860893e-08 
1.58392083080261e+01 1.24878163159347e-07 4.66597010528791e-08 
1.58608318005968e+01 1.13881721424093e-07 4.28022876016720e-08 
1.58824552931675e+01 1.03815838602141e-07 3.92461273034865e-08 
1.59040787857382e+01 9.46033052406145e-08 3.59702795743103e-08 
1.59257022783089e+01 8.61777211158006e-08 3.29532343821495e-08 
1.59473257708796e+01 7.84731337168947e-08 3.01766873663646e-08 
1.59689492634502e+01 7.14327589122510e-08 2.76219363907864e-08 
1.59905727560209e+01 6.50003909100646e-08 2.52730511025992e-08 
1.60121962485916e+01 5.91275883421528e-08 2.31141230401184e-08 
1.60338197411623e+01 5.37665479146857e-08 2.11316924083061e-08 
1.60554432337330e+01 4.88758052278459e-08 1.93118819313065e-08 
1.60770667263037e+01 4.44145908876221e-08 1.76425075118548e-08 
1.60986902188743e+01 4.03477586797243e-08 1.61113698514330e-08 
1.61203137114450e+01 3.66408219110516e-08 1.47079875907417e-08 
1.61419372040157e+01 3.32640467957176e-08 1.34218835767198e-08 
1.61635606965864e+01 3.01883202116718e-08 1.22440606940211e-08 
1.61851841891571e+01 2.73885349034382e-08 1.11655448612320e-08 
1.62068076817278e+01 2.48401616273418e-08 1.01786299665305e-08 
1.62284311742984e+01 2.25220392403611e-08 9.27564827538905e-09 
1.62500546668691e+01 2.04135392144409e-08 8.45001387422896e-09 
1.62716781594398e+01 1.84968588475384e-08 7.69519039935780e-09 
1.62933016520105e+01 1.67546813476841e-08 7.00556147880945e-09 
1.63149251445812e+01 1.51720561545705e-08 6.37556752987379e-09 
1.63365486371519e+01 1.37344719780462e-08 5.80042920724268e-09 
1.63581721297226e+01 1.24293952957119e-08 5.27542784750629e-09 
1.63797956222932e+01 1.12446864196374e-08 4.79650493200636e-09 
1.64014191148639e+01 1.01698558653336e-08 4.35966384313956e-09 
1.64230426074346e+01 9.19476461371403e-09 3.96146531852937e-09 
1.64446661000053e+01 8.31064822385006e-09 3.59853118489316e-09 
1.64662895925760e+01 7.50905201656645e-09 3.26795293687521e-09 
1.64879130851467e+01 6.78266441797117e-09 2.96688087842444e-09 
1.65095365777173e+01 6.12444594883876e-09 2.69278219924232e-09 
1.65311600702880e+01 5.52830089739103e-09 2.44314294316621e-09 
1.65527835628587e+01 4.98843892420578e-09 2.21585268859647e-09 
1.65744070554294e+01 4.49985264445652e-09 2.00894332444093e-09 
1.65960305480001e+01 4.05772283122173e-09 1.82071085430335e-09 
1.66176540405708e+01 3.65788180319528e-09 1.64949710484842e-09 
1.66392775331414e+01 3.29632312123932e-09 1.49386513294048e-09 
1.66609010257121e+01 2.96958435111692e-09 1.35241775815405e-09 
1.66825245182828e+01 2.67434115305260e-09 1.22394574756699e-09 
1.67041480108535e+01 2.40772218717043e-09 1.10727452398428e-09 
1.67257715034242e+01 2.16697423794984e-09 1.00138854969673e-09 
1.67473949959949e+01 1.94972037720591e-09 9.05302552264592e-10 
1.67690184885655e+01 1.75368454915844e-09 8.18165362711951e-10 
1.67906419811362e+01 1.57690254487240e-09 7.39152249597950e-10 
1.68122654737069e+01 1.41749612402615e-09 6.67551198739198e-10 
1.68338889662776e+01 1.27384493151838e-09 6.02673266449724e-10 
1.68555124588483e+01 1.14440171823169e-09 5.43923974614872e-10 
1.68771359514190e+01 1.02783206371503e-09 4.90728939250972e-10 
1.68987594439897e+01 9.22863571147931e-10 4.42592731823678e-10 
1.69203829365603e+01 8.28399151994009e-10 3.99037381798833e-10 
1.69420064291310e+01 7.43394213645811e-10 3.59650743261352e-10 
1.69636299217017e+01 6.66948305633339e-10 3.24035793859785e-10 
1.69852534142724e+01 5.98205302935751e-10 2.91850256481009e-10 
1.70068769068431e+01 5.36427396581089e-10 2.62757133516133e-10 
1.70285003994138e+01 4.80850267847705e-10 2.36483467708160e-10 
1.70501238919844e+01 4.30872279735282e-10 2.12749044958220e-10 
1.70717473845551e+01 3.85935730134348e-10 1.91321005903693e-10 
1.70933708771258e+01 3.45559463173069e-10 1.71978732069654e-10 
1.71149943696965e+01 3.09285622440170e-10 1.54531487689572e-10 
1.71366178622672e+01 2.76719392241771e-10 1.38796327598090e-10 
1.71582413548379e+01 2.47485620244526e-10 1.24615199863630e-10 
1.71798648474085e+01 2.21260955960505e-10 1.11836731975793e-10 
1.72014883399792e+01 1.97738602516652e-10 1.00330231815084e-10 
1.72231118325499e+01 1.76654237645487e-10 8.99707196408275e-11 
1.72447353251206e+01 1.57757439607355e-10 8.06503517295158e-11 
1.72663588176913e+01 1.40832540515149e-10 7.22661565865950e-11 
1.72879823102620e+01 1.25675515443540e-10 6.47293266725940e-11 
1.73096058028326e+01 1.12110718152364e-10 5.79551984590494e-11 
1.73312292954033e+01 9.99722295957875e-11 5.18707879656213e-11 
1.73528527879740e+01 8.91172578100868e-11 4.64066257446762e-11 
1.73744762805447e+01 7.94111168527609e-11 4.15028512203427e-11 
1.73960997731154e+01 7.07379316962913e-11 3.71025758546700e-11 
1.74177232656861e+01 6.29885653342732e-11 3.31567989331285e-11 
1.74393467582568e+01 5.60691521585155e-11 2.96190257311151e-11 
1.74609702508274e+01 4.98914134900411e-11 2.64492226799780e-11 
1.74825937433981e+01 4.43794456472047e-11 2.36094631361688e-11 
1.75042172359688e+01 3.94619660354425e-11 2.10671019673049e-11 
1.75258407285395e+01 3.50777018522882e-11 1.87912603891793e-11 
1.75474642211102e+01 3.11691932441127e-11 1.67553681075195e-11 
1.75690877136809e+01 2.76870626321623e-11 1.49343314789741e-11 
1.75907112062515e+01 2.45850710699902e-11 1.33065646413067e-11 
1.76123346988222e+01 2.18234941661265e-11 1.18517127757444e-11 
1.76339581913929e+01 1.93651850375879e-11 1.05522714251423e-11 
1.76555816839636e+01 1.71782387359440e-11 9.39175962426489e-12 
1.76772051765343e+01 1.52328621383566e-11 8.35600818089884e-12 
1.76988286691050e+01 1.35034729415150e-11 7.43169656192873e-12 
1.77204521616756e+01 1.19662152075898e-11 6.60737570945335e-12 
1.77420756542463e+01 1.06006099278338e-11 5.87229841258124e-12 
1.77636991468170e+01 9.38758622443644e-12 5.21722973539665e-12 
1.77853226393877e+01 8.31077698815004e-12 4.63351368245058e-12 
1.78069461319584e+01 7.35496117227392e-12 4.11371408311225e-12 
1.78285696245291e+01 6.50707906299798e-12 3.65087111905278e-12 
1.78501931170998e+01 5.75500173041317e-12 3.23900715875725e-12 
1.78718166096704e+01 5.08832525483740e-12 2.87253554114132e-12 
1.78934401022411e+01 4.49740009027427e-12 2.54665906048520e-12 
1.79150635948118e+01 3.97395134925149e-12 2.25690061838039e-12 
1.79366870873825e+01 3.51031430742789e-12 1.99941654921198e-12 
1.79583105799532e+01 3.09991807095766e-12 1.77062463960511e-12 
1.79799340725239e+01 2.73668430309549e-12 1.56745002795924e-12 
1.80015575650945e+01 2.41540379247453e-12 1.38706314249382e-12 
1.80231810576652e+01 2.13127239286700e-12 1.22706976100819e-12 
1.80448045502359e+01 1.88014743602826e-12 1.08522414881106e-12 
1.80664280428066e+01 1.65818894386200e-12 9.59554046364872e-13 
1.80880515353773e+01 1.46211180677368e-12 8.48212881606274e-13 
1.81096750279480e+01 1.28889337260318e-12 7.49619522485403e-13 
1.81312985205186e+01 1.13594832916778e-12 6.62312703557986e-13 
1.81529220130893e+01 1.00089995838050e-12 5.85041505479589e-13 
1.81745455056600e+01 8.81715865568261e-13 5.16650882955770e-13 
1.81961689982307e+01 7.76529236060085e-13 4.56152282475997e-13 
1.82177924908014e+01 6.83744048157783e-13 4.02633734137533e-13 
1.82394159833721e+01 6.01895554707943e-13 3.55314895874373e-13 
1.82610394759428e+01 5.29731742440652e-13 3.13476520731226e-13 
1.82826629685134e+01 4.66104547986911e-13 2.76503307161944e-13 
1.83042864610841e+01 4.10032851355291e-13 2.43828629883543e-13 
1.83259099536548e+01 3.60617745994025e-13 2.14967855577039e-13 
1.83475334462255e+01 3.17091195203412e-13 1.89475083161823e-13 
1.83691569387962e+01 2.78750106588954e-13 1.66969014337372e-13 
1.83907804313669e+01 2.44993870891137e-13 1.47099131408590e-13 
1.84124039239375e+01 2.15273120516708e-13 1.29565761929530e-13 
1.84340274165082e+01 1.89118657878427e-13 1.14093664138710e-13 
1.84556509090789e+01 1.66101667941190e-13 1.00447569934341e-13 
1.84772744016496e+01 1.45855985857760e-13 8.84115777897530e-14 
1.84988978942203e+01 1.28047234334163e-13 7.78011787366193e-14 
1.85205213867910e+01 1.12389944977104e-13 6.84471970338656e-14 
1.85421448793616e+01 9.86236423566985e-14 6.02050840530707e-14 
1.85637683719323e+01 8.65259938378329e-14 5.29424161933841e-14 
1.85853918645030e+01 7.58942949748332e-14 4.65460690314831e-14 
1.86070153570737e+01 6.65555579935726e-14 4.09124946072747e-14 
1.86286388496444e+01 5.83521925812505e-14 3.59532529597818e-14 
1.86502623422151e+01 5.11497373147454e-14 3.15874586252597e-14 
1.86718858347858e+01 4.48257958179806e-14 2.77460408222048e-14 
1.86935093273564e+01 3.92759554674021e-14 2.43658811213566e-14 
1.87151328199271e+01 3.44052469587514e-14 2.13930908001822e-14 
1.87367563124978e+01 3.01326704861836e-14 1.87784655872245e-14 
1.87583798050685e+01 2.63846093827301e-14 1.64800041203833e-14 
1.87800032976392e+01 2.30982877622382e-14 1.44593873430454e-14 
1.88016267902099e+01 2.02166958554124e-14 1.26839116549747e-14 
1.88232502827805e+01 1.76912286340638e-14 1.11237646369859e-14 
1.88448737753512e+01 1.54777794679764e-14 9.75350729025798e-15 
1.88664972679219e+01 1.35387516788297e-14 8.54996801199513e-15 
1.88881207604926e+01 1.18400542620278e-14 7.49337784750413e-15 
1.89097442530633e+01 1.03526338636580e-14 6.56574397931452e-15 
1.89313677456340e+01 9.05016631775779e-15 5.75171825561635e-15 
1.89529912382046e+01 7.91022225676040e-15 5.03734222132999e-15 
1.89746147307753e+01 6.91249485522889e-15 4.41071083684984e-15 
1.89962382233460e+01 6.03968587769808e-15 3.86104513703960e-15 
1.90178617159167e+01 5.27615927645599e-15 3.37923730943613e-15 
1.90394852084874e+01 4.60858097040590e-15 2.95700376749789e-15 
1.90611087010581e+01 4.02482532828264e-15 2.58719610590581e-15 
1.90827321936288e+01 3.51457670686485e-15 2.26326724946975e-15 
1.91043556861994e+01 3.06852662320641e-15 1.97964369243882e-15 
1.91259791787701e+01 2.67875707384729e-15 1.73128134200867e-15 
1.91476026713408e+01 2.33812666222857e-15 1.51388672682303e-15 
1.91692261639115e+01 2.04056152021731e-15 1.32357618964695e-15 
1.91908496564822e+01 1.78058620899567e-15 1.15704442584895e-15 
1.92124731490529e+01 1.55354436223004e-15 1.01130314525394e-15 
1.92340966416235e+01 1.35524043787009e-15 8.83809390120845e-16 
1.92557201341942e+01 1.18210694537665e-15 7.72265263031073e-16 
1.92773436267649e+01 1.03093102028265e-15 6.74715553892709e-16 
1.92989671193356e+01 8.98981080784715e-16 5.89394361380056e-16 
1.93205906119063e+01 7.83798267413677e-16 5.14799317763891e-16 
1.93422141044770e+01 6.83292306971494e-16 4.49574197046928e-16 
1.93638375970476e+01 5.95582524396306e-16 3.92565308317999e-16 
1.93854610896183e+01 5.19070351720933e-16 3.42731702627158e-16 
1.94070845821890e+01 4.52318201275453e-16 2.99187989240796e-16 
1.94287080747597e+01 3.94104273091969e-16 2.61135694827769e-16 
1.94503315673304e+01 3.43330327390966e-16 2.27895749288728e-16 
1.94719550599011e+01 2.99063084562146e-16 1.98856046265730e-16 
1.94935785524717e+01 2.60464042846947e-16 1.73496074375491e-16 
1.95152020450424e+01 2.26820730243656e-16 1.51346879098039e-16 
1.95368255376131e+01 1.97493328756188e-16 1.32009726039483e-16 
1.95584490301838e+01 1.71938250409478e-16 1.15125549603168e-16 
1.95800725227545e+01 1.49667566642234e-16 1.00389084884056e-16 
1.96016960153252e+01 1.30266782257492e-16 8.75255690442622e-17 
1.96233195078959e+01 1.13364015444435e-16 7.63014349795796e-17 
1.96449430004665e+01 9.86433889732538e-17 6.65065540456283e-17 
1.96665664930372e+01 8.58216305889122e-17 5.79623226991986e-17 
1.96881899856079e+01 7.46581557558260e-17 5.05081364718487e-17 
1.97098134781786e+01 6.49373117743620e-17 4.40075011711167e-17 
1.97314369707493e+01 5.64759646891199e-17 3.83377358007697e-17 
1.97530604633200e+01 4.91100333787641e-17 3.33945878928725e-17 
1.97746839558906e+01 4.27001948834698e-17 2.90843990373327e-17 
1.97963074484613e+01 3.71216775689987e-17 2.53275882362754e-17 
1.98179309410320e+01 3.22685488818450e-17 2.20526944799711e-17 
1.98395544336027e+01 2.80459830062382e-17 1.91990040476494e-17 
1.98611779261734e+01 2.43734813299552e-17 1.67120229720135e-17 
1.98828014187441e+01 2.11790178248527e-17 1.45454573634471e-17 
1.99044249113147e+01 1.84014564848844e-17 1.26577745046937e-17 
1.99260484038854e+01 1.59861207757292e-17 1.10136945123236e-17 
1.99476718964561e+01 1.38866072862218e-17 9.58157978068938e-18 
1.99692953890268e+01 1.20614345815907e-17 8.33455777106972e-18 
1.99909188815975e+01 1.04754031983914e-17 7.24855015113771e-18 
2.00125423741682e+01 9.09704073439047e-18 6.30322086737742e-18 
2.00341658667389e+01 7.89944612068270e-18 5.48049399459392e-18 
2.00557893593095e+01 6.85875060502664e-18 4.76478576202741e-18 
2.00774128518802e+01 5.95471104154464e-18 4.14207757480713e-18 
2.00990363444509e+01 5.16926103763000e-18 3.60047480020727e-18 
2.01206598370216e+01 4.48707929452883e-18 3.12933984861068e-18 
2.01422833295923e+01 3.89449669287048e-18 2.71964731161237e-18 
2.01639068221630e+01 3.37992171003925e-18 2.36332843920459e-18 
2.01855303147336e+01 2.93301631296861e-18 2.05353770385633e-18 
2.02071538073043e+01 2.54501425578280e-18 1.78415731612396e-18 
2.02287772998750e+01 2.20809989923821e-18 1.54999721849859e-18 
2.02504007924457e+01 1.91564625838947e-18 1.34642071116042e-18 
2.02720242850164e+01 1.66174695555716e-18 1.16949443532236e-18 
2.02936477775871e+01 1.44139417417767e-18 1.01570561405830e-18 
2.03152712701577e+01 1.25012612601308e-18 8.82074482127974e-19 
2.03368947627284e+01 1.08416002444766e-18 7.65940803072932e-19 
2.03585182552991e+01 9.40126655225532e-19 6.65048112027604e-19 
2.03801417478698e+01 8.15169696218125e-19 5.77382596971399e-19 
2.04017652404405e+01 7.06745943769343e-19 5.01236194124776e-19 
2.04233887330112e+01 6.12699464509451e-19 4.35085034710992e-19 
2.04450122255819e+01 5.31111292015080e-19 3.77636681343093e-19 
2.04666357181525e+01 4.60354764788655e-19 3.27738458418216e-19 
2.04882592107232e+01 3.98982483977035e-19 2.84412800578520e-19 
2.05098827032939e+01 3.45767593482346e-19 2.46788145485728e-19 
2.05315061958646e+01 2.99618792291884e-19 2.14125374939122e-19 
2.05531296884353e+01 2.59611114934949e-19 1.85765735988516e-19 
2.05747531810060e+01 2.24922058893640e-19 1.61150610866617e-19 
2.05963766735766e+01 1.94854526353086e-19 1.39782284944223e-19 
2.06180001661473e+01 1.68788837867600e-19 1.21238722399512e-19 
2.06396236587180e+01 1.46199824482806e-19 1.05144022710079e-19 
2.06612471512887e+01 1.26620789298963e-19 9.11794590550738e-20 
2.06828706438594e+01 1.09656236173726e-19 7.90612387711242e-20 
2.07044941364301e+01 9.49548139129960e-20 6.85487463021578e-20 
2.07261176290007e+01 8.22187915487267e-20 5.94278079110873e-20 
2.07477411215714e+01 7.11837533739330e-20 5.15168445333828e-20 
2.07693646141421e+01 6.16256494546082e-20 4.46542829645644e-20 
2.07909881067128e+01 5.33455623966836e-20 3.87031466526114e-20 
2.08126115992835e+01 4.61749514590960e-20 3.35415893767600e-20 
2.08342350918542e+01 3.99642282128894e-20 2.90663190982451e-20 
2.08558585844249e+01 3.45866555028379e-20 2.51854821704458e-20 
2.08774820769955e+01 2.99297825777334e-20 2.18212157800293e-20 
2.08991055695662e+01 2.58983428078438e-20 1.89043009414316e-20 
2.09207290621369e+01 2.24078347556636e-20 1.63760644759686e-20 
2.09423525547076e+01 1.93866749635662e-20 1.41843625507822e-20 
2.09639760472783e+01 1.67713889073577e-20 1.22849973077123e-20 
2.09855995398490e+01 1.45082098112497e-20 1.06387009361357e-20 
2.10072230324196e+01 1.25494768992745e-20 9.21223548631496e-21 
2.10288465249903e+01 1.08548419428324e-20 7.97609160234387e-21 
2.10504700175610e+01 9.38850401808092e-21 6.90523267286244e-21 
2.10720935101317e+01 8.12013920039668e-21 5.97738238171738e-21 
2.10937170027024e+01 7.02289038011227e-21 5.17365646643330e-21 
2.11153404952731e+01 6.07401908590876e-21 4.47729532469859e-21 
2.11369639878437e+01 5.25339337155389e-21 3.87409593688255e-21 
2.11585874804144e+01 4.54397195036896e-21 3.35145518826428e-21 
2.11802109729851e+01 3.93067313894152e-21 2.89869068476788e-21 
2.12018344655558e+01 3.40073464319198e-21 2.50632395614482e-21 
2.12234579581265e+01 2.94286762769038e-21 2.16631839237798e-21 
2.12450814506972e+01 2.54752443075936e-21 1.87154245057294e-21 
2.12667049432678e+01 2.20626587006332e-21 1.61594570075932e-21 
2.12883284358385e+01 1.91196095116925e-21 1.39415710206583e-21 
2.13099519284092e+01 1.65831353812909e-21 1.20161472914907e-21 
2.13315754209799e+01 1.44001203638496e-21 1.03426541897524e-21 
2.13531989135506e+01 1.25237505168835e-21 8.88659686328926e-22 
2.13748224061213e+01 1.09146453895243e-21 7.61727492043365e-22 
2.13964458986920e+01 9.53820170371384e-22 6.50846797325926e-22 
2.14180693912626e+01 8.36546150646223e-22 5.53676561560570e-22 
2.14396928838333e+01 7.37111560257526e-22 4.68205065963908e-22 
2.14613163764040e+01 6.53418653012777e-22 3.92626037381200e-22 
2.14829398689747e+01 5.83652065697763e-22 3.25371091070269e-22 
2.15045633615454e+01 5.26334724089695e-22 2.65018491144863e-22 
2.15261868541161e+01 4.80212988455780e-22 2.10312665528137e-22 
2.15478103466867e+01 4.44305147904427e-22 1.60097852524263e-22 
2.15694338392574e+01 4.17812654519560e-22 1.13326506872831e-22 
2.15910573318281e+01 4.00165479667204e-22 6.90121720633816e-23 
2.16126808243988e+01 3.90951838594263e-22 4.73774903892372e-23 
