Energy(eV)           EEDF(eV^-(3/2))      Anisotropy(eV^-(3/2))
8.89485042577286e-03 7.28708634379569e-02 1.52169188796293e-05 
2.66845512773186e-02 7.28678798209282e-02 3.52563080481411e-05 
4.44742521288643e-02 7.28636552096777e-02 6.55820786237774e-05 
6.22639529804100e-02 7.28587895764718e-02 9.58584090130131e-05 
8.00536538319557e-02 7.28542736840839e-02 1.26062577106623e-04 
9.78433546835014e-02 7.28502369992838e-02 1.54312786958369e-04 
1.15633055535047e-01 7.28470210092944e-02 1.82132227318516e-04 
1.33422756386593e-01 7.28443757938129e-02 2.08386208330878e-04 
1.51212457238139e-01 7.28421953191875e-02 2.32996163713018e-04 
1.69002158089684e-01 7.28404769112568e-02 2.56721592092595e-04 
1.86791858941230e-01 7.28390789081054e-02 2.79063158895966e-04 
2.04581559792776e-01 7.28379214740452e-02 3.00797534767067e-04 
2.22371260644321e-01 7.28368107401072e-02 3.20806676484312e-04 
2.40160961495867e-01 7.28356824455364e-02 3.39291895710389e-04 
2.57950662347413e-01 7.28345462540941e-02 3.57712905275968e-04 
2.75740363198959e-01 7.28330854234598e-02 3.73846126543728e-04 
2.93530064050504e-01 7.28312612380709e-02 3.88930325995557e-04 
3.11319764902050e-01 7.28290410515144e-02 4.03112585067785e-04 
3.29109465753596e-01 7.28263171919543e-02 4.16182804670991e-04 
3.46899166605141e-01 7.28230686916799e-02 4.28341119557996e-04 
3.64688867456687e-01 7.28192539222576e-02 4.39610179903871e-04 
3.82478568308233e-01 7.28148063740433e-02 4.49972905589030e-04 
4.00268269159778e-01 7.28097095704889e-02 4.59487573043237e-04 
4.18057970011324e-01 7.28039649957712e-02 4.68192524079861e-04 
4.35847670862870e-01 7.27975766141092e-02 4.76125078594697e-04 
4.53637371714416e-01 7.27905365602355e-02 4.83314122430301e-04 
4.71427072565961e-01 7.27828390538109e-02 4.89792700423750e-04 
4.89216773417507e-01 7.27744802522709e-02 4.95593493681084e-04 
5.07006474269053e-01 7.27654581081598e-02 5.00744345864438e-04 
5.24796175120599e-01 7.27557866237189e-02 5.05280296939992e-04 
5.42585875972144e-01 7.27454689175528e-02 5.09232590859208e-04 
5.60375576823690e-01 7.27345077598927e-02 5.12631461779638e-04 
5.78165277675236e-01 7.27229071455976e-02 5.15506309001675e-04 
5.95954978526781e-01 7.27106721805537e-02 5.17885716459556e-04 
6.13744679378327e-01 7.26978089730726e-02 5.19797431947991e-04 
6.31534380229873e-01 7.26843245304167e-02 5.21268349466972e-04 
6.49324081081418e-01 7.26702266604358e-02 5.22324496808926e-04 
6.67113781932964e-01 7.26555238782781e-02 5.22991027714458e-04 
6.84903482784510e-01 7.26402253181153e-02 5.23292218871843e-04 
7.02693183636056e-01 7.26243406497583e-02 5.23250639989390e-04 
7.20482884487601e-01 7.26078836636077e-02 5.22888349306906e-04 
7.38272585339147e-01 7.25908668296872e-02 5.22227735899528e-04 
7.56062286190693e-01 7.25733009637283e-02 5.21290022018203e-04 
7.73851987042238e-01 7.25551971232720e-02 5.20095143497863e-04 
7.91641687893784e-01 7.25365665484537e-02 5.18662193491573e-04 
8.09431388745330e-01 7.25174206068129e-02 5.17009438621134e-04 
8.27221089596876e-01 7.24977707421537e-02 5.15154334031172e-04 
8.45010790448421e-01 7.24776284273016e-02 5.13113541859910e-04 
8.62800491299967e-01 7.24570051204404e-02 5.10902949646153e-04 
8.80590192151513e-01 7.24359122251067e-02 5.08537683528539e-04 
8.98379893003058e-01 7.24143610539568e-02 5.06032124663398e-04 
9.16169593854604e-01 7.23923627957404e-02 5.03399935125415e-04 
9.33959294706150e-01 7.23699284849927e-02 5.00654080047691e-04 
9.51748995557696e-01 7.23470689749302e-02 4.97806842859073e-04 
9.69538696409241e-01 7.23237949134125e-02 4.94869846291131e-04 
9.87328397260787e-01 7.23001167213583e-02 4.91854077025685e-04 
1.00511809811233e+00 7.22760445735966e-02 4.88743937869646e-04 
1.02290779896388e+00 7.22516725602743e-02 4.85536413544880e-04 
1.04069749981542e+00 7.22270320280678e-02 4.82268876903130e-04 
1.05848720066697e+00 7.22021312093159e-02 4.78958153802175e-04 
1.07627690151852e+00 7.21769780201843e-02 4.75612384397640e-04 
1.09406660237006e+00 7.21515800584954e-02 4.72239201904448e-04 
1.11185630322161e+00 7.21259446027101e-02 4.68845755858825e-04 
1.12964600407315e+00 7.21000786117148e-02 4.65438731963913e-04 
1.14743570492470e+00 7.20739887258941e-02 4.62024367853057e-04 
1.16522540577624e+00 7.20476812692593e-02 4.58608474000437e-04 
1.18301510662779e+00 7.20211622521008e-02 4.55196685050261e-04 
1.20080480747934e+00 7.19944373475215e-02 4.51808172783300e-04 
1.21859450833088e+00 7.19674789387588e-02 4.48462111743797e-04 
1.23638420918243e+00 7.19402650233808e-02 4.45150202966433e-04 
1.25417391003397e+00 7.19128008962124e-02 4.41863683070691e-04 
1.27196361088552e+00 7.18850915702526e-02 4.38605758854305e-04 
1.28975331173706e+00 7.18571417784009e-02 4.35379453334062e-04 
1.30754301258861e+00 7.18289559693263e-02 4.32163294331825e-04 
1.32533271344016e+00 7.18005922785682e-02 4.28954850298067e-04 
1.34312241429170e+00 7.17720584305807e-02 4.25782541163595e-04 
1.36091211514325e+00 7.17433574447920e-02 4.22650571564213e-04 
1.37870181599479e+00 7.17144921035708e-02 4.19560853201092e-04 
1.39649151684634e+00 7.16854649470964e-02 4.16515398983453e-04 
1.41428121769788e+00 7.16562782507288e-02 4.13516122852214e-04 
1.43207091854943e+00 7.16269340473118e-02 4.10564433818772e-04 
1.44986061940098e+00 7.15974341636079e-02 4.07661592029807e-04 
1.46765032025252e+00 7.15677801954300e-02 4.04809479288034e-04 
1.48544002110407e+00 7.15379734322230e-02 4.02010034475537e-04 
1.50322972195561e+00 7.15080149105947e-02 3.99222144658238e-04 
1.52101942280716e+00 7.14779810293771e-02 3.96422448077549e-04 
1.53880912365870e+00 7.14479069727745e-02 3.93653139285644e-04 
1.55659882451025e+00 7.14177923670983e-02 3.90935061489686e-04 
1.57438852536180e+00 7.13876367314525e-02 3.88268320090459e-04 
1.59217822621334e+00 7.13574394803075e-02 3.85652983323782e-04 
1.60996792706489e+00 7.13271999262147e-02 3.83089081505122e-04 
1.62775762791643e+00 7.12969172827354e-02 3.80576606048451e-04 
1.64554732876798e+00 7.12665906675530e-02 3.78115509012503e-04 
1.66333702961952e+00 7.12362191057223e-02 3.75705703157909e-04 
1.68112673047107e+00 7.12058015330224e-02 3.73347062401318e-04 
1.69891643132262e+00 7.11753367993817e-02 3.71039422646912e-04 
1.71670613217416e+00 7.11448236723418e-02 3.68782582875495e-04 
1.73449583302571e+00 7.11142608405432e-02 3.66576306370725e-04 
1.75228553387725e+00 7.10836469172194e-02 3.64420322176979e-04 
1.77007523472880e+00 7.10529804436648e-02 3.62314326840912e-04 
1.78786493558034e+00 7.10222598926513e-02 3.60257986223850e-04 
1.80565463643189e+00 7.09914836717932e-02 3.58250937279530e-04 
1.82344433728344e+00 7.09606501268534e-02 3.56292789855355e-04 
1.84123403813498e+00 7.09297575449803e-02 3.54383128507452e-04 
1.85902373898653e+00 7.08988041578692e-02 3.52521514328283e-04 
1.87681343983807e+00 7.08677881448387e-02 3.50707486788148e-04 
1.89460314068962e+00 7.08367076358156e-02 3.48959821950893e-04 
1.91239284154116e+00 7.08055354647888e-02 3.47358396973913e-04 
1.93018254239271e+00 7.07741667406437e-02 3.45886225676519e-04 
1.94797224324426e+00 7.07425998149927e-02 3.44463024633362e-04 
1.96576194409580e+00 7.07108329490837e-02 3.43088240890136e-04 
1.98355164494735e+00 7.06788643170034e-02 3.41761310361619e-04 
2.00134134579889e+00 7.06466920087824e-02 3.40481659410625e-04 
2.01913104665044e+00 7.06143140334052e-02 3.39248706321127e-04 
2.03692074750198e+00 7.05817283217242e-02 3.38061862705517e-04 
2.05471044835353e+00 7.05489327292750e-02 3.36920534860018e-04 
2.07250014920508e+00 7.05159250389888e-02 3.35824125073590e-04 
2.09028985005662e+00 7.04827029638005e-02 3.34772032835191e-04 
2.10807955090817e+00 7.04492641491592e-02 3.33659500961746e-04 
2.12586925175971e+00 7.04157283339385e-02 3.32478445151437e-04 
2.14365895261126e+00 7.03820989197278e-02 3.31331557063806e-04 
2.16144865346280e+00 7.03483734248376e-02 3.30223261701542e-04 
2.17923835431435e+00 7.03145493536171e-02 3.29152973449216e-04 
2.19702805516590e+00 7.02806241976739e-02 3.28145305488572e-04 
2.21481775601744e+00 7.02465670621358e-02 3.27251158175719e-04 
2.23260745686899e+00 7.02123185135273e-02 3.26445907702520e-04 
2.25039715772053e+00 7.01778759162070e-02 3.25678551360294e-04 
2.26818685857208e+00 7.01432365986784e-02 3.24948516638767e-04 
2.28597655942362e+00 7.01083978549445e-02 3.24255236808372e-04 
2.30376626027517e+00 7.00733569457904e-02 3.23598151548588e-04 
2.32155596112672e+00 7.00381110999525e-02 3.22976707269224e-04 
2.33934566197826e+00 7.00026575152763e-02 3.22390357060920e-04 
2.35713536282981e+00 6.99669933598399e-02 3.21838561074075e-04 
2.37492506368135e+00 6.99311157729708e-02 3.21320786865504e-04 
2.39271476453290e+00 6.98950218662312e-02 3.20836506479400e-04 
2.41050446538444e+00 6.98587087250317e-02 3.20385197918043e-04 
2.42829416623599e+00 6.98221734092437e-02 3.19966351669546e-04 
2.44608386708754e+00 6.97854129532674e-02 3.19579469237327e-04 
2.46387356793908e+00 6.97484243668777e-02 3.19224055683267e-04 
2.48166326879063e+00 6.97112046369318e-02 3.18899621412627e-04 
2.49945296964217e+00 6.96737507277676e-02 3.18645948925359e-04 
2.51724267049372e+00 6.96360183930168e-02 3.18508750588159e-04 
2.53503237134526e+00 6.95979575880577e-02 3.18448239085363e-04 
2.55282207219681e+00 6.95595646816568e-02 3.18418954653101e-04 
2.57061177304836e+00 6.95208359983161e-02 3.18420442601956e-04 
2.58840147389990e+00 6.94817678193292e-02 3.18452255463116e-04 
2.60619117475145e+00 6.94423563838006e-02 3.18513952964028e-04 
2.62398087560299e+00 6.94025978896314e-02 3.18605101986852e-04 
2.64177057645454e+00 6.93624884944730e-02 3.18725276513309e-04 
2.65956027730608e+00 6.93220243166506e-02 3.18874057555125e-04 
2.67734997815763e+00 6.92812014360596e-02 3.19051033070050e-04 
2.69513967900918e+00 6.92400158950359e-02 3.19255797866146e-04 
2.71292937986072e+00 6.91984636992037e-02 3.19487953498572e-04 
2.73071908071227e+00 6.91565408183004e-02 3.19747108158649e-04 
2.74850878156381e+00 6.91142431869818e-02 3.20032876552358e-04 
2.76629848241536e+00 6.90715667056088e-02 3.20344879772005e-04 
2.78408818326690e+00 6.90285072410182e-02 3.20682745163905e-04 
2.80187788411845e+00 6.89850606272774e-02 3.21017224642552e-04 
2.81966758497000e+00 6.89412511202613e-02 3.21329041974870e-04 
2.83745728582154e+00 6.88970933493914e-02 3.21646118233048e-04 
2.85524698667309e+00 6.88525834650399e-02 3.21986647843823e-04 
2.87303668752463e+00 6.88077175970342e-02 3.22350295805737e-04 
2.89082638837618e+00 6.87624918551545e-02 3.22736732687260e-04 
2.90861608922772e+00 6.87169023296253e-02 3.23145634482568e-04 
2.92640579007927e+00 6.86709450916003e-02 3.23576682466877e-04 
2.94419549093082e+00 6.86246161936435e-02 3.24029563053100e-04 
2.96198519178236e+00 6.85779116702054e-02 3.24503967648422e-04 
2.97977489263391e+00 6.85308275380958e-02 3.24999592512167e-04 
2.99756459348545e+00 6.84833597969543e-02 3.25497760080526e-04 
3.01535429433700e+00 6.84355223370070e-02 3.25965793702691e-04 
3.03314399518854e+00 6.83873428304976e-02 3.26421432269312e-04 
3.05093369604009e+00 6.83388176603365e-02 3.26896191091923e-04 
3.06872339689163e+00 6.82899432014723e-02 3.27389797751472e-04 
3.08651309774318e+00 6.82407158211817e-02 3.27901984033105e-04 
3.10430279859473e+00 6.81911318793602e-02 3.28432485799018e-04 
3.12209249944627e+00 6.81411877288151e-02 3.28981042863464e-04 
3.13988220029782e+00 6.80908797155596e-02 3.29547398871402e-04 
3.15767190114936e+00 6.80402041791099e-02 3.30131301178909e-04 
3.17546160200091e+00 6.79891574527831e-02 3.30732500736261e-04 
3.19325130285246e+00 6.79377358639992e-02 3.31350751973541e-04 
3.21104100370400e+00 6.78859357345849e-02 3.31985812688854e-04 
3.22883070455555e+00 6.78337533810798e-02 3.32637443940468e-04 
3.24662040540709e+00 6.77811851150465e-02 3.33305409940570e-04 
3.26441010625864e+00 6.77282272433829e-02 3.33989477950681e-04 
3.28219980711018e+00 6.76748760686381e-02 3.34689418180007e-04 
3.29998950796173e+00 6.76211278893322e-02 3.35405003686607e-04 
3.31777920881327e+00 6.75669790002785e-02 3.36136010281642e-04 
3.33556890966482e+00 6.75124256929101e-02 3.36882216436094e-04 
3.35335861051637e+00 6.74574642556093e-02 3.37643403189337e-04 
3.37114831136791e+00 6.74020909740416e-02 3.38419354060070e-04 
3.38893801221946e+00 6.73463021314924e-02 3.39209854959453e-04 
3.40672771307100e+00 6.72900940092083e-02 3.40014694107485e-04 
3.42451741392255e+00 6.72334628867422e-02 3.40833661951272e-04 
3.44230711477410e+00 6.71764050423014e-02 3.41666551085650e-04 
3.46009681562564e+00 6.71189167531007e-02 3.42513156173855e-04 
3.47788651647719e+00 6.70609942957196e-02 3.43373273871889e-04 
3.49567621732873e+00 6.70026339464625e-02 3.44246702759065e-04 
3.51346591818028e+00 6.69438319817230e-02 3.45133243266633e-04 
3.53125561903182e+00 6.68845846783529e-02 3.46032697605985e-04 
3.54904531988337e+00 6.68248883140344e-02 3.46944869701054e-04 
3.56683502073491e+00 6.67647391676580e-02 3.47869565122985e-04 
3.58462472158646e+00 6.67041335197029e-02 3.48806591026501e-04 
3.60241442243801e+00 6.66430676526225e-02 3.49736978880184e-04 
3.62020412328955e+00 6.65815562143018e-02 3.50649795839492e-04 
3.63799382414110e+00 6.65196062324461e-02 3.51563364626938e-04 
3.65578352499264e+00 6.64572142622014e-02 3.52488136102466e-04 
3.67357322584419e+00 6.63943768638639e-02 3.53423930771317e-04 
3.69136292669574e+00 6.63310906032087e-02 3.54370570472731e-04 
3.70915262754728e+00 6.62673520518241e-02 3.55327878328175e-04 
3.72694232839883e+00 6.62031577874489e-02 3.56295678691173e-04 
3.74473202925037e+00 6.61385043943140e-02 3.57273797098724e-04 
3.76252173010192e+00 6.60733884634878e-02 3.58262060223710e-04 
3.78031143095346e+00 6.60078065932260e-02 3.59260295828751e-04 
3.79810113180501e+00 6.59417553893243e-02 3.60268332721768e-04 
3.81589083265655e+00 6.58752314654765e-02 3.61286000712479e-04 
3.83368053350810e+00 6.58082314436348e-02 3.62313130569817e-04 
3.85147023435965e+00 6.57407519543753e-02 3.63349553981115e-04 
3.86925993521119e+00 6.56727896372665e-02 3.64395103512511e-04 
3.88704963606274e+00 6.56043411412421e-02 3.65449612569695e-04 
3.90483933691428e+00 6.55354031249772e-02 3.66512915360203e-04 
3.92262903776583e+00 6.54659722572686e-02 3.67584846857311e-04 
3.94041873861738e+00 6.53960452174184e-02 3.68665242764400e-04 
3.95820843946892e+00 6.53256186956220e-02 3.69753939480213e-04 
3.97599814032047e+00 6.52546893933589e-02 3.70850774065512e-04 
3.99378784117201e+00 6.51832540237879e-02 3.71964264364699e-04 
4.01157754202356e+00 6.51113006160478e-02 3.73143264371861e-04 
4.02936724287510e+00 6.50387766198021e-02 3.74378816758582e-04 
4.04715694372665e+00 6.49656782619398e-02 3.75622389817020e-04 
4.06494664457820e+00 6.48920017818497e-02 3.76873809287553e-04 
4.08273634542974e+00 6.48177434319824e-02 3.78132901195486e-04 
4.10052604628129e+00 6.47428994784169e-02 3.79399491823096e-04 
4.11831574713283e+00 6.46674662014315e-02 3.80673407681986e-04 
4.13610544798438e+00 6.45914398960784e-02 3.81954475487791e-04 
4.15389514883592e+00 6.45148168727633e-02 3.83242522134401e-04 
4.17168484968747e+00 6.44375934578285e-02 3.84537374669097e-04 
4.18947455053901e+00 6.43597659941404e-02 3.85838860269542e-04 
4.20726425139056e+00 6.42813308416813e-02 3.87146806220153e-04 
4.22505395224211e+00 6.42022843781447e-02 3.88461039890144e-04 
4.24284365309365e+00 6.41226229995353e-02 3.89781388712198e-04 
4.26063335394520e+00 6.40423431207728e-02 3.91107680160967e-04 
4.27842305479674e+00 6.39614411762995e-02 3.92439741733890e-04 
4.29621275564829e+00 6.38799136206920e-02 3.93777400931812e-04 
4.31400245649983e+00 6.37977569292764e-02 3.95120485239429e-04 
4.33179215735138e+00 6.37149675987487e-02 3.96468822108087e-04 
4.34958185820293e+00 6.36315421477969e-02 3.97822238938488e-04 
4.36737155905447e+00 6.35474771177287e-02 3.99180563063608e-04 
4.38516125990602e+00 6.34627690731021e-02 4.00543621733119e-04 
4.40295096075756e+00 6.33774146023598e-02 4.01911242097745e-04 
4.42074066160911e+00 6.32914103184669e-02 4.03283251194597e-04 
4.43853036246065e+00 6.32047528595531e-02 4.04659475932932e-04 
4.45632006331220e+00 6.31174388895575e-02 4.06039743080875e-04 
4.47410976416375e+00 6.30294650988770e-02 4.07423879252506e-04 
4.49189946501529e+00 6.29408282050184e-02 4.08807997014138e-04 
4.50968916586684e+00 6.28515288911185e-02 4.10112312494333e-04 
4.52747886671838e+00 6.27616485927018e-02 4.11340795987013e-04 
4.54526856756993e+00 6.26711848085624e-02 4.12572066700675e-04 
4.56305826842148e+00 6.25801350641103e-02 4.13805974141791e-04 
4.58084796927302e+00 6.24884969118193e-02 4.15042367861573e-04 
4.59863767012457e+00 6.23962679316778e-02 4.16281097446842e-04 
4.61642737097611e+00 6.23034457316405e-02 4.17522012510747e-04 
4.63421707182766e+00 6.22100279480832e-02 4.18764962684276e-04 
4.65200677267920e+00 6.21160122462582e-02 4.20009797607997e-04 
4.66979647353075e+00 6.20213963207522e-02 4.21256366924496e-04 
4.68758617438229e+00 6.19261778959454e-02 4.22504520270928e-04 
4.70537587523384e+00 6.18303547264730e-02 4.23754107272123e-04 
4.72316557608539e+00 6.17339245976868e-02 4.25004977534368e-04 
4.74095527693693e+00 6.16368853261199e-02 4.26256980639361e-04 
4.75874497778848e+00 6.15392347599518e-02 4.27509966138612e-04 
4.77653467864002e+00 6.14409707794750e-02 4.28763783548225e-04 
4.79432437949157e+00 6.13420912975629e-02 4.30018282344201e-04 
4.81211408034311e+00 6.12425942601393e-02 4.31273311957991e-04 
4.82990378119466e+00 6.11424776466484e-02 4.32528721772637e-04 
4.84769348204621e+00 6.10417394705261e-02 4.33784361119218e-04 
4.86548318289775e+00 6.09403777796724e-02 4.35040079273422e-04 
4.88327288374930e+00 6.08383906569250e-02 4.36295725452958e-04 
4.90106258460084e+00 6.07357762205327e-02 4.37551148815171e-04 
4.91885228545239e+00 6.06325326246306e-02 4.38806198454661e-04 
4.93664198630393e+00 6.05286580597155e-02 4.40060723401853e-04 
4.95443168715548e+00 6.04241507531223e-02 4.41314572621696e-04 
4.97222138800703e+00 6.03190089695000e-02 4.42567595012525e-04 
4.99001108885857e+00 6.02132310112894e-02 4.43819639405485e-04 
5.00780078971012e+00 6.01068152192001e-02 4.45153408650052e-04 
5.02559049056166e+00 5.99996671028058e-02 4.46573591083990e-04 
5.04338019141321e+00 5.98917783715928e-02 4.47997757136748e-04 
5.06116989226475e+00 5.97831468520769e-02 4.49420331566814e-04 
5.07895959311630e+00 5.96737704185533e-02 4.50841134094009e-04 
5.09674929396785e+00 5.95636469938119e-02 4.52259984134006e-04 
5.11453899481939e+00 5.94527745498541e-02 4.53676700802735e-04 
5.13232869567094e+00 5.93411511086094e-02 4.55091102921354e-04 
5.15011839652248e+00 5.92287747426520e-02 4.56503009021360e-04 
5.16790809737403e+00 5.91156435759174e-02 4.57912237350202e-04 
5.18569779822557e+00 5.90017557844193e-02 4.59318605877181e-04 
5.20348749907712e+00 5.88871095969654e-02 4.60721932300108e-04 
5.22127719992867e+00 5.87717032958733e-02 4.62122034052103e-04 
5.23906690078021e+00 5.86555352176860e-02 4.63518728308783e-04 
5.25685660163176e+00 5.85386037538857e-02 4.64911831996278e-04 
5.27464630248330e+00 5.84209073516080e-02 4.66301161799278e-04 
5.29243600333485e+00 5.83024445143539e-02 4.67686534169343e-04 
5.31022570418639e+00 5.81832138027017e-02 4.69067765334183e-04 
5.32801540503794e+00 5.80632138350166e-02 4.70444671307001e-04 
5.34580510588949e+00 5.79424432881595e-02 4.71817067896240e-04 
5.36359480674103e+00 5.78209008981937e-02 4.73184770715889e-04 
5.38138450759258e+00 5.76985854610902e-02 4.74547595195944e-04 
5.39917420844412e+00 5.75754958334307e-02 4.75905356593414e-04 
5.41696390929567e+00 5.74516309331088e-02 4.77257870003847e-04 
5.43475361014722e+00 5.73269897400287e-02 4.78604950373243e-04 
5.45254331099876e+00 5.72015712968012e-02 4.79946412510007e-04 
5.47033301185031e+00 5.70753747094379e-02 4.81282071097696e-04 
5.48812271270185e+00 5.69483991480417e-02 4.82611740708181e-04 
5.50591241355340e+00 5.68206438474948e-02 4.83935235814938e-04 
5.52370211440494e+00 5.66921081081433e-02 4.85252370806670e-04 
5.54149181525649e+00 5.65627912964793e-02 4.86562960001787e-04 
5.55928151610803e+00 5.64326928458180e-02 4.87866817662642e-04 
5.57707121695958e+00 5.63018122569726e-02 4.89163758010692e-04 
5.59486091781113e+00 5.61701490989245e-02 4.90453595242019e-04 
5.61265061866267e+00 5.60377030094898e-02 4.91736143542532e-04 
5.63044031951422e+00 5.59044736959815e-02 4.93011217104426e-04 
5.64823002036576e+00 5.57704609358672e-02 4.94278630142620e-04 
5.66601972121731e+00 5.56356645774222e-02 4.95538196911498e-04 
5.68380942206885e+00 5.55000845403781e-02 4.96789731722005e-04 
5.70159912292040e+00 5.53637208165662e-02 4.98033048959457e-04 
5.71938882377195e+00 5.52265734705554e-02 4.99267963101412e-04 
5.73717852462349e+00 5.50886426402856e-02 5.00494288735789e-04 
5.75496822547504e+00 5.49499285376944e-02 5.01711840579625e-04 
5.77275792632658e+00 5.48104314493393e-02 5.02920433498188e-04 
5.79054762717813e+00 5.46701517370126e-02 5.04119882524228e-04 
5.80833732802967e+00 5.45290898383516e-02 5.05310002877504e-04 
5.82612702888122e+00 5.43872462674407e-02 5.06490609985224e-04 
5.84391672973277e+00 5.42446216154090e-02 5.07661519502262e-04 
5.86170643058431e+00 5.41012165510190e-02 5.08822547331811e-04 
5.87949613143586e+00 5.39570318212499e-02 5.09973509646617e-04 
5.89728583228740e+00 5.38120682518731e-02 5.11114222910187e-04 
5.91507553313895e+00 5.36663267480204e-02 5.12244503898617e-04 
5.93286523399050e+00 5.35198082947442e-02 5.13364169722662e-04 
5.95065493484204e+00 5.33725139575709e-02 5.14473037850206e-04 
5.96844463569359e+00 5.32244448830451e-02 5.15570926129026e-04 
5.98623433654513e+00 5.30756022992663e-02 5.16657652809510e-04 
6.00402403739668e+00 5.29259875164170e-02 5.17766633097261e-04 
6.02181373824822e+00 5.27755585509558e-02 5.18909981936293e-04 
6.03960343909977e+00 5.26243003599834e-02 5.20053788865662e-04 
6.05739313995131e+00 5.24722143427269e-02 5.21185196932864e-04 
6.07518284080286e+00 5.23193019919246e-02 5.22304007402773e-04 
6.09297254165441e+00 5.21655648944392e-02 5.23410022048948e-04 
6.11076224250595e+00 5.20110047318613e-02 5.24503043183134e-04 
6.12855194335750e+00 5.18556232811009e-02 5.25582873684953e-04 
6.14634164420904e+00 5.16994224149674e-02 5.26649317032099e-04 
6.16413134506059e+00 5.15424041027378e-02 5.27702177330739e-04 
6.18192104591213e+00 5.13845704107132e-02 5.28741259346211e-04 
6.19971074676368e+00 5.12259235027628e-02 5.29766368534387e-04 
6.21750044761523e+00 5.10664656408548e-02 5.30777311072876e-04 
6.23529014846677e+00 5.09061991855751e-02 5.31773893892717e-04 
6.25307984931832e+00 5.07451265966322e-02 5.32755924710547e-04 
6.27086955016986e+00 5.05832504333495e-02 5.33723212060975e-04 
6.28865925102141e+00 5.04205733551428e-02 5.34675565329217e-04 
6.30644895187295e+00 5.02570981219847e-02 5.35612794784007e-04 
6.32423865272450e+00 5.00928275948542e-02 5.36534711610755e-04 
6.34202835357605e+00 4.99277647361721e-02 5.37441127945043e-04 
6.35981805442759e+00 4.97619126102213e-02 5.38331856906469e-04 
6.37760775527914e+00 4.95952743835523e-02 5.39206712632498e-04 
6.39539745613068e+00 4.94278533253729e-02 5.40065510312923e-04 
6.41318715698223e+00 4.92596528079228e-02 5.40908066224184e-04 
6.43097685783377e+00 4.90906763068321e-02 5.41734197764274e-04 
6.44876655868532e+00 4.89209274014629e-02 5.42543723487709e-04 
6.46655625953687e+00 4.87504097752361e-02 5.43336463140405e-04 
6.48434596038841e+00 4.85791272159396e-02 5.44112237695439e-04 
6.50213566123996e+00 4.84070836160210e-02 5.44870869388478e-04 
6.51992536209150e+00 4.82342829728620e-02 5.45612181753513e-04 
6.53771506294305e+00 4.80607293890361e-02 5.46335999659061e-04 
6.55550476379459e+00 4.78864270725480e-02 5.47042149344120e-04 
6.57329446464614e+00 4.77113803370551e-02 5.47730458454468e-04 
6.59108416549769e+00 4.75355936020708e-02 5.48400756079297e-04 
6.60887386634923e+00 4.73590713931491e-02 5.49052872787690e-04 
6.62666356720078e+00 4.71818183420505e-02 5.49686640665415e-04 
6.64445326805232e+00 4.70038391868889e-02 5.50301893351861e-04 
6.66224296890387e+00 4.68251387722589e-02 5.50898466076944e-04 
6.68003266975541e+00 4.66457220493440e-02 5.51476195698313e-04 
6.69782237060696e+00 4.64655940760044e-02 5.52034920738504e-04 
6.71561207145851e+00 4.62847600168454e-02 5.52574481422185e-04 
6.73340177231005e+00 4.61032251432650e-02 5.53094719713546e-04 
6.75119147316160e+00 4.59209948334812e-02 5.53595479353742e-04 
6.76898117401314e+00 4.57380745725388e-02 5.54076605898403e-04 
6.78677087486469e+00 4.55544699522944e-02 5.54537946755040e-04 
6.80456057571623e+00 4.53701866713813e-02 5.54979351220708e-04 
6.82235027656778e+00 4.51852305351520e-02 5.55400670519566e-04 
6.84013997741933e+00 4.49996074555995e-02 5.55801757840448e-04 
6.85792967827087e+00 4.48133234512569e-02 5.56182468374424e-04 
6.87571937912242e+00 4.46263846470744e-02 5.56542659352227e-04 
6.89350907997396e+00 4.44387972742744e-02 5.56882190081960e-04 
6.91129878082551e+00 4.42505676701840e-02 5.57200921986576e-04 
6.92908848167705e+00 4.40617022780450e-02 5.57498718641237e-04 
6.94687818252860e+00 4.38722076468003e-02 5.57775445810689e-04 
6.96466788338015e+00 4.36820904308584e-02 5.58030971486615e-04 
6.98245758423169e+00 4.34913573898336e-02 5.58265165924801e-04 
7.00024728508324e+00 4.33000153882632e-02 5.58612560926374e-04 
7.01803698593478e+00 4.31078694542205e-02 5.59197989341191e-04 
7.03582668678633e+00 4.29147358411944e-02 5.59883210749681e-04 
7.05361638763787e+00 4.27206225474617e-02 5.60539831966847e-04 
7.07140608848942e+00 4.25255377726647e-02 5.61167603789960e-04 
7.08919578934097e+00 4.23294899179176e-02 5.61766280595688e-04 
7.10698549019251e+00 4.21324875858572e-02 5.62335620430697e-04 
7.12477519104406e+00 4.19345395806388e-02 5.62875385102416e-04 
7.14256489189560e+00 4.17356549078737e-02 5.63385340269758e-04 
7.16035459274715e+00 4.15358427745104e-02 5.63865255533663e-04 
7.17814429359869e+00 4.13351125886567e-02 5.64314904527635e-04 
7.19593399445024e+00 4.11334739593435e-02 5.64734065008153e-04 
7.21372369530179e+00 4.09309366962284e-02 5.65122518944786e-04 
7.23151339615333e+00 4.07275108092395e-02 5.65480052610065e-04 
7.24930309700488e+00 4.05232065081586e-02 5.65806456669126e-04 
7.26709279785642e+00 4.03180342021420e-02 5.66101526269163e-04 
7.28488249870797e+00 4.01120044991800e-02 5.66365061128311e-04 
7.30267219955951e+00 3.99051282054938e-02 5.66596865624145e-04 
7.32046190041106e+00 3.96974163248685e-02 5.66796748881860e-04 
7.33825160126261e+00 3.94888800579232e-02 5.66964524861904e-04 
7.35604130211415e+00 3.92795308013164e-02 5.67100012447097e-04 
7.37383100296570e+00 3.90693801468864e-02 5.67203035529121e-04 
7.39162070381724e+00 3.88584398807271e-02 5.67273423094448e-04 
7.40941040466879e+00 3.86467219821980e-02 5.67311009309474e-04 
7.42720010552033e+00 3.84342386228675e-02 5.67315633605100e-04 
7.44498980637188e+00 3.82210021653904e-02 5.67287140760558e-04 
7.46277950722343e+00 3.80070251623183e-02 5.67225380986263e-04 
7.48056920807497e+00 3.77923203548427e-02 5.67130210005835e-04 
7.49835890892652e+00 3.75769006714705e-02 5.67001489137455e-04 
7.51614860977806e+00 3.73607792266320e-02 5.66839085374109e-04 
7.53393831062961e+00 3.71439693192199e-02 5.66642871462714e-04 
7.55172801148115e+00 3.69264844310614e-02 5.66412725982481e-04 
7.56951771233270e+00 3.67083382253198e-02 5.66148533421926e-04 
7.58730741318425e+00 3.64895445448291e-02 5.65850184254830e-04 
7.60509711403579e+00 3.62701174103585e-02 5.65517575015288e-04 
7.62288681488734e+00 3.60500710188079e-02 5.65150608371127e-04 
7.64067651573888e+00 3.58294197413350e-02 5.64749193196125e-04 
7.65846621659043e+00 3.56081781214119e-02 5.64313244641083e-04 
7.67625591744197e+00 3.53863608728138e-02 5.63842684203473e-04 
7.69404561829352e+00 3.51639828775368e-02 5.63337439795523e-04 
7.71183531914507e+00 3.49410591836477e-02 5.62797445810894e-04 
7.72962501999661e+00 3.47176050030641e-02 5.62222643189964e-04 
7.74741472084816e+00 3.44936357092651e-02 5.61612979483364e-04 
7.76520442169970e+00 3.42691668349330e-02 5.60968408914012e-04 
7.78299412255125e+00 3.40442140695264e-02 5.60288892437544e-04 
7.80078382340279e+00 3.38187932567847e-02 5.59574397800732e-04 
7.81857352425434e+00 3.35929203921633e-02 5.58824899598483e-04 
7.83636322510589e+00 3.33666116202016e-02 5.58040379328991e-04 
7.85415292595743e+00 3.31398832318222e-02 5.57220825446872e-04 
7.87194262680898e+00 3.29127516615633e-02 5.56366233414486e-04 
7.88973232766052e+00 3.26852334847431e-02 5.55476605751333e-04 
7.90752202851207e+00 3.24573454145580e-02 5.54551952081517e-04 
7.92531172936361e+00 3.22291042991139e-02 5.53592289179082e-04 
7.94310143021516e+00 3.20005271183920e-02 5.52597641011357e-04 
7.96089113106671e+00 3.17716309811487e-02 5.51568038780082e-04 
7.97868083191825e+00 3.15424331217513e-02 5.50503520960463e-04 
7.99647053276980e+00 3.13129508969490e-02 5.49356067005583e-04 
8.01426023362134e+00 3.10832893694472e-02 5.48016306708264e-04 
8.03204993447289e+00 3.08536674411341e-02 5.46536316965258e-04 
8.04983963532443e+00 3.06240994347035e-02 5.45029651148321e-04 
8.06762933617598e+00 3.03945997073173e-02 5.43496429501319e-04 
8.08541903702753e+00 3.01651826480668e-02 5.41936777100744e-04 
8.10320873787907e+00 2.99358626754111e-02 5.40350823849305e-04 
8.12099843873062e+00 2.97066542345935e-02 5.38738704468315e-04 
8.13878813958216e+00 2.94775717950359e-02 5.37100558488382e-04 
8.15657784043371e+00 2.92486298477121e-02 5.35436530238693e-04 
8.17436754128526e+00 2.90198429025013e-02 5.33746768834966e-04 
8.19215724213680e+00 2.87912254855215e-02 5.32031428165859e-04 
8.20994694298835e+00 2.85627921364439e-02 5.30290666877983e-04 
8.22773664383989e+00 2.83345574057896e-02 5.28524648359340e-04 
8.24552634469144e+00 2.81065358522082e-02 5.26733540721317e-04 
8.26331604554298e+00 2.78787420397404e-02 5.24917516779300e-04 
8.28110574639453e+00 2.76511905350639e-02 5.23076754031674e-04 
8.29889544724607e+00 2.74238959047247e-02 5.21211434637294e-04 
8.31668514809762e+00 2.71968727123536e-02 5.19321745391604e-04 
8.33447484894917e+00 2.69701355158697e-02 5.17407877701199e-04 
8.35226454980071e+00 2.67436988646703e-02 5.15470027556804e-04 
8.37005425065226e+00 2.65175772968095e-02 5.13508395504860e-04 
8.38784395150380e+00 2.62917853361657e-02 5.11523186617517e-04 
8.40563365235535e+00 2.60663374895983e-02 5.09514610461097e-04 
8.42342335320689e+00 2.58412482440957e-02 5.07482881063164e-04 
8.44121305405844e+00 2.56165320639142e-02 5.05428216878005e-04 
8.45900275490999e+00 2.53922033877097e-02 5.03350840750596e-04 
8.47679245576153e+00 2.51682766256625e-02 5.01250979879091e-04 
8.49458215661308e+00 2.49447661565959e-02 4.99128865775795e-04 
8.51237185746462e+00 2.47216863250907e-02 4.96984734226646e-04 
8.53016155831617e+00 2.44990514385950e-02 4.94818825249191e-04 
8.54795125916771e+00 2.42768757645313e-02 4.92631383049068e-04 
8.56574096001926e+00 2.40551735274009e-02 4.90422655975059e-04 
8.58353066087080e+00 2.38339589058882e-02 4.88192896472567e-04 
8.60132036172235e+00 2.36132460299636e-02 4.85942361035656e-04 
8.61911006257390e+00 2.33930489779880e-02 4.83671310157667e-04 
8.63689976342544e+00 2.31733817738185e-02 4.81380008280348e-04 
8.65468946427699e+00 2.29542583839171e-02 4.79068723741557e-04 
8.67247916512853e+00 2.27356927144630e-02 4.76737728721529e-04 
8.69026886598008e+00 2.25176986084693e-02 4.74387299187603e-04 
8.70805856683163e+00 2.23002898429060e-02 4.72017714837744e-04 
8.72584826768317e+00 2.20834801258287e-02 4.69629259042552e-04 
8.74363796853472e+00 2.18672830935160e-02 4.67222218785761e-04 
8.76142766938626e+00 2.16517123076147e-02 4.64796884603658e-04 
8.77921737023781e+00 2.14367812522956e-02 4.62353550522851e-04 
8.79700707108935e+00 2.12225033314187e-02 4.59892513996797e-04 
8.81479677194090e+00 2.10088918657117e-02 4.57414075841078e-04 
8.83258647279245e+00 2.07959600899600e-02 4.54918540167271e-04 
8.85037617364399e+00 2.05837211502110e-02 4.52406214315589e-04 
8.86816587449554e+00 2.03721881009928e-02 4.49877408786189e-04 
8.88595557534708e+00 2.01613739025498e-02 4.47332437169189e-04 
8.90374527619863e+00 1.99512914180933e-02 4.44771616073536e-04 
8.92153497705017e+00 1.97419534110718e-02 4.42195265054644e-04 
8.93932467790172e+00 1.95333725424590e-02 4.39603706540808e-04 
8.95711437875327e+00 1.93255613680621e-02 4.36997265758445e-04 
8.97490407960481e+00 1.91185323358510e-02 4.34376270656174e-04 
8.99269378045636e+00 1.89122977833097e-02 4.31741051827801e-04 
9.01048348130790e+00 1.87068699348098e-02 4.29091942434185e-04 
9.02827318215945e+00 1.85022608990091e-02 4.26429278123975e-04 
9.04606288301099e+00 1.82984826662744e-02 4.23753396953385e-04 
9.06385258386254e+00 1.80955471061303e-02 4.21064639304906e-04 
9.08164228471409e+00 1.78934659647356e-02 4.18363347804985e-04 
9.09943198556563e+00 1.76922508623868e-02 4.15649867240776e-04 
9.11722168641718e+00 1.74919132910510e-02 4.12924544475901e-04 
9.13501138726872e+00 1.72924646119290e-02 4.10187728365330e-04 
9.15280108812027e+00 1.70939160530487e-02 4.07439769669371e-04 
9.17059078897181e+00 1.68962787068904e-02 4.04681020966784e-04 
9.18838048982336e+00 1.66995635280457e-02 4.01911836567076e-04 
9.20617019067491e+00 1.65037813309091e-02 3.99132572422057e-04 
9.22395989152645e+00 1.63089427874052e-02 3.96343586036553e-04 
9.24174959237800e+00 1.61150584247506e-02 3.93545236378400e-04 
9.25953929322954e+00 1.59221386232532e-02 3.90737883787804e-04 
9.27732899408109e+00 1.57301936141485e-02 3.87921889885949e-04 
9.29511869493263e+00 1.55392334774740e-02 3.85097617483058e-04 
9.31290839578418e+00 1.53492681399837e-02 3.82265430485832e-04 
9.33069809663573e+00 1.51603073731016e-02 3.79425693804284e-04 
9.34848779748727e+00 1.49723607909165e-02 3.76578773258102e-04 
9.36627749833882e+00 1.47854378482193e-02 3.73725035482549e-04 
9.38406719919036e+00 1.45995478385816e-02 3.70864847833817e-04 
9.40185690004191e+00 1.44146998924788e-02 3.67998578294025e-04 
9.41964660089345e+00 1.42309029754568e-02 3.65126595375866e-04 
9.43743630174500e+00 1.40481658863439e-02 3.62249268026871e-04 
9.45522600259654e+00 1.38664972555085e-02 3.59366965533369e-04 
9.47301570344809e+00 1.36859055431631e-02 3.56480057424220e-04 
9.49080540429964e+00 1.35063990377156e-02 3.53588913374284e-04 
9.50859510515118e+00 1.33279858541688e-02 3.50693903107732e-04 
9.52638480600273e+00 1.31506739325678e-02 3.47795396301207e-04 
9.54417450685427e+00 1.29744710364976e-02 3.44893762486854e-04 
9.56196420770582e+00 1.27993847516302e-02 3.41989370955329e-04 
9.57975390855736e+00 1.26254224843220e-02 3.39082590658733e-04 
9.59754360940891e+00 1.24525914602629e-02 3.36173790113576e-04 
9.61533331026046e+00 1.22808987231771e-02 3.33263337303836e-04 
9.63312301111200e+00 1.21103511335760e-02 3.30351599584048e-04 
9.65091271196355e+00 1.19409553675643e-02 3.27438943582555e-04 
9.66870241281509e+00 1.17727179156992e-02 3.24525735104978e-04 
9.68649211366664e+00 1.16056450819043e-02 3.21612339037811e-04 
9.70428181451819e+00 1.14397429824366e-02 3.18699119252346e-04 
9.72207151536973e+00 1.12750175449101e-02 3.15786438508903e-04 
9.73986121622128e+00 1.11114745073732e-02 3.12874658361344e-04 
9.75765091707282e+00 1.09491194174427e-02 3.09964139062015e-04 
9.77544061792437e+00 1.07879576314941e-02 3.07055239467101e-04 
9.79323031877591e+00 1.06279943139072e-02 3.04148316942434e-04 
9.81102001962746e+00 1.04692344363702e-02 3.01243727269792e-04 
9.82880972047901e+00 1.03116827772399e-02 2.98341824553789e-04 
9.84659942133055e+00 1.01553439209593e-02 2.95442961129317e-04 
9.86438912218210e+00 1.00002222575335e-02 2.92547487469596e-04 
9.88217882303364e+00 9.84632198206342e-03 2.89655752094950e-04 
9.89996852388519e+00 9.69364709433703e-03 2.86768101482224e-04 
9.91775822473673e+00 9.54220139847991e-03 2.83884879974984e-04 
9.93554792558828e+00 9.39198850266363e-03 2.81006429694515e-04 
9.95333762643983e+00 9.24301181887305e-03 2.78133090451597e-04 
9.97112732729137e+00 9.09527456273234e-03 2.75265199659184e-04 
9.98891702814292e+00 8.94877975338979e-03 2.72403092245978e-04 
1.00067067289945e+01 8.80353021346162e-03 2.69351112323386e-04 
1.00244964298460e+01 8.66002427490897e-03 2.66091694228474e-04 
1.00422861306976e+01 8.51831402335376e-03 2.62836899968494e-04 
1.00600758315491e+01 8.37838037197391e-03 2.59615660837232e-04 
1.00778655324006e+01 8.24020439250860e-03 2.56427711213141e-04 
1.00956552332522e+01 8.10376731459964e-03 2.53272786397067e-04 
1.01134449341037e+01 7.96905052512478e-03 2.50150622628797e-04 
1.01312346349553e+01 7.83603556752288e-03 2.47060957103216e-04 
1.01490243358068e+01 7.70470414111133e-03 2.44003527986021e-04 
1.01668140366584e+01 7.57503810039603e-03 2.40978074429082e-04 
1.01846037375099e+01 7.44701945437386e-03 2.37984336585384e-04 
1.02023934383615e+01 7.32063036582827e-03 2.35022055623615e-04 
1.02201831392130e+01 7.19585315061779e-03 2.32090973742362e-04 
1.02379728400646e+01 7.07267027695801e-03 2.29190834183914e-04 
1.02557625409161e+01 6.95106436469702e-03 2.26321381247706e-04 
1.02735522417676e+01 6.83101818458468e-03 2.23482360303364e-04 
1.02913419426192e+01 6.71251465753584e-03 2.20673517803431e-04 
1.03091316434707e+01 6.59553685388769e-03 2.17894601295724e-04 
1.03269213443223e+01 6.48006799265154e-03 2.15145359435304e-04 
1.03447110451738e+01 6.36609144075919e-03 2.12425541996102e-04 
1.03625007460254e+01 6.25359071230398e-03 2.09734899882210e-04 
1.03802904468769e+01 6.14254946777698e-03 2.07073185138818e-04 
1.03980801477285e+01 6.03295151329818e-03 2.04440150962817e-04 
1.04158698485800e+01 5.92478079984315e-03 2.01835551713054e-04 
1.04336595494316e+01 5.81802142246518e-03 1.99259142920270e-04 
1.04514492502831e+01 5.71265761951319e-03 1.96710681296699e-04 
1.04692389511347e+01 5.60867377184555e-03 1.94189924745326e-04 
1.04870286519862e+01 5.50605440203999e-03 1.91696632368857e-04 
1.05048183528377e+01 5.40478417359974e-03 1.89230564478356e-04 
1.05226080536893e+01 5.30484789015622e-03 1.86791482601568e-04 
1.05403977545408e+01 5.20623049466827e-03 1.84379149490937e-04 
1.05581874553924e+01 5.10891706861817e-03 1.81993329131313e-04 
1.05759771562439e+01 5.01289283120469e-03 1.79633786747368e-04 
1.05937668570955e+01 4.91814313853319e-03 1.77300288810711e-04 
1.06115565579470e+01 4.82465348280306e-03 1.74992603046714e-04 
1.06293462587986e+01 4.73240949149258e-03 1.72710498441036e-04 
1.06471359596501e+01 4.64139692654144e-03 1.70453745245873e-04 
1.06649256605017e+01 4.55160168353095e-03 1.68222114985933e-04 
1.06827153613532e+01 4.46300979086223e-03 1.66015380464119e-04 
1.07005050622047e+01 4.37560740893246e-03 1.63833315766943e-04 
1.07182947630563e+01 4.28938082930932e-03 1.61675696269680e-04 
1.07360844639078e+01 4.20431647390384e-03 1.59542298641252e-04 
1.07538741647594e+01 4.12040089414172e-03 1.57432900848842e-04 
1.07716638656109e+01 4.03762077013335e-03 1.55347282162255e-04 
1.07894535664625e+01 3.95596290984257e-03 1.53285223158032e-04 
1.08072432673140e+01 3.87541424825439e-03 1.51246505723300e-04 
1.08250329681656e+01 3.79596184654180e-03 1.49230913059389e-04 
1.08428226690171e+01 3.71759289123172e-03 1.47238229685195e-04 
1.08606123698687e+01 3.64029469337034e-03 1.45268241440306e-04 
1.08784020707202e+01 3.56405468768787e-03 1.43320735487904e-04 
1.08961917715717e+01 3.48886043176289e-03 1.41395500317418e-04 
1.09139814724233e+01 3.41469960518645e-03 1.39492325746955e-04 
1.09317711732748e+01 3.34156000872594e-03 1.37611002925512e-04 
1.09495608741264e+01 3.26942956348892e-03 1.35751324334962e-04 
1.09673505749779e+01 3.19829631008708e-03 1.33913083791815e-04 
1.09851402758295e+01 3.12814840780029e-03 1.32096076448776e-04 
1.10029299766810e+01 3.05897413374107e-03 1.30300098796093e-04 
1.10207196775326e+01 2.99076188201929e-03 1.28524948662690e-04 
1.10385093783841e+01 2.92350016290762e-03 1.26770425217099e-04 
1.10562990792357e+01 2.85717760200737e-03 1.25036328968192e-04 
1.10740887800872e+01 2.79178293941525e-03 1.23322461765717e-04 
1.10918784809388e+01 2.72730502889088e-03 1.21628626800641e-04 
1.11096681817903e+01 2.66373283702521e-03 1.19954628605303e-04 
1.11274578826418e+01 2.60105544241003e-03 1.18300273053380e-04 
1.11452475834934e+01 2.53926203480861e-03 1.16665367359661e-04 
1.11630372843449e+01 2.47834191432755e-03 1.15049720079656e-04 
1.11808269851965e+01 2.41828449058992e-03 1.13453141109024e-04 
1.11986166860480e+01 2.35907928190990e-03 1.11875441682816e-04 
1.12164063868996e+01 2.30071591446884e-03 1.10316434374559e-04 
1.12341960877511e+01 2.24318412149296e-03 1.08775933095169e-04 
1.12519857886027e+01 2.18647374243269e-03 1.07253753091699e-04 
1.12697754894542e+01 2.13057472214383e-03 1.05749710945931e-04 
1.12875651903058e+01 2.07547711007048e-03 1.04263624572802e-04 
1.13053548911573e+01 2.02117105942997e-03 1.02795313218678e-04 
1.13231445920088e+01 1.96764682639974e-03 1.01344597459480e-04 
1.13409342928604e+01 1.91489476930629e-03 9.99112991986600e-05 
1.13587239937119e+01 1.86290534781636e-03 9.84952416650287e-05 
1.13765136945635e+01 1.81166912213027e-03 9.70962494104382e-05 
1.13943033954150e+01 1.76117675217760e-03 9.57141483073308e-05 
1.14120930962666e+01 1.71141899681519e-03 9.43487655461466e-05 
1.14298827971181e+01 1.66238671302767e-03 9.29999296325966e-05 
1.14476724979697e+01 1.61407085513042e-03 9.16674703848086e-05 
1.14654621988212e+01 1.56646247397509e-03 9.03512189303403e-05 
1.14832518996728e+01 1.51955271615790e-03 8.90510077030689e-05 
1.15010416005243e+01 1.47333282323040e-03 8.77666704399550e-05 
1.15188313013758e+01 1.42779413091323e-03 8.64980421776879e-05 
1.15366210022274e+01 1.38292806831255e-03 8.52449592492163e-05 
1.15544107030789e+01 1.33872615713938e-03 8.39953276173523e-05 
1.15722004039305e+01 1.29519144927648e-03 8.27246652133271e-05 
1.15899901047820e+01 1.25234091690101e-03 8.14206206014478e-05 
1.16077798056336e+01 1.21019153533185e-03 8.00853636633049e-05 
1.16255695064851e+01 1.16875814940457e-03 7.87180141159269e-05 
1.16433592073367e+01 1.12805817789799e-03 7.73107061103909e-05 
1.16611489081882e+01 1.08811442388851e-03 7.58588140677359e-05 
1.16789386090398e+01 1.04894956585121e-03 7.43656030450886e-05 
1.16967283098913e+01 1.01058321357011e-03 7.28367981332911e-05 
1.17145180107429e+01 9.73032044573372e-04 7.12778490288568e-05 
1.17323077115944e+01 9.36309958929441e-04 6.96931393860983e-05 
1.17500974124459e+01 9.00428962230239e-04 6.80861378054326e-05 
1.17678871132975e+01 8.65399328649133e-04 6.64610114310859e-05 
1.17856768141490e+01 8.31228789492282e-04 6.48224979842184e-05 
1.18034665150006e+01 7.97922672569475e-04 6.31750742718378e-05 
1.18212562158521e+01 7.65484039458371e-04 6.15224229610065e-05 
1.18390459167037e+01 7.33914320259713e-04 5.98637717966317e-05 
1.18568356175552e+01 7.03216962723727e-04 5.81955552894040e-05 
1.18746253184068e+01 6.73397195320048e-04 5.65189517540737e-05 
1.18924150192583e+01 6.44457662694450e-04 5.48387599947972e-05 
1.19102047201099e+01 6.16398599127787e-04 5.31594534763459e-05 
1.19279944209614e+01 5.89217998016790e-04 5.14851879754390e-05 
1.19457841218129e+01 5.62911776971556e-04 4.98198099718514e-05 
1.19635738226645e+01 5.37473938178189e-04 4.81668656799119e-05 
1.19813635235160e+01 5.12896723725950e-04 4.65296106260781e-05 
1.19991532243676e+01 4.89170765646408e-04 4.49109716118829e-05 
1.20169429252191e+01 4.66285495673001e-04 4.33135989176912e-05 
1.20347326260707e+01 4.44229038437000e-04 4.17400015385517e-05 
1.20525223269222e+01 4.22987989326454e-04 4.01924471372197e-05 
1.20703120277738e+01 4.02547880287612e-04 3.86728908563579e-05 
1.20881017286253e+01 3.82893301160867e-04 3.71830615408434e-05 
1.21058914294769e+01 3.64008015049801e-04 3.57244729456903e-05 
1.21236811303284e+01 3.45875067732298e-04 3.42984349190031e-05 
1.21414708311799e+01 3.28476891149114e-04 3.29060645112993e-05 
1.21592605320315e+01 3.11795401029212e-04 3.15482969671040e-05 
1.21770502328830e+01 2.95812088732770e-04 3.02258965591188e-05 
1.21948399337346e+01 2.80508107412034e-04 2.89394672294894e-05 
1.22126296345861e+01 2.65864352607337e-04 2.76894630067316e-05 
1.22304193354377e+01 2.51861537410607e-04 2.64761981707232e-05 
1.22482090362892e+01 2.38480262341794e-04 2.52998571418111e-05 
1.22659987371408e+01 2.25701080094824e-04 2.41605040735384e-05 
1.22837884379923e+01 2.13504555319150e-04 2.30580921317368e-05 
1.23015781388439e+01 2.01871319610793e-04 2.19924724457800e-05 
1.23193678396954e+01 1.90782121893001e-04 2.09634027206375e-05 
1.23371575405470e+01 1.80217874371518e-04 1.99705555010184e-05 
1.23549472413985e+01 1.70159694252953e-04 1.90135260813478e-05 
1.23727369422500e+01 1.60588941417012e-04 1.80918400575827e-05 
1.23905266431016e+01 1.51487252234522e-04 1.72049605189524e-05 
1.24083163439531e+01 1.42836569723319e-04 1.63522948796091e-05 
1.24261060448047e+01 1.34619170233233e-04 1.55332013518972e-05 
1.24438957456562e+01 1.26817686849784e-04 1.47469950645112e-05 
1.24616854465078e+01 1.19415129703772e-04 1.39929538302077e-05 
1.24794751473593e+01 1.12394903370877e-04 1.32703235689851e-05 
1.24972648482109e+01 1.05740821541694e-04 1.25783233937437e-05 
1.25150545490624e+01 9.94371191384163e-05 1.19161503664029e-05 
1.25328442499140e+01 9.34684620497308e-05 1.12829839332835e-05 
1.25506339507655e+01 8.78199546504509e-05 1.06779900492771e-05 
1.25684236516170e+01 8.24771452670171e-05 1.01003250009175e-05 
1.25862133524686e+01 7.74260297443822e-05 9.54913893896075e-06 
1.26040030533201e+01 7.26530532639308e-05 9.02357913147176e-06 
1.26217927541717e+01 6.81451105560718e-05 8.52279294871082e-06 
1.26395824550232e+01 6.38895446450049e-05 8.04593059133152e-06 
1.26573721558748e+01 5.98741442569509e-05 7.59214757353453e-06 
1.26751618567263e+01 5.60871400168858e-05 7.16060697288868e-06 
1.26929515575779e+01 5.25171995525648e-05 6.75048145853218e-06 
1.27107412584294e+01 4.91534216183957e-05 6.36095510940927e-06 
1.27285309592810e+01 4.59853293455530e-05 5.99122503408905e-06 
1.27463206601325e+01 4.30028627186359e-05 5.64050280355762e-06 
1.27641103609840e+01 4.01963703731865e-05 5.30801570817855e-06 
1.27819000618356e+01 3.75566008025262e-05 4.99300784978487e-06 
1.27996897626871e+01 3.50746930566430e-05 4.69474107960202e-06 
1.28174794635387e+01 3.27421670102972e-05 4.41249579241212e-06 
1.28352691643902e+01 3.05509132721093e-05 4.14557158705780e-06 
1.28530588652418e+01 2.84931828011705e-05 3.89328780305375e-06 
1.28708485660933e+01 2.65615762926738e-05 3.65498394272941e-06 
1.28886382669449e+01 2.47490333892140e-05 3.43001998797034e-06 
1.29064279677964e+01 2.30488217697478e-05 3.21775938570352e-06 
1.29242176686480e+01 2.14545405379296e-05 3.01755526012948e-06 
1.29420073694995e+01 1.99601270923923e-05 2.82878949815672e-06 
1.29597970703511e+01 1.85598270629899e-05 2.65090508333963e-06 
1.29775867712026e+01 1.72481606992550e-05 2.48338310475413e-06 
1.29953764720541e+01 1.60199131852225e-05 2.32566777524247e-06 
1.30131661729057e+01 1.48701705641201e-05 2.17701843461750e-06 
1.30309558737572e+01 1.37944528828463e-05 2.03666239348225e-06 
1.30487455746088e+01 1.27886608496033e-05 1.90410496418355e-06 
1.30665352754603e+01 1.18488602486842e-05 1.77902958705614e-06 
1.30843249763119e+01 1.09712805873964e-05 1.66111187527604e-06 
1.31021146771634e+01 1.01523219364810e-05 1.54998708638756e-06 
1.31199043780150e+01 9.38858407910311e-06 1.44527878122753e-06 
1.31376940788665e+01 8.67685917153164e-06 1.34667058284038e-06 
1.31554837797181e+01 8.01408240540076e-06 1.25389132176627e-06 
1.31732734805696e+01 7.39732705259679e-06 1.16667306165979e-06 
1.31910631814211e+01 6.82380497499816e-06 1.08475145804573e-06 
1.32088528822727e+01 6.29086302716170e-06 1.00787176684324e-06 
1.32266425831242e+01 5.79597697924616e-06 9.35788963440034e-07 
1.32444322839758e+01 5.33674704662300e-06 8.68265038377914e-07 
1.32622219848273e+01 4.91089472440418e-06 8.05068223014398e-07 
1.32800116856789e+01 4.51625938711609e-06 7.45967522007348e-07 
1.32978013865304e+01 4.15079938171696e-06 6.90732500850140e-07 
1.33155910873820e+01 3.81259125676990e-06 6.39144572124048e-07 
1.33333807882335e+01 3.49981969858101e-06 5.90999748362417e-07 
1.33511704890851e+01 3.21077173287229e-06 5.46104394496076e-07 
1.33689601899366e+01 2.94383167373608e-06 5.04274098811601e-07 
1.33867498907881e+01 2.69747649965366e-06 4.65332492012263e-07 
1.34045395916397e+01 2.47027197874729e-06 4.29110420913991e-07 
1.34223292924912e+01 2.26086900988674e-06 3.95445789535861e-07 
1.34401189933428e+01 2.06799996109150e-06 3.64183552125774e-07 
1.34579086941943e+01 1.89047502510819e-06 3.35175669413351e-07 
1.34756983950459e+01 1.72717860966700e-06 3.08280385960987e-07 
1.34934880958974e+01 1.57706627892254e-06 2.83360636468439e-07 
1.35112777967490e+01 1.43916270797010e-06 2.60285730797319e-07 
1.35290674976005e+01 1.31255777440477e-06 2.38934338020586e-07 
1.35468571984521e+01 1.19640101179484e-06 2.19193120138167e-07 
1.35646468993036e+01 1.08989848875242e-06 2.00954710441352e-07 
1.35824366001551e+01 9.92309772362534e-07 1.84117546916674e-07 
1.36002263010067e+01 9.02944982541287e-07 1.68585693803794e-07 
1.36180160018582e+01 8.21161942573338e-07 1.54268653770675e-07 
1.36358057027098e+01 7.46363429882154e-07 1.41081172937763e-07 
1.36535954035613e+01 6.77994530005205e-07 1.28943040763478e-07 
1.36713851044129e+01 6.15540095775484e-07 1.17778886596212e-07 
1.36891748052644e+01 5.58522312843096e-07 1.07517974503387e-07 
1.37069645061160e+01 5.06498371900082e-07 9.80939978059129e-08 
1.37247542069675e+01 4.59058247291478e-07 8.94448745765039e-08 
1.37425439078191e+01 4.15822581099566e-07 8.15125452025323e-08 
1.37603336086706e+01 3.76440671270121e-07 7.42427729681664e-08 
1.37781233095222e+01 3.40588561903045e-07 6.75849484761179e-08 
1.37959130103737e+01 3.07967233449452e-07 6.14918986059930e-08 
1.38137027112252e+01 2.78300890237089e-07 5.59197005936142e-08 
1.38314924120768e+01 2.51335342480836e-07 5.08274533248429e-08 
1.38492821129283e+01 2.26836515522540e-07 4.61751577032989e-08 
1.38670718137799e+01 2.04590472164221e-07 4.19243590762797e-08 
1.38848615146314e+01 1.84402491875478e-07 3.80417558297239e-08 
1.39026512154830e+01 1.66093149062947e-07 3.44975956508735e-08 
1.39204409163345e+01 1.49497813129436e-07 3.12632923790632e-08 
1.39382306171861e+01 1.34466116109338e-07 2.83129251654215e-08 
1.39560203180376e+01 1.20860067530371e-07 2.56235966291971e-08 
1.39738100188892e+01 1.08552709459435e-07 2.31740593093988e-08 
1.39915997197407e+01 9.74275731814707e-08 2.09428277221055e-08 
1.40093894205922e+01 8.73791270565017e-08 1.89106253059889e-08 
1.40271791214438e+01 7.83111064966260e-08 1.70624122555413e-08 
1.40449688222953e+01 7.01335705506972e-08 1.53839578409369e-08 
1.40627585231469e+01 6.27643024175277e-08 1.38606663628698e-08 
1.40805482239984e+01 5.61281740975238e-08 1.24789415091094e-08 
1.40983379248500e+01 5.01567627487064e-08 1.12263393531715e-08 
1.41161276257015e+01 4.47876338841023e-08 1.00916504153259e-08 
1.41339173265531e+01 3.99637771470840e-08 9.06467506890787e-09 
1.41517070274046e+01 3.56331238800986e-08 8.13599701246775e-09 
1.41694967282562e+01 3.17482004914607e-08 7.29686564931057e-09 
1.41872864291077e+01 2.82658076606841e-08 6.53925159039402e-09 
1.42050761299593e+01 2.51466308338784e-08 5.85582615994418e-09 
1.42228658308108e+01 2.23549039771934e-08 5.23981202201000e-09 
1.42406555316623e+01 1.98581656376475e-08 4.68491984988376e-09 
1.42584452325139e+01 1.76270182460238e-08 4.18542402648157e-09 
1.42762349333654e+01 1.56348221224924e-08 3.73617538127263e-09 
1.42940246342170e+01 1.38574090238945e-08 3.33248993835950e-09 
1.43118143350685e+01 1.22728798151671e-08 2.97005031295316e-09 
1.43296040359201e+01 1.08614298160508e-08 2.64489723251950e-09 
1.43473937367716e+01 9.60517107816213e-09 2.35344324421062e-09 
1.43651834376232e+01 8.48793682371230e-09 2.09243423231981e-09 
1.43829731384747e+01 7.49513125530116e-09 1.85890148582262e-09 
1.44007628393263e+01 6.61359059824690e-09 1.65014017503296e-09 
1.44185525401778e+01 5.83145476068766e-09 1.46368903006860e-09 
1.44363422410293e+01 5.13804900106591e-09 1.29731120863638e-09 
1.44541319418809e+01 4.52377500170872e-09 1.14897633204877e-09 
1.44719216427324e+01 3.98001076024683e-09 1.01683850425958e-09 
1.44897113435840e+01 3.49902216456712e-09 8.99222713549445e-10 
1.45075010444355e+01 3.07388072352036e-09 7.94610968279105e-10 
1.45252907452871e+01 2.69838522474124e-09 7.01625956262422e-10 
1.45430804461386e+01 2.36699807033235e-09 6.19030459897837e-10 
1.45608701469902e+01 2.07477146371633e-09 5.45722420974672e-10 
1.45786598478417e+01 1.81728292081828e-09 4.80714209980168e-10 
1.45964495486933e+01 1.59058224382432e-09 4.23116743311766e-10 
1.46142392495448e+01 1.39114457130972e-09 3.72129705971066e-10 
1.46320289503963e+01 1.21582762259231e-09 3.27033504805083e-10 
1.46498186512479e+01 1.06183287831247e-09 2.87181840074760e-10 
1.46676083520994e+01 9.26670350299405e-10 2.51994893273809e-10 
1.46853980529510e+01 8.08126652675889e-10 2.20951879132113e-10 
1.47031877538025e+01 7.04236866871159e-10 1.93585359830245e-10 
1.47209774546541e+01 6.13259191971796e-10 1.69478403938405e-10 
1.47387671555056e+01 5.33649854392973e-10 1.48260176242194e-10 
1.47565568563572e+01 4.64041271486468e-10 1.29600004152536e-10 
1.47743465572087e+01 4.03223147131347e-10 1.13202941018540e-10 
1.47921362580603e+01 3.50125340650612e-10 9.88059791339566e-11 
1.48099259589118e+01 3.03802664706402e-10 8.61749837418559e-11 
1.48277156597633e+01 2.63421114478520e-10 7.51022148021032e-11 
1.48455053606149e+01 2.28245054193822e-10 6.54033924714379e-11 
1.48632950614664e+01 1.97626214629235e-10 5.69149180728745e-11 
1.48810847623180e+01 1.70993846070680e-10 4.94917520413537e-11 
1.48988744631695e+01 1.47845860210481e-10 4.30054519172306e-11 
1.49166641640211e+01 1.27740940768618e-10 3.73423587126101e-11 
1.49344538648726e+01 1.10291520952852e-10 3.24019849410795e-11 
1.49522435657242e+01 9.51575255916732e-11 2.80955754887251e-11 
1.49700332665757e+01 8.20408007625784e-11 2.43447787768000e-11 
1.49878229674273e+01 7.06801825281697e-11 2.10804904690507e-11 
1.50056126682788e+01 6.08471207701258e-11 1.82422357839255e-11 
1.50234023691304e+01 5.23516808970632e-11 1.57753791132529e-11 
1.50411920699819e+01 4.50181726363314e-11 1.36339932190829e-11 
1.50589817708334e+01 3.86913091058732e-11 1.17765743191967e-11 
1.50767714716850e+01 3.32360186465725e-11 1.01664533005486e-11 
1.50945611725365e+01 2.85348918930764e-11 8.77155280627036e-12 
1.51123508733881e+01 2.44859398980627e-11 7.56383278756893e-12 
1.51301405742396e+01 2.10006270258719e-11 6.51880010207493e-12 
1.51479302750912e+01 1.80021463368739e-11 5.61507516550770e-12 
1.51657199759427e+01 1.54239087788416e-11 4.83400937107815e-12 
1.51835096767943e+01 1.32082207236340e-11 4.15934763474015e-12 
1.52012993776458e+01 1.13051272715144e-11 3.57693100891196e-12 
1.52190890784974e+01 9.67140132356624e-12 3.07443483712045e-12 
1.52368787793489e+01 8.26966072446343e-12 2.64113840146839e-12 
1.52546684802004e+01 7.06759783040498e-12 2.26772244796564e-12 
1.52724581810520e+01 6.03730768511823e-12 1.94609136544791e-12 
1.52902478819035e+01 5.15470261311778e-12 1.66921714565132e-12 
1.53080375827551e+01 4.39900248449063e-12 1.43100256840602e-12 
1.53258272836066e+01 3.75229118811325e-12 1.22616134001630e-12 
1.53436169844582e+01 3.19913098740274e-12 1.05011316764708e-12 
1.53614066853097e+01 2.72622743986827e-12 8.98891980655959e-13 
1.53791963861613e+01 2.32213845278662e-12 7.69065713810933e-13 
1.53969860870128e+01 1.97702183484693e-12 6.57666249529462e-13 
1.54147757878644e+01 1.68241639891735e-12 5.62128278790953e-13 
1.54325654887159e+01 1.43105228436618e-12 4.80235985159296e-13 
1.54503551895674e+01 1.21668670776978e-12 4.10076585184868e-13 
1.54681448904190e+01 1.03396182656183e-12 3.49999872959680e-13 
1.54859345912705e+01 8.78281818568329e-13 2.98583018252181e-13 
1.55037242921221e+01 7.45706647997563e-13 2.54599957791186e-13 
1.55215139929736e+01 6.32860311178556e-13 2.16994799117069e-13 
1.55393036938252e+01 5.36851638393810e-13 1.84858727072719e-13 
1.55570933946767e+01 4.55205976189859e-13 1.57409965459922e-13 
1.55748830955283e+01 3.85806291713745e-13 1.33976401534008e-13 
1.55926727963798e+01 3.26842430594321e-13 1.13980529656564e-13 
1.56104624972314e+01 2.76767425928645e-13 9.69264132965930e-14 
1.56282521980829e+01 2.34259900938348e-13 8.23884023142029e-14 
1.56460418989345e+01 1.98191734389437e-13 7.00013756594014e-14 
1.56638315997860e+01 1.67600268185291e-13 5.94523087922179e-14 
1.56816213006375e+01 1.41664432646212e-13 5.04729907440151e-14 
1.56994110014891e+01 1.19684248643495e-13 4.28337382080391e-14 
1.57172007023406e+01 1.01063238516163e-13 3.63379737393893e-14 
1.57349904031922e+01 8.52933409324486e-14 3.08175523893447e-14 
1.57527801040437e+01 7.19419797691641e-14 2.61287208682815e-14 
1.57705698048953e+01 6.06408672591169e-14 2.21391293334336e-14 
1.57883595057468e+01 5.10847352428409e-14 1.87455483735945e-14 
1.58061492065984e+01 4.30060871192721e-14 1.58622116034130e-14 
1.58239389074499e+01 3.61839126445830e-14 1.34130480929435e-14 
1.58417286083015e+01 3.04241447888269e-14 1.13350487812328e-14 
1.58595183091530e+01 2.55665561229923e-14 9.57241668358690e-15 
1.58773080100045e+01 2.14707755733561e-14 8.07896666248706e-15 
1.58950977108561e+01 1.80209922949445e-14 6.81390433439838e-15 
1.59128874117076e+01 1.51159741717310e-14 5.74348587320267e-15 
1.59306771125592e+01 1.26722624546445e-14 4.83797966683400e-15 
1.59484668134107e+01 1.06170633858567e-14 4.07280967572305e-15 
1.59662565142623e+01 8.89040831528566e-15 3.42637376637201e-15 
1.59840462151138e+01 7.44010307893165e-15 2.88082805558943e-15 
1.60018359159654e+01 6.22318205630799e-15 2.42055283388963e-15 
1.60196256168169e+01 5.20231586312864e-15 2.03268123739746e-15 
1.60374153176685e+01 4.34676422596305e-15 1.70593653878307e-15 
1.60552050185200e+01 3.62986759632808e-15 1.43097211024107e-15 
1.60729947193716e+01 3.02973042254426e-15 1.19962390322595e-15 
1.60907844202231e+01 2.52740934263010e-15 1.00516553351818e-15 
1.61085741210746e+01 2.10736088677899e-15 8.41742132836294e-16 
1.61263638219262e+01 1.75615828192040e-15 7.04535257836313e-16 
1.61441535227777e+01 1.46279426814835e-15 5.89357358072220e-16 
1.61619432236293e+01 1.21777547908601e-15 4.92765612404913e-16 
1.61797329244808e+01 1.01332575764499e-15 4.11772804104517e-16 
1.61975226253324e+01 8.42748975355027e-16 3.43925236698100e-16 
1.62153123261839e+01 7.00564621897905e-16 2.87097395657441e-16 
1.62331020270355e+01 5.82060738960542e-16 2.39544894826791e-16 
1.62508917278870e+01 4.83383760646370e-16 1.99759128954633e-16 
1.62686814287386e+01 4.01225643287327e-16 1.66503021035860e-16 
1.62864711295901e+01 3.32883013639055e-16 1.38708444861359e-16 
1.63042608304416e+01 2.76038741772537e-16 1.15500215478807e-16 
1.63220505312932e+01 2.28800630878516e-16 9.61238934297491e-17 
1.63398402321447e+01 1.89549275059412e-16 7.99617922080832e-17 
1.63576299329963e+01 1.56963197451836e-16 6.64822947816322e-17 
1.63754196338478e+01 1.29913111598365e-16 5.52504738111940e-17 
1.63932093346994e+01 1.07478138765989e-16 4.58925958883595e-17 
1.64109990355509e+01 8.88724764542036e-17 3.81031274451561e-17 
1.64287887364025e+01 7.34557804486000e-17 3.16199325831364e-17 
1.64465784372540e+01 6.06824136123933e-17 2.62288679793598e-17 
1.64643681381056e+01 5.01080358515649e-17 2.17464908925272e-17 
1.64821578389571e+01 4.13545513464944e-17 1.80230549971056e-17 
1.64999475398086e+01 3.41142508675801e-17 1.49301333503400e-17 
1.65177372406602e+01 2.81257659044144e-17 1.23625090687270e-17 
1.65355269415117e+01 2.31770053562146e-17 1.02306209678245e-17 
1.65533166423633e+01 1.90881525025051e-17 8.46198654106635e-18 
1.65711063432148e+01 1.57129723838804e-17 6.99500611118431e-18 
1.65888960440664e+01 1.29273427848707e-17 5.77939826088307e-18 
1.66066857449179e+01 1.06304439215873e-17 4.77227713731859e-18 
1.66244754457695e+01 8.73680877041977e-18 3.93868385887825e-18 
1.66422651466210e+01 7.17709572500069e-18 3.24883860068437e-18 
1.66600548474726e+01 5.89259700817251e-18 2.67849692677301e-18 
1.66778445483241e+01 4.83573408791638e-18 2.20703240799112e-18 
1.66956342491757e+01 3.96627619672994e-18 1.81767291470090e-18 
1.67134239500272e+01 3.25165374118249e-18 1.49616761867474e-18 
1.67312136508787e+01 2.66436223284253e-18 1.23094200787867e-18 
1.67490033517303e+01 2.18215768344072e-18 1.01217431218807e-18 
1.67667930525818e+01 1.78627945023175e-18 8.31896114351522e-19 
1.67845827534334e+01 1.46157007002789e-18 6.83354491775141e-19 
1.68023724542849e+01 1.19526202647744e-18 5.61076605208416e-19 
1.68201621551365e+01 9.77049844309070e-19 4.60430499690502e-19 
1.68379518559880e+01 7.98264011267840e-19 3.77666092354068e-19 
1.68557415568396e+01 6.51913344931683e-19 3.09613630584040e-19 
1.68735312576911e+01 5.32123946666564e-19 2.53709379375579e-19 
1.68913209585427e+01 4.34163358638546e-19 2.07789160353620e-19 
1.69091106593942e+01 3.54060449685945e-19 1.70104226561805e-19 
1.69269003602457e+01 2.88618631139391e-19 1.39180274922401e-19 
1.69446900610973e+01 2.35158934715689e-19 1.13827099057601e-19 
1.69624797619488e+01 1.91526809154322e-19 9.30425568374028e-20 
1.69802694628004e+01 1.55918862802500e-19 7.60183257594751e-20 
1.69980591636519e+01 1.26886009627773e-19 6.20730320160415e-20 
1.70158488645035e+01 1.03206384508541e-19 5.06593680516474e-20 
1.70336385653550e+01 8.38985043662718e-20 4.13192989441022e-20 
1.70514282662066e+01 6.81586523200544e-20 3.36816187781416e-20 
1.70692179670581e+01 5.53407295003897e-20 2.74375307385352e-20 
1.70870076679097e+01 4.49044849009566e-20 2.23381103875462e-20 
1.71047973687612e+01 3.64161388760312e-20 1.81744758736748e-20 
1.71225870696127e+01 2.95135083958903e-20 1.47784586429172e-20 
1.71403767704643e+01 2.39061314243677e-20 1.20091537603895e-20 
1.71581664713158e+01 1.93518425432924e-20 9.75326071023586e-21 
1.71759561721674e+01 1.56566558096464e-20 7.91598954397894e-21 
1.71937458730189e+01 1.26590763166533e-20 6.42121290858073e-21 
1.72115355738705e+01 1.02298862971787e-20 5.20533601103836e-21 
1.72293252747220e+01 8.26166726002722e-21 4.21734560376460e-21 
1.72471149755736e+01 6.66856621057103e-21 3.41469004964687e-21 
1.72649046764251e+01 5.37931700335926e-21 2.76327596812746e-21 
1.72826943772767e+01 4.33702389714897e-21 2.23470727701395e-21 
1.73004840781282e+01 3.49452604638649e-21 1.80625848160224e-21 
1.73182737789798e+01 2.81421334154207e-21 1.45902966587231e-21 
1.73360634798313e+01 2.26495546828878e-21 1.17791222972403e-21 
1.73538531806828e+01 1.82195316803747e-21 9.50359382430068e-22 
1.73716428815344e+01 1.46470909715329e-21 7.66352348417511e-22 
1.73894325823859e+01 1.17691192352750e-21 6.17583258920197e-22 
1.74072222832375e+01 9.45099001802661e-22 4.97425401574482e-22 
1.74250119840890e+01 7.58568423313703e-22 4.00391636483651e-22 
1.74428016849406e+01 6.08499869004445e-22 3.22109842728669e-22 
1.74605913857921e+01 4.87889245850979e-22 2.58964897019263e-22 
1.74783810866437e+01 3.90972185112890e-22 2.08079241176359e-22 
1.74961707874952e+01 3.13176292807024e-22 1.67076818892398e-22 
1.75139604883468e+01 2.50744040940969e-22 1.34068138870374e-22 
1.75317501891983e+01 2.00698409075498e-22 1.07495020163433e-22 
1.75495398900498e+01 1.60596808919189e-22 8.61193449372404e-23 
1.75673295909014e+01 1.28506722084857e-22 6.89212031227299e-23 
1.75851192917529e+01 1.02845521185368e-22 5.50905328823209e-23 
1.76029089926045e+01 8.23634834873560e-23 4.39604570983539e-23 
1.76206986934560e+01 6.60397855060187e-23 3.50010929767384e-23 
1.76384883943076e+01 5.30709428643844e-23 2.77760165358166e-23 
1.76562780951591e+01 4.28034598179662e-23 2.19376265256726e-23 
1.76740677960107e+01 3.47263060905878e-23 1.71987619282433e-23 
1.76918574968622e+01 2.84274428799099e-23 1.33290973218636e-23 
1.77096471977138e+01 2.35894150863431e-23 1.01366499459850e-23 
1.77274368985653e+01 1.99614198478386e-23 7.46474541113499e-24 
1.77452265994168e+01 1.73574976607667e-23 5.17994057783024e-24 
1.77630163002684e+01 1.56387398419012e-23 3.16911697098400e-24 
1.77808060011199e+01 1.47139440314283e-23 2.21821950586614e-24 
