RedField(Td)          RedDiff((ms)^-1)      RedMob((msV)^-1)      DriftVelocity(ms^-1)  RedTow(m^2)           RedAtt(m^2)           RedDiffE(eV(ms)^-1)   RedMobE(eV(msV)^-1)   MeanE(eV)             CharE(eV)             EleTemp(eV)           
+1.00000000000000e-03 +5.23729944727598e+24 +1.34559540602020e+26 +1.34559540602020e+02 +0.00000000000000e+00 +0.00000000000000e+00 +7.73857796894105e+23 +1.61805899932235e+25 +4.54405967028310e-02 +3.89217994045184e-02 +3.02937311352207e-02 
+1.14975699539774e-03 +6.15894860108320e+24 +1.39347819278500e+26 +1.60216130008875e+02 +0.00000000000000e+00 +0.00000000000000e+00 +9.92292909004674e+23 +1.79009152135367e+25 +4.82849093924128e-02 +4.41983852562052e-02 +3.21899395949419e-02 
+1.32194114846603e-03 +7.45834385969504e+24 +1.45040467811789e+26 +1.91734962593167e+02 +0.00000000000000e+00 +0.00000000000000e+00 +1.30704343781174e+24 +2.01137007319375e+25 +5.23851799445133e-02 +5.14225027829703e-02 +3.49234532963422e-02 
+1.51991108295293e-03 +9.25466970353605e+24 +1.51507073361284e+26 +2.30277279947578e+02 +0.00000000000000e+00 +0.00000000000000e+00 +1.75210355934778e+24 +2.28891098566291e+25 +5.82196877702482e-02 +6.10840767907078e-02 +3.88131251801655e-02 
+1.74752840000768e-03 +1.16671382029702e+25 +1.58398491985504e+26 +2.76805863263058e+02 +0.00000000000000e+00 +0.00000000000000e+00 +2.36403548034431e+24 +2.62519098175898e+25 +6.63478870900923e-02 +7.36568767588897e-02 +4.42319247267282e-02 
+2.00923300256505e-03 +1.47859522015190e+25 +1.65122972853751e+26 +3.31770526539408e+02 +0.00000000000000e+00 +0.00000000000000e+00 +3.17478373404803e+24 +3.01499453052983e+25 +7.73459547124850e-02 +8.95450944588728e-02 +5.15639698083233e-02 
+2.31012970008316e-03 +1.86132012980756e+25 +1.70756257179699e+26 +3.94469101185862e+02 +0.00000000000000e+00 +0.00000000000000e+00 +4.19659148206567e+24 +3.43962098650547e+25 +9.16113595915264e-02 +1.09004505050070e-01 +6.10742397276842e-02 
+2.65608778294669e-03 +2.30237223395015e+25 +1.74263242022457e+26 +4.62858468152531e+02 +0.00000000000000e+00 +0.00000000000000e+00 +5.40958191863823e+24 +3.86771074424061e+25 +1.09206976849716e-01 +1.32120360394388e-01 +7.28046512331438e-02 
+3.05385550883342e-03 +2.77381262499618e+25 +1.74685040441274e+26 +5.33462873062374e+02 +0.00000000000000e+00 +0.00000000000000e+00 +6.75184539525326e+24 +4.25772420187778e+25 +1.29664646841365e-01 +1.58789362729013e-01 +8.64430978942431e-02 
+3.51119173421513e-03 +3.23720645409364e+25 +1.71508378372818e+26 +6.02198800491278e+02 +0.00000000000000e+00 +0.00000000000000e+00 +8.12838712363392e+24 +4.56931920735090e+25 +1.52030732756801e-01 +1.88749172769667e-01 +1.01353821837868e-01 
+4.03701725859655e-03 +3.65426744587162e+25 +1.64862357261707e+26 +6.65552181558423e+02 +0.00000000000000e+00 +0.00000000000000e+00 +9.43687534042522e+24 +4.77548976491166e+25 +1.75123726920098e-01 +2.21655659094497e-01 +1.16749151280065e-01 
+4.64158883361278e-03 +3.99631955093517e+25 +1.55430443020839e+26 +7.21444208729012e+02 +0.00000000000000e+00 +0.00000000000000e+00 +1.05936509824051e+25 +4.86865165420845e+25 +1.97857292082006e-01 +2.57113051553188e-01 +1.31904861388004e-01 
+5.33669923120631e-03 +4.25048285549521e+25 +1.44209751603903e+26 +7.69604070517003e+02 +0.00000000000000e+00 +0.00000000000000e+00 +1.15531849967989e+25 +4.86000109967153e+25 +2.19542285059300e-01 +2.94743095263758e-01 +1.46361523372867e-01 
+6.13590727341317e-03 +4.41780700733625e+25 +1.32179697922568e+26 +8.11042369880641e+02 +0.00000000000000e+00 +0.00000000000000e+00 +1.23067980540920e+25 +4.77116998369727e+25 +2.39921438576662e-01 +3.34227349341064e-01 +1.59947625717775e-01 
+7.05480231071865e-03 +4.50890910845842e+25 +1.20123998290411e+26 +8.47451060711953e+02 +0.00000000000000e+00 +0.00000000000000e+00 +1.28731180977373e+25 +4.62670048507291e+25 +2.59103848493306e-01 +3.75354564668895e-01 +1.72735898995537e-01 
+8.11130830789687e-03 +4.53762096531779e+25 +1.08563813273088e+26 +8.80594560538963e+02 +0.00000000000000e+00 +0.00000000000000e+00 +1.32825843585033e+25 +4.44825882004664e+25 +2.77399728709990e-01 +4.17968089781775e-01 +1.84933152473327e-01 
+9.32603346883220e-03 +4.51784910813498e+25 +9.77887846223758e+25 +9.11981478264700e+02 +0.00000000000000e+00 +0.00000000000000e+00 +1.35681685308766e+25 +4.25247433563035e+25 +2.95194985141251e-01 +4.62000742271340e-01 +1.96796656760834e-01 
+1.07226722201032e-02 +4.46164556343819e+25 +8.79244361245325e+25 +9.42784908700765e+02 +0.00000000000000e+00 +0.00000000000000e+00 +1.37599346487303e+25 +4.05104089860234e+25 +3.12882940778596e-01 +5.07440907226167e-01 +2.08588627185730e-01 
+1.23284673944207e-02 +4.37887602049035e+25 +7.89901017036535e+25 +9.73826893335464e+02 +0.00000000000000e+00 +0.00000000000000e+00 +1.38830651091618e+25 +3.85138586883701e+25 +3.30810678361090e-01 +5.54357562029549e-01 +2.20540452240726e-01 
+1.41747416292680e-02 +4.27676354935024e+25 +7.09471003423146e+25 +1.00565681669806e+03 +0.00000000000000e+00 +0.00000000000000e+00 +1.39565879225746e+25 +3.65796422511406e+25 +3.49276473640588e-01 +6.02810196430180e-01 +2.32850982427059e-01 
+1.62975083462064e-02 +4.16125555716692e+25 +6.37295699613942e+25 +1.03863319834597e+03 +0.00000000000000e+00 +0.00000000000000e+00 +1.39963423930924e+25 +3.47322138188736e+25 +3.68535753565014e-01 +6.52955223091527e-01 +2.45690502376676e-01 
+1.87381742286038e-02 +4.03631955186620e+25 +5.72623709575170e+25 +1.07299228374490e+03 +0.00000000000000e+00 +0.00000000000000e+00 +1.40131188275125e+25 +3.29836950892608e+25 +3.88812309130565e-01 +7.04881667379918e-01 +2.59208206087043e-01 
+2.15443469003188e-02 +3.90518819428430e+25 +5.14697741056448e+25 +1.10888266821306e+03 +0.00000000000000e+00 +0.00000000000000e+00 +1.40158496988934e+25 +3.13381211109254e+25 +4.10299783419692e-01 +7.58734278932072e-01 +2.73533188946461e-01 
+2.47707635599171e-02 +3.77032446979855e+25 +4.62815743039957e+25 +1.14642993426501e+03 +0.00000000000000e+00 +0.00000000000000e+00 +1.40116041601125e+25 +2.97959145478331e+25 +4.33181959260993e-01 +8.14649139857163e-01 +2.88787972840662e-01 
+2.84803586843580e-02 +3.63344938995115e+25 +4.16344133054291e+25 +1.18576302455143e+03 +0.00000000000000e+00 +0.00000000000000e+00 +1.40056086052624e+25 +2.83558655564815e+25 +4.57640100395045e-01 +8.72703396417826e-01 +3.05093400263364e-01 
+3.27454916287773e-02 +3.49621266860613e+25 +3.74720214007950e+25 +1.22703976309310e+03 +0.00000000000000e+00 +0.00000000000000e+00 +1.40031356776024e+25 +2.70162308595902e+25 +4.83866225382308e-01 +9.33019500392353e-01 +3.22577483588205e-01 
+3.76493580679247e-02 +3.35941188236517e+25 +3.37440653917923e+25 +1.27044240060305e+03 +0.00000000000000e+00 +0.00000000000000e+00 +1.40079234883207e+25 +2.57744386397827e+25 +5.12069553364666e-01 +9.95556357350555e-01 +3.41379702243111e-01 
+4.32876128108306e-02 +3.22419320995221e+25 +3.04045841161601e+25 +1.31614186489467e+03 +0.00000000000000e+00 +0.00000000000000e+00 +1.40245907603448e+25 +2.46264385848933e+25 +5.42479862104356e-01 +1.06042996596640e+00 +3.61653241402904e-01 
+4.97702356433211e-02 +3.09104798857863e+25 +2.74114486074002e+25 +1.36427425651510e+03 +0.00000000000000e+00 +0.00000000000000e+00 +1.40564707860216e+25 +2.35664766277876e+25 +5.75342276719221e-01 +1.12764853578156e+00 +3.83561517812814e-01 
+5.72236765935022e-02 +2.96054788590316e+25 +2.47265512112918e+25 +1.41494416978763e+03 +0.00000000000000e+00 +0.00000000000000e+00 +1.41072136679715e+25 +2.25881026212253e+25 +6.10915094127114e-01 +1.19731533144468e+00 +4.07276729418076e-01 
+6.57933224657568e-02 +2.83304123474201e+25 +2.23164101216805e+25 +1.46827076741380e+03 +0.00000000000000e+00 +0.00000000000000e+00 +1.41800015867498e+25 +2.16858102171586e+25 +6.49476520530569e-01 +1.26948788774485e+00 +4.32984347020379e-01 
+7.56463327554629e-02 +2.70927401216758e+25 +2.01523253454192e+25 +1.52444950887593e+03 +0.00000000000000e+00 +0.00000000000000e+00 +1.42795412906331e+25 +2.08561264387760e+25 +6.91344608793683e-01 +1.34439771377719e+00 +4.60896405862455e-01 
+8.69749002617783e-02 +2.58925554717928e+25 +1.82093119837051e+25 +1.58375309361836e+03 +0.00000000000000e+00 +0.00000000000000e+00 +1.44093520406567e+25 +2.00967693810706e+25 +7.36894969899892e-01 +1.42194035090195e+00 +4.91263313266595e-01 
+1.00000000000000e-01 +2.47321417540048e+25 +1.64643438956823e+25 +1.64643438956823e+03 +0.00000000000000e+00 +0.00000000000000e+00 +1.45744355332739e+25 +1.94040728855375e+25 +7.86555354784459e-01 +1.50216382205736e+00 +5.24370236522973e-01 
+1.14975699539774e-01 +2.36167112282828e+25 +1.48951614815070e+25 +1.71258161109416e+03 +0.00000000000000e+00 +0.00000000000000e+00 +1.47801081662696e+25 +1.87705805567310e+25 +8.40766228326929e-01 +1.58552904965844e+00 +5.60510818884620e-01 
+1.32194114846603e-01 +2.25458981092503e+25 +1.34802867916158e+25 +1.78201458029600e+03 +0.00000000000000e+00 +0.00000000000000e+00 +1.50294761170357e+25 +1.81846414941220e+25 +8.99919108560851e-01 +1.67250878692529e+00 +5.99946072373900e-01 
+1.51991108295293e-01 +2.15262165041767e+25 +1.22001092329612e+25 +1.85430812364142e+03 +0.00000000000000e+00 +0.00000000000000e+00 +1.53254312345581e+25 +1.76323777683656e+25 +9.64316546534347e-01 +1.76442817790672e+00 +6.42877697689565e-01 
+1.74752840000768e-01 +2.05505529542523e+25 +1.10377711901855e+25 +1.92888186276357e+03 +0.00000000000000e+00 +0.00000000000000e+00 +1.56653597457125e+25 +1.71000065460446e+25 +1.03414630477228e+00 +1.86183900718338e+00 +6.89430869848184e-01 
+2.00923300256505e-01 +1.96288010745284e+25 +9.97948146360325e+24 +2.00511035051578e+03 +0.00000000000000e+00 +0.00000000000000e+00 +1.60482818683120e+25 +1.65757675180277e+25 +1.10949533958475e+00 +1.96691593106493e+00 +7.39663559723169e-01 
+2.31012970008316e-01 +1.87602011473305e+25 +9.01443528224845e+24 +2.08245146749997e+03 +0.00000000000000e+00 +0.00000000000000e+00 +1.64691935162493e+25 +1.60514665748044e+25 +1.19038066973741e+00 +2.08112882947574e+00 +7.93587113158275e-01 
+2.65608778294669e-01 +1.79391992734279e+25 +8.13451725715003e+24 +2.16059919068852e+03 +0.00000000000000e+00 +0.00000000000000e+00 +1.69212719899907e+25 +1.55238232217091e+25 +1.27681736639218e+00 +2.20531823909524e+00 +8.51211577594788e-01 
+3.05385550883342e-01 +1.71670317917254e+25 +7.33368920320655e+24 +2.23960271732845e+03 +0.00000000000000e+00 +0.00000000000000e+00 +1.73996860458504e+25 +1.49947841652754e+25 +1.36890377048616e+00 +2.34084528482872e+00 +9.12602513657438e-01 
+3.51119173421513e-01 +1.64385795855932e+25 +6.60711867837127e+24 +2.31988604904756e+03 +0.00000000000000e+00 +0.00000000000000e+00 +1.79002730798541e+25 +1.44701184750494e+25 +1.46690675382190e+00 +2.48801033942461e+00 +9.77937835881266e-01 
+4.03701725859655e-01 +1.57539508138877e+25 +5.95026425743290e+24 +2.40213195004668e+03 +0.00000000000000e+00 +0.00000000000000e+00 +1.84223582434416e+25 +1.39569584126957e+25 +1.57130177250026e+00 +2.64760523773517e+00 +1.04753451500017e+00 
+4.64158883361278e-01 +1.51010065524580e+25 +5.35825419734991e+24 +2.48708128500782e+03 +0.00000000000000e+00 +0.00000000000000e+00 +1.89648039813481e+25 +1.34613010734935e+25 +1.68274680665317e+00 +2.81826990588215e+00 +1.12183120443545e+00 
+5.33669923120631e-01 +1.44847395344385e+25 +4.82575755383129e+24 +2.57536166275195e+03 +0.00000000000000e+00 +0.00000000000000e+00 +1.95316725373005e+25 +1.29866858788522e+25 +1.80202556073293e+00 +3.00154729549947e+00 +1.20135037382195e+00 
+6.13590727341317e-01 +1.38982204421286e+25 +4.34718778431504e+24 +2.66739411446716e+03 +0.00000000000000e+00 +0.00000000000000e+00 +2.01249711606493e+25 +1.25341402660302e+25 +1.92996677935512e+00 +3.19706006082238e+00 +1.28664451957008e+00 
