Energy(eV)           EEDF(eV^-(3/2))      Anisotropy(eV^-(3/2))
1.20330961684554e-03 3.64130067267745e+00 2.11663816402892e-03 
3.60992885053663e-03 3.62423284571974e+00 2.94234609794857e-03 
6.01654808422772e-03 3.59826589104796e+00 4.26820352007814e-03 
8.42316731791880e-03 3.56938045797197e+00 5.20035753662833e-03 
1.08297865516099e-02 3.53982216400506e+00 5.92804037765820e-03 
1.32364057853010e-02 3.51000529796242e+00 6.50488023051491e-03 
1.56430250189921e-02 3.48096787633846e+00 6.99600178908549e-03 
1.80496442526831e-02 3.45209201187488e+00 7.45143483307950e-03 
2.04562634863742e-02 3.42361731617022e+00 7.85079718691351e-03 
2.28628827200653e-02 3.39552497168249e+00 8.20096087745219e-03 
2.52695019537564e-02 3.36800537059017e+00 8.47493704036824e-03 
2.76761211874475e-02 3.34147265776580e+00 8.65768753241989e-03 
3.00827404211386e-02 3.31627869099216e+00 8.80837827053813e-03 
3.24893596548297e-02 3.29201799801143e+00 8.99330945102253e-03 
3.48959788885208e-02 3.26829937495700e+00 9.17112721115185e-03 
3.73025981222118e-02 3.24530896965156e+00 9.29464587802221e-03 
3.97092173559029e-02 3.22321009044719e+00 9.38805172772245e-03 
4.21158365895940e-02 3.20191358883774e+00 9.49572905794351e-03 
4.45224558232851e-02 3.18115677338815e+00 9.60221003570070e-03 
4.69290750569762e-02 3.16104079000088e+00 9.67089698804809e-03 
4.93356942906673e-02 3.14165550505581e+00 9.70502172262887e-03 
5.17423135243583e-02 3.12305822561059e+00 9.71481894810603e-03 
5.41489327580494e-02 3.10524212609143e+00 9.69938660324861e-03 
5.65555519917405e-02 3.08826719562245e+00 9.64998590786043e-03 
5.89621712254316e-02 3.07218482967846e+00 9.56676301320485e-03 
6.13687904591227e-02 3.05703810307624e+00 9.44973771053636e-03 
6.37754096928138e-02 3.04286198337889e+00 9.29880904184124e-03 
6.61820289265049e-02 3.02968348547294e+00 9.11376217363149e-03 
6.85886481601960e-02 3.01752176847665e+00 8.89427674530223e-03 
7.09952673938870e-02 3.00638817661137e+00 8.73339356403833e-03 
7.34018866275781e-02 2.99579914216821e+00 8.65345600580389e-03 
7.58085058612692e-02 2.98572598990362e+00 8.56196238486541e-03 
7.82151250949603e-02 2.97618404177311e+00 8.44979106370847e-03 
8.06217443286514e-02 2.96718563695732e+00 8.31690767527387e-03 
8.30283635623425e-02 2.95874016595299e+00 8.16324252845671e-03 
8.54349827960336e-02 2.95085409384784e+00 7.98869285624144e-03 
8.78416020297246e-02 2.94353097303826e+00 7.79312544972947e-03 
9.02482212634157e-02 2.93677144573887e+00 7.57637972158758e-03 
9.26548404971068e-02 2.93057323673018e+00 7.33827125357315e-03 
9.50614597307979e-02 2.92493113689579e+00 7.07859589926336e-03 
9.74680789644890e-02 2.91983697821561e+00 6.79713453857046e-03 
9.98746981981801e-02 2.91527960100555e+00 6.54020435103678e-03 
1.02281317431871e-01 2.91111628361884e+00 6.37477863719665e-03 
1.04687936665562e-01 2.90718551502803e+00 6.25933716844503e-03 
1.07094555899253e-01 2.90348848947993e+00 6.13248254034103e-03 
1.09501175132944e-01 2.90002554507332e+00 5.99418181848298e-03 
1.11907794366636e-01 2.89679616393662e+00 5.84439644786237e-03 
1.14314413600327e-01 2.89379897130943e+00 5.68308294188388e-03 
1.16721032834018e-01 2.89103173358590e+00 5.51019366111364e-03 
1.19127652067709e-01 2.88849135538666e+00 5.33351363430288e-03 
1.21534271301400e-01 2.88615916951810e+00 5.20467274838963e-03 
1.23940890535091e-01 2.88394133068900e+00 5.12107170681063e-03 
1.26347509768782e-01 2.88183825752354e+00 5.03056131750369e-03 
1.28754129002473e-01 2.87985005640233e+00 4.93313235620375e-03 
1.31160748236164e-01 2.87797652163547e+00 4.82877390080491e-03 
1.33567367469855e-01 2.87621713544270e+00 4.71747349645937e-03 
1.35973986703546e-01 2.87457106774865e+00 4.59921733980056e-03 
1.38380605937237e-01 2.87303717580207e+00 4.47399048479804e-03 
1.40787225170929e-01 2.87161400362963e+00 4.34177707354960e-03 
1.43193844404620e-01 2.87029978133553e+00 4.20256059662839e-03 
1.45600463638311e-01 2.86909242426021e+00 4.05632418953693e-03 
1.48007082872002e-01 2.86798953201188e+00 3.90305097462243e-03 
1.50413702105693e-01 2.86698838738674e+00 3.77025089607744e-03 
1.52820321339384e-01 2.86605719969868e+00 3.67504980673117e-03 
1.55226940573075e-01 2.86518102895475e+00 3.58980335207141e-03 
1.57633559806766e-01 2.86435931860672e+00 3.50021092236317e-03 
1.60040179040457e-01 2.86359139056927e+00 3.40626760199192e-03 
1.62446798274148e-01 2.86287644508306e+00 3.30796830801069e-03 
1.64853417507839e-01 2.86221356055132e+00 3.20530787732927e-03 
1.67260036741530e-01 2.86160169335254e+00 3.09828116719010e-03 
1.69666655975222e-01 2.86103967763144e+00 2.99928406978872e-03 
1.72073275208913e-01 2.86051709643947e+00 2.93214614528055e-03 
1.74479894442604e-01 2.86001736571402e+00 2.88581278794757e-03 
1.76886513676295e-01 2.85954041933710e+00 2.83710845212600e-03 
1.79293132909986e-01 2.85908615499320e+00 2.78603230088939e-03 
1.81699752143677e-01 2.85865443416737e+00 2.73258341124016e-03 
1.84106371377368e-01 2.85824508213944e+00 2.67676078559504e-03 
1.86512990611059e-01 2.85785788797430e+00 2.61856336450271e-03 
1.88919609844750e-01 2.85749260450861e+00 2.55799004086961e-03 
1.91326229078441e-01 2.85714894833403e+00 2.49503967599169e-03 
1.93732848312132e-01 2.85682659977716e+00 2.42971111766674e-03 
1.96139467545824e-01 2.85652520287654e+00 2.36200322094216e-03 
1.98546086779515e-01 2.85624436535681e+00 2.29191487214556e-03 
2.00952706013206e-01 2.85598365860034e+00 2.25799596876234e-03 
2.03359325246897e-01 2.85572487515507e+00 2.26742795017743e-03 
2.05765944480588e-01 2.85546597795522e+00 2.28108740671835e-03 
2.08172563714279e-01 2.85520701939808e+00 2.29444146922708e-03 
2.10579182947970e-01 2.85494805127547e+00 2.30749026421329e-03 
2.12985802181661e-01 2.85468912477405e+00 2.32023391820138e-03 
2.15392421415352e-01 2.85443029047564e+00 2.33267255769088e-03 
2.17799040649043e-01 2.85417159835759e+00 2.34480630907116e-03 
2.20205659882734e-01 2.85391309779309e+00 2.35663529855539e-03 
2.22612279116425e-01 2.85365483755151e+00 2.36815965215294e-03 
2.25018898350117e-01 2.85339686579878e+00 2.37937949558952e-03 
2.27425517583808e-01 2.85313923009775e+00 2.39029495424508e-03 
2.29832136817499e-01 2.85288197740851e+00 2.40090615311232e-03 
2.32238756051190e-01 2.85262515408882e+00 2.41121321674315e-03 
2.34645375284881e-01 2.85236880589442e+00 2.42121626920170e-03 
2.37051994518572e-01 2.85211297797945e+00 2.43091543397963e-03 
2.39458613752263e-01 2.85185771489682e+00 2.44031083397850e-03 
2.41865232985954e-01 2.85160306059857e+00 2.44940259145500e-03 
2.44271852219645e-01 2.85134905843629e+00 2.45819082794275e-03 
2.46678471453336e-01 2.85109575116149e+00 2.46667566425552e-03 
2.49085090687027e-01 2.85084318092600e+00 2.48066818738063e-03 
2.51491709920719e-01 2.85058902227060e+00 2.54417171731033e-03 
2.53898329154410e-01 2.85031542749450e+00 2.65055827488225e-03 
2.56304948388101e-01 2.85002152903071e+00 2.75844413012963e-03 
2.58711567621792e-01 2.84970644487873e+00 2.86782391688562e-03 
2.61118186855483e-01 2.84936927870442e+00 2.97869200354532e-03 
2.63524806089174e-01 2.84900911994534e+00 3.09104248372341e-03 
2.65931425322865e-01 2.84862504392176e+00 3.20486916700976e-03 
2.68338044556556e-01 2.84821611195348e+00 3.32016556985383e-03 
2.70744663790247e-01 2.84778137148255e+00 3.43692490656163e-03 
2.73151283023938e-01 2.84731985620223e+00 3.55514008033082e-03 
2.75557902257629e-01 2.84683058619223e+00 3.67480367430127e-03 
2.77964521491320e-01 2.84631256806046e+00 3.79590794268174e-03 
2.80371140725012e-01 2.84576479509139e+00 3.91844480187858e-03 
2.82777759958703e-01 2.84518624740139e+00 4.04240582166529e-03 
2.85184379192394e-01 2.84457589210091e+00 4.16778221640147e-03 
2.87590998426085e-01 2.84393268346399e+00 4.29456483621270e-03 
2.89997617659776e-01 2.84325556310506e+00 4.42274415822770e-03 
2.92404236893467e-01 2.84254346016330e+00 4.55231027784916e-03 
2.94810856127158e-01 2.84179529149467e+00 4.68325290002899e-03 
2.97217475360849e-01 2.84100996187190e+00 4.81556133058473e-03 
2.99624094594540e-01 2.84018636419238e+00 4.95470647064350e-03 
3.02030713828231e-01 2.83931967978875e+00 5.11105068289331e-03 
3.04437333061922e-01 2.83840128457613e+00 5.27901352585840e-03 
3.06843952295613e-01 2.83742938891229e+00 5.44871117862037e-03 
3.09250571529305e-01 2.83640218385609e+00 5.62012285097200e-03 
3.11657190762996e-01 2.83531784168538e+00 5.79322690914355e-03 
3.14063809996687e-01 2.83417451643670e+00 5.96800085819216e-03 
3.16470429230378e-01 2.83297034446737e+00 6.14442132468609e-03 
3.18877048464069e-01 2.83170344504013e+00 6.32246403966008e-03 
3.21283667697760e-01 2.83037192093094e+00 6.50210382188559e-03 
3.23690286931451e-01 2.82897385906012e+00 6.68331456148081e-03 
3.26096906165142e-01 2.82750733114743e+00 6.86606920385651e-03 
3.28503525398833e-01 2.82597039439116e+00 7.05033973403750e-03 
3.30910144632524e-01 2.82436109217183e+00 7.23609716138312e-03 
3.33316763866215e-01 2.82267745478061e+00 7.42331150473407e-03 
3.35723383099907e-01 2.82091750017291e+00 7.61195177799092e-03 
3.38130002333598e-01 2.81907923474730e+00 7.80198597616576e-03 
3.40536621567289e-01 2.81716065415010e+00 7.99338106194360e-03 
3.42943240800980e-01 2.81515974410583e+00 8.18610295277485e-03 
3.45349860034671e-01 2.81307448127377e+00 8.38011650851656e-03 
3.47756479268362e-01 2.81090283413073e+00 8.57538551967207e-03 
3.50163098502053e-01 2.80864276388033e+00 8.77852177946909e-03 
3.52569717735744e-01 2.80628524677744e+00 8.99435903443239e-03 
3.54976336969435e-01 2.80382247833553e+00 9.21634759711347e-03 
3.57382956203126e-01 2.80125184164510e+00 9.43960028276475e-03 
3.59789575436817e-01 2.79857071481049e+00 9.66406362785967e-03 
3.62196194670508e-01 2.79577647247160e+00 9.88968260577136e-03 
3.64602813904200e-01 2.79286648736840e+00 1.01164006173720e-02 
3.67009433137891e-01 2.78983813194803e+00 1.03441594830151e-02 
3.69416052371582e-01 2.78668878001437e+00 1.05728994360056e-02 
3.71822671605273e-01 2.78341580841986e+00 1.08025591175721e-02 
3.74229290838964e-01 2.78001659879925e+00 1.10330755734072e-02 
3.76635910072655e-01 2.77648853934491e+00 1.12643842518622e-02 
3.79042529306346e-01 2.77282902662320e+00 1.14964190038102e-02 
3.81449148540037e-01 2.76903546743150e+00 1.17291120842669e-02 
3.83855767773728e-01 2.76510528069507e+00 1.19623941558043e-02 
3.86262387007419e-01 2.76103589940334e+00 1.21961942938263e-02 
3.88669006241110e-01 2.75682477258453e+00 1.24304399937451e-02 
3.91075625474801e-01 2.75246936731801e+00 1.26650571801117e-02 
3.93482244708493e-01 2.74796717078332e+00 1.28999702177819e-02 
3.95888863942184e-01 2.74331569234479e+00 1.31351019251369e-02 
3.98295483175875e-01 2.73851246567070e+00 1.33703735893968e-02 
4.00702102409566e-01 2.73355505088574e+00 1.36018925399825e-02 
4.03108721643257e-01 2.72844675395429e+00 1.38286905906999e-02 
4.05515340876948e-01 2.72318689563927e+00 1.40544116453913e-02 
4.07921960110639e-01 2.71777334473642e+00 1.42799520657936e-02 
4.10328579344330e-01 2.71220400233835e+00 1.45052330761800e-02 
4.12735198578021e-01 2.70647680383510e+00 1.47301746690761e-02 
4.15141817811712e-01 2.70058972093437e+00 1.49546956323063e-02 
4.17548437045403e-01 2.69454076370001e+00 1.51787135780549e-02 
4.19955056279095e-01 2.68832798260716e+00 1.54021449739850e-02 
4.22361675512786e-01 2.68194947061213e+00 1.56249051764489e-02 
4.24768294746477e-01 2.67540336523544e+00 1.58469084657889e-02 
4.27174913980168e-01 2.66868785065599e+00 1.60680680837558e-02 
4.29581533213859e-01 2.66180115981443e+00 1.62882962730541e-02 
4.31988152447550e-01 2.65474157652380e+00 1.65075043190242e-02 
4.34394771681241e-01 2.64750743758511e+00 1.67256025934621e-02 
4.36801390914932e-01 2.64009713490590e+00 1.69425006005863e-02 
4.39208010148623e-01 2.63250911761939e+00 1.71581070251541e-02 
4.41614629382314e-01 2.62474189420198e+00 1.73723297827105e-02 
4.44021248616005e-01 2.61679403458653e+00 1.75850760719789e-02 
4.46427867849696e-01 2.60866417226922e+00 1.77962524293727e-02 
4.48834487083388e-01 2.60035100640717e+00 1.80057647856023e-02 
4.51241106317079e-01 2.59185330390444e+00 1.82135185243829e-02 
4.53647725550770e-01 2.58316990148366e+00 1.84194185432068e-02 
4.56054344784461e-01 2.57429970774050e+00 1.86233693161455e-02 
4.58460964018152e-01 2.56524170517841e+00 1.88252749586600e-02 
4.60867583251843e-01 2.55599495222060e+00 1.90250392943900e-02 
4.63274202485534e-01 2.54655858519648e+00 1.92225659238614e-02 
4.65680821719225e-01 2.53693182029962e+00 1.94177582950857e-02 
4.68087440952916e-01 2.52711395551435e+00 1.96105197760009e-02 
4.70494060186607e-01 2.51710437250783e+00 1.98007537286827e-02 
4.72900679420298e-01 2.50690253848477e+00 1.99883635852945e-02 
4.75307298653990e-01 2.49650800800150e+00 2.01732529256967e-02 
4.77713917887681e-01 2.48592042473661e+00 2.03553255566455e-02 
4.80120537121372e-01 2.47513952321472e+00 2.05344855925230e-02 
4.82527156355063e-01 2.46416513048063e+00 2.07106375375125e-02 
4.84933775588754e-01 2.45299716772034e+00 2.08836863691443e-02 
4.87340394822445e-01 2.44163565182614e+00 2.10535376231143e-02 
4.89747014056136e-01 2.43008069690252e+00 2.12200974792991e-02 
4.92153633289827e-01 2.41833251570972e+00 2.13832728488757e-02 
4.94560252523518e-01 2.40639142104195e+00 2.15429714624300e-02 
4.96966871757209e-01 2.39425782703712e+00 2.16991019589626e-02 
4.99373490990900e-01 2.38193225041506e+00 2.18510239353255e-02 
5.01780110224591e-01 2.36941664091811e+00 2.19969315475313e-02 
5.04186729458283e-01 2.35671597014642e+00 2.21373529141795e-02 
5.06593348691974e-01 2.34383109475601e+00 2.22739490173006e-02 
5.08999967925665e-01 2.33076297269768e+00 2.24066386752022e-02 
5.11406587159356e-01 2.31751266395920e+00 2.25353421027881e-02 
5.13813206393047e-01 2.30408133122494e+00 2.26599809969616e-02 
5.16219825626738e-01 2.29047024045049e+00 2.27804786219338e-02 
5.18626444860429e-01 2.27668076134990e+00 2.28967598943217e-02 
5.21033064094120e-01 2.26271436779345e+00 2.30087514679088e-02 
5.23439683327811e-01 2.24857263811356e+00 2.31163818179348e-02 
5.25846302561502e-01 2.23425725531712e+00 2.32195813247998e-02 
5.28252921795193e-01 2.21977000720185e+00 2.33182823570363e-02 
5.30659541028884e-01 2.20511278637528e+00 2.34124193534230e-02 
5.33066160262576e-01 2.19028759017425e+00 2.35019289041087e-02 
5.35472779496267e-01 2.17529652048347e+00 2.35867498306097e-02 
5.37879398729958e-01 2.16014178345162e+00 2.36668232645430e-02 
5.40286017963649e-01 2.14482568910359e+00 2.37420927249589e-02 
5.42692637197340e-01 2.12935065084755e+00 2.38125041941426e-02 
5.45099256431031e-01 2.11371918487590e+00 2.38780061917409e-02 
5.47505875664722e-01 2.09793390945890e+00 2.39385498470808e-02 
5.49912494898413e-01 2.08199754413039e+00 2.39940889695448e-02 
5.52319114132104e-01 2.06591290876479e+00 2.40445801168700e-02 
5.54725733365795e-01 2.04968292254492e+00 2.40899826612335e-02 
5.57132352599486e-01 2.03331060282025e+00 2.41302588529978e-02 
5.59538971833177e-01 2.01679906385544e+00 2.41653738819821e-02 
5.61945591066869e-01 2.00015151546911e+00 2.41952959361269e-02 
5.64352210300560e-01 1.98337126156308e+00 2.42199962574387e-02 
5.66758829534251e-01 1.96646169854225e+00 2.42394491950900e-02 
5.69165448767942e-01 1.94942631362575e+00 2.42536322555403e-02 
5.71572068001633e-01 1.93226868305006e+00 2.42625261495766e-02 
5.73978687235324e-01 1.91499247016482e+00 2.42661148361675e-02 
5.76385306469015e-01 1.89760142342254e+00 2.42643855629993e-02 
5.78791925702706e-01 1.88009937426333e+00 2.42573289036067e-02 
5.81198544936397e-01 1.86249023489613e+00 2.42449387910040e-02 
5.83605164170088e-01 1.84477799597799e+00 2.42272125477061e-02 
5.86011783403779e-01 1.82696672419320e+00 2.42041509120621e-02 
5.88418402637471e-01 1.80906055973432e+00 2.41757580608113e-02 
5.90825021871162e-01 1.79106371368703e+00 2.41420416277892e-02 
5.93231641104853e-01 1.77298046532147e+00 2.41030127187127e-02 
5.95638260338544e-01 1.75481515929227e+00 2.40586859219692e-02 
5.98044879572235e-01 1.73657220275012e+00 2.40090793153603e-02 
6.00451498805926e-01 1.71825606236777e+00 2.39542144687469e-02 
6.02858118039617e-01 1.69987126128338e+00 2.38941164425457e-02 
6.05264737273308e-01 1.68142237596450e+00 2.38288137820412e-02 
6.07671356506999e-01 1.66291403299606e+00 2.37583385074831e-02 
6.10077975740690e-01 1.64435090579588e+00 2.36827260999463e-02 
6.12484594974381e-01 1.62573771126132e+00 2.36020154829361e-02 
6.14891214208072e-01 1.60707920635105e+00 2.35162489997308e-02 
6.17297833441764e-01 1.58838018460576e+00 2.34254723864615e-02 
6.19704452675455e-01 1.56964547261200e+00 2.33297347409378e-02 
6.22111071909146e-01 1.55087992641345e+00 2.32290884872347e-02 
6.24517691142837e-01 1.53208842787386e+00 2.31235893360642e-02 
6.26924310376528e-01 1.51327588099622e+00 2.30132962409647e-02 
6.29330929610219e-01 1.49444720820279e+00 2.28982713503448e-02 
6.31737548843910e-01 1.47560734658056e+00 2.27785799554343e-02 
6.34144168077601e-01 1.45676124409712e+00 2.26542904341964e-02 
6.36550787311292e-01 1.43791385579158e+00 2.25254741912648e-02 
6.38957406544983e-01 1.41907013994571e+00 2.23922055939771e-02 
6.41364025778674e-01 1.40023505424011e+00 2.22545619045875e-02 
6.43770645012365e-01 1.38141355190067e+00 2.21126232087425e-02 
6.46177264246057e-01 1.36261057784025e+00 2.19664723403189e-02 
6.48583883479748e-01 1.34383106480089e+00 2.18161948027251e-02 
6.50990502713439e-01 1.32507992950162e+00 2.16618786867727e-02 
6.53397121947130e-01 1.30636206879708e+00 2.15036145852383e-02 
6.55803741180821e-01 1.28768235585225e+00 2.13414955042409e-02 
6.58210360414512e-01 1.26904563633831e+00 2.11756167715604e-02 
6.60616979648203e-01 1.25045672465495e+00 2.10060759420364e-02 
6.63023598881894e-01 1.23192040018430e+00 2.08329727001907e-02 
6.65430218115585e-01 1.21344140358140e+00 2.06564087602207e-02 
6.67836837349276e-01 1.19502443310658e+00 2.04764877635160e-02 
6.70243456582967e-01 1.17667414100451e+00 2.02933151738582e-02 
6.72650075816659e-01 1.15839512993501e+00 2.01069981704700e-02 
6.75056695050350e-01 1.14019194946048e+00 1.99176455390776e-02 
6.77463314284041e-01 1.12206909259463e+00 1.97253675611598e-02 
6.79869933517732e-01 1.10403099241740e+00 1.95302759015574e-02 
6.82276552751423e-01 1.08608201876042e+00 1.93324834946270e-02 
6.84683171985114e-01 1.06822647496764e+00 1.91321044291151e-02 
6.87089791218805e-01 1.05046859473545e+00 1.89292538319383e-02 
6.89496410452496e-01 1.03281253903637e+00 1.87240477510575e-02 
6.91903029686187e-01 1.01526239313057e+00 1.85166030376320e-02 
6.94309648919878e-01 9.97822163668926e-01 1.83070372276410e-02 
6.96716268153569e-01 9.80495775891561e-01 1.80954684231640e-02 
6.99122887387260e-01 9.63287070925277e-01 1.78819816757357e-02 
7.01529506620952e-01 9.46199976026037e-01 1.76664900910374e-02 
7.03936125854643e-01 9.29239234270985e-01 1.74491668991736e-02 
7.06342745088334e-01 9.12408358795182e-01 1.72303626333819e-02 
7.08749364322025e-01 8.95710769172353e-01 1.70101952432797e-02 
7.11155983555716e-01 8.79149789329523e-01 1.67887825048746e-02 
7.13562602789407e-01 8.62728645576512e-01 1.65662419072151e-02 
7.15969222023098e-01 8.46450464752389e-01 1.63426905402075e-02 
7.18375841256789e-01 8.30318272490819e-01 1.61182449837685e-02 
7.20782460490480e-01 8.14334991605982e-01 1.58930211984798e-02 
7.23189079724171e-01 7.98503440600568e-01 1.56671344179099e-02 
7.25595698957862e-01 7.82826332297115e-01 1.54406990427631e-02 
7.28002318191553e-01 7.67306272593748e-01 1.52138285370068e-02 
7.30408937425245e-01 7.51945759345159e-01 1.49866353261294e-02 
7.32815556658936e-01 7.36747181369458e-01 1.47592306976742e-02 
7.35222175892627e-01 7.21712817581298e-01 1.45317247041852e-02 
7.37628795126318e-01 7.06844836251457e-01 1.43042260687015e-02 
7.40035414360009e-01 6.92145294392856e-01 1.40768420929278e-02 
7.42442033593700e-01 6.77616137272769e-01 1.38496785681977e-02 
7.44848652827391e-01 6.63259198050775e-01 1.36228396893495e-02 
7.47255272061082e-01 6.49076197541775e-01 1.33964279716198e-02 
7.49661891294773e-01 6.35068744103223e-01 1.31705441706575e-02 
7.52068510528464e-01 6.21238333645468e-01 1.29452872057502e-02 
7.54475129762155e-01 6.07586349763965e-01 1.27207540863507e-02 
7.56881748995847e-01 5.94114063991858e-01 1.24970398419855e-02 
7.59288368229538e-01 5.80822636171286e-01 1.22742374556122e-02 
7.61694987463229e-01 5.67713114941575e-01 1.20524378004952e-02 
7.64101606696920e-01 5.54786438342271e-01 1.18317295806543e-02 
7.66508225930611e-01 5.42043434528836e-01 1.16121992749354e-02 
7.68914845164302e-01 5.29484822598631e-01 1.13939310847470e-02 
7.71321464397993e-01 5.17111213524661e-01 1.11770068854931e-02 
7.73728083631684e-01 5.04923111194406e-01 1.09615061817320e-02 
7.76134702865375e-01 4.92920913550913e-01 1.07475060660788e-02 
7.78541322099066e-01 4.81104913833179e-01 1.05350811818621e-02 
7.80947941332757e-01 4.69475301912743e-01 1.03243036895395e-02 
7.83354560566448e-01 4.58032165723251e-01 1.01152432368678e-02 
7.85761179800140e-01 4.46775492779688e-01 9.90796693281805e-03 
7.88167799033831e-01 4.35705171783810e-01 9.70253932521602e-03 
7.90574418267522e-01 4.24820994312269e-01 9.49902238208508e-03 
7.92981037501213e-01 4.14122656583782e-01 9.29747547665723e-03 
7.95387656734904e-01 4.03609761301659e-01 9.09795537601661e-03 
7.97794275968595e-01 3.93281819567905e-01 8.90051623332948e-03 
8.00200895202286e-01 3.83138252865056e-01 8.70520958360917e-03 
8.02607514435977e-01 3.73178395101859e-01 8.51208434296066e-03 
8.05014133669668e-01 3.63401494718866e-01 8.32118681124024e-03 
8.07420752903359e-01 3.53806716849956e-01 8.13256067806314e-03 
8.09827372137050e-01 3.44393145535793e-01 7.94624703208578e-03 
8.12233991370742e-01 3.35159785985203e-01 7.76228437348358e-03 
8.14640610604433e-01 3.26105566880433e-01 7.58070862954163e-03 
8.17047229838124e-01 3.17229342722262e-01 7.40155317327035e-03 
8.19453849071815e-01 3.08529896210952e-01 7.22484884495466e-03 
8.21860468305506e-01 3.00005940659014e-01 7.05062397654101e-03 
8.24267087539197e-01 2.91656122431805e-01 6.87890441876293e-03 
8.26673706772888e-01 2.83479023412010e-01 6.70971357090288e-03 
8.29080326006579e-01 2.75473163484078e-01 6.54307241308540e-03 
8.31486945240270e-01 2.67637003034748e-01 6.37899954099330e-03 
8.33893564473961e-01 2.59968945465831e-01 6.21751120289645e-03 
8.36300183707652e-01 2.52467339715499e-01 6.05862133888110e-03 
8.38706802941343e-01 2.45130482784380e-01 5.90234162216590e-03 
8.41113422175035e-01 2.37956622262826e-01 5.74868150238883e-03 
8.43520041408726e-01 2.30943958855809e-01 5.59764825074816e-03 
8.45926660642417e-01 2.24090648901992e-01 5.44924700688078e-03 
8.48333279876108e-01 2.17394806883574e-01 5.30348082735959e-03 
8.50739899109799e-01 2.10854507923644e-01 5.16035073569148e-03 
8.53146518343490e-01 2.04467790267849e-01 5.01985577369786e-03 
8.55553137577181e-01 1.98232657747292e-01 4.88199305415999e-03 
8.57959756810872e-01 1.92147082219682e-01 4.74675781461165e-03 
8.60366376044563e-01 1.86209005985859e-01 4.61414347216237e-03 
8.62772995278254e-01 1.80416344178947e-01 4.48414167923582e-03 
8.65179614511945e-01 1.74766987123486e-01 4.35674238010927e-03 
8.67586233745636e-01 1.69258802662014e-01 4.23193386814140e-03 
8.69992852979328e-01 1.63889638446700e-01 4.10970284357708e-03 
8.72399472213019e-01 1.58657324193745e-01 3.99003447182033e-03 
8.74806091446710e-01 1.53559673898382e-01 3.87291244206875e-03 
8.77212710680401e-01 1.48594488008453e-01 3.75831902620448e-03 
8.79619329914092e-01 1.43759555554628e-01 3.64623513783938e-03 
8.82025949147783e-01 1.39052656235513e-01 3.53664039141549e-03 
8.84432568381474e-01 1.34471562455954e-01 3.42951316126373e-03 
8.86839187615165e-01 1.30014041317026e-01 3.32483064052686e-03 
8.89245806848856e-01 1.25677856556282e-01 3.22256889985655e-03 
8.91652426082547e-01 1.21460770436994e-01 3.12270294579664e-03 
8.94059045316238e-01 1.17360545585197e-01 3.02520677876830e-03 
8.96465664549930e-01 1.13374946773534e-01 2.93005345057629e-03 
8.98872283783621e-01 1.09501742650949e-01 2.83721512135908e-03 
9.01278903017312e-01 1.05738707417448e-01 2.74666311590845e-03 
9.03685522251003e-01 1.02083622443237e-01 2.65836797928845e-03 
9.06092141484694e-01 9.85342778316776e-02 2.57229953168693e-03 
9.08498760718385e-01 9.50884739255964e-02 2.48842692243650e-03 
9.10905379952076e-01 9.17440227566044e-02 2.40671868314531e-03 
9.13311999185767e-01 8.84987494371929e-02 2.32714277988205e-03 
9.15718618419458e-01 8.53504934954676e-02 2.24966666436286e-03 
9.18125237653149e-01 8.22971101524899e-02 2.17425732409203e-03 
9.20531856886840e-01 7.93364715422884e-02 2.10088133141123e-03 
9.22938476120531e-01 7.64664678747034e-02 2.02950489141649e-03 
9.25345095354223e-01 7.36850085413128e-02 1.96009388870531e-03 
9.27751714587914e-01 7.09900231647782e-02 1.89261393291976e-03 
9.30158333821605e-01 6.83794625920356e-02 1.82703040305510e-03 
9.32564953055296e-01 6.58512998318305e-02 1.76330849050705e-03 
9.34971572288987e-01 6.34035309371797e-02 1.70141324083379e-03 
9.37378191522678e-01 6.10341758334100e-02 1.64130959421244e-03 
9.39784810756369e-01 5.87412790924958e-02 1.58296242457298e-03 
9.42191429990060e-01 5.65229106544813e-02 1.52633657739547e-03 
9.44598049223751e-01 5.43771664968349e-02 1.47139690615976e-03 
9.47004668457442e-01 5.23021692526399e-02 1.41810830743984e-03 
9.49411287691133e-01 5.02960687785805e-02 1.36643575463763e-03 
9.51817906924824e-01 4.83570426737290e-02 1.31634433035398e-03 
9.54224526158516e-01 4.64832967501895e-02 1.26779925739744e-03 
9.56631145392207e-01 4.46730654566919e-02 1.22076592843358e-03 
9.59037764625898e-01 4.29246122562701e-02 1.17520993428043e-03 
9.61444383859589e-01 4.12362299591929e-02 1.13109709085780e-03 
9.63851003093280e-01 3.96062410123462e-02 1.08839346480053e-03 
9.66257622326971e-01 3.80329977462924e-02 1.04706539774790e-03 
9.68664241560662e-01 3.65148825812577e-02 1.00707952932327e-03 
9.71070860794353e-01 3.50503081933177e-02 9.68402818820171e-04 
9.73477480028044e-01 3.36377176420695e-02 9.31002565612634e-04 
9.75884099261735e-01 3.22755844610908e-02 8.94846428309432e-04 
9.78290718495426e-01 3.09624127125001e-02 8.59902442673208e-04 
9.80697337729118e-01 2.96967370069370e-02 8.26139038327176e-04 
9.83103956962809e-01 2.84771224902888e-02 7.93525054273255e-04 
9.85510576196500e-01 2.73021647984896e-02 7.62029753246751e-04 
9.87917195430191e-01 2.61704899817200e-02 7.31622834933906e-04 
9.90323814663882e-01 2.50807543993289e-02 7.02274448079520e-04 
9.92730433897573e-01 2.40316445867974e-02 6.73955201512860e-04 
9.95137053131264e-01 2.30218770960526e-02 6.46636174120806e-04 
9.97543672364955e-01 2.20501983104321e-02 6.20288923797985e-04 
9.99950291598646e-01 2.11153842355860e-02 5.94883764220555e-04 
1.00235691083234e+00 2.02165011338603e-02 5.70392763942347e-04 
1.00476353006603e+00 1.93526196049895e-02 5.46799145282962e-04 
1.00717014929972e+00 1.85225352433500e-02 5.24084584880992e-04 
1.00957676853341e+00 1.77250777365474e-02 5.02221007162560e-04 
1.01198338776710e+00 1.69591102280190e-02 4.81181016851372e-04 
1.01439000700079e+00 1.62235286768626e-02 4.60937892293506e-04 
1.01679662623448e+00 1.55172612157161e-02 4.41465578360937e-04 
1.01920324546817e+00 1.48392675074843e-02 4.22738678961774e-04 
1.02160986470187e+00 1.41885381016748e-02 4.04732449184462e-04 
1.02401648393556e+00 1.35640937910718e-02 3.87422787102568e-04 
1.02642310316925e+00 1.29649849694455e-02 3.70786225266054e-04 
1.02882972240294e+00 1.23902909909627e-02 3.54799921904238e-04 
1.03123634163663e+00 1.18391195319320e-02 3.39441651864986e-04 
1.03364296087032e+00 1.13106059554857e-02 3.24689797313855e-04 
1.03604958010401e+00 1.08039126797719e-02 3.10523338216249e-04 
1.03845619933770e+00 1.03182285501968e-02 2.96921842624907e-04 
1.04086281857139e+00 9.85276821622927e-03 2.83865456794237e-04 
1.04326943780509e+00 9.40677151325214e-03 2.71334895142320e-04 
1.04567605703878e+00 8.97950284991145e-03 2.59311430080630e-04 
1.04808267627247e+00 8.57025060139212e-03 2.47776881730784e-04 
1.05048929550616e+00 8.17832650901736e-03 2.36713607546856e-04 
1.05289591473985e+00 7.80306508654404e-03 2.26104491861083e-04 
1.05530253397354e+00 7.44382303349979e-03 2.15932935370025e-04 
1.05770915320723e+00 7.09997865588199e-03 2.06182844577506e-04 
1.06011577244092e+00 6.77093129451438e-03 1.96838621209940e-04 
1.06252239167461e+00 6.45610076133272e-03 1.87885151618947e-04 
1.06492901090831e+00 6.15492678384775e-03 1.79307796185416e-04 
1.06733563014200e+00 5.86686845801108e-03 1.71092378738492e-04 
1.06974224937569e+00 5.59140370968783e-03 1.63225176002278e-04 
1.07214886860938e+00 5.32802876491847e-03 1.55692907082362e-04 
1.07455548784307e+00 5.07625762913232e-03 1.48482723003616e-04 
1.07696210707676e+00 4.83562157545515e-03 1.41582196310050e-04 
1.07936872631045e+00 4.60566864223453e-03 1.34979310736893e-04 
1.08177534554414e+00 4.38596313988849e-03 1.28662450964423e-04 
1.08418196477783e+00 4.17608516716536e-03 1.22620392462492e-04 
1.08658858401153e+00 3.97563013688625e-03 1.16842291434058e-04 
1.08899520324522e+00 3.78420831122527e-03 1.11317674865507e-04 
1.09140182247891e+00 3.60144434656761e-03 1.06036430690963e-04 
1.09380844171260e+00 3.42697684797068e-03 1.00988798077233e-04 
1.09621506094629e+00 3.26045793324010e-03 9.61653578355372e-05 
1.09862168017998e+00 3.10155280661838e-03 9.15570229656375e-05 
1.10102829941367e+00 2.94993934207248e-03 8.71550293375012e-05 
1.10343491864736e+00 2.80530767615372e-03 8.29509265151573e-05 
1.10584153788105e+00 2.66735981039286e-03 7.89365687269446e-05 
1.10824815711475e+00 2.53580922318230e-03 7.51041059859091e-05 
1.11065477634844e+00 2.41038049108752e-03 7.14459753636895e-05 
1.11306139558213e+00 2.29080891952025e-03 6.79548924208173e-05 
1.11546801481582e+00 2.17684018269745e-03 6.46238427959710e-05 
1.11787463404951e+00 2.06822997280165e-03 6.14460739563528e-05 
1.12028125328320e+00 1.96474365825076e-03 5.84150871109920e-05 
1.12268787251689e+00 1.86615595097826e-03 5.55246292884508e-05 
1.12509449175058e+00 1.77225058261804e-03 5.27686855800736e-05 
1.12750111098427e+00 1.68281998948236e-03 5.01414715496192e-05 
1.12990773021796e+00 1.59766500621545e-03 4.76374258098216e-05 
1.13231434945166e+00 1.51659456800051e-03 4.52512027661403e-05 
1.13472096868535e+00 1.43942542119304e-03 4.29776655277133e-05 
1.13712758791904e+00 1.36598184224926e-03 4.08118789852656e-05 
1.13953420715273e+00 1.29609536481478e-03 3.87491030554953e-05 
1.14194082638642e+00 1.22960451483500e-03 3.67847860912434e-05 
1.14434744562011e+00 1.16635455354617e-03 3.49145584565463e-05 
1.14675406485380e+00 1.10619722820300e-03 3.31342262654733e-05 
1.14916068408749e+00 1.04899053039699e-03 3.14397652834753e-05 
1.15156730332118e+00 9.94598461817261e-04 2.98273149898045e-05 
1.15397392255488e+00 9.42890807304480e-04 2.82931727994038e-05 
1.15638054178857e+00 8.93742915047143e-04 2.68337884425268e-05 
1.15878716102226e+00 8.47035483768391e-04 2.54457585002126e-05 
1.16119378025595e+00 8.02654356751087e-04 2.41258210936199e-05 
1.16360039948964e+00 7.60490322548349e-04 2.28708507251134e-05 
1.16600701872333e+00 7.20438922226643e-04 2.16778532688920e-05 
1.16841363795702e+00 6.82400262988652e-04 2.05439611088603e-05 
1.17082025719071e+00 6.46278838023414e-04 1.94664284213605e-05 
1.17322687642440e+00 6.11983352431821e-04 1.84426266003062e-05 
1.17563349565810e+00 5.79426555076253e-04 1.74700398221995e-05 
1.17804011489179e+00 5.48525076204071e-04 1.65462607484521e-05 
1.18044673412548e+00 5.19199270695769e-04 1.56689863623820e-05 
1.18285335335917e+00 4.91373066789866e-04 1.48360139382180e-05 
1.18525997259286e+00 4.64973820137982e-04 1.40452371394067e-05 
1.18766659182655e+00 4.39932173045138e-04 1.32946422434896e-05 
1.19007321106024e+00 4.16181918751942e-04 1.25823044907970e-05 
1.19247983029393e+00 3.93659870617146e-04 1.19063845541863e-05 
1.19488644952762e+00 3.72305736060942e-04 1.12651251270458e-05 
1.19729306876132e+00 3.52061995131355e-04 1.06568476267763e-05 
1.19969968799501e+00 3.32873783558185e-04 1.00798119864393e-05 
1.20210630722870e+00 3.14687254709208e-04 9.53228960260863e-06 
1.20451292646239e+00 2.97450390165564e-04 9.01294806768237e-06 
1.20691954569608e+00 2.81116275933273e-04 8.52055395794704e-06 
1.20932616492977e+00 2.65640157173718e-04 8.05379151550476e-06 
1.21173278416346e+00 2.50979347943729e-04 7.61140431557769e-06 
1.21413940339715e+00 2.37093144199125e-04 7.19219287528529e-06 
1.21654602263084e+00 2.23942739971682e-04 6.79501234272104e-06 
1.21895264186454e+00 2.11491146630436e-04 6.41877026453319e-06 
1.22135926109823e+00 1.99703115139232e-04 6.06242443020113e-06 
1.22376588033192e+00 1.88545061223546e-04 5.72498079119053e-06 
1.22617249956561e+00 1.77984993360761e-04 5.40549145316464e-06 
1.22857911879930e+00 1.67992443509354e-04 5.10305273942813e-06 
1.23098573803299e+00 1.58538400493715e-04 4.81680332378174e-06 
1.23339235726668e+00 1.49595245962726e-04 4.54592243097150e-06 
1.23579897650037e+00 1.41136692841604e-04 4.28962810292396e-06 
1.23820559573406e+00 1.33137726197989e-04 4.04717552897073e-06 
1.24061221496775e+00 1.25574546444731e-04 3.81785543827840e-06 
1.24301883420145e+00 1.18424514803391e-04 3.60099255271627e-06 
1.24542545343514e+00 1.11666100953981e-04 3.39594409841257e-06 
1.24783207266883e+00 1.05278832798083e-04 3.20209837426946e-06 
1.25023869190252e+00 9.92432482640695e-05 3.01887337572975e-06 
1.25264531113621e+00 9.35408490847528e-05 2.84571547211128e-06 
1.25505193036990e+00 8.81540564794277e-05 2.68209813585048e-06 
1.25745854960359e+00 8.30661686738920e-05 2.52752072202273e-06 
1.25986516883728e+00 7.82613201936651e-05 2.38150729653507e-06 
1.26227178807097e+00 7.37244428672574e-05 2.24360551141539e-06 
1.26467840730467e+00 6.94412284779758e-05 2.11338552565197e-06 
1.26708502653836e+00 6.53980930043735e-05 1.99043897006767e-06 
1.26949164577205e+00 6.15821423910691e-05 1.87437795474419e-06 
1.27189826500574e+00 5.79811397932683e-05 1.76483411754360e-06 
1.27430488423943e+00 5.45834742399110e-05 1.66145771230670e-06 
1.27671150347312e+00 5.13781306619472e-05 1.56391673534008e-06 
1.27911812270681e+00 4.83546612338045e-05 1.47189608883691e-06 
1.28152474194050e+00 4.55031579776541e-05 1.38509677990923e-06 
1.28393136117419e+00 4.28142265815996e-05 1.30323515394323e-06 
1.28633798040789e+00 4.02789613844205e-05 1.22604216102173e-06 
1.28874459964158e+00 3.78889214809702e-05 1.15326265419151e-06 
1.29115121887527e+00 3.56361079037892e-05 1.08465471838635e-06 
1.29355783810896e+00 3.35129418379168e-05 1.01998902884948e-06 
1.29596445734265e+00 3.15122438272869e-05 9.59048237931779e-07 
1.29837107657634e+00 2.96272139324693e-05 9.01626389174921e-07 
1.30077769581003e+00 2.78514128008634e-05 8.47562498543951e-07 
1.30318431504372e+00 2.61789798097088e-05 7.96672757427277e-07 
1.30559093427741e+00 2.46041466014121e-05 7.48752378194102e-07 
1.30799755351111e+00 2.31214026757638e-05 7.03629102463064e-07 
1.31040417274480e+00 2.17255367538913e-05 6.61145289763666e-07 
1.31281079197849e+00 2.04116212795684e-05 6.21151820306331e-07 
1.31521741121218e+00 1.91749976771901e-05 5.83507657453136e-07 
1.31762403044587e+00 1.80112623322457e-05 5.48079431229027e-07 
1.32003064967956e+00 1.69162532615048e-05 5.14741041948141e-07 
1.32243726891325e+00 1.58860374414625e-05 4.83373283065435e-07 
1.32484388814694e+00 1.49168987648782e-05 4.53863482398310e-07 
1.32725050738063e+00 1.40053265964858e-05 4.26105160896368e-07 
1.32965712661433e+00 1.31480049001542e-05 3.99997708169804e-07 
1.33206374584802e+00 1.23418019109330e-05 3.75446074018375e-07 
1.33447036508171e+00 1.15837603265399e-05 3.52360475233226e-07 
1.33687698431540e+00 1.08710879939168e-05 3.30656116973301e-07 
1.33928360354909e+00 1.02011490675274e-05 3.10252928046437e-07 
1.34169022278278e+00 9.57145561706202e-06 2.91075309452783e-07 
1.34409684201647e+00 8.97965966318309e-06 2.73051895574711e-07 
1.34650346125016e+00 8.42354562087028e-06 2.56115327423041e-07 
1.34891008048385e+00 7.90102313081575e-06 2.40202037374123e-07 
1.35131669971754e+00 7.41012026017938e-06 2.25252044856265e-07 
1.35372331895124e+00 6.94897705483826e-06 2.11208762466953e-07 
1.35612993818493e+00 6.51583942605847e-06 1.98018812024587e-07 
1.35853655741862e+00 6.10905335527908e-06 1.85631850079782e-07 
1.36094317665231e+00 5.72705940143094e-06 1.74000402431946e-07 
1.36334979588600e+00 5.36838749591563e-06 1.63079707216656e-07 
1.36575641511969e+00 5.03165201104536e-06 1.52827566148452e-07 
1.36816303435338e+00 4.71554708839183e-06 1.43204203522046e-07 
1.37056965358707e+00 4.41884221411421e-06 1.34172132592593e-07 
1.37297627282076e+00 4.14037802893152e-06 1.25696028972662e-07 
1.37538289205446e+00 3.87906236097689e-06 1.17742610699858e-07 
1.37778951128815e+00 3.63386647031798e-06 1.10280524644699e-07 
1.38019613052184e+00 3.40382149445325e-06 1.03280238943439e-07 
1.38260274975553e+00 3.18801508459556e-06 9.67139411549259e-08 
1.38500936898922e+00 2.98558822303646e-06 9.05554418544623e-08 
1.38741598822291e+00 2.79573221234462e-06 8.47800833909408e-08 
1.38982260745660e+00 2.61768582759300e-06 7.93646535462409e-08 
1.39222922669029e+00 2.45073262323083e-06 7.42873038481114e-08 
1.39463584592398e+00 2.29419838661993e-06 6.95274722994602e-08 
1.39704246515768e+00 2.14744873064055e-06 6.50658102981765e-08 
1.39944908439137e+00 2.00988681814038e-06 6.08841135323589e-08 
1.40185570362506e+00 1.88095121135279e-06 5.69652566460859e-08 
1.40426232285875e+00 1.76011383974679e-06 5.32931314807041e-08 
1.40666894209244e+00 1.64687808009263e-06 4.98525887060124e-08 
1.40907556132613e+00 1.54077694283380e-06 4.66293826647177e-08 
1.41148218055982e+00 1.44137135914920e-06 4.36101192621368e-08 
1.41388879979351e+00 1.34824856336868e-06 4.07822067413353e-08 
1.41629541902720e+00 1.26102056567206e-06 3.81338091917488e-08 
1.41870203826090e+00 1.17932271025581e-06 3.56538026468310e-08 
1.42110865749459e+00 1.10281231439457e-06 3.33317336334364e-08 
1.42351527672828e+00 1.03116738405549e-06 3.11577800424805e-08 
1.42592189596197e+00 9.64085401944138e-07 2.91227141969445e-08 
1.42832851519566e+00 9.01282184070587e-07 2.72178679995181e-08 
1.43073513442935e+00 8.42490801124281e-07 2.54351000481073e-08 
1.43314175366304e+00 7.87460561136994e-07 2.37667646130997e-08 
1.43554837289673e+00 7.35956050094454e-07 2.22056823756714e-08 
1.43795499213042e+00 6.87756227329982e-07 2.07451128315658e-08 
1.44036161136411e+00 6.42653572697820e-07 1.93787282696728e-08 
1.44276823059781e+00 6.00453282680195e-07 1.81005892394031e-08 
1.44517484983150e+00 5.60972512730936e-07 1.69051214252983e-08 
1.44758146906519e+00 5.24039663299913e-07 1.57870938515467e-08 
1.44998808829888e+00 4.89493707117068e-07 1.47415983431012e-08 
1.45239470753257e+00 4.57183555442694e-07 1.37640301739277e-08 
1.45480132676626e+00 4.26967461112122e-07 1.28500698365572e-08 
1.45720794599995e+00 3.98712456318420e-07 1.19956658705796e-08 
1.45961456523364e+00 3.72293823186445e-07 1.11970186910133e-08 
1.46202118446733e+00 3.47594595295685e-07 1.04505653606197e-08 
1.46442780370103e+00 3.24505088408324e-07 9.75296525320324e-09 
1.46683442293472e+00 3.02922458752801e-07 9.10108655777258e-09 
1.46924104216841e+00 2.82750287302308e-07 8.49199357612063e-09 
1.47164766140210e+00 2.63898188572219e-07 7.92293476893417e-09 
1.47405428063579e+00 2.46281442540700e-07 7.39133150796703e-09 
1.47646089986948e+00 2.29820648372846e-07 6.89476749410874e-09 
1.47886751910317e+00 2.14441398700897e-07 6.43097880336368e-09 
1.48127413833686e+00 2.00073973281476e-07 5.99784452482604e-09 
1.48368075757055e+00 1.86653050915712e-07 5.59337795669962e-09 
1.48608737680425e+00 1.74117438579574e-07 5.21571832827382e-09 
1.48849399603794e+00 1.62409816769993e-07 4.86312301753366e-09 
1.49090061527163e+00 1.51476500127574e-07 4.53396023575526e-09 
1.49330723450532e+00 1.41267212448957e-07 4.22670215202469e-09 
1.49571385373901e+00 1.31734875251399e-07 3.93991843212160e-09 
1.49812047297270e+00 1.22835409099047e-07 3.67227016763299e-09 
1.50052709220639e+00 1.14527546944725e-07 3.42280818172746e-09 
1.50293371144008e+00 1.06773878433703e-07 3.19040888241605e-09 
1.50534033067377e+00 9.95384325378747e-08 2.97366966265572e-09 
1.50774694990747e+00 9.27870554716837e-08 2.77146061143138e-09 
1.51015356914116e+00 8.64878100900012e-08 2.58282163033731e-09 
1.51256018837485e+00 8.06108344377760e-08 2.40685505960831e-09 
1.51496680760854e+00 7.51282091580233e-08 2.24272168832370e-09 
1.51737342684223e+00 7.00138332149584e-08 2.08963701460370e-09 
1.51978004607592e+00 6.52433074216075e-08 1.94686774047658e-09 
1.52218666530961e+00 6.07938252918516e-08 1.81372848701061e-09 
1.52459328454330e+00 5.66440707657029e-08 1.68957871616747e-09 
1.52699990377699e+00 5.27741223837678e-08 1.57381984664597e-09 
1.52940652301069e+00 4.91653635124110e-08 1.46589255175000e-09 
1.53181314224438e+00 4.58003982451997e-08 1.36527422803503e-09 
1.53421976147807e+00 4.26629726288536e-08 1.27147662416542e-09 
1.53662638071176e+00 3.97379008832387e-08 1.18404362005348e-09 
1.53903299994545e+00 3.70109963049963e-08 1.10254914695184e-09 
1.54143961917914e+00 3.44690065632687e-08 1.02659523973638e-09 
1.54384623841283e+00 3.20995531137311e-08 9.55810213148982e-10 
1.54625285764652e+00 2.98910744738375e-08 8.89846954270176e-10 
1.54865947688021e+00 2.78327731178896e-08 8.28381323962582e-10 
1.55106609611390e+00 2.59145657653066e-08 7.71110660469381e-10 
1.55347271534760e+00 2.41270368493611e-08 7.17752378768603e-10 
1.55587933458129e+00 2.24613949666992e-08 6.68042659675958e-10 
1.55828595381498e+00 2.09094321202399e-08 6.21735223057561e-10 
1.56069257304867e+00 1.94634855795849e-08 5.78600179860225e-10 
1.56309919228236e+00 1.81164021939128e-08 5.38422957992864e-10 
1.56550581151605e+00 1.68615050025243e-08 5.01003297398669e-10 
1.56791243074974e+00 1.56925619977809e-08 4.66154309945479e-10 
1.57031904998343e+00 1.46037569041758e-08 4.33701600032236e-10 
1.57272566921712e+00 1.35896618457294e-08 4.03482442063509e-10 
1.57513228845082e+00 1.26452117818442e-08 3.75345011182831e-10 
1.57753890768451e+00 1.17656805992082e-08 3.49147663879886e-10 
1.57994552691820e+00 1.09466587543446e-08 3.24758265297267e-10 
1.58235214615189e+00 1.01840323679806e-08 3.02053560260418e-10 
1.58475876538558e+00 9.47396367858575e-09 2.80918585240165e-10 
1.58716538461927e+00 8.81287276822846e-09 2.61246118631805e-10 
1.58957200385296e+00 8.19742047934403e-09 2.42936166898500e-10 
1.59197862308665e+00 7.62449244611564e-09 2.25895484280550e-10 
1.59438524232034e+00 7.09118416896755e-09 2.10037123916524e-10 
1.59679186155404e+00 6.59478706516943e-09 1.95280018357709e-10 
1.59919848078773e+00 6.13277543277489e-09 1.81548587584528e-10 
1.60160510002142e+00 5.70279426907985e-09 1.68772372752930e-10 
1.60401171925511e+00 5.30264788850434e-09 1.56885694010712e-10 
1.60641833848880e+00 4.93028928828922e-09 1.45827330828805e-10 
1.60882495772249e+00 4.58381021367040e-09 1.35540223391099e-10 
1.61123157695618e+00 4.26143187726171e-09 1.25971193678815e-10 
1.61363819618987e+00 3.96149629025491e-09 1.17070684972126e-10 
1.61604481542356e+00 3.68245816574340e-09 1.08792518573045e-10 
1.61845143465726e+00 3.42287735700638e-09 1.01093666629816e-10 
1.62085805389095e+00 3.18141179596150e-09 9.39340400145240e-11 
1.62326467312464e+00 2.95681089921805e-09 8.72762902726430e-11 
1.62567129235833e+00 2.74790941124625e-09 8.10856247260698e-11 
1.62807791159202e+00 2.55362165613178e-09 7.53296338700394e-11 
1.63048453082571e+00 2.37293617121528e-09 6.99781302595106e-11 
1.63289115005940e+00 2.20491069763149e-09 6.50029981323084e-11 
1.63529776929309e+00 2.04866750437034e-09 6.03780530647533e-11 
1.63770438852678e+00 1.90338902398764e-09 5.60789110009051e-11 
1.64011100776048e+00 1.76831377950401e-09 5.20828660390625e-11 
1.64251762699417e+00 1.64273258335151e-09 4.83687763989963e-11 
1.64492424622786e+00 1.52598499046534e-09 4.49169580306974e-11 
1.64733086546155e+00 1.41745598877675e-09 4.17090853603602e-11 
1.64973748469524e+00 1.31657291144870e-09 3.87280987020396e-11 
1.65214410392893e+00 1.22280255621188e-09 3.59581178940530e-11 
1.65455072316262e+00 1.13564849811040e-09 3.33843617478830e-11 
1.65695734239631e+00 1.05464858285695e-09 3.09930729241868e-11 
1.65936396163000e+00 9.79372588831072e-10 2.87714478756497e-11 
1.66177058086369e+00 9.09420046534719e-10 2.67075715199485e-11 
1.66417720009739e+00 8.44418205049565e-10 2.47903563281059e-11 
1.66658381933108e+00 7.84020135724131e-10 2.30094855341197e-11 
1.66899043856477e+00 7.27902963958397e-10 2.13553601910292e-11 
1.67139705779846e+00 6.75766220552032e-10 1.98190498166204e-11 
1.67380367703215e+00 6.27330304642310e-10 1.83922463888428e-11 
1.67621029626584e+00 5.82335050781523e-10 1.70672214667987e-11 
1.67861691549953e+00 5.40538393193711e-10 1.58367862279288e-11 
1.68102353473322e+00 5.01715120708764e-10 1.46942542258274e-11 
1.68343015396691e+00 4.65655716300556e-10 1.36334066860343e-11 
1.68583677320061e+00 4.32165275556587e-10 1.26484601692249e-11 
1.68824339243430e+00 4.01062498781355e-10 1.17340364425141e-11 
1.69065001166799e+00 3.72178751786147e-10 1.08851344101407e-11 
1.69305663090168e+00 3.45357190745513e-10 1.00971039646711e-11 
1.69546325013537e+00 3.20451946806964e-10 9.36562162908362e-12 
1.69786986936906e+00 2.97327366426727e-10 8.68666786871725e-12 
1.70027648860275e+00 2.75857303671940e-10 8.05650596012411e-12 
1.70268310783644e+00 2.55924460979790e-10 7.47166231139742e-12 
1.70508972707013e+00 2.37419775097749e-10 6.92890813558148e-12 
1.70749634630383e+00 2.20241845147487e-10 6.42524238534363e-12 
1.70990296553752e+00 2.04296399959048e-10 5.95787586323073e-12 
1.71230958477121e+00 1.89495802012544e-10 5.52421642756974e-12 
1.71471620400490e+00 1.75758585502667e-10 5.12185521943116e-12 
1.71712282323859e+00 1.63009026207731e-10 4.74855384107973e-12 
1.71952944247228e+00 1.51176741000282e-10 4.40223242101155e-12 
1.72193606170597e+00 1.40196314981496e-10 4.08095850504217e-12 
1.72434268093966e+00 1.30006954357076e-10 3.78293671698709e-12 
1.72674930017335e+00 1.20552163298928e-10 3.50649913628145e-12 
1.72915591940705e+00 1.11779443155093e-10 3.25009634343945e-12 
1.73156253864074e+00 1.03640012480720e-10 3.01228908757111e-12 
1.73396915787443e+00 9.60885464658773e-11 2.79174053327046e-12 
1.73637577710812e+00 8.90829344321864e-11 2.58720904707888e-12 
1.73878239634181e+00 8.25840541599775e-11 2.39754148642521e-12 
1.74118901557550e+00 7.65555618914815e-11 2.22166695646062e-12 
1.74359563480919e+00 7.09636969337420e-11 2.05859100255572e-12 
1.74600225404288e+00 6.57770998579028e-11 1.90739020841857e-12 
1.74840887327657e+00 6.09666433596170e-11 1.76720717183694e-12 
1.75081549251027e+00 5.65052749088535e-11 1.63724583195587e-12 
1.75322211174396e+00 5.23678703766526e-11 1.51676712378086e-12 
1.75562873097765e+00 4.85310978816804e-11 1.40508493725664e-12 
1.75803535021134e+00 4.49732911510190e-11 1.30156235981964e-12 
1.76044196944503e+00 4.16743317377461e-11 1.20560818276584e-12 
1.76284858867872e+00 3.86155394827403e-11 1.11667365312194e-12 
1.76525520791241e+00 3.57795706500029e-11 1.03424945396300e-12 
1.76766182714610e+00 3.31503232038241e-11 9.57862897290398e-13 
1.77006844637979e+00 3.07128487325196e-11 8.87075314674937e-13 
1.77247506561348e+00 2.84532705574053e-11 8.21479631887212e-13 
1.77488168484718e+00 2.63587075973199e-11 7.60698114685701e-13 
1.77728830408087e+00 2.44172035885094e-11 7.04380273816803e-13 
1.77969492331456e+00 2.26176612871868e-11 6.52200918104819e-13 
1.78210154254825e+00 2.09497813077190e-11 6.03858345277645e-13 
1.78450816178194e+00 1.94040052732838e-11 5.59072660889232e-13 
1.78691478101563e+00 1.79714629781153e-11 5.17584216366572e-13 
1.78932140024932e+00 1.66439232812043e-11 4.79152157830040e-13 
1.79172801948301e+00 1.54137484706664e-11 4.43553077914551e-13 
1.79413463871670e+00 1.42738518560097e-11 4.10579763358083e-13 
1.79654125795040e+00 1.32176583623240e-11 3.80040031626300e-13 
1.79894787718409e+00 1.22390679160627e-11 3.51755650309651e-13 
1.80135449641778e+00 1.13324214266568e-11 3.25561333465050e-13 
1.80376111565147e+00 1.04924691817822e-11 3.01303809479902e-13 
1.80616773488516e+00 9.71434148674430e-12 2.78840955414052e-13 
1.80857435411885e+00 8.99352139022449e-12 2.58040993127063e-13 
1.81098097335254e+00 8.32581934960278e-12 2.38781742825807e-13 
1.81338759258623e+00 7.70734969928685e-12 2.20949929972307e-13 
1.81579421181992e+00 7.13450879499151e-12 2.04440541775717e-13 
1.81820083105362e+00 6.60395471577092e-12 1.89156229756647e-13 
1.82060745028731e+00 6.11258841385411e-12 1.75006755118046e-13 
1.82301406952100e+00 5.65753621001288e-12 1.61908473885860e-13 
1.82542068875469e+00 5.23613353934052e-12 1.49783858995835e-13 
1.82782730798838e+00 4.84590985897416e-12 1.38561056701127e-13 
1.83023392722207e+00 4.48457463548823e-12 1.28173474860013e-13 
1.83264054645576e+00 4.15000433545191e-12 1.18559400834690e-13 
1.83504716568945e+00 3.84023034800968e-12 1.09661646891998e-13 
1.83745378492314e+00 3.55342777333767e-12 1.01427221145521e-13 
1.83986040415684e+00 3.28790501547595e-12 9.38070222168906e-14 
1.84226702339053e+00 3.04209412236082e-12 8.67555559227291e-14 
1.84467364262422e+00 2.81454181990492e-12 8.02306724133845e-14 
1.84708026185791e+00 2.60390119071628e-12 7.41933223009078e-14 
1.84948688109160e+00 2.40892395153008e-12 6.86073304172617e-14 
1.85189350032529e+00 2.22845328666659e-12 6.34391859400298e-14 
1.85430011955898e+00 2.06141719784264e-12 5.86578477124309e-14 
1.85670673879267e+00 1.90682233346686e-12 5.42345636676993e-14 
1.85911335802636e+00 1.76374826315622e-12 5.01427033453009e-14 
1.86151997726006e+00 1.63134216563625e-12 4.63576025584330e-14 
1.86392659649375e+00 1.50881390044193e-12 4.28564193391585e-14 
1.86633321572744e+00 1.39543143593359e-12 3.96180003497328e-14 
1.86873983496113e+00 1.29051660809142e-12 3.66227570065000e-14 
1.87114645419482e+00 1.19344118636544e-12 3.38525506164738e-14 
1.87355307342851e+00 1.10362322454311e-12 3.12905858766754e-14 
1.87595969266220e+00 1.02052367616375e-12 2.89213121327160e-14 
1.87836631189589e+00 9.43643255465529e-13 2.67303318362568e-14 
1.88077293112958e+00 8.72519526204930e-13 2.47043156810670e-14 
1.88317955036327e+00 8.06724201947092e-13 2.28309239346474e-14 
1.88558616959697e+00 7.45860642595216e-13 2.10987335169998e-14 
1.88799278883066e+00 6.89561533014404e-13 1.94971704102765e-14 
1.89039940806435e+00 6.37486730615606e-13 1.80164470129164e-14 
1.89280602729804e+00 5.89321269704219e-13 1.66475040796230e-14 
1.89521264653173e+00 5.44773511270287e-13 1.53819569143194e-14 
1.89761926576542e+00 5.03573427707838e-13 1.42120455071538e-14 
1.90002588499911e+00 4.65471012704015e-13 1.31294362225578e-14 
1.90243250423280e+00 4.30232228268614e-13 1.21267283525541e-14 
1.90483912346649e+00 3.97641125444086e-13 1.11991449926385e-14 
1.90724574270019e+00 3.67500383751905e-13 1.03419819572268e-14 
1.90965236193388e+00 3.39627259191572e-13 9.54993624495192e-15 
1.91205898116757e+00 3.13852517691974e-13 8.81810070738623e-15 
1.91446560040126e+00 2.90019445792194e-13 8.14193478026687e-15 
1.91687221963495e+00 2.67982933022978e-13 7.51723735640724e-15 
1.91927883886864e+00 2.47608620850969e-13 6.94012164535867e-15 
1.92168545810233e+00 2.28772113411397e-13 6.40699187595568e-15 
1.92409207733602e+00 2.11358245593135e-13 5.91452170816600e-15 
1.92649869656971e+00 1.95260404354646e-13 5.45963423022930e-15 
1.92890531580341e+00 1.80379899441904e-13 5.03948342595734e-15 
1.93131193503710e+00 1.66625379951486e-13 4.65143700532588e-15 
1.93371855427079e+00 1.53912293435026e-13 4.29306049916503e-15 
1.93612517350448e+00 1.42162384476496e-13 3.96210252588460e-15 
1.93853179273817e+00 1.31303229892495e-13 3.65648114479692e-15 
1.94093841197186e+00 1.21267807909050e-13 3.37427121675375e-15 
1.94334503120555e+00 1.11994098857469e-13 3.11369269853111e-15 
1.94575165043924e+00 1.03424715107465e-13 2.87309980270616e-15 
1.94815826967293e+00 9.55065581190544e-14 2.65097095970190e-15 
1.95056488890663e+00 8.81905006465011e-14 2.44589952325545e-15 
1.95297150814032e+00 8.14310922685722e-14 2.25658516481870e-15 
1.95537812737401e+00 7.51862865504299e-14 2.08182590634897e-15 
1.95778474660770e+00 6.94171882642117e-14 1.92051074461371e-15 
1.96019136584139e+00 6.40878192084643e-14 1.77161282353672e-15 
1.96259798507508e+00 5.91649012716709e-14 1.63418311427312e-15 
1.96500460430877e+00 5.46176554827103e-14 1.50734456563306e-15 
1.96741122354246e+00 5.04176158817442e-14 1.39028669019582e-15 
1.96981784277615e+00 4.65384571292244e-14 1.28226055398243e-15 
1.97222446200985e+00 4.29558348488998e-14 1.18257413989887e-15 
1.97463108124354e+00 3.96472377733177e-14 1.09058805733738e-15 
1.97703770047723e+00 3.65918508277277e-14 1.00571157234138e-15 
1.97944431971092e+00 3.37704283508984e-14 9.27398934612052e-16 
1.98185093894461e+00 3.11651767094668e-14 8.55145979371879e-16 
1.98425755817830e+00 2.87596456163947e-14 7.88486983711409e-16 
1.98666417741199e+00 2.65386275141805e-14 7.26991758540341e-16 
1.98907079664568e+00 2.44880644299585e-14 6.70262958650087e-16 
1.99147741587937e+00 2.25949617527591e-14 6.17933594680562e-16 
1.99388403511306e+00 2.08473084232372e-14 5.69664731976058e-16 
1.99629065434676e+00 1.92340030633327e-14 5.25143362420465e-16 
1.99869727358045e+00 1.77447856077973e-14 4.84080436367042e-16 
2.00110389281414e+00 1.63701740315114e-14 4.46209042728184e-16 
2.00351051204783e+00 1.51014057961906e-14 4.11282726171543e-16 
2.00591713128152e+00 1.39303836676122e-14 3.79073931185446e-16 
2.00832375051521e+00 1.28496255800301e-14 3.49372563533509e-16 
2.01073036974890e+00 1.18522182481381e-14 3.21984660319848e-16 
2.01313698898259e+00 1.09317742489109e-14 2.96731160536508e-16 
2.01554360821628e+00 1.00823923160311e-14 2.73446768567245e-16 
2.01795022744998e+00 9.29862060850743e-15 2.51978903680120e-16 
2.02035684668367e+00 8.57542273261483e-15 2.32186729058726e-16 
2.02276346591736e+00 7.90814631253425e-15 2.13940254401176e-16 
2.02517008515105e+00 7.29249392013746e-15 1.97119506560061e-16 
2.02757670438474e+00 6.72449618832912e-15 1.81613763107935e-16 
2.02998332361843e+00 6.20048694530767e-15 1.67320844093983e-16 
2.03238994285212e+00 5.71708021911003e-15 1.54146457610465e-16 
2.03479656208581e+00 5.27114897293157e-15 1.42003595114448e-16 
2.03720318131950e+00 4.85980544202550e-15 1.30811972753088e-16 
2.03960980055320e+00 4.48038295254357e-15 1.20497515221110e-16 
2.04201641978689e+00 4.13041911153780e-15 1.10991878938732e-16 
2.04442303902058e+00 3.80764026555085e-15 1.02232011578694e-16 
2.04682965825427e+00 3.50994713282888e-15 9.41597451936290e-17 
2.04923627748796e+00 3.23540152123754e-15 8.67214204010403e-17 
2.05164289672165e+00 2.98221405049133e-15 7.98675392739494e-17 
2.05404951595534e+00 2.74873280335534e-15 7.35524447618342e-17 
2.05645613518903e+00 2.53343283608197e-15 6.77340246299349e-17 
2.05886275442272e+00 2.33490648353586e-15 6.23734380562882e-17 
2.06126937365642e+00 2.15185439926826e-15 5.74348631658567e-17 
2.06367599289011e+00 1.98307727525498e-15 5.28852639106976e-17 
2.06608261212380e+00 1.82746819013638e-15 4.86941748250154e-17 
2.06848923135749e+00 1.68400553861685e-15 4.48335022948956e-17 
2.07089585059118e+00 1.55174649821835e-15 4.12773410851668e-17 
2.07330246982487e+00 1.42982099285707e-15 3.80018049608240e-17 
2.07570908905856e+00 1.31742611574482e-15 3.49848703283116e-17 
2.07811570829225e+00 1.21382097692384e-15 3.22062319032485e-17 
2.08052232752594e+00 1.11832194334311e-15 2.96471694863725e-17 
2.08292894675964e+00 1.03029824178991e-15 2.72904249990277e-17 
2.08533556599333e+00 9.49167897217804e-16 2.51200889938471e-17 
2.08774218522702e+00 8.74393981073793e-16 2.31214959157776e-17 
2.09014880446071e+00 8.05481146135218e-16 2.12811274436086e-17 
2.09255542369440e+00 7.41972426133265e-16 1.95865232930499e-17 
2.09496204292809e+00 6.83446280074011e-16 1.80261989094443e-17 
2.09736866216178e+00 6.29513862680432e-16 1.65895695217067e-17 
2.09977528139547e+00 5.79816503778257e-16 1.52679274504306e-17 
2.10218190062916e+00 5.34025174620013e-16 1.40534366369091e-17 
2.10458851986285e+00 4.91836716190972e-16 1.29364215002437e-17 
2.10699513909655e+00 4.52968766446285e-16 1.19078589938067e-17 
2.10940175833024e+00 4.17161001201995e-16 1.09607723206492e-17 
2.11180837756393e+00 3.84173421580441e-16 1.00887327174401e-17 
2.11421499679762e+00 3.53784773929464e-16 9.28581659278450e-18 
2.11662161603131e+00 3.25791092017374e-16 8.54656600241297e-18 
2.11902823526500e+00 3.00004352086713e-16 7.86595220271294e-18 
2.12143485449869e+00 2.76251232071414e-16 7.23934204400445e-18 
2.12384147373238e+00 2.54371966948505e-16 6.66246698335892e-18 
2.12624809296607e+00 2.34219292811270e-16 6.13139451374936e-18 
2.12865471219977e+00 2.15657472819546e-16 5.64250182200506e-18 
2.13106133143346e+00 1.98561398708191e-16 5.19245150252411e-18 
2.13346795066715e+00 1.82815762020030e-16 4.77816916706558e-18 
2.13587456990084e+00 1.68314289677745e-16 4.39682280328445e-18 
2.13828118913453e+00 1.54959038923129e-16 4.04580374606423e-18 
2.14068780836822e+00 1.42659747034387e-16 3.72270913621869e-18 
2.14309442760191e+00 1.31333231585214e-16 3.42532575084091e-18 
2.14550104683560e+00 1.20902837335409e-16 3.15161509853694e-18 
2.14790766606929e+00 1.11297926143827e-16 2.89969968105143e-18 
2.15031428530299e+00 1.02453406572484e-16 2.66785033042420e-18 
2.15272090453668e+00 9.43093001073199e-17 2.45447453786111e-18 
2.15512752377037e+00 8.68103411581364e-17 2.25810569700264e-18 
2.15753414300406e+00 7.99056082190685e-17 2.07739319027290e-18 
2.15994076223775e+00 7.35481837729847e-17 1.91109325252749e-18 
2.16234738147144e+00 6.76948407097493e-17 1.75806055132688e-18 
2.16475400070513e+00 6.23057532004800e-17 1.61724042787568e-18 
2.16716061993882e+00 5.73442301289136e-17 1.48766174701751e-18 
2.16956723917251e+00 5.27764693277417e-17 1.36843030868766e-18 
2.17197385840621e+00 4.85713310032492e-17 1.25872277692881e-18 
2.17438047763990e+00 4.47001288566324e-17 1.15778108599008e-18 
2.17678709687359e+00 4.11364375257921e-17 1.06490728618195e-18 
2.17919371610728e+00 3.78559150779330e-17 9.79458795065892e-19 
2.18160033534097e+00 3.48361393816243e-17 9.00844022240019e-19 
2.18400695457466e+00 3.20564572777231e-17 8.28518338455795e-19 
2.18641357380835e+00 2.94978455523158e-17 7.61980362082796e-19 
2.18882019304204e+00 2.71427827921217e-17 7.00768538043525e-19 
2.19122681227573e+00 2.49751312741294e-17 6.44457986281806e-19 
2.19363343150942e+00 2.29800281070573e-17 5.92657598618915e-19 
2.19604005074312e+00 2.11437849029658e-17 5.45007364503211e-19 
2.19844666997681e+00 1.94537953133932e-17 5.01175907682232e-19 
2.20085328921050e+00 1.78984498160980e-17 4.60814296816977e-19 
2.20325990844419e+00 1.64669889453653e-17 4.23645609769053e-19 
2.20566652767788e+00 1.51495735562175e-17 3.89457526348497e-19 
2.20807314691157e+00 1.39371542717125e-17 3.58018028518539e-19 
2.21047976614526e+00 1.28213967064114e-17 3.29107019315489e-19 
2.21288638537895e+00 1.17946252302407e-17 3.02521952259153e-19 
2.21529300461264e+00 1.08497711342852e-17 2.78076438114152e-19 
2.21769962384634e+00 9.98032485570449e-18 2.55598961730255e-19 
2.22010624308003e+00 9.18029194551222e-18 2.34931700308162e-19 
2.22251286231372e+00 8.44415248746909e-18 2.15929435113761e-19 
2.22491948154741e+00 7.76682369895871e-18 1.98458549287973e-19 
2.22732610078110e+00 7.14362546559087e-18 1.82396104974763e-19 
2.22973272001479e+00 6.57024858054316e-18 1.67628993520576e-19 
2.23213933924848e+00 6.04272547743065e-18 1.54053152987905e-19 
2.23454595848217e+00 5.55740326189978e-18 1.41572847676886e-19 
2.23695257771586e+00 5.11091886228196e-18 1.30100004764945e-19 
2.23935919694956e+00 4.70017613361147e-18 1.19553603558140e-19 
2.24176581618325e+00 4.32232476220129e-18 1.09859113201555e-19 
2.24417243541694e+00 3.97474082986279e-18 1.00947975022185e-19 
2.24657905465063e+00 3.65500890782639e-18 9.27571259783979e-20 
2.24898567388432e+00 3.36090556054264e-18 8.52285599671697e-20 
2.25139229311801e+00 3.09038414888105e-18 7.83089239957920e-20 
2.25379891235170e+00 2.84156083085766e-18 7.19491464602101e-20 
2.25620553158539e+00 2.61270166596896e-18 6.61040949892316e-20 
2.25861215081908e+00 2.40221073653880e-18 6.07322615139066e-20 
2.26101877005278e+00 2.20861920624595e-18 5.57954724057786e-20 
2.26342538928647e+00 2.03057524223526e-18 5.12586216976533e-20 
2.26583200852016e+00 1.86683473296671e-18 4.70894255571524e-20 
2.26823862775385e+00 1.71625273926046e-18 4.32581963276620e-20 
2.27064524698754e+00 1.57777562088782e-18 3.97376345842890e-20 
2.27305186622123e+00 1.45043378556870e-18 3.65026377750089e-20 
2.27545848545492e+00 1.33333501139623e-18 3.35301241301309e-20 
2.27786510468861e+00 1.22565829754491e-18 3.07988706272631e-20 
2.28027172392230e+00 1.12664820165552e-18 2.82893638948490e-20 
2.28267834315599e+00 1.03560962555166e-18 2.59836630256817e-20 
2.28508496238969e+00 9.51903013949244e-19 2.38652733531937e-20 
2.28749158162338e+00 8.74939933592961e-19 2.19190303182983e-20 
2.28989820085707e+00 8.04179002809492e-19 2.01309926236328e-20 
2.29230482009076e+00 7.39122143823572e-19 1.84883439356859e-20 
2.29471143932445e+00 6.79311132355274e-19 1.69793024539066e-20 
2.29711805855814e+00 6.24324421019291e-19 1.55930377198792e-20 
2.29952467779183e+00 5.73774214892883e-19 1.43195940893863e-20 
2.30193129702552e+00 5.27303779320559e-19 1.31498203359809e-20 
2.30433791625922e+00 4.84584961591870e-19 1.20753048968796e-20 
2.30674453549291e+00 4.45315909574184e-19 1.10883163108417e-20 
2.30915115472660e+00 4.09218971714525e-19 1.01817484334817e-20 
2.31155777396029e+00 3.76038764052433e-19 9.34907004841627e-21 
2.31396439319398e+00 3.45540391017370e-19 8.58427852299212e-21 
2.31637101242767e+00 3.17507807826987e-19 7.88185718528518e-21 
2.31877763166136e+00 2.91742313263599e-19 7.23673612479315e-21 
2.32118425089505e+00 2.68061162491716e-19 6.64425614293619e-21 
2.32359087012874e+00 2.46296290395497e-19 6.10013560129538e-21 
2.32599748936243e+00 2.26293136666873e-19 5.60043993560487e-21 
2.32840410859613e+00 2.07909564567844e-19 5.14155362200536e-21 
2.33081072782982e+00 1.91014865928801e-19 4.72015439909196e-21 
2.33321734706351e+00 1.75488845532760e-19 4.33318956496293e-21 
2.33562396629720e+00 1.61220978577231e-19 3.97785418290449e-21 
2.33803058553089e+00 1.48109635404581e-19 3.65157104262919e-21 
2.34043720476458e+00 1.36061368151567e-19 3.35197223621222e-21 
2.34284382399827e+00 1.24990254392327e-19 3.07688221912425e-21 
2.34525044323196e+00 1.14817293239290e-19 2.82430223711860e-21 
2.34765706246565e+00 1.05469849725924e-19 2.59239600926552e-21 
2.35006368169935e+00 9.68811436262839e-20 2.37947656620188e-21 
2.35247030093304e+00 8.89897791712806e-20 2.18399415074140e-21 
2.35487692016673e+00 8.17393124024347e-20 2.00452509542380e-21 
2.35728353940042e+00 7.50778531625739e-20 1.83976159842200e-21 
2.35969015863411e+00 6.89576989611507e-20 1.68850232552182e-21 
2.36209677786780e+00 6.33349981712689e-20 1.54964377168176e-21 
2.36450339710149e+00 5.81694402175520e-20 1.42217232101107e-21 
2.36691001633518e+00 5.34239706000535e-20 1.30515694890980e-21 
2.36931663556887e+00 4.90645287707454e-20 1.19774251462783e-21 
2.37172325480257e+00 4.50598070368965e-20 1.09914359665282e-21 
2.37412987403626e+00 4.13810288109219e-20 1.00863882715783e-21 
2.37653649326995e+00 3.80017446600562e-20 9.25565685255205e-22 
2.37894311250364e+00 3.48976447323555e-20 8.49315712036905e-22 
2.38134973173733e+00 3.20463862489349e-20 7.79330113357662e-22 
2.38375635097102e+00 2.94274348567401e-20 7.15095719054018e-22 
2.38616297020471e+00 2.70219187322709e-20 6.56141269810740e-22 
2.38856958943840e+00 2.48124944151534e-20 6.02034005202323e-22 
2.39097620867209e+00 2.27832234319157e-20 5.52376528568065e-22 
2.39338282790579e+00 2.09194588453069e-20 5.06803926339141e-22 
2.39578944713948e+00 1.92077409335218e-20 4.64981121238774e-22 
2.39819606637317e+00 1.76357012672325e-20 4.26600440434820e-22 
2.40060268560686e+00 1.61919745108105e-20 3.91379381249023e-22 
2.40300930484055e+00 1.48661173279541e-20 3.59058558429859e-22 
2.40541592407424e+00 1.36485338214787e-20 3.43425961685678e-22 
