Energy(eV)           EEDF(eV^-(3/2))      Anisotropy(eV^-(3/2))
1.39298129520082e-03 2.52764381871528e+00 1.11233575284087e-03 
4.17894388560247e-03 2.52088410027584e+00 1.55826942285395e-03 
6.96490647600411e-03 2.51082591394404e+00 2.26490901318114e-03 
9.75086906640575e-03 2.49972023716728e+00 2.74728042981531e-03 
1.25368316568074e-02 2.48864733578117e+00 3.10867160855867e-03 
1.53227942472090e-02 2.47766898410337e+00 3.41870648990859e-03 
1.81087568376107e-02 2.46680263985636e+00 3.69157634450524e-03 
2.08947194280123e-02 2.45606601272792e+00 3.93833852985082e-03 
2.36806820184140e-02 2.44543097996469e+00 4.14891278617254e-03 
2.64666446088156e-02 2.43507073803568e+00 4.30033974715236e-03 
2.92526071992173e-02 2.42519836928975e+00 4.40248589150283e-03 
3.20385697896189e-02 2.41585026424793e+00 4.51647308478741e-03 
3.48245323800206e-02 2.40669046069708e+00 4.64056280930552e-03 
3.76104949704222e-02 2.39782380000467e+00 4.72560890319757e-03 
4.03964575608238e-02 2.38934172133039e+00 4.79780411479818e-03 
4.31824201512255e-02 2.38113855049559e+00 4.87713326521021e-03 
4.59683827416271e-02 2.37317419505976e+00 4.94280648324461e-03 
4.87543453320288e-02 2.36550313221888e+00 4.98150069297730e-03 
5.15403079224304e-02 2.35817081008553e+00 5.00086981881503e-03 
5.43262705128321e-02 2.35117507085613e+00 5.00179435292817e-03 
5.71122331032337e-02 2.34455143802144e+00 4.97742334268579e-03 
5.98981956936354e-02 2.33832993078059e+00 4.92780955889894e-03 
6.26841582840370e-02 2.33253515160556e+00 4.85295259700007e-03 
6.54701208744386e-02 2.32718635080006e+00 4.75280253934449e-03 
6.82560834648403e-02 2.32229746836324e+00 4.62726468423194e-03 
7.10420460552419e-02 2.31787715382666e+00 4.53224306759568e-03 
7.38280086456436e-02 2.31371132386891e+00 4.48528733095175e-03 
7.66139712360452e-02 2.30977876463573e+00 4.43141230720326e-03 
7.93999338264469e-02 2.30608834070951e+00 4.36226106162817e-03 
8.21858964168485e-02 2.30264696807131e+00 4.27781875195287e-03 
8.49718590072501e-02 2.29945962374420e+00 4.17805666948468e-03 
8.77578215976518e-02 2.29652935138755e+00 4.06293371504256e-03 
9.05437841880534e-02 2.29385726298904e+00 3.93239818905135e-03 
9.33297467784551e-02 2.29144253685703e+00 3.78638995713485e-03 
9.61157093688567e-02 2.28928241217330e+00 3.62484308576212e-03 
9.89016719592584e-02 2.28737218042716e+00 3.45428949073554e-03 
1.01687634549660e-01 2.28569096511888e+00 3.33427049842855e-03 
1.04473597140062e-01 2.28411574949553e+00 3.26694208257779e-03 
1.07259559730463e-01 2.28264741837733e+00 3.19139873358230e-03 
1.10045522320865e-01 2.28128630586877e+00 3.10763032696033e-03 
1.12831484911267e-01 2.28003219542545e+00 3.01562478347535e-03 
1.15617447501668e-01 2.27888431952038e+00 2.91536851437431e-03 
1.18403410092070e-01 2.27784135893608e+00 2.80684695614098e-03 
1.21189372682472e-01 2.27690144171321e+00 2.72290881706192e-03 
1.23975335272873e-01 2.27601747316617e+00 2.67060488825786e-03 
1.26761297863275e-01 2.27518610489881e+00 2.61609588492325e-03 
1.29547260453676e-01 2.27440742417262e+00 2.55665101834479e-03 
1.32333223044078e-01 2.27368132029350e+00 2.49226699891376e-03 
1.35119185634480e-01 2.27300748459245e+00 2.42294007222870e-03 
1.37905148224881e-01 2.27238541034004e+00 2.34866614853711e-03 
1.40691110815283e-01 2.27181439259883e+00 2.26944095713756e-03 
1.43477073405685e-01 2.27129352801856e+00 2.18526023336162e-03 
1.46263035996086e-01 2.27082171457935e+00 2.09611994956352e-03 
1.49048998586488e-01 2.27039765128892e+00 2.00588130027130e-03 
1.51834961176890e-01 2.27001665562851e+00 1.93621612520942e-03 
1.54620923767291e-01 2.26966104409960e+00 1.88571184025937e-03 
1.57406886357693e-01 2.26933054972182e+00 1.83213835184804e-03 
1.60192848948095e-01 2.26902482933654e+00 1.77549452693282e-03 
1.62978811538496e-01 2.26874346356595e+00 1.71577928410333e-03 
1.65764774128898e-01 2.26848595676257e+00 1.65299166904862e-03 
1.68550736719299e-01 2.26825173695016e+00 1.58713094952256e-03 
1.71336699309701e-01 2.26804015575710e+00 1.53879680459648e-03 
1.74122661900103e-01 2.26783932598814e+00 1.51076204127238e-03 
1.76908624490504e-01 2.26764898161437e+00 1.48150322027575e-03 
1.79694587080906e-01 2.26746907166290e+00 1.45057336173864e-03 
1.82480549671308e-01 2.26729952260645e+00 1.41797228147950e-03 
1.85266512261709e-01 2.26714023836149e+00 1.38369978865966e-03 
1.88052474852111e-01 2.26699110028493e+00 1.34775569680593e-03 
1.90838437442513e-01 2.26685196716962e+00 1.31013983693439e-03 
1.93624400032914e-01 2.26672267523856e+00 1.27085207345834e-03 
1.96410362623316e-01 2.26660303813807e+00 1.22989232362512e-03 
1.99196325213718e-01 2.26649284692983e+00 1.19262982258539e-03 
2.01982287804119e-01 2.26638992249021e+00 1.18037791090426e-03 
2.04768250394521e-01 2.26628692555006e+00 1.18880097062474e-03 
2.07554212984922e-01 2.26618388421376e+00 1.19701102426416e-03 
2.10340175575324e-01 2.26608082621834e+00 1.20500811622980e-03 
2.13126138165726e-01 2.26597777893355e+00 1.21279229095792e-03 
2.15912100756127e-01 2.26587476936200e+00 1.22036359286992e-03 
2.18698063346529e-01 2.26577182413921e+00 1.22772206636399e-03 
2.21484025936931e-01 2.26566896953376e+00 1.23486775577690e-03 
2.24269988527332e-01 2.26556623144737e+00 1.24180070533626e-03 
2.27055951117734e-01 2.26546363541502e+00 1.24852095914862e-03 
2.29841913708136e-01 2.26536120660509e+00 1.25502856120343e-03 
2.32627876298537e-01 2.26525896981940e+00 1.26132355531680e-03 
2.35413838888939e-01 2.26515694949341e+00 1.26740598508671e-03 
2.38199801479341e-01 2.26505516969625e+00 1.27327589390471e-03 
2.40985764069742e-01 2.26495365413093e+00 1.27893332492611e-03 
2.43771726660144e-01 2.26485242613439e+00 1.28437832103887e-03 
2.46557689250545e-01 2.26475150867762e+00 1.28961092483678e-03 
2.49343651840947e-01 2.26465092436584e+00 1.30244185511853e-03 
2.52129614431349e-01 2.26454827582816e+00 1.34542349205596e-03 
2.54915577021750e-01 2.26443654769583e+00 1.41030345761203e-03 
2.57701539612152e-01 2.26431527116703e+00 1.47625983815530e-03 
2.60487502202554e-01 2.26418396810914e+00 1.54329063999182e-03 
2.63273464792955e-01 2.26404215109074e+00 1.61139376442513e-03 
2.66059427383357e-01 2.26388932341570e+00 1.68056700207703e-03 
2.68845389973759e-01 2.26372497915931e+00 1.75080802748236e-03 
2.71631352564160e-01 2.26354860320670e+00 1.82211439387922e-03 
2.74417315154562e-01 2.26335967129342e+00 1.89448352810425e-03 
2.77203277744964e-01 2.26315765004845e+00 1.96791272559538e-03 
2.79989240335365e-01 2.26294199703962e+00 2.04239914541075e-03 
2.82775202925767e-01 2.26271216082152e+00 2.11793980536567e-03 
2.85561165516169e-01 2.26246758098600e+00 2.19453157719132e-03 
2.88347128106570e-01 2.26220768821540e+00 2.27217118167559e-03 
2.91133090696972e-01 2.26193190433845e+00 2.35085518387170e-03 
2.93919053287373e-01 2.26163964238911e+00 2.43057998827371e-03 
2.96705015877775e-01 2.26133030666824e+00 2.51134183399056e-03 
2.99490978468177e-01 2.26100329280837e+00 2.59623424389057e-03 
3.02276941058578e-01 2.26065640375273e+00 2.69187601076751e-03 
3.05062903648980e-01 2.26028537861672e+00 2.79508998593352e-03 
3.07848866239382e-01 2.25988923229618e+00 2.89965036681540e-03 
3.10634828829783e-01 2.25946696500249e+00 3.00554956170384e-03 
3.13420791420185e-01 2.25901756243033e+00 3.11277961634056e-03 
3.16206754010587e-01 2.25853999593395e+00 3.22133220324378e-03 
3.18992716600988e-01 2.25803322271231e+00 3.33119861105956e-03 
3.21778679191390e-01 2.25749618600320e+00 3.44236973399684e-03 
3.24564641781792e-01 2.25692781528667e+00 3.55483606129049e-03 
3.27350604372193e-01 2.25632702649799e+00 3.66858766671952e-03 
3.30136566962595e-01 2.25569272225033e+00 3.78361419819615e-03 
3.32922529552996e-01 2.25502379206741e+00 3.89990486738342e-03 
3.35708492143398e-01 2.25431911262647e+00 4.01744843936271e-03 
3.38494454733800e-01 2.25357754801155e+00 4.13623322235616e-03 
3.41280417324201e-01 2.25279794997762e+00 4.25624705753588e-03 
3.44066379914603e-01 2.25197915822543e+00 4.37747730888249e-03 
3.46852342505005e-01 2.25112000068767e+00 4.49991085311425e-03 
3.49638305095406e-01 2.25021929382637e+00 4.62622827910542e-03 
3.52424267685808e-01 2.24927371295396e+00 4.76094387231651e-03 
3.55210230276210e-01 2.24827820813411e+00 4.90133972645968e-03 
3.57996192866611e-01 2.24723123981169e+00 5.04305986681902e-03 
3.60782155457013e-01 2.24613125465556e+00 5.18608416100655e-03 
3.63568118047415e-01 2.24497668607905e+00 5.33039172005934e-03 
3.66354080637816e-01 2.24376595478048e+00 5.47596088479299e-03 
3.69140043228218e-01 2.24249746930398e+00 5.62276921244731e-03 
3.71926005818620e-01 2.24116962662086e+00 5.77079346364050e-03 
3.74711968409021e-01 2.23978081273179e+00 5.92000958962287e-03 
3.77497930999423e-01 2.23832940329020e+00 6.07039271990592e-03 
3.80283893589824e-01 2.23681376424698e+00 6.22191715023439e-03 
3.83069856180226e-01 2.23523225251683e+00 6.37455633096030e-03 
3.85855818770628e-01 2.23358321666644e+00 6.52828285584210e-03 
3.88641781361029e-01 2.23186499762467e+00 6.68306845125344e-03 
3.91427743951431e-01 2.23007592941497e+00 6.83888396588546e-03 
3.94213706541833e-01 2.22821433991012e+00 6.99569936092943e-03 
3.96999669132234e-01 2.22627855160951e+00 7.15348370076940e-03 
3.99785631722636e-01 2.22426688243898e+00 7.31089399075757e-03 
4.02571594313038e-01 2.22217911501162e+00 7.46614048135775e-03 
4.05357556903439e-01 2.22001566493928e+00 7.62049322694410e-03 
4.08143519493841e-01 2.21777498347943e+00 7.77563739321887e-03 
4.10929482084243e-01 2.21545552105085e+00 7.93154040781327e-03 
4.13715444674644e-01 2.21305572803195e+00 8.08816886306199e-03 
4.16501407265046e-01 2.21057405557833e+00 8.24548851170821e-03 
4.19287369855447e-01 2.20800895645939e+00 8.40346426322127e-03 
4.22073332445849e-01 2.20535888591398e+00 8.56206018075561e-03 
4.24859295036251e-01 2.20262230252490e+00 8.72123947878013e-03 
4.27645257626652e-01 2.19979766911216e+00 8.88096452138746e-03 
4.30431220217054e-01 2.19688345364482e+00 9.04119682131868e-03 
4.33217182807456e-01 2.19387813017113e+00 9.20189703971153e-03 
4.36003145397857e-01 2.19078017976685e+00 9.36302498661474e-03 
4.38789107988259e-01 2.18758809150143e+00 9.52453962229009e-03 
4.41575070578661e-01 2.18430036342173e+00 9.68639905929826e-03 
4.44361033169062e-01 2.18091550355300e+00 9.84856056541799e-03 
4.47146995759464e-01 2.17743203091675e+00 1.00109805674204e-02 
4.49932958349866e-01 2.17384847656510e+00 1.01736146557023e-02 
4.52718920940267e-01 2.17016338463125e+00 1.03364175898113e-02 
4.55504883530669e-01 2.16637531339549e+00 1.04993433048860e-02 
4.58290846121070e-01 2.16248283636639e+00 1.06623449190288e-02 
4.61076808711472e-01 2.15848454337657e+00 1.08253747416218e-02 
4.63862771301874e-01 2.15437904169250e+00 1.09883842826281e-02 
4.66648733892275e-01 2.15016495713774e+00 1.11513242628672e-02 
4.69434696482677e-01 2.14584093522898e+00 1.13141446253052e-02 
4.72220659073079e-01 2.14140564232419e+00 1.14767945473766e-02 
4.75006621663480e-01 2.13685776678221e+00 1.16392224543347e-02 
4.77792584253882e-01 2.13219602013303e+00 1.18013760336677e-02 
4.80578546844284e-01 2.12741913825791e+00 1.19632022505768e-02 
4.83364509434685e-01 2.12252588257862e+00 1.21246473645470e-02 
4.86150472025087e-01 2.11751504125484e+00 1.22856569470114e-02 
4.88936434615489e-01 2.11238543038896e+00 1.24461759001240e-02 
4.91722397205890e-01 2.10713589523718e+00 1.26061484766483e-02 
4.94508359796292e-01 2.10176531142605e+00 1.27655183009742e-02 
4.97294322386693e-01 2.09627258617346e+00 1.29242283912708e-02 
5.00080284977095e-01 2.09065665951292e+00 1.30813164207205e-02 
5.02866247567497e-01 2.08491811073796e+00 1.32359417387668e-02 
5.05652210157898e-01 2.07905742649757e+00 1.33889560169095e-02 
5.08438172748300e-01 2.07307371028085e+00 1.35410947371444e-02 
5.11224135338702e-01 2.06696610161224e+00 1.36923008467300e-02 
5.14010097929103e-01 2.06073377718939e+00 1.38425168763439e-02 
5.16796060519505e-01 2.05437595201738e+00 1.39916849682592e-02 
5.19582023109907e-01 2.04789188053805e+00 1.41397469055642e-02 
5.22367985700308e-01 2.04128085775326e+00 1.42866441424273e-02 
5.25153948290710e-01 2.03454222034087e+00 1.44323178353846e-02 
5.27939910881112e-01 2.02767534776209e+00 1.45767088756482e-02 
5.30725873471513e-01 2.02067966335910e+00 1.47197579224201e-02 
5.33511836061915e-01 2.01355463544149e+00 1.48614054372065e-02 
5.36297798652317e-01 2.00629977836024e+00 1.50015917191139e-02 
5.39083761242718e-01 1.99891465356795e+00 1.51402569411017e-02 
5.41869723833120e-01 1.99139887066388e+00 1.52773411871844e-02 
5.44655686423521e-01 1.98375208842247e+00 1.54127844905617e-02 
5.47441649013923e-01 1.97597401580392e+00 1.55465268726562e-02 
5.50227611604325e-01 1.96806441294543e+00 1.56785083830228e-02 
5.53013574194726e-01 1.96002309213165e+00 1.58086691401126e-02 
5.55799536785128e-01 1.95184991874297e+00 1.59369493728669e-02 
5.58585499375530e-01 1.94354481218006e+00 1.60632894631095e-02 
5.61371461965931e-01 1.93510774676345e+00 1.61876299886970e-02 
5.64157424556333e-01 1.92653875260638e+00 1.63099117674043e-02 
5.66943387146735e-01 1.91783791645970e+00 1.64300759015069e-02 
5.69729349737136e-01 1.90900538252733e+00 1.65480638230161e-02 
5.72515312327538e-01 1.90004135325064e+00 1.66638173395356e-02 
5.75301274917939e-01 1.89094609006048e+00 1.67772786806977e-02 
5.78087237508341e-01 1.88171991409537e+00 1.68883905451307e-02 
5.80873200098743e-01 1.87236320688430e+00 1.69970961479122e-02 
5.83659162689144e-01 1.86287641099286e+00 1.71033392684675e-02 
5.86445125279546e-01 1.85326003063110e+00 1.72070642988608e-02 
5.89231087869948e-01 1.84351463222195e+00 1.73082162924291e-02 
5.92017050460349e-01 1.83364084492853e+00 1.74067410127021e-02 
5.94803013050751e-01 1.82363936113923e+00 1.75025849825616e-02 
5.97588975641153e-01 1.81351093690912e+00 1.75956955335816e-02 
6.00374938231554e-01 1.80325639235631e+00 1.76860208554870e-02 
6.03160900821956e-01 1.79287661201208e+00 1.77735100456813e-02 
6.05946863412358e-01 1.78237254512356e+00 1.78581131587757e-02 
6.08732826002759e-01 1.77174520590752e+00 1.79397812560612e-02 
6.11518788593161e-01 1.76099567375437e+00 1.80184664548598e-02 
6.14304751183563e-01 1.75012509338106e+00 1.80941219776907e-02 
6.17090713773964e-01 1.73913467493183e+00 1.81667022011923e-02 
6.19876676364366e-01 1.72802569402574e+00 1.82361627047188e-02 
6.22662638954767e-01 1.71679949175006e+00 1.83024603185562e-02 
6.25448601545169e-01 1.70545747459842e+00 1.83655531716936e-02 
6.28234564135571e-01 1.69400111435306e+00 1.84254007390667e-02 
6.31020526725972e-01 1.68243194791004e+00 1.84819638882155e-02 
6.33806489316374e-01 1.67075157704695e+00 1.85352049252798e-02 
6.36592451906776e-01 1.65896166813214e+00 1.85850876402654e-02 
6.39378414497177e-01 1.64706395177507e+00 1.86315773515106e-02 
6.42164377087579e-01 1.63506022241693e+00 1.86746409492807e-02 
6.44950339677981e-01 1.62295233786130e+00 1.87142469384204e-02 
6.47736302268382e-01 1.61074221874416e+00 1.87503654799926e-02 
6.50522264858784e-01 1.59843184794311e+00 1.87829684318314e-02 
6.53308227449186e-01 1.58602326992535e+00 1.88120293879446e-02 
6.56094190039587e-01 1.57351859003427e+00 1.88375237166908e-02 
6.58880152629989e-01 1.56091997371457e+00 1.88594285976652e-02 
6.61666115220391e-01 1.54822964567584e+00 1.88777230572245e-02 
6.64452077810792e-01 1.53544988899454e+00 1.88923880025820e-02 
6.67238040401194e-01 1.52258304415472e+00 1.89034062544104e-02 
6.70024002991595e-01 1.50963150802748e+00 1.89107625778850e-02 
6.72809965581997e-01 1.49659773278962e+00 1.89144437121043e-02 
6.75595928172399e-01 1.48348422478181e+00 1.89144383978273e-02 
6.78381890762800e-01 1.47029354330678e+00 1.89107374034641e-02 
6.81167853353202e-01 1.45702829936806e+00 1.89033335492641e-02 
6.83953815943604e-01 1.44369115435009e+00 1.88922217296417e-02 
6.86739778534005e-01 1.43028481864020e+00 1.88773989335898e-02 
6.89525741124407e-01 1.41681205019361e+00 1.88588642631257e-02 
6.92311703714809e-01 1.40327565304215e+00 1.88366189497205e-02 
6.95097666305210e-01 1.38967847574794e+00 1.88106663686656e-02 
6.97883628895612e-01 1.37602340980293e+00 1.87810120513267e-02 
7.00669591486013e-01 1.36231338797580e+00 1.87473640761530e-02 
7.03455554076415e-01 1.34855236996114e+00 1.87096429063619e-02 
7.06241516666817e-01 1.33474369373700e+00 1.86681777836079e-02 
7.09027479257218e-01 1.32089038122034e+00 1.86230915100084e-02 
7.11813441847620e-01 1.30699548740451e+00 1.85744007580970e-02 
7.14599404438022e-01 1.29306209849211e+00 1.85221243434986e-02 
7.17385367028423e-01 1.27909332998578e+00 1.84662832210372e-02 
7.20171329618825e-01 1.26509232473881e+00 1.84069004785465e-02 
7.22957292209227e-01 1.25106225096755e+00 1.83440013283739e-02 
7.25743254799628e-01 1.23700630022738e+00 1.82776130965651e-02 
7.28529217390030e-01 1.22292768535442e+00 1.82077652097189e-02 
7.31315179980432e-01 1.20882963837510e+00 1.81344891795168e-02 
7.34101142570833e-01 1.19471540838555e+00 1.80578185849196e-02 
7.36887105161235e-01 1.18058825940340e+00 1.79777890520381e-02 
7.39673067751637e-01 1.16645146819389e+00 1.78944382316911e-02 
7.42459030342038e-01 1.15230832207295e+00 1.78078057746541e-02 
7.45244992932440e-01 1.13816211668955e+00 1.77179333046206e-02 
7.48030955522841e-01 1.12401615378973e+00 1.76248643888930e-02 
7.50816918113243e-01 1.10987373896493e+00 1.75286445068304e-02 
7.53602880703645e-01 1.09573817938709e+00 1.74293210160785e-02 
7.56388843294046e-01 1.08161278153320e+00 1.73269431166112e-02 
7.59174805884448e-01 1.06750084890178e+00 1.72215618126246e-02 
7.61960768474850e-01 1.05340567972417e+00 1.71132298723187e-02 
7.64746731065251e-01 1.03933056467311e+00 1.70020017856128e-02 
7.67532693655653e-01 1.02527878457148e+00 1.68879337198394e-02 
7.70318656246055e-01 1.01125360810385e+00 1.67710834734693e-02 
7.73104618836456e-01 9.97258289533569e-01 1.66515104279212e-02 
7.75890581426858e-01 9.83296066428212e-01 1.65292754975130e-02 
7.78676544017259e-01 9.69370157396108e-01 1.64044410776197e-02 
7.81462506607661e-01 9.55483759836690e-01 1.62770709910979e-02 
7.84248469198063e-01 9.41640047707437e-01 1.61472304330484e-02 
7.87034431788464e-01 9.27842169310141e-01 1.60149859139865e-02 
7.89820394378866e-01 9.14093245099222e-01 1.58804052014960e-02 
7.92606356969268e-01 9.00396365514787e-01 1.57435572604413e-02 
7.95392319559669e-01 8.86754588843123e-01 1.56045121918206e-02 
7.98178282150071e-01 8.73170939107249e-01 1.54633411703405e-02 
8.00964244740473e-01 8.59648403990156e-01 1.53201163807981e-02 
8.03750207330874e-01 8.46189932793291e-01 1.51749109533585e-02 
8.06536169921276e-01 8.32798434432810e-01 1.50277988978144e-02 
8.09322132511678e-01 8.19476775476087e-01 1.48788550369221e-02 
8.12108095102079e-01 8.06227778220872e-01 1.47281549389067e-02 
8.14894057692481e-01 7.93054218819484e-01 1.45757748492310e-02 
8.17680020282883e-01 7.79958825450319e-01 1.44217916217223e-02 
8.20465982873284e-01 7.66944276538900e-01 1.42662826491590e-02 
8.23251945463686e-01 7.54013199030638e-01 1.41093257934100e-02 
8.26037908054087e-01 7.41168166717362e-01 1.39509993152319e-02 
8.28823870644489e-01 7.28411698619637e-01 1.37913818038204e-02 
8.31609833234891e-01 7.15746257426771e-01 1.36305521062163e-02 
8.34395795825292e-01 7.03174247996338e-01 1.34685892566683e-02 
8.37181758415694e-01 6.90698015914962e-01 1.33055724060530e-02 
8.39967721006096e-01 6.78319846121995e-01 1.31415807514525e-02 
8.42753683596497e-01 6.66041961597628e-01 1.29766934659872e-02 
8.45539646186899e-01 6.53866522116897e-01 1.28109896290077e-02 
8.48325608777301e-01 6.41795623070898e-01 1.26445481567416e-02 
8.51111571367702e-01 6.29831294356477e-01 1.24774477334940e-02 
8.53897533958104e-01 6.17975499335486e-01 1.23097667434961e-02 
8.56683496548506e-01 6.06230133864664e-01 1.21415832035004e-02 
8.59469459138907e-01 5.94597025397018e-01 1.19729746962140e-02 
8.62255421729309e-01 5.83077932155511e-01 1.18040183046617e-02 
8.65041384319711e-01 5.71674542379743e-01 1.16347905475684e-02 
8.67827346910112e-01 5.60388473646183e-01 1.14653673158494e-02 
8.70613309500514e-01 5.49221272262406e-01 1.12958238102951e-02 
8.73399272090915e-01 5.38174412735664e-01 1.11262344805283e-02 
8.76185234681317e-01 5.27249297316030e-01 1.09566729653180e-02 
8.78971197271719e-01 5.16447255614181e-01 1.07872120343295e-02 
8.81757159862120e-01 5.05769544293850e-01 1.06179235313776e-02 
8.84543122452522e-01 4.95217346838776e-01 1.04488783192609e-02 
8.87329085042924e-01 4.84791773393945e-01 1.02801462262425e-02 
8.90115047633325e-01 4.74493860680740e-01 1.01117959942427e-02 
8.92901010223727e-01 4.64324571985543e-01 9.94389522880393e-03 
8.95686972814129e-01 4.54284797221203e-01 9.77651035088684e-03 
8.98472935404530e-01 4.44375353060691e-01 9.60970655055063e-03 
9.01258897994932e-01 4.34596983142134e-01 9.44354774256830e-03 
9.04044860585334e-01 4.24950358344333e-01 9.27809652402348e-03 
9.06830823175735e-01 4.15436077131767e-01 9.11341413393112e-03 
9.09616785766137e-01 4.06054665967972e-01 8.94956041492029e-03 
9.12402748356538e-01 3.96806579796094e-01 8.78659377701444e-03 
9.15188710946940e-01 3.87692202585339e-01 8.62457116353930e-03 
9.17974673537342e-01 3.78711847941911e-01 8.46354801918446e-03 
9.20760636127743e-01 3.69865759782985e-01 8.30357826024132e-03 
9.23546598718145e-01 3.61154113072153e-01 8.14471424703633e-03 
9.26332561308547e-01 3.52577014614708e-01 7.98700675857276e-03 
9.29118523898948e-01 3.44134503911047e-01 7.83050496939145e-03 
9.31904486489350e-01 3.35826554066423e-01 7.67525642865642e-03 
9.34690449079752e-01 3.27653072755184e-01 7.52130704146797e-03 
9.37476411670153e-01 3.19613903237573e-01 7.36870105240056e-03 
9.40262374260555e-01 3.11708825427141e-01 7.21748103125911e-03 
9.43048336850957e-01 3.03937557006708e-01 7.06768786104619e-03 
9.45834299441358e-01 2.96299754590810e-01 6.91936072812383e-03 
9.48620262031760e-01 2.88795014932497e-01 6.77253711455365e-03 
9.51406224622162e-01 2.81422876172314e-01 6.62725279259495e-03 
9.54192187212563e-01 2.74182819127248e-01 6.48354182133539e-03 
9.56978149802965e-01 2.67074268617411e-01 6.34143654542614e-03 
9.59764112393366e-01 2.60096594828186e-01 6.20096759589127e-03 
9.62550074983768e-01 2.53249114705540e-01 6.06216389297582e-03 
9.65336037574170e-01 2.46531093382201e-01 5.92505265099482e-03 
9.68122000164571e-01 2.39941745632368e-01 5.78965938514299e-03 
9.70907962754973e-01 2.33480237352625e-01 5.65600792022157e-03 
9.73693925345375e-01 2.27145687066717e-01 5.52412040123621e-03 
9.76479887935776e-01 2.20937167451848e-01 5.39401730581648e-03 
9.79265850526178e-01 2.14853706884170e-01 5.26571745840591e-03 
9.82051813116580e-01 2.08894291001133e-01 5.13923804616953e-03 
9.84837775706981e-01 2.03057864278380e-01 5.01459463656307e-03 
9.87623738297383e-01 1.97343331618896e-01 4.89180119650549e-03 
9.90409700887784e-01 1.91749559952130e-01 4.77087011309646e-03 
9.93195663478186e-01 1.86275379840834e-01 4.65181221581682e-03 
9.95981626068588e-01 1.80919587093410e-01 4.53463680014968e-03 
9.98767588658989e-01 1.75680944379557e-01 4.41931635482532e-03 
1.00155355124939e+00 1.70558466847994e-01 4.30530628663368e-03 
1.00433951383979e+00 1.65555342706451e-01 4.19271997418867e-03 
1.00712547643019e+00 1.60669829525131e-01 4.08224246836185e-03 
1.00991143902060e+00 1.55900176483785e-01 3.97386260355735e-03 
1.01269740161100e+00 1.51244625648142e-01 3.86756827479104e-03 
1.01548336420140e+00 1.46701413224172e-01 3.76334646969941e-03 
1.01826932679180e+00 1.42268770789337e-01 3.66118330071858e-03 
1.02105528938220e+00 1.37944926500005e-01 3.56106403738984e-03 
1.02384125197260e+00 1.33728106274267e-01 3.46297313874816e-03 
1.02662721456301e+00 1.29616534949424e-01 3.36689428575130e-03 
1.02941317715341e+00 1.25608437413492e-01 3.27281041370829e-03 
1.03219913974381e+00 1.21702039710094e-01 3.18070374466675e-03 
1.03498510233421e+00 1.17895570116165e-01 3.09055581971930e-03 
1.03777106492461e+00 1.14187260191963e-01 3.00234753119105e-03 
1.04055702751501e+00 1.10575345802896e-01 2.91605915467066e-03 
1.04334299010542e+00 1.07058068112744e-01 2.83167038084864e-03 
1.04612895269582e+00 1.03633674547906e-01 2.74916034712831e-03 
1.04891491528622e+00 1.00300419732331e-01 2.66850766897534e-03 
1.05170087787662e+00 9.70565663928522e-02 2.58969047097340e-03 
1.05448684046702e+00 9.39003862346948e-02 2.51268641755465e-03 
1.05727280305742e+00 9.08301607869468e-02 2.43747274337519e-03 
1.06005876564783e+00 8.78441822178622e-02 2.36402628330672e-03 
1.06284472823823e+00 8.49407541198810e-02 2.29232350201702e-03 
1.06563069082863e+00 8.21181922643069e-02 2.22234052311338e-03 
1.06841665341903e+00 7.93748253256224e-02 2.15405315782424e-03 
1.07120261600943e+00 7.67089955754597e-02 2.08743693319577e-03 
1.07398857859983e+00 7.41190595462877e-02 2.02246711978150e-03 
1.07677454119024e+00 7.16033886649125e-02 1.95911875880442e-03 
1.07956050378064e+00 6.91603698559264e-02 1.89736668877224e-03 
1.08234646637104e+00 6.67884061152763e-02 1.83718557152820e-03 
1.08513242896144e+00 6.44859170541571e-02 1.77854991772078e-03 
1.08791839155184e+00 6.22513394134694e-02 1.72143411167715e-03 
1.09070435414224e+00 6.00831275491132e-02 1.66581243566666e-03 
1.09349031673265e+00 5.79797538884197e-02 1.61165909354179e-03 
1.09627627932305e+00 5.59397093580522e-02 1.55894823374542e-03 
1.09906224191345e+00 5.39615037837387e-02 1.50765397167454e-03 
1.10184820450385e+00 5.20436662622197e-02 1.45775041139162e-03 
1.10463416709425e+00 5.01847455058270e-02 1.40921166667636e-03 
1.10742012968465e+00 4.83833101601270e-02 1.36201188141167e-03 
1.11020609227506e+00 4.66379490950900e-02 1.31612524929880e-03 
1.11299205486546e+00 4.49472716702638e-02 1.27152603289771e-03 
1.11577801745586e+00 4.33099079744546e-02 1.22818858199018e-03 
1.11856398004626e+00 4.17245090404309e-02 1.18608735126398e-03 
1.12134994263666e+00 4.01897470351888e-02 1.14519691731746e-03 
1.12413590522706e+00 3.87043154263299e-02 1.10549199498523e-03 
1.12692186781747e+00 3.72669291251171e-02 1.06694745298635e-03 
1.12970783040787e+00 3.58763246067890e-02 1.02953832889769e-03 
1.13249379299827e+00 3.45312600087225e-02 9.93239843455538e-04 
1.13527975558867e+00 3.32305152070469e-02 9.58027414190086e-04 
1.13806571817907e+00 3.19728918723183e-02 9.23876668397884e-04 
1.14085168076947e+00 3.07572135048748e-02 8.90763455458190e-04 
1.14363764335987e+00 2.95823254504966e-02 8.58663858500074e-04 
1.14642360595028e+00 2.84470948970025e-02 8.27554205427743e-04 
1.14920956854068e+00 2.73504108524182e-02 7.97411079312382e-04 
1.15199553113108e+00 2.62911841053541e-02 7.68211328159364e-04 
1.15478149372148e+00 2.52683471682350e-02 7.39932074060392e-04 
1.15756745631188e+00 2.42808542040203e-02 7.12550721740663e-04 
1.16035341890228e+00 2.33276809370598e-02 6.86044966511741e-04 
1.16313938149269e+00 2.24078245487226e-02 6.60392801641364e-04 
1.16592534408309e+00 2.15203035584396e-02 6.35572525151778e-04 
1.16871130667349e+00 2.06641576907952e-02 6.11562746058748e-04 
1.17149726926389e+00 1.98384477292978e-02 5.88342390063736e-04 
1.17428323185429e+00 1.90422553574604e-02 5.65890704712127e-04 
1.17706919444469e+00 1.82746829878083e-02 5.44187264030670e-04 
1.17985515703510e+00 1.75348535794332e-02 5.23211972657646e-04 
1.18264111962550e+00 1.68219104446997e-02 5.02945069479505e-04 
1.18542708221590e+00 1.61350170457063e-02 4.83367130787962e-04 
1.18821304480630e+00 1.54733567810925e-02 4.64459072971688e-04 
1.19099900739670e+00 1.48361327637755e-02 4.46202154756952e-04 
1.19378496998710e+00 1.42225675901909e-02 4.28577979011651e-04 
1.19657093257751e+00 1.36319031016005e-02 4.11568494127289e-04 
1.19935689516791e+00 1.30634001380203e-02 3.95158796038069e-04 
1.20214285775831e+00 1.25162799562555e-02 3.79338122863218e-04 
1.20492882034871e+00 1.19896965391947e-02 3.64083474768900e-04 
1.20771478293911e+00 1.14829925863357e-02 3.49366530098434e-04 
1.21050074552951e+00 1.09955266996849e-02 3.35171910157862e-04 
1.21328670811992e+00 1.05266732222884e-02 3.21484515263731e-04 
1.21607267071032e+00 1.00758220680888e-02 3.08289526912732e-04 
1.21885863330072e+00 9.64237854365100e-03 2.95572409542645e-04 
1.22164459589112e+00 9.22576316229185e-03 2.83318911898799e-04 
1.22443055848152e+00 8.82541145113499e-03 2.71515068020396e-04 
1.22721652107192e+00 8.44077375160628e-03 2.60147197861038e-04 
1.23000248366233e+00 8.07131501387085e-03 2.49201907557824e-04 
1.23278844625273e+00 7.71651458570301e-03 2.38666089363392e-04 
1.23557440884313e+00 7.37586599626807e-03 2.28526921255170e-04 
1.23836037143353e+00 7.04887673528303e-03 2.18771866236113e-04 
1.24114633402393e+00 6.73506802801064e-03 2.09388671341056e-04 
1.24393229661433e+00 6.43397460652865e-03 2.00365366362689e-04 
1.24671825920474e+00 6.14514447770320e-03 1.91690262311060e-04 
1.24950422179514e+00 5.86813868828185e-03 1.83351949620327e-04 
1.25229018438554e+00 5.60253108750897e-03 1.75339296116280e-04 
1.25507614697594e+00 5.34790808765210e-03 1.67641444757997e-04 
1.25786210956634e+00 5.10386842281502e-03 1.60247811166753e-04 
1.26064807215674e+00 4.87002290639911e-03 1.53148080955070e-04 
1.26343403474715e+00 4.64599418756125e-03 1.46332206868566e-04 
1.26621999733755e+00 4.43141650700278e-03 1.39790405752978e-04 
1.26900595992795e+00 4.22593545241036e-03 1.33513155358488e-04 
1.27179192251835e+00 4.02920771385612e-03 1.27491190993179e-04 
1.27457788510875e+00 3.84090083945066e-03 1.21715502037154e-04 
1.27736384769915e+00 3.66069299152960e-03 1.16177328328569e-04 
1.28014981028956e+00 3.48827270364036e-03 1.10868156432503e-04 
1.28293577287996e+00 3.32333863858347e-03 1.05779715803276e-04 
1.28572173547036e+00 3.16559934774898e-03 1.00903974850505e-04 
1.28850769806076e+00 3.01477303197630e-03 9.62331369188808e-05 
1.29129366065116e+00 2.87058730415287e-03 9.17596361912737e-05 
1.29407962324156e+00 2.73277895375460e-03 8.74761335244997e-05 
1.29686558583197e+00 2.60109371351925e-03 8.33755122266940e-05 
1.29965154842237e+00 2.47528602843135e-03 7.94507588644848e-05 
1.30243751101277e+00 2.35513330420540e-03 7.56950842401911e-05 
1.30522347360317e+00 2.24042748182537e-03 7.21026716514450e-05 
1.30800943619357e+00 2.13094237888805e-03 6.86680678537594e-05 
1.31079539878397e+00 2.02646013507672e-03 6.53850175251285e-05 
1.31358136137438e+00 1.92677095884818e-03 6.22474786551017e-05 
1.31636732396478e+00 1.83167287930351e-03 5.92496169762337e-05 
1.31915328655518e+00 1.74097150325880e-03 5.63858004581245e-05 
1.32193924914558e+00 1.65447977752480e-03 5.36505938677659e-05 
1.32472521173598e+00 1.57201775639692e-03 5.10387533996288e-05 
1.32751117432638e+00 1.49341237435065e-03 4.85452213786531e-05 
1.33029713691679e+00 1.41849722393066e-03 4.61651210390335e-05 
1.33308309950719e+00 1.34711233881604e-03 4.38937513814383e-05 
1.33586906209759e+00 1.27910398203802e-03 4.17265821110513e-05 
1.33865502468799e+00 1.21432443932145e-03 3.96592486585857e-05 
1.34144098727839e+00 1.15263181751574e-03 3.76875472861833e-05 
1.34422694986879e+00 1.09388984807649e-03 3.58074302798971e-05 
1.34701291245919e+00 1.03796769555433e-03 3.40150012302351e-05 
1.34979887504960e+00 9.84739771043214e-04 3.23065104020425e-05 
1.35258483764000e+00 9.34085550536602e-04 3.06783501947971e-05 
1.35537080023040e+00 8.85889398136183e-04 2.91270506942109e-05 
1.35815676282080e+00 8.40040394054419e-04 2.76492753158447e-05 
1.36094272541120e+00 7.96432167349075e-04 2.62418165412763e-05 
1.36372868800160e+00 7.54962733324977e-04 2.49015917471948e-05 
1.36651465059201e+00 7.15534335535662e-04 2.36256391276420e-05 
1.36930061318241e+00 6.78053292315115e-04 2.24111137094725e-05 
1.37208657577281e+00 6.42429847767698e-04 2.12552834609654e-05 
1.37487253836321e+00 6.08578027142359e-04 2.01555254933873e-05 
1.37765850095361e+00 5.76415496515550e-04 1.91093223551840e-05 
1.38044446354401e+00 5.45863426705691e-04 1.81142584183595e-05 
1.38323042613442e+00 5.16846361340741e-04 1.71680163564915e-05 
1.38601638872482e+00 4.89292088999259e-04 1.62683737137309e-05 
1.38880235131522e+00 4.63131519344414e-04 1.54131995640334e-05 
1.39158831390562e+00 4.38298563169576e-04 1.46004512597851e-05 
1.39437427649602e+00 4.14730016273542e-04 1.38281712688992e-05 
1.39716023908642e+00 3.92365447082942e-04 1.30944840993840e-05 
1.39994620167683e+00 3.71147087939096e-04 1.23975933103101e-05 
1.40273216426723e+00 3.51019729966371e-04 1.17357786080435e-05 
1.40551812685763e+00 3.31930621439088e-04 1.11073930265457e-05 
1.40830408944803e+00 3.13829369564094e-04 1.05108601904925e-05 
1.41109005203843e+00 2.96667845596305e-04 9.94467165991232e-06 
1.41387601462883e+00 2.80400093204871e-04 9.40738435499956e-06 
1.41666197721924e+00 2.64982240008013e-04 8.89761805972133e-06 
1.41944793980964e+00 2.50372412195111e-04 8.41405300279931e-06 
1.42223390240004e+00 2.36530652155234e-04 7.95542751461894e-06 
1.42501986499044e+00 2.23418839032001e-04 7.52053575859169e-06 
1.42780582758084e+00 2.11000612125443e-04 7.10822553547378e-06 
1.43059179017124e+00 1.99241297062378e-04 6.71739615912630e-06 
1.43337775276165e+00 1.88107834657755e-04 6.34699640218688e-06 
1.43616371535205e+00 1.77568712390376e-04 5.99602251011132e-06 
1.43894967794245e+00 1.67593898417484e-04 5.66351628203572e-06 
1.44173564053285e+00 1.58154778053749e-04 5.34856321690422e-06 
1.44452160312325e+00 1.49224092641395e-04 5.05029072330534e-06 
1.44730756571365e+00 1.40775880739308e-04 4.76786639146030e-06 
1.45009352830406e+00 1.32785421560284e-04 4.50049632580970e-06 
1.45287949089446e+00 1.25229180586741e-04 4.24742353665019e-06 
1.45566545348486e+00 1.18084757296579e-04 4.00792638928091e-06 
1.45845141607526e+00 1.11330834932138e-04 3.78131710912848e-06 
1.46123737866566e+00 1.04947132246562e-04 3.56694034133169e-06 
1.46402334125606e+00 9.89143571632120e-05 3.36417176327997e-06 
1.46680930384647e+00 9.32141622851657e-05 3.17241674861529e-06 
1.46959526643687e+00 8.78291021931903e-05 2.99110908122383e-06 
1.47238122902727e+00 8.27425924719871e-05 2.81970971776121e-06 
1.47516719161767e+00 7.79388704058904e-05 2.65770559727556e-06 
1.47795315420807e+00 7.34029572866034e-05 2.50460849651229e-06 
1.48073911679847e+00 6.91206222769540e-05 2.35995392950664e-06 
1.48352507938888e+00 6.50783477760475e-05 2.22330009009253e-06 
1.48631104197928e+00 6.12632962325882e-05 2.09422683597946e-06 
1.48909700456968e+00 5.76632783545268e-05 1.97233471307381e-06 
1.49188296716008e+00 5.42667226645708e-05 1.85724401874549e-06 
1.49466892975048e+00 5.10626463524607e-05 1.74859390276636e-06 
1.49745489234088e+00 4.80406273762760e-05 1.64604150467268e-06 
1.50024085493129e+00 4.51907777663733e-05 1.54930648733710e-06 
1.50302681752169e+00 4.25044174201385e-05 1.45810296809048e-06 
1.50581278011209e+00 3.99729857278181e-05 1.37210847890754e-06 
1.50859874270249e+00 3.75878503717790e-05 1.29102424477622e-06 
1.51138470529289e+00 3.53408411893494e-05 1.21458012334878e-06 
1.51417066788329e+00 3.32242265717288e-05 1.14252020096908e-06 
1.51695663047370e+00 3.12306910006816e-05 1.07460208147775e-06 
1.51974259306410e+00 2.93533136720415e-05 1.01059620831656e-06 
1.52252855565450e+00 2.75855481571204e-05 9.50285218501400e-07 
1.52531451824490e+00 2.59212030551110e-05 8.93463327087787e-07 
1.52810048083530e+00 2.43544235914961e-05 8.39935740805189e-07 
1.53088644342570e+00 2.28796741193344e-05 7.89518099587706e-07 
1.53367240601611e+00 2.14917214820823e-05 7.42035944777790e-07 
1.53645836860651e+00 2.01856191983377e-05 6.97324212827591e-07 
1.53924433119691e+00 1.89566924305517e-05 6.55226753368690e-07 
1.54203029378731e+00 1.78005237013601e-05 6.15595870565806e-07 
1.54481625637771e+00 1.67129393227245e-05 5.78291886713211e-07 
1.54760221896811e+00 1.56899965045603e-05 5.43182727074475e-07 
1.55038818155851e+00 1.47279711109587e-05 5.10143525006518e-07 
1.55317414414892e+00 1.38233460334817e-05 4.79056246447971e-07 
1.55596010673932e+00 1.29728001523354e-05 4.49809332889493e-07 
1.55874606932972e+00 1.21731978574949e-05 4.22297361980074e-07 
1.56153203192012e+00 1.14215791030814e-05 3.96420724958394e-07 
1.56431799451052e+00 1.07151499694610e-05 3.72085320132128e-07 
1.56710395710092e+00 1.00512737086683e-05 3.49202261660717e-07 
1.56988991969133e+00 9.42746224984091e-06 3.27687602928525e-07 
1.57267588228173e+00 8.84136814238877e-06 3.07462073825580e-07 
1.57546184487213e+00 8.29077691562638e-06 2.88450831282255e-07 
1.57824780746253e+00 7.77359983455092e-06 2.70583222432308e-07 
1.58103377005293e+00 7.28786703237125e-06 2.53792559805735e-07 
1.58381973264333e+00 6.83172100127444e-06 2.38015907978843e-07 
1.58660569523374e+00 6.40341042376278e-06 2.23193881133983e-07 
1.58939165782414e+00 6.00128432770524e-06 2.09270451005408e-07 
1.59217762041454e+00 5.62378654902458e-06 1.96192764710817e-07 
1.59496358300494e+00 5.26945048668623e-06 1.83910971990368e-07 
1.59774954559534e+00 4.93689413536815e-06 1.72378061396227e-07 
1.60053550818574e+00 4.62481538187441e-06 1.61549704996256e-07 
1.60332147077615e+00 4.33198755200875e-06 1.51384111175058e-07 
1.60610743336655e+00 4.05725519525085e-06 1.41841885134477e-07 
1.60889339595695e+00 3.79953009517661e-06 1.32885896713775e-07 
1.61167935854735e+00 3.55778749413704e-06 1.24481155167039e-07 
1.61446532113775e+00 3.33106252125824e-06 1.16594690552046e-07 
1.61725128372815e+00 3.11844681334908e-06 1.09195441400777e-07 
1.62003724631856e+00 2.91908531880404e-06 1.02254148357035e-07 
1.62282320890896e+00 2.73217327506744e-06 9.57432534813231e-08 
1.62560917149936e+00 2.55695335068284e-06 8.96368049371362e-08 
1.62839513408976e+00 2.39271294338809e-06 8.39103667862808e-08 
1.63118109668016e+00 2.23878162613416e-06 7.85409336337007e-08 
1.63396705927056e+00 2.09452873330403e-06 7.35068498745889e-08 
1.63675302186097e+00 1.95936107978846e-06 6.87877333083605e-08 
1.63953898445137e+00 1.83272080593835e-06 6.43644028953209e-08 
1.64232494704177e+00 1.71408334175984e-06 6.02188104426380e-08 
1.64511090963217e+00 1.60295548404852e-06 5.63339760165321e-08 
1.64789687222257e+00 1.49887358047433e-06 5.26939268874400e-08 
1.65068283481297e+00 1.40140181492915e-06 4.92836398243128e-08 
1.65346879740338e+00 1.31013058873539e-06 4.60889865632021e-08 
1.65625475999378e+00 1.22467499258690e-06 4.30966822838588e-08 
1.65904072258418e+00 1.14467336435352e-06 4.02942369362695e-08 
1.66182668517458e+00 1.06978592812844e-06 3.76699092668777e-08 
1.66461264776498e+00 9.99693510133386e-07 3.52126634016946e-08 
1.66739861035538e+00 9.34096327321439e-07 3.29121278506261e-08 
1.67018457294579e+00 8.72712844731182e-07 3.07585568041392e-08 
1.67297053553619e+00 8.15278697849382e-07 2.87427935998613e-08 
1.67575649812659e+00 7.61545676433300e-07 2.68562362428845e-08 
1.67854246071699e+00 7.11280766427946e-07 2.50908048694301e-08 
1.68132842330739e+00 6.64265246788976e-07 2.34389110491368e-08 
1.68411438589779e+00 6.20293838188685e-07 2.18934288265805e-08 
1.68690034848820e+00 5.79173900741065e-07 2.04476674077194e-08 
1.68968631107860e+00 5.40724678032630e-07 1.90953454018074e-08 
1.69247227366900e+00 5.04776584888950e-07 1.78305665339293e-08 
1.69525823625940e+00 4.71170536442934e-07 1.66477967477044e-08 
1.69804419884980e+00 4.39757316200234e-07 1.55418426218801e-08 
1.70083016144020e+00 4.10396980919938e-07 1.45078310285189e-08 
1.70361612403061e+00 3.82958300245381e-07 1.35411899642563e-08 
1.70640208662101e+00 3.57318229130629e-07 1.26376304897071e-08 
1.70918804921141e+00 3.33361411213328e-07 1.17931297155157e-08 
1.71197401180181e+00 3.10979711384377e-07 1.10039147767949e-08 
1.71475997439221e+00 2.90071775899554e-07 1.02664477407856e-08 
1.71754593698261e+00 2.70542618468050e-07 9.57741139550601e-09 
1.72033189957302e+00 2.52303230838050e-07 8.93369586994337e-09 
1.72311786216342e+00 2.35270216480310e-07 8.33238603899104e-09 
1.72590382475382e+00 2.19365446047259e-07 7.77074966884522e-09 
1.72868978734422e+00 2.04515733357807e-07 7.24622626096351e-09 
1.73147574993462e+00 1.90652530726839e-07 6.75641655495079e-09 
1.73426171252502e+00 1.77711642523621e-07 6.29907265288763e-09 
1.73704767511543e+00 1.65632955905145e-07 5.87208872965572e-09 
1.73983363770583e+00 1.54360187728943e-07 5.47349229574795e-09 
1.74261960029623e+00 1.43840646705394e-07 5.10143598088544e-09 
1.74540556288663e+00 1.34025009901996e-07 4.75418980850249e-09 
1.74819152547703e+00 1.24867112761818e-07 4.43013393280940e-09 
1.75097748806743e+00 1.16323751845363e-07 4.12775181170461e-09 
1.75376345065784e+00 1.08354499549623e-07 3.84562379028900e-09 
1.75654941324824e+00 1.00921530100213e-07 3.58242107113727e-09 
1.75933537583864e+00 9.39894561523626e-08 3.33690004880994e-09 
1.76212133842904e+00 8.75251753742072e-08 3.10789698734808e-09 
1.76490730101944e+00 8.14977264215073e-08 2.89432302068348e-09 
1.76769326360984e+00 7.58781537466239e-08 2.69515945702541e-09 
1.77047922620024e+00 7.06393807164528e-08 2.50945336935208e-09 
1.77326518879065e+00 6.57560905441486e-08 2.33631345514510e-09 
1.77605115138105e+00 6.12046145679432e-08 2.17490614946089e-09 
1.77883711397145e+00 5.69628274372605e-08 2.02445197633715e-09 
1.78162307656185e+00 5.30100487917516e-08 1.88422212438680e-09 
1.78440903915225e+00 4.93269510428773e-08 1.75353523324116e-09 
1.78719500174265e+00 4.58954728903388e-08 1.63175437826760e-09 
1.78998096433306e+00 4.26987382270651e-08 1.51828424170985e-09 
1.79276692692346e+00 3.97209801066789e-08 1.41256845908145e-09 
1.79555288951386e+00 3.69474694664375e-08 1.31408713028855e-09 
1.79833885210426e+00 3.43644483166541e-08 1.22235448556702e-09 
1.80112481469466e+00 3.19590671245925e-08 1.13691669689497e-09 
1.80391077728506e+00 2.97193261368583e-08 1.05734982608522e-09 
1.80669673987547e+00 2.76340203994309e-08 9.83257901275686e-10 
1.80948270246587e+00 2.56926882487396e-08 9.14271114019914e-10 
1.81226866505627e+00 2.38855630606380e-08 8.50044129637910e-10 
1.81505462764667e+00 2.22035280568068e-08 7.90254503918523e-10 
1.81784059023707e+00 2.06380739800692e-08 7.34601199672185e-10 
1.82062655282747e+00 1.91812594613690e-08 6.82803197016990e-10 
1.82341251541788e+00 1.78256739117777e-08 6.34598191643432e-10 
1.82619847800828e+00 1.65644027828991e-08 5.89741375644909e-10 
1.82898444059868e+00 1.53909950484645e-08 5.48004295823308e-10 
1.83177040318908e+00 1.42994327687904e-08 5.09173784682827e-10 
1.83455636577948e+00 1.32841026081246e-08 4.73050959611481e-10 
1.83734232836988e+00 1.23397691827870e-08 4.39450286019592e-10 
1.84012829096029e+00 1.14615501254138e-08 4.08198700458868e-10 
1.84291425355069e+00 1.06448927575980e-08 3.79134789985184e-10 
1.84570021614109e+00 9.88555226978147e-09 3.52108024253841e-10 
1.84848617873149e+00 9.17957131343320e-09 3.26978037048572e-10 
1.85127214132189e+00 8.52326091636536e-09 3.03613954145675e-10 
1.85405810391229e+00 7.91318263750566e-09 2.81893764603039e-10 
1.85684406650270e+00 7.34613188259131e-09 2.61703732741156e-10 
1.85963002909310e+00 6.81912230708825e-09 2.42937848250162e-10 
1.86241599168350e+00 6.32937123718940e-09 2.25497312013940e-10 
1.86520195427390e+00 5.87428604402392e-09 2.09290055390173e-10 
1.86798791686430e+00 5.45145141023114e-09 1.94230290824194e-10 
1.87077387945470e+00 5.05861743183260e-09 1.80238091805259e-10 
1.87355984204511e+00 4.69368850188848e-09 1.67239000296839e-10 
1.87634580463551e+00 4.35471292576216e-09 1.55163659888126e-10 
1.87913176722591e+00 4.03987322095326e-09 1.43947473022681e-10 
1.88191772981631e+00 3.74747705740499e-09 1.33530280762297e-10 
1.88470369240671e+00 3.47594879695877e-09 1.23856063640187e-10 
1.88748965499711e+00 3.22382159322754e-09 1.14872662247865e-10 
1.89027561758752e+00 2.98973001559873e-09 1.06531516284843e-10 
1.89306158017792e+00 2.77240316336869e-09 9.87874208799214e-11 
1.89584754276832e+00 2.57065823816019e-09 9.15982990676759e-11 
1.89863350535872e+00 2.38339454479308e-09 8.49248885482483e-11 
1.90141946794912e+00 2.20958736446945e-09 7.87210038441798e-11 
1.90420543053952e+00 2.04823305203088e-09 7.29549324717555e-11 
1.90699139312993e+00 1.89845664991062e-09 6.76036192790995e-11 
1.90977735572033e+00 1.75944335135585e-09 6.26378245112385e-11 
1.91256331831073e+00 1.63043446552135e-09 5.80303238690444e-11 
1.91534928090113e+00 1.51072364574748e-09 5.37557730820002e-11 
1.91813524349153e+00 1.39965336440416e-09 4.97905813187500e-11 
1.92092120608193e+00 1.29661161869254e-09 4.61127928780397e-11 
1.92370716867234e+00 1.20102885274694e-09 4.27019766364023e-11 
1.92649313126274e+00 1.11237508227583e-09 3.95391227607541e-11 
1.92927909385314e+00 1.03015720882395e-09 3.66065462240347e-11 
1.93206505644354e+00 9.53916511531860e-10 3.38877966902530e-11 
1.93485101903394e+00 8.83226305016623e-10 3.13675743618860e-11 
1.93763698162434e+00 8.17689752700709e-10 2.90316514076116e-11 
1.94042294421475e+00 7.56937825577781e-10 2.68667986119168e-11 
1.94320890680515e+00 7.00627397026537e-10 2.48607169102972e-11 
1.94599486939555e+00 6.48439464869007e-10 2.30019734946327e-11 
1.94878083198595e+00 6.00077492420062e-10 2.12799421929469e-11 
1.95156679457635e+00 5.55265860792184e-10 1.96847478462202e-11 
1.95435275716675e+00 5.13748425205731e-10 1.82072144222832e-11 
1.95713871975716e+00 4.75287168511787e-10 1.68388166231328e-11 
1.95992468234756e+00 4.39660945563852e-10 1.55716347573518e-11 
1.96271064493796e+00 4.06664312477760e-10 1.43983126637206e-11 
1.96549660752836e+00 3.76106435197766e-10 1.33120184856531e-11 
1.96828257011876e+00 3.47810072142170e-10 1.23064081087983e-11 
1.97106853270916e+00 3.21610626035512e-10 1.13755910860992e-11 
1.97385449529956e+00 2.97355260347475e-10 1.05140988858069e-11 
1.97664045788997e+00 2.74902076052514e-10 9.71685530847372e-12 
1.97942642048037e+00 2.54119344699846e-10 8.97914892882963e-12 
1.98221238307077e+00 2.34884794042047e-10 8.29660742770899e-12 
1.98499834566117e+00 2.17084942712968e-10 7.66517368789439e-12 
1.98778430825157e+00 2.00614480673071e-10 7.08108353589561e-12 
1.99057027084197e+00 1.85375692353423e-10 6.54084501933047e-12 
1.99335623343238e+00 1.71277919629365e-10 6.04121911674343e-12 
1.99614219602278e+00 1.58237061942121e-10 5.57920178341869e-12 
1.99892815861318e+00 1.46175111061985e-10 5.15200724304237e-12 
2.00171412120358e+00 1.35019718151078e-10 4.75705244097048e-12 
2.00450008379398e+00 1.24703790937553e-10 4.39194258038814e-12 
2.00728604638438e+00 1.15165118957257e-10 4.05445766782354e-12 
2.01007200897479e+00 1.06346024953785e-10 3.74253999933017e-12 
2.01285797156519e+00 9.81930406541854e-11 3.45428252319113e-12 
2.01564393415559e+00 9.06566052557727e-11 3.18791801924936e-12 
2.01842989674599e+00 8.36907850701610e-11 2.94180903894632e-12 
2.02121585933639e+00 7.72530128741010e-11 2.71443855387388e-12 
2.02400182192679e+00 7.13038456135437e-11 2.50440126412679e-12 
2.02678778451720e+00 6.58067391978970e-11 2.31039552100141e-12 
2.02957374710760e+00 6.07278392061217e-11 2.13121582163263e-12 
2.03235970969800e+00 5.60357864054818e-11 1.96574583601053e-12 
2.03514567228840e+00 5.17015360577706e-11 1.81295192948163e-12 
2.03793163487880e+00 4.76981900570074e-11 1.67187714632939e-12 
2.04071759746920e+00 4.40008410072332e-11 1.54163562235546e-12 
2.04350356005961e+00 4.05864274094305e-11 1.42140739655771e-12 
2.04628952265001e+00 3.74335991830081e-11 1.31043359403190e-12 
2.04907548524041e+00 3.45225927999879e-11 1.20801195412158e-12 
2.05186144783081e+00 3.18351153592387e-11 1.11349267961274e-12 
2.05464741042121e+00 2.93542369740507e-11 1.02627458442415e-12 
2.05743337301161e+00 2.70642908892396e-11 9.45801518789470e-13 
2.06021933560202e+00 2.49507807840069e-11 8.71559052368617e-13 
2.06300529819242e+00 2.30002947541486e-11 8.03071397072074e-13 
2.06579126078282e+00 2.12004255020725e-11 7.39898552637243e-13 
2.06857722337322e+00 1.95396962956126e-11 6.81633659167651e-13 
2.07136318596362e+00 1.80074922869732e-11 6.27900541938516e-13 
2.07414914855402e+00 1.65939968114351e-11 5.78351434791526e-13 
2.07693511114443e+00 1.52901323118487e-11 5.32664869392081e-13 
2.07972107373483e+00 1.40875055595432e-11 4.90543718508375e-13 
2.08250703632523e+00 1.29783568652222e-11 4.51713382297776e-13 
2.08529299891563e+00 1.19555129947941e-11 4.15920107355897e-13 
2.08807896150603e+00 1.10123435250145e-11 3.82929429001238e-13 
2.09086492409643e+00 1.01427203923832e-11 3.52524727936814e-13 
2.09365088668684e+00 9.34098040603690e-12 3.24505893052964e-13 
2.09643684927724e+00 8.60189051149406e-12 2.98688082715678e-13 
2.09922281186764e+00 7.92061560711399e-12 2.74909183948136e-13 
2.10200877445804e+00 7.29271975508458e-12 2.53037422189178e-13 
2.10479473704844e+00 6.71416927753061e-12 2.32912549294065e-13 
2.10758069963884e+00 6.18112181399018e-12 2.14374179676714e-13 
2.11036666222925e+00 5.69003126789585e-12 1.97298416160907e-13 
2.11315262481965e+00 5.23762520215930e-12 1.81570940552845e-13 
2.11593858741005e+00 4.82088394009108e-12 1.67086280974450e-13 
2.11872455000045e+00 4.43702124455345e-12 1.53747134592160e-13 
2.12151051259085e+00 4.08346645759416e-12 1.41463741604780e-13 
2.12429647518125e+00 3.75784799148059e-12 1.30153306658657e-13 
2.12708243777166e+00 3.45797807009515e-12 1.19739464141075e-13 
2.12986840036206e+00 3.18183862711075e-12 1.10151784064824e-13 
2.13265436295246e+00 2.92756827427931e-12 1.01325315499890e-13 
2.13544032554286e+00 2.69345025957727e-12 9.32001647334953e-14 
2.13822628813326e+00 2.47790134089506e-12 8.57211055485876e-14 
2.14101225072366e+00 2.27946150646662e-12 7.88372192044532e-14 
2.14379821331406e+00 2.09678447834105e-12 7.25015618825916e-14 
2.14658417590447e+00 1.92862893993098e-12 6.66708575272685e-14 
2.14937013849487e+00 1.77385043305770e-12 6.13052141642866e-14 
2.15215610108527e+00 1.63139387397673e-12 5.63678619243073e-14 
2.15494206367567e+00 1.50028664163276e-12 5.18249111293597e-14 
2.15772802626607e+00 1.37963219488095e-12 4.76451289237447e-14 
2.16051398885647e+00 1.26860417864322e-12 4.37997330440831e-14 
2.16329995144688e+00 1.16644098196106e-12 4.02622014284238e-14 
2.16608591403728e+00 1.07244071367883e-12 3.70080964617330e-14 
2.16887187662768e+00 9.85956564059034e-13 3.40149027452868e-14 
2.17165783921808e+00 9.06392523008313e-13 3.12618773610157e-14 
2.17444380180848e+00 8.33199427794864e-13 2.87299116791923e-14 
2.17722976439888e+00 7.65871315175830e-13 2.64014038294516e-14 
2.18001572698929e+00 7.03942054740548e-13 2.42601410214195e-14 
2.18280168957969e+00 6.46982242022286e-13 2.22911909625806e-14 
2.18558765217009e+00 5.94596331548006e-13 2.04808016778078e-14 
2.18837361476049e+00 5.46419991492273e-13 1.88163090875341e-14 
2.19115957735089e+00 5.02117662986374e-13 1.72860517501820e-14 
2.19394553994129e+00 4.61380308415399e-13 1.58792922194743e-14 
2.19673150253170e+00 4.23923334221917e-13 1.45861445088880e-14 
2.19951746512210e+00 3.89484674832140e-13 1.33970813379172e-14 
2.20230342771250e+00 3.57821667282866e-13 1.23030219949319e-14 
2.20508939030290e+00 3.28709914579161e-13 1.12968543360008e-14 
2.20787535289330e+00 3.01945793473707e-13 1.03722377887705e-14 
2.21066131548370e+00 2.77341767612966e-13 9.52262576357524e-15 
2.21344727807411e+00 2.54725130496975e-13 8.74199180666266e-15 
2.21623324066451e+00 2.33936845506346e-13 8.02478873201441e-15 
2.21901920325491e+00 2.14830475597042e-13 7.36591092581344e-15 
2.22180516584531e+00 1.97271195819615e-13 6.76065958046810e-15 
2.22459112843571e+00 1.81134882334688e-13 6.20471063346355e-15 
2.22737709102611e+00 1.66307272073246e-13 5.69408520330632e-15 
2.23016305361652e+00 1.52683187631812e-13 5.22512233055859e-15 
2.23294901620692e+00 1.40165822401194e-13 4.79445384651593e-15 
2.23573497879732e+00 1.28666081305792e-13 4.39898120555290e-15 
2.23852094138772e+00 1.18101972880447e-13 4.03585412962481e-15 
2.24130690397812e+00 1.08398048735830e-13 3.70245092494438e-15 
2.24409286656852e+00 9.94848867630583e-14 3.39636034151799e-15 
2.24687882915893e+00 9.12986147055810e-14 3.11536485609235e-15 
2.24966479174933e+00 8.37804709829226e-14 2.85742526818575e-15 
2.25245075433973e+00 7.68763998881758e-14 2.62066650731600e-15 
2.25523671693013e+00 7.05366785006361e-14 2.40336455733843e-15 
2.25802267952053e+00 6.47155728579564e-14 2.20393441101993e-15 
2.26080864211093e+00 5.93710211199080e-14 2.02091897464301e-15 
2.26359460470134e+00 5.44643416293946e-14 1.85297884859720e-15 
2.26638056729174e+00 4.99599639368235e-14 1.69888291561131e-15 
2.26916652988214e+00 4.58251810022796e-14 1.55749967354455e-15 
2.27195249247254e+00 4.20299209270556e-14 1.42778925451924e-15 
2.27473845506294e+00 3.85465366928225e-14 1.30879607667193e-15 
2.27752441765334e+00 3.53496125038381e-14 1.19964207895265e-15 
2.28031038024375e+00 3.24157854358168e-14 1.09952049323762e-15 
2.28309634283415e+00 2.97235811950756e-14 1.00769011156375e-15 
2.28588230542455e+00 2.72532628839591e-14 9.23470009565744e-16 
2.28866826801495e+00 2.49866917538873e-14 8.46234690218210e-16 
2.29145423060535e+00 2.29071990062025e-14 7.75409614775929e-16 
2.29424019319575e+00 2.09994677738050e-14 7.10467090381480e-16 
2.29702615578616e+00 1.92494244838046e-14 6.50922486188083e-16 
2.29981211837656e+00 1.76441388635138e-14 5.96330752041083e-16 
2.30259808096696e+00 1.61717319094384e-14 5.46283215788145e-16 
2.30538404355736e+00 1.48212911918591e-14 5.00404637158597e-16 
2.30817000614776e+00 1.35827929164613e-14 4.58350497878457e-16 
2.31095596873816e+00 1.24470302095816e-14 4.19804509280465e-16 
2.31374193132857e+00 1.14055471352723e-14 3.84476320137950e-16 
2.31652789391897e+00 1.04505779908128e-14 3.52099408807129e-16 
2.31931385650937e+00 9.57499146275217e-15 3.22429145013162e-16 
2.32209981909977e+00 8.77223925829233e-15 2.95241007768820e-16 
2.32488578169017e+00 8.03630885700603e-15 2.70328946978638e-16 
2.32767174428057e+00 7.36168005573693e-15 2.47503877262629e-16 
2.33045770687098e+00 6.74328500522121e-15 2.26592293438429e-16 
2.33324366946138e+00 6.17647146066833e-15 2.07434997934995e-16 
2.33602963205178e+00 5.65696899039610e-15 1.89885931180164e-16 
2.33881559464218e+00 5.18085790677255e-15 1.73811096713383e-16 
2.34160155723258e+00 4.74454070230532e-15 1.59087573428569e-16 
2.34438751982298e+00 4.34471579085862e-15 1.45602607954413e-16 
2.34717348241338e+00 3.97835336977998e-15 1.33252780734681e-16 
2.34995944500379e+00 3.64267323328703e-15 1.21943239882657e-16 
2.35274540759419e+00 3.33512438089335e-15 1.11586997355311e-16 
2.35553137018459e+00 3.05336627703052e-15 1.02104282427124e-16 
2.35831733277499e+00 2.79525162943164e-15 9.34219478436670e-17 
2.36110329536539e+00 2.55881056435482e-15 8.54729244036410e-17 
2.36388925795579e+00 2.34223608641347e-15 7.81957200576468e-17 
2.36667522054620e+00 2.14387071970647e-15 7.15339599246476e-17 
2.36946118313660e+00 1.96219423516619e-15 6.54359639151142e-17 
2.37224714572700e+00 1.79581237661846e-15 5.98543589150382e-17 
2.37503310831740e+00 1.64344650502878e-15 5.47457227292005e-17 
2.37781907090780e+00 1.50392408683702e-15 5.00702572069153e-17 
2.38060503349820e+00 1.37616995820465e-15 4.57914881804549e-17 
2.38339099608861e+00 1.25919830245071e-15 4.18759900368986e-17 
2.38617695867901e+00 1.15210528297446e-15 3.82931329195281e-17 
2.38896292126941e+00 1.05406227858601e-15 3.50148507163111e-17 
2.39174888385981e+00 9.64309672423189e-16 3.20154281415676e-17 
2.39453484645021e+00 8.82151149551906e-16 2.92713053536087e-17 
2.39732080904061e+00 8.06948461954925e-16 2.67608986769250e-17 
2.40010677163102e+00 7.38116622934804e-16 2.44644361132288e-17 
2.40289273422142e+00 6.75119496013102e-16 2.23638064321235e-17 
2.40567869681182e+00 6.17465746220920e-16 2.04424207301099e-17 
2.40846465940222e+00 5.64705124264419e-16 1.86850854367359e-17 
2.41125062199262e+00 5.16425056430874e-16 1.70778858295470e-17 
2.41403658458302e+00 4.72247515292487e-16 1.56080791957045e-17 
2.41682254717343e+00 4.31826148281513e-16 1.42639968482128e-17 
2.41960850976383e+00 3.94843643065196e-16 1.30349542691356e-17 
2.42239447235423e+00 3.61009310355366e-16 1.19111687114252e-17 
2.42518043494463e+00 3.30056866357004e-16 1.08836836454645e-17 
2.42796639753503e+00 3.01742398503606e-16 9.94429948648786e-18 
2.43075236012543e+00 2.75842499454717e-16 9.08551008508323e-18 
2.43353832271584e+00 2.52152555551780e-16 8.30044450528140e-18 
2.43632428530624e+00 2.30485177050982e-16 7.58281365362396e-18 
2.43911024789664e+00 2.10668758483879e-16 6.92686135833587e-18 
2.44189621048704e+00 1.92546158445475e-16 6.32731953056575e-18 
2.44468217307744e+00 1.75973488981733e-16 5.77936706983015e-18 
2.44746813566784e+00 1.60819005550367e-16 5.27859220352000e-18 
2.45025409825825e+00 1.46962089265774e-16 4.82095797579657e-18 
2.45304006084865e+00 1.34292313816399e-16 4.40277062460098e-18 
2.45582602343905e+00 1.22708590065332e-16 4.02065060699202e-18 
2.45861198602945e+00 1.12118381917059e-16 3.67150605276747e-18 
2.46139794861985e+00 1.02436987558942e-16 3.35250844445310e-18 
2.46418391121025e+00 9.35868806690079e-17 3.06107033839294e-18 
2.46696987380066e+00 8.54971066254009e-17 2.79482495696297e-18 
2.46975583639106e+00 7.81027291604869e-17 2.55160749596879e-18 
2.47254179898146e+00 7.13443232771012e-17 2.32943800417693e-18 
2.47532776157186e+00 6.51675105884038e-17 2.12650570376257e-18 
2.47811372416226e+00 5.95225335587381e-17 1.94115463131952e-18 
2.48089968675266e+00 5.43638654130433e-17 1.77187048904969e-18 
2.48368564934307e+00 4.96498527488322e-17 1.61726860490157e-18 
2.48647161193347e+00 4.53423881294227e-17 1.47608290882774e-18 
2.48925757452387e+00 4.14066101617836e-17 1.34715584004004e-18 
2.49204353711427e+00 3.78106287686266e-17 1.22942910721565e-18 
2.49482949970467e+00 3.45252735537531e-17 1.12193523009847e-18 
2.49761546229507e+00 3.15238633335119e-17 1.02378979689627e-18 
2.50040142488548e+00 2.87819950668049e-17 9.34123798306870e-19 
2.50318738747588e+00 2.62772154174910e-17 8.52183767580600e-19 
2.50597335006628e+00 2.39890823534484e-17 7.77361899766756e-19 
2.50875931265668e+00 2.18989793125370e-17 7.09069522362842e-19 
2.51154527524708e+00 1.99898783768626e-17 6.46740504594846e-19 
2.51433123783748e+00 1.82462057092305e-17 5.89857463453551e-19 
2.51711720042789e+00 1.66537182972490e-17 5.37947597049243e-19 
2.51990316301829e+00 1.51993910629666e-17 4.90578871297552e-19 
2.52268912560869e+00 1.38713134737014e-17 4.47356530227806e-19 
2.52547508819909e+00 1.26585948611368e-17 4.07919902680383e-19 
2.52826105078949e+00 1.15512777213344e-17 3.71939480430528e-19 
2.53104701337989e+00 1.05402583285169e-17 3.39114244859527e-19 
2.53383297597030e+00 9.61721405074482e-18 3.09169221205369e-19 
2.53661893856070e+00 8.77453680634739e-18 2.81853241178201e-19 
2.53940490115110e+00 8.00527214653344e-18 2.56936896333810e-19 
2.54219086374150e+00 7.30306349235231e-18 2.34210666073079e-19 
2.54497682633190e+00 6.66210109339717e-18 2.13483205487708e-19 
2.54776278892230e+00 6.07707531163840e-18 1.94579779512551e-19 
2.55054875151270e+00 5.54313386680167e-18 1.77340830981888e-19 
2.55333471410311e+00 5.05584271000844e-18 1.61620671229351e-19 
2.55612067669351e+00 4.61115022019665e-18 1.47286282826842e-19 
2.55890663928391e+00 4.20535444334264e-18 1.34216224933684e-19 
2.56169260187431e+00 3.83507311789787e-18 1.22299632530170e-19 
2.56447856446471e+00 3.49721625131077e-18 1.11435301545508e-19 
2.56726452705511e+00 3.18896103218180e-18 1.01530852564483e-19 
2.57005048964552e+00 2.90772888064609e-18 9.25019664151355e-20 
2.57283645223592e+00 2.65116445612575e-18 8.42716855059425e-20 
2.57562241482632e+00 2.41711645676691e-18 7.67697752997707e-20 
2.57840837741672e+00 2.20362005878802e-18 6.99321407871107e-20 
2.58119434000712e+00 2.00888085671884e-18 6.37002932564901e-20 
2.58398030259752e+00 1.83126017720108e-18 5.80208630587454e-20 
2.58676626518793e+00 1.66926164973749e-18 5.28451544270939e-20 
2.58955222777833e+00 1.52151892759855e-18 4.81287387494735e-20 
2.59233819036873e+00 1.38678446109760e-18 4.38310829959644e-20 
2.59512415295913e+00 1.26391923369473e-18 3.99152102846307e-20 
2.59791011554953e+00 1.15188337894911e-18 3.63473898259764e-20 
2.60069607813993e+00 1.04972760326574e-18 3.30968537213796e-20 
2.60348204073034e+00 9.56585345728976e-19 3.01355383061628e-20 
2.60626800332074e+00 8.71665612128807e-19 2.74378479250459e-20 
2.60905396591114e+00 7.94246425612104e-19 2.49804392081282e-20 
2.61183992850154e+00 7.23668841269473e-19 2.27420240806690e-20 
2.61462589109194e+00 6.59331476437030e-19 2.07031898910570e-20 
2.61741185368234e+00 6.00685512584932e-19 1.88462351796568e-20 
2.62019781627275e+00 5.47230128412533e-19 1.71550197377732e-20 
2.62298377886315e+00 4.98508327202251e-19 1.56148277217767e-20 
2.62576974145355e+00 4.54103124626968e-19 1.42122426933761e-20 
2.62855570404395e+00 4.13634066083385e-19 1.29350335539618e-20 
2.63134166663435e+00 3.76754045258201e-19 1.17720504296116e-20 
2.63412762922475e+00 3.43146398045864e-19 1.07131296444671e-20 
2.63691359181516e+00 3.12522248144405e-19 9.74900699437899e-21 
2.63969955440556e+00 2.84618082676834e-19 8.87123860058196e-21 
2.64248551699596e+00 2.59193538035228e-19 8.07212868521292e-21 
2.64527147958636e+00 2.36029377837568e-19 7.34466366724430e-21 
2.64805744217676e+00 2.14925646436590e-19 6.68245202929565e-21 
2.65084340476716e+00 1.95699982837663e-19 6.07966945323910e-21 
2.65362936735757e+00 1.78186081179911e-19 5.53100876589760e-21 
2.65641532994797e+00 1.62232285121727e-19 5.03163427579734e-21 
2.65920129253837e+00 1.47700304557776e-19 4.57714011819383e-21 
2.66198725512877e+00 1.34464044087998e-19 4.16351225873477e-21 
2.66477321771917e+00 1.22408533567928e-19 3.78709383641696e-21 
2.66755918030957e+00 1.11428951900917e-19 3.44455355418320e-21 
2.67034514289998e+00 1.01429735993175e-19 3.13285685080935e-21 
2.67313110549038e+00 9.23237674879695e-20 2.84923961085700e-21 
2.67591706808078e+00 8.40316305312437e-20 2.59118419059793e-21 
2.67870303067118e+00 7.64809344025364e-20 2.35639755712477e-21 
2.68148899326158e+00 6.96056953768427e-20 2.14279135550350e-21 
2.68427495585198e+00 6.33457726693333e-20 1.94846373494047e-21 
2.68706091844239e+00 5.76463537594136e-20 1.77168277966027e-21 
2.68984688103279e+00 5.24574847970553e-20 1.61087140364084e-21 
2.69263284362319e+00 4.77336421658976e-20 1.46459358063737e-21 
2.69541880621359e+00 4.34333416172656e-20 1.33154179214803e-21 
2.69820476880399e+00 3.95187816997181e-20 1.21052558622272e-21 
2.70099073139439e+00 3.59555184924993e-20 1.10046114937516e-21 
2.70377669398480e+00 3.27121689106107e-20 1.00036180240580e-21 
2.70656265657520e+00 2.97601400862292e-20 9.09329338747028e-22 
2.70934861916560e+00 2.70733825477830e-20 8.26546131068284e-22 
2.71213458175600e+00 2.46281651159043e-20 7.51267938384516e-22 
2.71492054434640e+00 2.24028696163131e-20 6.82817351851540e-22 
2.71770650693680e+00 2.03778036748999e-20 6.20577822853910e-22 
2.72049246952721e+00 1.85350300112238e-20 5.63988221940945e-22 
2.72327843211761e+00 1.68582107845314e-20 5.12537881684552e-22 
2.72606439470801e+00 1.53324656723670e-20 4.65762080656350e-22 
2.72885035729841e+00 1.39442424769076e-20 4.23237929485269e-22 
2.73163631988881e+00 1.26811991592416e-20 3.84580623391614e-22 
2.73442228247921e+00 1.15320962978004e-20 3.49440028728040e-22 
2.73720824506962e+00 1.04866990548074e-20 3.17497573918140e-22 
2.73999420766002e+00 9.53568781465875e-21 2.88463417793116e-22 
2.74278017025042e+00 8.67057673125102e-21 2.62073870708233e-22 
2.74556613284082e+00 7.88363948801762e-21 2.38089045993161e-22 
2.74835209543122e+00 7.16784163537786e-21 2.16290721272228e-22 
2.75113805802162e+00 6.51677892594469e-21 1.96480390998570e-22 
2.75392402061203e+00 5.92462111863382e-21 1.78477493195279e-22 
2.75670998320243e+00 5.38606076918885e-21 1.62117794900967e-22 
2.75949594579283e+00 4.89626656696746e-21 1.47251922189109e-22 
2.76228190838323e+00 4.45084081647194e-21 1.33744021881794e-22 
2.76506787097363e+00 4.04578069737358e-21 1.21470543219658e-22 
2.76785383356403e+00 3.67744296896762e-21 1.10319128790335e-22 
2.77063979615443e+00 3.34251181437006e-21 1.00187604966681e-22 
2.77342575874484e+00 3.03796954657417e-21 9.09830629711915e-23 
2.77621172133524e+00 2.76106992294643e-21 8.26210224718767e-23 
2.77899768392564e+00 2.50931383706206e-21 7.50246703340856e-23 
2.78178364651604e+00 2.28042717714653e-21 6.81241678083877e-23 
2.78456960910644e+00 2.07234065897023e-21 6.48016036838761e-23 
