Energy(eV)           EEDF(eV^-(3/2))      Anisotropy(eV^-(3/2))
8.14447313388721e-04 6.63492577801008e+01 6.84260805080455e-02 
2.44334194016616e-03 6.43257082727326e+01 8.63569845312616e-02 
4.07223656694360e-03 6.20222302642022e+01 1.07575666516324e-01 
5.70113119372105e-03 5.95713504605261e+01 1.19806793171050e-01 
7.33002582049849e-03 5.71001998075273e+01 1.27806093651222e-01 
8.95892044727593e-03 5.46518294935336e+01 1.33282442717555e-01 
1.05878150740534e-02 5.22677188659103e+01 1.37172468144281e-01 
1.22167097008308e-02 4.99572826938746e+01 1.39698807040951e-01 
1.38456043276083e-02 4.77292221951617e+01 1.41276886623949e-01 
1.54744989543857e-02 4.55880203534893e+01 1.42127341892299e-01 
1.71033935811631e-02 4.35358514598906e+01 1.42410173839788e-01 
1.87322882079406e-02 4.15729810163388e+01 1.42246422597996e-01 
2.03611828347180e-02 3.96988017058723e+01 1.41733191927421e-01 
2.19900774614955e-02 3.79118099321222e+01 1.40984453795217e-01 
2.36189720882729e-02 3.62112313763610e+01 1.40136309453723e-01 
2.52478667150504e-02 3.45966385023334e+01 1.38967041112960e-01 
2.68767613418278e-02 3.30589843194753e+01 1.37316272429803e-01 
2.85056559686052e-02 3.15929305046185e+01 1.35480478967747e-01 
3.01345505953827e-02 3.01972988962003e+01 1.33604343705053e-01 
3.17634452221601e-02 2.88697940753076e+01 1.31683236779848e-01 
3.33923398489376e-02 2.76082201753851e+01 1.29764188067307e-01 
3.50212344757150e-02 2.64108971195335e+01 1.27807271170038e-01 
3.66501291024924e-02 2.52740996886538e+01 1.25747618350646e-01 
3.82790237292699e-02 2.41942269437742e+01 1.23663415909805e-01 
3.99079183560473e-02 2.31695945604564e+01 1.21562932504661e-01 
4.15368129828248e-02 2.21967062159029e+01 1.19366912313994e-01 
4.31657076096022e-02 2.12716771109165e+01 1.17142415320446e-01 
4.47946022363797e-02 2.03929790302438e+01 1.14972377280405e-01 
4.64234968631571e-02 1.95590950040138e+01 1.12859930064270e-01 
4.80523914899345e-02 1.87685337754193e+01 1.10806750565013e-01 
4.96812861167120e-02 1.80198418350685e+01 1.08773870430289e-01 
5.13101807434894e-02 1.73103548626234e+01 1.06674826895962e-01 
5.29390753702669e-02 1.66358680174358e+01 1.04548988251286e-01 
5.45679699970443e-02 1.59951895676814e+01 1.02478533140387e-01 
5.61968646238218e-02 1.53871597640767e+01 1.00463155872178e-01 
5.78257592505992e-02 1.48106559998197e+01 9.85016796714700e-02 
5.94546538773766e-02 1.42645970956637e+01 9.65807355545631e-02 
6.10835485041541e-02 1.37474316095223e+01 9.46459952457978e-02 
6.27124431309315e-02 1.32555734024309e+01 9.27111870182437e-02 
6.43413377577090e-02 1.27881612691507e+01 9.08239266922356e-02 
6.59702323844864e-02 1.23443636954501e+01 8.89825217501388e-02 
6.75991270112638e-02 1.19233807380893e+01 8.71846937706532e-02 
6.92280216380413e-02 1.15244455280004e+01 8.54269731657058e-02 
7.08569162648187e-02 1.11467666149256e+01 8.36894908028144e-02 
7.24858108915962e-02 1.07874468417312e+01 8.19769997082681e-02 
7.41147055183736e-02 1.04458829776153e+01 8.03012231466121e-02 
7.57436001451511e-02 1.01214949664462e+01 7.86598356070322e-02 
7.73724947719285e-02 9.81372652803794e+00 7.70500749715120e-02 
7.90013893987059e-02 9.52204556689091e+00 7.54687177425387e-02 
8.06302840254834e-02 9.24594439970066e+00 7.39245707103944e-02 
8.22591786522608e-02 8.98337070223391e+00 7.24238916562181e-02 
8.38880732790383e-02 8.73370699089106e+00 7.09508279605450e-02 
8.55169679058157e-02 8.49655806787681e+00 6.95004570359525e-02 
8.71458625325932e-02 8.27154512189830e+00 6.80699299584519e-02 
8.87747571593706e-02 8.05830569589087e+00 6.66560397979386e-02 
9.04036517861480e-02 7.85649353831727e+00 6.52856669844695e-02 
9.20325464129255e-02 7.66462922831743e+00 6.39743139142294e-02 
9.36614410397029e-02 7.48204317783199e+00 6.26900686479216e-02 
9.52903356664804e-02 7.30847431776306e+00 6.14186131383906e-02 
9.69192302932578e-02 7.14367164280242e+00 6.01574423620704e-02 
9.85481249200352e-02 6.98739405099825e+00 5.89037946887212e-02 
1.00177019546813e-01 6.83941010686373e+00 5.76859893978598e-02 
1.01805914173590e-01 6.69884271258974e+00 5.65280764305848e-02 
1.03434808800368e-01 6.56507894207437e+00 5.53987352348553e-02 
1.05063703427145e-01 6.43794427605349e+00 5.42735174754503e-02 
1.06692598053922e-01 6.31727019144127e+00 5.31501614494779e-02 
1.08321492680700e-01 6.20289394674313e+00 5.20262148782591e-02 
1.09950387307477e-01 6.09465831349169e+00 5.09304789291762e-02 
1.11579281934255e-01 5.99198099420312e+00 4.99022698327874e-02 
1.13208176561032e-01 5.89424584982112e+00 4.89120458003966e-02 
1.14837071187810e-01 5.80133826787772e+00 4.79195939684569e-02 
1.16465965814587e-01 5.71314672578651e+00 4.69230623308349e-02 
1.18094860441365e-01 5.62956259934410e+00 4.59204692647863e-02 
1.19723755068142e-01 5.55047993600767e+00 4.49375981625883e-02 
1.21352649694919e-01 5.47552304674332e+00 4.40346982835539e-02 
1.22981544321697e-01 5.40405372131302e+00 4.31879497841638e-02 
1.24610438948474e-01 5.33599991050409e+00 4.23356458632415e-02 
1.26239333575252e-01 5.27129080770806e+00 4.14764904861794e-02 
1.27868228202029e-01 5.20985672802219e+00 4.06091097540633e-02 
1.29497122828807e-01 5.15162896794702e+00 3.97408963259898e-02 
1.31126017455584e-01 5.09647445474955e+00 3.89099882466202e-02 
1.32754912082362e-01 5.04405614046072e+00 3.81099424547869e-02 
1.34383806709139e-01 4.99431955532301e+00 3.72998773888578e-02 
1.36012701335916e-01 4.94721057229497e+00 3.64785666046000e-02 
1.37641595962694e-01 4.90267527411322e+00 3.56447290691160e-02 
1.39270490589471e-01 4.86065980607170e+00 3.48016677038665e-02 
1.40899385216249e-01 4.82108408061108e+00 3.40353629890398e-02 
1.42528279843026e-01 4.78342721783452e+00 3.33485282315615e-02 
1.44157174469804e-01 4.74765445758658e+00 3.26510459478367e-02 
1.45786069096581e-01 4.71373083791116e+00 3.19421080030590e-02 
1.47414963723359e-01 4.68162111950882e+00 3.12208765697826e-02 
1.49043858350136e-01 4.65128970310910e+00 3.04864862288304e-02 
1.50672752976913e-01 4.62270053987566e+00 2.98518441178267e-02 
1.52301647603691e-01 4.59533427009457e+00 2.93371109796730e-02 
1.53930542230468e-01 4.56912739938090e+00 2.88255320081629e-02 
1.55559436857246e-01 4.54406318965980e+00 2.83054147356686e-02 
1.57188331484023e-01 4.52012460885973e+00 2.77763991402169e-02 
1.58817226110801e-01 4.49729430959669e+00 2.72381109747940e-02 
1.60446120737578e-01 4.47555460543025e+00 2.66901626614022e-02 
1.62075015364355e-01 4.45488744475217e+00 2.61321542667661e-02 
1.63703909991133e-01 4.43527438237550e+00 2.55636745677717e-02 
1.65332804617910e-01 4.41669654890003e+00 2.49843022150336e-02 
1.66961699244688e-01 4.39913461793955e+00 2.43936070032567e-02 
1.68590593871465e-01 4.38256877130746e+00 2.37911512573346e-02 
1.70219488498243e-01 4.36697866226943e+00 2.32439481743331e-02 
1.71848383125020e-01 4.35215358568000e+00 2.27968246362945e-02 
1.73477277751798e-01 4.33797314059182e+00 2.23825480079965e-02 
1.75106172378575e-01 4.32442835908807e+00 2.19602587486079e-02 
1.76735067005352e-01 4.31150998321129e+00 2.15297697155079e-02 
1.78363961632130e-01 4.29920845536868e+00 2.10908891112770e-02 
1.79992856258907e-01 4.28751390803281e+00 2.06755879316406e-02 
1.81621750885685e-01 4.27634090189624e+00 2.03191847938096e-02 
1.83250645512462e-01 4.26560645638788e+00 1.99905065006657e-02 
1.84879540139240e-01 4.25530548090898e+00 1.96553574652695e-02 
1.86508434766017e-01 4.24543268499615e+00 1.93136383591926e-02 
1.88137329392795e-01 4.23598257474053e+00 1.89652469692933e-02 
1.89766224019572e-01 4.22694944889145e+00 1.86357449552747e-02 
1.91395118646349e-01 4.21827641094487e+00 1.83736093115006e-02 
1.93024013273127e-01 4.20986821324001e+00 1.81549195430117e-02 
1.94652907899904e-01 4.20172303796035e+00 1.79316700995085e-02 
1.96281802526682e-01 4.19383895982236e+00 1.77038276170378e-02 
1.97910697153459e-01 4.18621394569765e+00 1.74713569631597e-02 
1.99539591780237e-01 4.17884585412264e+00 1.72456800734627e-02 
2.01168486407014e-01 4.17171245920101e+00 1.70690706249173e-02 
2.02797381033792e-01 4.16474065911758e+00 1.69315973860571e-02 
2.04426275660569e-01 4.15793007594636e+00 1.67909005887164e-02 
2.06055170287346e-01 4.15128027449083e+00 1.66469736550291e-02 
2.07684064914124e-01 4.14479076252453e+00 1.64998090193926e-02 
2.09312959540901e-01 4.13846099099274e+00 1.63534377198894e-02 
2.10941854167679e-01 4.13228398692626e+00 1.62561245282818e-02 
2.12570748794456e-01 4.12618457409072e+00 1.62052713754979e-02 
2.14199643421234e-01 4.12016313232616e+00 1.61524323398849e-02 
2.15828538048011e-01 4.11422001748894e+00 1.60976137778904e-02 
2.17457432674789e-01 4.10835556168489e+00 1.60408216671482e-02 
2.19086327301566e-01 4.10257007349505e+00 1.59820616080810e-02 
2.20715221928343e-01 4.09686383819406e+00 1.59687425314523e-02 
2.22344116555121e-01 4.09116789397152e+00 1.60048218635801e-02 
2.23973011181898e-01 4.08547817605858e+00 1.60430376704789e-02 
2.25601905808676e-01 4.07979511331968e+00 1.60803171566121e-02 
2.27230800435453e-01 4.07411912919166e+00 1.61166657304326e-02 
2.28859695062231e-01 4.06845064171652e+00 1.61520887836820e-02 
2.30488589689008e-01 4.06279006357442e+00 1.62216007038958e-02 
2.32117484315785e-01 4.05708774815095e+00 1.63341878320389e-02 
2.33746378942563e-01 4.05133112980016e+00 1.64552067668076e-02 
2.35375273569340e-01 4.04552012276172e+00 1.65759672096087e-02 
2.37004168196118e-01 4.03965464491309e+00 1.66964603929315e-02 
2.38633062822895e-01 4.03373461780392e+00 1.68166775238009e-02 
2.40261957449673e-01 4.02775996669037e+00 1.69644857084680e-02 
2.41890852076450e-01 4.02169023286387e+00 1.71540571869297e-02 
2.43519746703228e-01 4.01550375773428e+00 1.73578031999753e-02 
2.45148641330005e-01 4.00919946713902e+00 1.75616124680133e-02 
2.46777535956782e-01 4.00277630039463e+00 1.77654459517660e-02 
2.48406430583560e-01 3.99623321085885e+00 1.79692641668547e-02 
2.50035325210337e-01 3.98956916649620e+00 1.81907334650959e-02 
2.51664219837115e-01 3.98275632413365e+00 1.84457863563535e-02 
2.53293114463892e-01 3.97576817231732e+00 1.87166925990055e-02 
2.54922009090670e-01 3.96860256294664e+00 1.89874945786993e-02 
2.56550903717447e-01 3.96125737935884e+00 1.92581119222446e-02 
2.58179798344225e-01 3.95373053802938e+00 1.95284631859585e-02 
2.59808692971002e-01 3.94601999028464e+00 1.98110387749490e-02 
2.61437587597779e-01 3.93810335269925e+00 2.01257541166624e-02 
2.63066482224557e-01 3.92994477407834e+00 2.04596094136488e-02 
2.64695376851334e-01 3.92154094395454e+00 2.07926787853086e-02 
2.66324271478112e-01 3.91288862038751e+00 2.11248234253033e-02 
2.67953166104889e-01 3.90398463368224e+00 2.14559027824199e-02 
2.69582060731667e-01 3.89482589012436e+00 2.17930406485433e-02 
2.71210955358444e-01 3.88539655594881e+00 2.21584286892866e-02 
2.72839849985222e-01 3.87565291284319e+00 2.25439401753096e-02 
2.74468744611999e-01 3.86559070805237e+00 2.29273611575599e-02 
2.76097639238776e-01 3.85520582236066e+00 2.33084813688306e-02 
2.77726533865554e-01 3.84449427658753e+00 2.36870885683349e-02 
2.79355428492331e-01 3.83345223807060e+00 2.40664614796458e-02 
2.80984323119109e-01 3.82206922647941e+00 2.44761807827524e-02 
2.82613217745886e-01 3.81028226640220e+00 2.49112031582133e-02 
2.84242112372664e-01 3.79808631713329e+00 2.53419562884210e-02 
2.85871006999441e-01 3.78547658844323e+00 2.57681333508306e-02 
2.87499901626219e-01 3.77244855113230e+00 2.61894263317041e-02 
2.89128796252996e-01 3.75899794744368e+00 2.66055264168464e-02 
2.90757690879773e-01 3.74512080131155e+00 2.70161243942268e-02 
2.92386585506551e-01 3.73081342841870e+00 2.74209110678366e-02 
2.94015480133328e-01 3.71607244603819e+00 2.78195776820791e-02 
2.95644374760106e-01 3.70089478263327e+00 2.82118163559213e-02 
2.97273269386883e-01 3.68527768718968e+00 2.85973205260016e-02 
2.98902164013661e-01 3.66921873825439e+00 2.89757853978307e-02 
3.00531058640438e-01 3.65271585265473e+00 2.93920025562724e-02 
3.02159953267216e-01 3.63565605454245e+00 2.98524250999286e-02 
3.03788847893993e-01 3.61801236493583e+00 3.03112406474531e-02 
3.05417742520770e-01 3.59978169472870e+00 3.07586319606575e-02 
3.07046637147548e-01 3.58096159487425e+00 3.11941306128173e-02 
3.08675531774325e-01 3.56155027118341e+00 3.16172769221212e-02 
3.10304426401103e-01 3.54154659803209e+00 3.20276209986866e-02 
3.11933321027880e-01 3.52095013091279e+00 3.24247237871332e-02 
3.13562215654658e-01 3.49976111776852e+00 3.28081581010483e-02 
3.15191110281435e-01 3.47798050905020e+00 3.31775096456269e-02 
3.16820004908212e-01 3.45560996644163e+00 3.35323780247446e-02 
3.18448899534990e-01 3.43265187019980e+00 3.38723777286868e-02 
3.20077794161767e-01 3.40910932506237e+00 3.41971390987946e-02 
3.21706688788545e-01 3.38498616467798e+00 3.45063092653119e-02 
3.23335583415322e-01 3.36028695451984e+00 3.47995530547217e-02 
3.24964478042100e-01 3.33501699324774e+00 3.50765538629693e-02 
3.26593372668877e-01 3.30918231248852e+00 3.53370144910458e-02 
3.28222267295655e-01 3.28278967501028e+00 3.55806579395092e-02 
3.29851161922432e-01 3.25584657127128e+00 3.58072281586305e-02 
3.31480056549209e-01 3.22836121432978e+00 3.60164907510060e-02 
3.33108951175987e-01 3.20034253310705e+00 3.62082336236540e-02 
3.34737845802764e-01 3.17180016400169e+00 3.63822675867673e-02 
3.36366740429542e-01 3.14274444085918e+00 3.65384268965053e-02 
3.37995635056319e-01 3.11318638330703e+00 3.66765697394113e-02 
3.39624529683097e-01 3.08313768347152e+00 3.67965786562820e-02 
3.41253424309874e-01 3.05261069109855e+00 3.68983609035399e-02 
3.42882318936652e-01 3.02161839710683e+00 3.69818487504255e-02 
3.44511213563429e-01 2.99017441560787e+00 3.70469997105718e-02 
3.46140108190206e-01 2.95829296443309e+00 3.70937967068131e-02 
3.47769002816984e-01 2.92598884421393e+00 3.71222481683547e-02 
3.49397897443761e-01 2.89327741606677e+00 3.71356659091719e-02 
3.51026792070539e-01 2.86015947751608e+00 3.71550756230307e-02 
3.52655686697316e-01 2.82655160455159e+00 3.71749090521696e-02 
3.54284581324094e-01 2.79247350615713e+00 3.71724603544429e-02 
3.55913475950871e-01 2.75794561102595e+00 3.71478705395929e-02 
3.57542370577649e-01 2.72298902685771e+00 3.71013171248988e-02 
3.59171265204426e-01 2.68762549783914e+00 3.70330135850695e-02 
3.60800159831203e-01 2.65187736045760e+00 3.69432086874032e-02 
3.62429054457981e-01 2.61576749780368e+00 3.68321857155678e-02 
3.64057949084758e-01 2.57931929252515e+00 3.67002615858967e-02 
3.65686843711536e-01 2.54255657860034e+00 3.65477858606254e-02 
3.67315738338313e-01 2.50550359210283e+00 3.63751396629776e-02 
3.68944632965091e-01 2.46818492113347e+00 3.61827344994635e-02 
3.70573527591868e-01 2.43062545509766e+00 3.59710109951798e-02 
3.72202422218646e-01 2.39285033350787e+00 3.57404375482577e-02 
3.73831316845423e-01 2.35488489449151e+00 3.54915089099457e-02 
3.75460211472200e-01 2.31675462318422e+00 3.52247446971101e-02 
3.77089106098978e-01 2.27848510018699e+00 3.49406878441569e-02 
3.78718000725755e-01 2.24010195026361e+00 3.46399030015866e-02 
3.80346895352533e-01 2.20163079145132e+00 3.43229748885396e-02 
3.81975789979310e-01 2.16309718475391e+00 3.39905066067806e-02 
3.83604684606088e-01 2.12452658458147e+00 3.36431179236280e-02 
3.85233579232865e-01 2.08594429009530e+00 3.32814435313405e-02 
3.86862473859643e-01 2.04737539761024e+00 3.29061312904300e-02 
3.88491368486420e-01 2.00884475419968e+00 3.25178404642887e-02 
3.90120263113197e-01 1.97037691264059e+00 3.21172399523917e-02 
3.91749157739975e-01 1.93199608782804e+00 3.17050065291720e-02 
3.93378052366752e-01 1.89372611477979e+00 3.12818230954587e-02 
3.95006946993530e-01 1.85559040834236e+00 3.08483769491369e-02 
3.96635841620307e-01 1.81761192470075e+00 3.04053580814122e-02 
3.98264736247085e-01 1.77981312478382e+00 2.99534575047605e-02 
3.99893630873862e-01 1.74221593964782e+00 2.94945562766835e-02 
4.01522525500639e-01 1.70482817796168e+00 2.90305790246946e-02 
4.03151420127417e-01 1.66765436745603e+00 2.85604503957238e-02 
4.04780314754194e-01 1.63071684755741e+00 2.80830451029982e-02 
4.06409209380972e-01 1.59403728311315e+00 2.75991025582183e-02 
4.08038104007749e-01 1.55763663442859e+00 2.71093542701313e-02 
4.09666998634527e-01 1.52153512994923e+00 2.66145222653616e-02 
4.11295893261304e-01 1.48575224161091e+00 2.61153175889654e-02 
4.12924787888082e-01 1.45030666286862e+00 2.56124388881515e-02 
4.14553682514859e-01 1.41521628940287e+00 2.51065710820562e-02 
4.16182577141636e-01 1.38049820249065e+00 2.45983841199157e-02 
4.17811471768414e-01 1.34616865501752e+00 2.40885318294456e-02 
4.19440366395191e-01 1.31224306009623e+00 2.35776508567080e-02 
4.21069261021969e-01 1.27873598224792e+00 2.30663596982466e-02 
4.22698155648746e-01 1.24566113109223e+00 2.25552578257701e-02 
4.24327050275524e-01 1.21303135748433e+00 2.20449249032078e-02 
4.25955944902301e-01 1.18085865202867e+00 2.15359200955087e-02 
4.27584839529079e-01 1.14915414589192e+00 2.10287814681387e-02 
4.29213734155856e-01 1.11792811383122e+00 2.05240254758365e-02 
4.30842628782633e-01 1.08718997934776e+00 2.00221465388252e-02 
4.32471523409411e-01 1.05694832187055e+00 1.95236167043400e-02 
4.34100418036188e-01 1.02721088587082e+00 1.90288853910241e-02 
4.35729312662966e-01 9.97984591803731e-01 1.85383792134719e-02 
4.37358207289743e-01 9.69275548770882e-01 1.80525018839491e-02 
4.38987101916521e-01 9.41089068794789e-01 1.75716341881059e-02 
4.40615996543298e-01 9.13429682594660e-01 1.70961340313105e-02 
4.42244891170076e-01 8.86301156751664e-01 1.66263365520743e-02 
4.43873785796853e-01 8.59706512151345e-01 1.61625542989118e-02 
4.45502680423630e-01 8.33648043590840e-01 1.57050774668733e-02 
4.47131575050408e-01 8.08127340439121e-01 1.52541741899199e-02 
4.48760469677185e-01 7.83145308239540e-01 1.48100908852559e-02 
4.50389364303963e-01 7.58702191145483e-01 1.43730526457104e-02 
4.52018258930740e-01 7.34797595081932e-01 1.39432636762556e-02 
4.53647153557518e-01 7.11430511528075e-01 1.35209077707732e-02 
4.55276048184295e-01 6.88599341818871e-01 1.31061488252115e-02 
4.56904942811073e-01 6.66301921866509e-01 1.26991313833367e-02 
4.58533837437850e-01 6.44535547206087e-01 1.22999812113575e-02 
4.60162732064627e-01 6.23296998273435e-01 1.19088058977842e-02 
4.61791626691405e-01 6.02582565826829e-01 1.15256954749918e-02 
4.63420521318182e-01 5.82388076428405e-01 1.11507230590676e-02 
4.65049415944960e-01 5.62708917905194e-01 1.07839455046474e-02 
4.66678310571737e-01 5.43540064714078e-01 1.04254040715808e-02 
4.68307205198515e-01 5.24876103139271e-01 1.00751251004060e-02 
4.69936099825292e-01 5.06711256255467e-01 9.73312069375940e-03 
4.71564994452070e-01 4.89039408594205e-01 9.39938940100133e-03 
4.73193889078847e-01 4.71854130455573e-01 9.07391690349177e-03 
4.74822783705624e-01 4.55148701811807e-01 8.75667669810994e-03 
4.76451678332402e-01 4.38916135753802e-01 8.44763077676980e-03 
4.78080572959179e-01 4.23149201435962e-01 8.14673029984435e-03 
4.79709467585957e-01 4.07840446479102e-01 7.85391626156979e-03 
4.81338362212734e-01 3.92982218795363e-01 7.56912014565887e-03 
4.82967256839512e-01 3.78566687803196e-01 7.29226456950734e-03 
4.84596151466289e-01 3.64585865004481e-01 7.02326391553055e-03 
4.86225046093066e-01 3.51031623899690e-01 6.76202494831498e-03 
4.87853940719844e-01 3.37895719220750e-01 6.50844741641428e-03 
4.89482835346621e-01 3.25169805464788e-01 6.26242463775885e-03 
4.91111729973399e-01 3.12845454715383e-01 6.02384406778297e-03 
4.92740624600176e-01 3.00914173741171e-01 5.79258784950183e-03 
4.94369519226954e-01 2.89367420364736e-01 5.56853334489483e-03 
4.95998413853731e-01 2.78196619097612e-01 5.35155364706843e-03 
4.97627308480509e-01 2.67393176039966e-01 5.14151807278308e-03 
4.99256203107286e-01 2.56948493046058e-01 4.93830520398588e-03 
5.00885097734063e-01 2.46854102739529e-01 4.74204776957706e-03 
5.02513992360841e-01 2.37103970155418e-01 4.55257049990657e-03 
5.04142886987618e-01 2.27689192002632e-01 4.36950770497672e-03 
5.05771781614396e-01 2.18600941053959e-01 4.19270915475913e-03 
5.07400676241173e-01 2.09830474954363e-01 4.02202414450922e-03 
5.09029570867951e-01 2.01369144403298e-01 3.85730179533650e-03 
5.10658465494728e-01 1.93208400726849e-01 3.69839133693536e-03 
5.12287360121506e-01 1.85339802856330e-01 3.54514237282329e-03 
5.13916254748283e-01 1.77755023730722e-01 3.39740512846984e-03 
5.15545149375060e-01 1.70445856140979e-01 3.25503068273180e-03 
5.17174044001838e-01 1.63404218034708e-01 3.11787118303817e-03 
5.18802938628615e-01 1.56622157300207e-01 2.98578004479266e-03 
5.20431833255393e-01 1.50091856049113e-01 2.85861213548164e-03 
5.22060727882170e-01 1.43805634417190e-01 2.73622394399288e-03 
5.23689622508948e-01 1.37755953902923e-01 2.61847373566361e-03 
5.25318517135725e-01 1.31935420263651e-01 2.50522169358752e-03 
5.26947411762502e-01 1.26336785988986e-01 2.39633004671758e-03 
5.28576306389280e-01 1.20952952371179e-01 2.29166318530686e-03 
5.30205201016057e-01 1.15776971191995e-01 2.19108776423176e-03 
5.31834095642835e-01 1.10802046045434e-01 2.09447279474275e-03 
5.33462990269612e-01 1.06021533315423e-01 2.00168972518526e-03 
5.35091884896390e-01 1.01428942827305e-01 1.91261251122979e-03 
5.36720779523167e-01 9.70179381916343e-02 1.82711767614512e-03 
5.38349674149945e-01 9.27823368583973e-02 1.74508436164036e-03 
5.39978568776722e-01 8.87161098993995e-02 1.66639436979396e-03 
5.41607463403500e-01 8.48133815361160e-02 1.59093219657745e-03 
5.43236358030277e-01 8.10684284298490e-02 1.51858505747071e-03 
5.44865252657054e-01 7.74756787505551e-02 1.44924290565372e-03 
5.46494147283832e-01 7.40297110402086e-02 1.38279844324683e-03 
5.48123041910609e-01 7.07252528860538e-02 1.31914712605822e-03 
5.49751936537387e-01 6.75571794185724e-02 1.25818716228276e-03 
5.51380831164164e-01 6.45205116484587e-02 1.19981950558230e-03 
5.53009725790942e-01 6.16104146563530e-02 1.14394784296192e-03 
5.54638620417719e-01 5.88221956485382e-02 1.09047857784168e-03 
5.56267515044496e-01 5.61513018912574e-02 1.03932080870789e-03 
5.57896409671274e-01 5.35933185357631e-02 9.90386303711954e-04 
5.59525304298051e-01 5.11439663456632e-02 9.43589471569532e-04 
5.61154198924829e-01 4.87990993375900e-02 8.98847329096892e-04 
5.62783093551606e-01 4.65547023456821e-02 8.56079465705658e-04 
5.64411988178384e-01 4.44068885198419e-02 8.15208005161901e-04 
5.66040882805161e-01 4.23518967672115e-02 7.76157564900098e-04 
5.67669777431939e-01 4.03860891458032e-02 7.38855213167459e-04 
5.69298672058716e-01 3.85059482187173e-02 7.03230424259403e-04 
5.70927566685493e-01 3.67080743768969e-02 6.69215032092501e-04 
5.72556461312271e-01 3.49891831378940e-02 6.36743182347028e-04 
5.74185355939048e-01 3.33461024276569e-02 6.05751283397557e-04 
5.75814250565826e-01 3.17757698519050e-02 5.76177956236640e-04 
5.77443145192603e-01 3.02752299632204e-02 5.47963983583671e-04 
5.79072039819381e-01 2.88416315295673e-02 5.21052258358475e-04 
5.80700934446158e-01 2.74722248095464e-02 4.95387731687027e-04 
5.82329829072936e-01 2.61643588393000e-02 4.70917360595059e-04 
5.83958723699713e-01 2.49154787356118e-02 4.47590055534121e-04 
5.85587618326490e-01 2.37231230193823e-02 4.25356627873818e-04 
5.87216512953268e-01 2.25849209633203e-02 4.04169737483666e-04 
5.88845407580045e-01 2.14985899673594e-02 3.83983840518148e-04 
5.90474302206823e-01 2.04619329649939e-02 3.64755137509104e-04 
5.92103196833600e-01 1.94728358634311e-02 3.46441521860621e-04 
5.93732091460378e-01 1.85292650201690e-02 3.29002528833062e-04 
5.95360986087155e-01 1.76292647583420e-02 3.12399285094760e-04 
5.96989880713933e-01 1.67709549229152e-02 2.96594458912210e-04 
5.98618775340710e-01 1.59525284795702e-02 2.81552211042351e-04 
6.00247669967487e-01 1.51722491578928e-02 2.67238146383643e-04 
6.01876564594265e-01 1.44284491402577e-02 2.53619266436186e-04 
6.03505459221042e-01 1.37195267976009e-02 2.40663922615044e-04 
6.05134353847820e-01 1.30439444730808e-02 2.28341770455208e-04 
6.06763248474597e-01 1.24002263144476e-02 2.16623724741306e-04 
6.08392143101375e-01 1.17869561557739e-02 2.05481915590104e-04 
6.10021037728152e-01 1.12027754490427e-02 1.94889645509219e-04 
6.11649932354929e-01 1.06463812459412e-02 1.84821347451073e-04 
6.13278826981707e-01 1.01165242300756e-02 1.75252543877059e-04 
6.14907721608484e-01 9.61200679969419e-03 1.66159806843168e-04 
6.16536616235262e-01 9.13168120088969e-03 1.57520719114813e-04 
6.18165510862039e-01 8.67444771114499e-03 1.49313836315378e-04 
6.19794405488817e-01 8.23925287298690e-03 1.41518650110098e-04 
6.21423300115594e-01 7.82508777742213e-03 1.34115552424135e-04 
6.23052194742372e-01 7.43098639674668e-03 1.27085800691233e-04 
6.24681089369149e-01 7.05602396624439e-03 1.20411484127104e-04 
6.26309983995927e-01 6.69931541422197e-03 1.14075491019591e-04 
6.27938878622704e-01 6.36001383976621e-03 1.08061477025854e-04 
6.29567773249481e-01 6.03730903755329e-03 1.02353834465094e-04 
6.31196667876259e-01 5.73042606899103e-03 9.69376625938564e-05 
6.32825562503036e-01 5.43862387893068e-03 9.17987388496219e-05 
6.34454457129814e-01 5.16119395714647e-03 8.69234910471758e-05 
6.36083351756591e-01 4.89745904374727e-03 8.22989705112346e-05 
6.37712246383369e-01 4.64677187765611e-03 7.79128261278809e-05 
6.39341141010146e-01 4.40851398726799e-03 7.37532792965832e-05 
6.40970035636923e-01 4.18209452237665e-03 6.98090997639000e-05 
6.42598930263701e-01 3.96694912644338e-03 6.60695823194112e-05 
6.44227824890478e-01 3.76253884826827e-03 6.25245243339683e-05 
6.45856719517256e-01 3.56834909211402e-03 5.91642041199764e-05 
6.47485614144033e-01 3.38388860532549e-03 5.59793600931475e-05 
6.49114508770811e-01 3.20868850248407e-03 5.29611707149662e-05 
6.50743403397588e-01 3.04230132513444e-03 5.01012351949707e-05 
6.52372298024366e-01 2.88430013612186e-03 4.73915549318980e-05 
6.54001192651143e-01 2.73427764758154e-03 4.48245156727442e-05 
6.55630087277920e-01 2.59184538162608e-03 4.23928703688361e-05 
6.57258981904698e-01 2.45663286278429e-03 4.00897227081237e-05 
6.58887876531475e-01 2.32828684125285e-03 3.79085113030522e-05 
6.60516771158253e-01 2.20647054603231e-03 3.58429945135638e-05 
6.62145665785030e-01 2.09086296703011e-03 3.38872358850099e-05 
6.63774560411808e-01 1.98115816522610e-03 3.20355901810172e-05 
6.65403455038585e-01 1.87706461000920e-03 3.02826899916425e-05 
6.67032349665363e-01 1.77830454280853e-03 2.86234328974681e-05 
6.68661244292140e-01 1.68461336615787e-03 2.70529691706319e-05 
6.70290138918917e-01 1.59573905734803e-03 2.55666899941439e-05 
6.71919033545695e-01 1.51144160583858e-03 2.41602161812210e-05 
6.73547928172472e-01 1.43149247361770e-03 2.28293873767582e-05 
6.75176822799250e-01 1.35567407771631e-03 2.15702517234629e-05 
6.76805717426027e-01 1.28377929410091e-03 2.03790559755876e-05 
6.78434612052805e-01 1.21561098218771e-03 1.92522360436177e-05 
6.80063506679582e-01 1.15098152923918e-03 1.81864079536979e-05 
6.81692401306360e-01 1.08971241392289e-03 1.71783592060100e-05 
6.83321295933137e-01 1.03163378833104e-03 1.62250405167472e-05 
6.84950190559914e-01 9.76584077778336e-04 1.53235579287639e-05 
6.86579085186692e-01 9.24409597713943e-04 1.44711652764134e-05 
6.88207979813469e-01 8.74964187102763e-04 1.36652569905178e-05 
6.89836874440247e-01 8.28108857649260e-04 1.29033612298425e-05 
6.91465769067024e-01 7.83711458255908e-04 1.21831333258747e-05 
6.93094663693802e-01 7.41646354126522e-04 1.15023495281268e-05 
6.94723558320579e-01 7.01794119942864e-04 1.08589010375995e-05 
6.96352452947356e-01 6.64041246560806e-04 1.02507883164541e-05 
6.97981347574134e-01 6.28279860689954e-04 9.67611566234353e-06 
6.99610242200911e-01 5.94407457038006e-04 9.13337029884874e-06 
7.01239136827689e-01 5.62327242459340e-04 8.62155942666190e-06 
7.02868031454466e-01 5.31948176258900e-04 8.13865032778720e-06 
7.04496926081244e-01 5.03181982974030e-04 7.68235081720551e-06 
7.06125820708021e-01 4.75944844742675e-04 7.25122404845096e-06 
7.07754715334799e-01 4.50157184030034e-04 6.84390879640429e-06 
7.09383609961576e-01 4.25743456450354e-04 6.45911560818602e-06 
7.11012504588354e-01 4.02631953246203e-04 6.09562314126661e-06 
7.12641399215131e-01 3.80754613004498e-04 5.75227468026645e-06 
7.14270293841908e-01 3.60046842205032e-04 5.42797482426891e-06 
7.15899188468686e-01 3.40447344213183e-04 5.12168633680680e-06 
7.17528083095463e-01 3.21897956343867e-04 4.83242715100952e-06 
7.19156977722241e-01 3.04343494638751e-04 4.55926752271257e-06 
7.20785872349018e-01 2.87731606013114e-04 4.30132732463582e-06 
7.22414766975796e-01 2.72012627442722e-04 4.05777347502991e-06 
7.24043661602573e-01 2.57139451874496e-04 3.82781749447288e-06 
7.25672556229350e-01 2.43067400557754e-04 3.61071318477148e-06 
7.27301450856128e-01 2.29754101505367e-04 3.40575442418391e-06 
7.28930345482905e-01 2.17159373806211e-04 3.21227307343331e-06 
7.30559240109683e-01 2.05245117522001e-04 3.02963698722408e-06 
7.32188134736460e-01 1.93975208912795e-04 2.85724812620682e-06 
7.33817029363238e-01 1.83315400746294e-04 2.69454076456229e-06 
7.35445923990015e-01 1.73233227456472e-04 2.54097978859048e-06 
7.37074818616793e-01 1.63697914927123e-04 2.39605908189816e-06 
7.38703713243570e-01 1.54680294685538e-04 2.25929999297726e-06 
7.40332607870347e-01 1.46152722300831e-04 2.13024988115763e-06 
7.41961502497125e-01 1.38088999790351e-04 2.00848073710053e-06 
7.43590397123902e-01 1.30464301846210e-04 1.89358787417544e-06 
7.45219291750680e-01 1.23255105702179e-04 1.78518868723077e-06 
7.46848186377457e-01 1.16439124469158e-04 1.68292147543086e-06 
7.48477081004235e-01 1.09995243775012e-04 1.58644432598626e-06 
7.50105975631012e-01 1.03903461551869e-04 1.49543405575221e-06 
7.51734870257790e-01 9.81448308209949e-05 1.40958520781253e-06 
7.53363764884567e-01 9.27014053320687e-05 1.32860910030134e-06 
7.54992659511344e-01 8.75561879201495e-05 1.25223292484550e-06 
7.56621554138122e-01 8.26930814497896e-05 1.18019889213442e-06 
7.58250448764899e-01 7.80968422216922e-05 1.11226342224308e-06 
7.59879343391677e-01 7.37530357229825e-05 1.04819637744757e-06 
7.61508238018454e-01 6.96479946076088e-05 9.87780335380995e-07 
7.63137132645232e-01 6.57687787985997e-05 9.30809900481305e-07 
7.64766027272009e-01 6.21031376088970e-05 8.77091051781946e-07 
7.66394921898787e-01 5.86394737822608e-05 8.26440525190532e-07 
7.68023816525564e-01 5.53668093603186e-05 7.78685228491374e-07 
7.69652711152341e-01 5.22747532862046e-05 7.33661687393736e-07 
7.71281605779119e-01 4.93534706594233e-05 6.91215521030112e-07 
7.72910500405896e-01 4.65936535605750e-05 6.51200945387312e-07 
7.74539395032674e-01 4.39864933684101e-05 6.13480303228030e-07 
7.76168289659451e-01 4.15236544953364e-05 5.77923619131937e-07 
7.77797184286229e-01 3.91972494710084e-05 5.44408178353519e-07 
7.79426078913006e-01 3.69998153069612e-05 5.12818128258711e-07 
7.81054973539783e-01 3.49242910784557e-05 4.83044101164262e-07 
7.82683868166561e-01 3.29639966627427e-05 4.54982857462690e-07 
7.84312762793338e-01 3.11126125758748e-05 4.28536947971782e-07 
7.85941657420116e-01 2.93641608529705e-05 4.03614394501128e-07 
7.87570552046893e-01 2.77129869194946e-05 3.80128387679035e-07 
7.89199446673671e-01 2.61537424036509e-05 3.57997001131598e-07 
7.90828341300448e-01 2.46813688424015e-05 3.37142921151923e-07 
7.92457235927226e-01 2.32910822359370e-05 3.17493191041328e-07 
7.94086130554003e-01 2.19783584076183e-05 2.98978969346102e-07 
7.95715025180781e-01 2.07389191285144e-05 2.81535301253227e-07 
7.97343919807558e-01 1.95687189676598e-05 2.65100902446135e-07 
7.98972814434335e-01 1.84639328310625e-05 2.49617954757612e-07 
8.00601709061113e-01 1.74209441543160e-05 2.35038435194002e-07 
8.02230603687890e-01 1.64363432569226e-05 2.21310630843198e-07 
8.03859498314668e-01 1.55068972268945e-05 2.08379172699156e-07 
8.05488392941445e-01 1.46295484842295e-05 1.96197442685296e-07 
8.07117287568223e-01 1.38014068682990e-05 1.84722372606006e-07 
8.08746182195000e-01 1.30197406056623e-05 1.73913341266894e-07 
8.10375076821777e-01 1.22819677564252e-05 1.63732037276838e-07 
8.12003971448555e-01 1.15856481143546e-05 1.54142329418365e-07 
8.13632866075332e-01 1.09284755372071e-05 1.45110144177233e-07 
8.15261760702110e-01 1.03082706849163e-05 1.36603350043685e-07 
8.16890655328887e-01 9.72297414441485e-06 1.28591648218249e-07 
8.18519549955665e-01 9.17063992093926e-06 1.21046469374387e-07 
8.20148444582442e-01 8.64942927669066e-06 1.13940876148711e-07 
8.21777339209220e-01 8.15760489869370e-06 1.07249471046947e-07 
8.23406233835997e-01 7.69352537862233e-06 1.00948309470402e-07 
8.25035128462774e-01 7.25563998823908e-06 9.50148175834125e-08 
8.26664023089552e-01 6.84248373493034e-06 8.94277147571707e-08 
8.28292917716329e-01 6.45267268261440e-06 8.41669403394268e-08 
8.29921812343107e-01 6.08489952405381e-06 7.92135845130181e-08 
8.31550706969884e-01 5.73792939132136e-06 7.45498230188356e-08 
8.33179601596662e-01 5.41059589185041e-06 7.01588555309203e-08 
8.34808496223439e-01 5.10179735814840e-06 6.60248474827803e-08 
8.36437390850217e-01 4.81049329986740e-06 6.21328751548371e-08 
8.38066285476994e-01 4.53570104751056e-06 5.84688738431745e-08 
8.39695180103771e-01 4.27649257760811e-06 5.50195889394720e-08 
8.41324074730549e-01 4.03199150972429e-06 5.17725297612029e-08 
8.42952969357326e-01 3.80137026615698e-06 4.87159259799028e-08 
8.44581863984104e-01 3.58384738566748e-06 4.58386865035729e-08 
8.46210758610881e-01 3.37868498302921e-06 4.31303606770962e-08 
8.47839653237659e-01 3.18518634661263e-06 4.05811016719566e-08 
8.49468547864436e-01 3.00269366663042e-06 3.81816319435655e-08 
8.51097442491214e-01 2.83058588705305e-06 3.59232106411363e-08 
8.52726337117991e-01 2.66827667457117e-06 3.37976028613342e-08 
8.54355231744768e-01 2.51521249832900e-06 3.17970506428841e-08 
8.55984126371546e-01 2.37087081448276e-06 2.99142456049466e-08 
8.57613020998323e-01 2.23475834995106e-06 2.81423031374054e-08 
8.59241915625101e-01 2.10640948002121e-06 2.64747380562538e-08 
8.60870810251878e-01 1.98538469475686e-06 2.49054416420439e-08 
8.62499704878656e-01 1.87126914941970e-06 2.34286599838749e-08 
8.64128599505433e-01 1.76367129437111e-06 2.20389735556747e-08 
8.65757494132210e-01 1.66222158015992e-06 2.07312779555688e-08 
8.67386388758988e-01 1.56657123373037e-06 1.95007657429557e-08 
8.69015283385765e-01 1.47639110190015e-06 1.83429093115263e-08 
8.70644178012543e-01 1.39137055846329e-06 1.72534447398827e-08 
8.72273072639320e-01 1.31121647146674e-06 1.62283565646509e-08 
8.73901967266098e-01 1.23565222739350e-06 1.52638634240374e-08 
8.75530861892875e-01 1.16441680915951e-06 1.43564045226746e-08 
8.77159756519653e-01 1.09726392499689e-06 1.35026268713339e-08 
8.78788651146430e-01 1.03396118545261e-06 1.26993732576720e-08 
8.80417545773207e-01 9.74289325880188e-07 1.19436709066174e-08 
8.82046440399985e-01 9.18041471942749e-07 1.12327207913180e-08 
8.83675335026762e-01 8.65022445778684e-07 1.05638875577499e-08 
8.85304229653540e-01 8.15048110607788e-07 9.93469002815640e-09 
8.86933124280317e-01 7.67944751675034e-07 9.34279225043184e-09 
8.88562018907095e-01 7.23548491542520e-07 8.78599506240938e-09 
8.90190913533872e-01 6.81704737847403e-07 8.26222814175499e-09 
8.91819808160650e-01 6.42267661745200e-07 7.76954251381247e-09 
8.93448702787427e-01 6.05099705354079e-07 7.30610349130001e-09 
8.95077597414204e-01 5.70071116606858e-07 6.87018402122710e-09 
8.96706492040982e-01 5.37059510003717e-07 6.46015841578780e-09 
8.98335386667759e-01 5.05949451840291e-07 6.07449644529631e-09 
8.99964281294537e-01 4.76632068563154e-07 5.71175777246771e-09 
9.01593175921314e-01 4.49004676977926e-07 5.37058670851709e-09 
9.03222070548092e-01 4.22970435104497e-07 5.04970727265211e-09 
9.04850965174869e-01 3.98438012539501e-07 4.74791853757734e-09 
9.06479859801647e-01 3.75321279248229e-07 4.46409024461288e-09 
9.08108754428424e-01 3.53539011766945e-07 4.19715867295836e-09 
9.09737649055201e-01 3.33014615852157e-07 3.94612274851130e-09 
9.11366543681979e-01 3.13675864666049e-07 3.71004037847670e-09 
9.12995438308756e-01 2.95454651637038e-07 3.48802499878694e-09 
9.14624332935534e-01 2.78286757181549e-07 3.27924232208867e-09 
9.16253227562311e-01 2.62111628517684e-07 3.08290727475052e-09 
9.17882122189089e-01 2.46872171843615e-07 2.89828111200254e-09 
9.19511016815866e-01 2.32514556193421e-07 2.72466870093931e-09 
9.21139911442644e-01 2.18988028320866e-07 2.56141596170407e-09 
9.22768806069421e-01 2.06244737997241e-07 2.40790745772391e-09 
9.24397700696198e-01 1.94239573143235e-07 2.26356412638774e-09 
9.26026595322976e-01 1.82930004246656e-07 2.12784114205063e-09 
9.27655489949753e-01 1.72275937548087e-07 2.00022590371299e-09 
9.29284384576531e-01 1.62239576505070e-07 1.88023614016040e-09 
9.30913279203308e-01 1.52785291072453e-07 1.76741812576376e-09 
9.32542173830086e-01 1.43879494362036e-07 1.66134500052920e-09 
9.34171068456863e-01 1.35490526268836e-07 1.56161518835484e-09 
9.35799963083640e-01 1.27588543674079e-07 1.46785090779873e-09 
9.37428857710418e-01 1.20145416856640e-07 1.37969676998925e-09 
9.39057752337195e-01 1.13134631765030e-07 1.29681845861819e-09 
9.40686646963973e-01 1.06531197821336e-07 1.21890148724761e-09 
9.42315541590750e-01 1.00311560946736e-07 1.14565002943638e-09 
9.43944436217528e-01 9.44535215154510e-08 1.07678581745097e-09 
9.45573330844305e-01 8.89361569602785e-08 1.01204710556933e-09 
9.47202225471083e-01 8.37397487682558e-08 9.51187694217113e-10 
9.48831120097860e-01 7.88457136195326e-08 8.93976011392091e-10 
9.50460014724637e-01 7.42365384362961e-08 8.40194248037926e-10 
9.52088909351415e-01 6.98957191215760e-08 7.89637544220947e-10 
9.53717803978192e-01 6.58077027800341e-08 7.42113223145814e-10 
9.55346698604970e-01 6.19578332244447e-08 6.97440070217304e-10 
9.56975593231747e-01 5.83322995825315e-08 6.55447654517286e-10 
9.58604487858525e-01 5.49180878291787e-08 6.15975690218338e-10 
9.60233382485302e-01 5.17029350788240e-08 5.78873435599043e-10 
9.61862277112080e-01 4.86752864820747e-08 5.43999127461637e-10 
9.63491171738857e-01 4.58242545793254e-08 5.11219448880121e-10 
9.65120066365634e-01 4.31395809724011e-08 4.80409028327371e-10 
9.66748960992412e-01 4.06116001830371e-08 4.51449968343181e-10 
9.68377855619189e-01 3.82312055743701e-08 4.24231402011978e-10 
9.70006750245967e-01 3.59898172185606e-08 3.98649075619633e-10 
9.71635644872744e-01 3.38793516002325e-08 3.74604955953812e-10 
9.73264539499522e-01 3.18921930516149e-08 3.52006860801579e-10 
9.74893434126299e-01 3.00211668211241e-08 3.30768111282301e-10 
9.76522328753077e-01 2.82595136826535e-08 3.10807204733326e-10 
9.78151223379854e-01 2.66008659980581e-08 2.92047506940626e-10 
9.79780118006631e-01 2.50392251502515e-08 2.74416962577156e-10 
9.81409012633409e-01 2.35689402689865e-08 2.57847822778015e-10 
9.83037907260186e-01 2.21846881757840e-08 2.42276388844094e-10 
9.84666801886964e-01 2.08814544786282e-08 2.27642771124790e-10 
9.86295696513741e-01 1.96545157509582e-08 2.13890662185928e-10 
9.87924591140519e-01 1.84994227331880e-08 2.00967123421240e-10 
9.89553485767296e-01 1.74119844984771e-08 1.88822384315116e-10 
9.91182380394073e-01 1.63882535277685e-08 1.77409653610644e-10 
9.92811275020851e-01 1.54245116422242e-08 1.66684941680706e-10 
9.94440169647628e-01 1.45172567441229e-08 1.56606893441057e-10 
9.96069064274406e-01 1.36631903200568e-08 1.47136631183048e-10 
9.97697958901183e-01 1.28592056628820e-08 1.38237606740198e-10 
9.99326853527961e-01 1.21023767713441e-08 1.29877835624057e-10 
1.00095574815474e+00 1.13899499198391e-08 1.22048020445614e-10 
1.00258464278152e+00 1.07193493505825e-08 1.14711008034310e-10 
1.00421353740829e+00 1.00881266788734e-08 1.07814075266568e-10 
1.00584243203507e+00 9.49397637556651e-09 1.01330891706989e-10 
1.00747132666185e+00 8.93472746191380e-09 9.52366979176680e-11 
1.00910022128863e+00 8.40833568530539e-09 8.95082120163213e-11 
1.01072911591540e+00 7.91287614819005e-09 8.41235417729289e-11 
1.01235801054218e+00 7.44653636404334e-09 7.90621019178780e-11 
1.01398690516896e+00 7.00760971575145e-09 7.43045363538475e-11 
1.01561579979574e+00 6.59448929319228e-09 6.98326449817505e-11 
1.01724469442251e+00 6.20566208812872e-09 6.56293148680975e-11 
1.01887358904929e+00 5.83970352578555e-09 6.16784554971845e-11 
1.02050248367607e+00 5.49527231366694e-09 5.79649378666040e-11 
1.02213137830284e+00 5.17110558928872e-09 5.44745371988002e-11 
1.02376027292962e+00 4.86601434955329e-09 5.11938790547725e-11 
1.02538916755640e+00 4.57887914548814e-09 4.81103886486285e-11 
1.02701806218318e+00 4.30864602700576e-09 4.52122431735503e-11 
1.02864695680995e+00 4.05432272322535e-09 4.24883269609053e-11 
1.03027585143673e+00 3.81497504472925e-09 3.99281893047354e-11 
1.03190474606351e+00 3.58972349491157e-09 3.75220047937649e-11 
1.03353364069029e+00 3.37774007831644e-09 3.52605360023656e-11 
1.03516253531706e+00 3.17824529456050e-09 3.31350984006929e-11 
1.03679142994384e+00 2.99050530709172e-09 3.11375273524571e-11 
1.03842032457062e+00 2.81382927665609e-09 2.92601470765550e-11 
1.04004921919740e+00 2.64756684992833e-09 2.74957414561008e-11 
1.04167811382417e+00 2.49110579431278e-09 2.58375265852755e-11 
1.04330700845095e+00 2.34386977044015e-09 2.42791249508852e-11 
1.04493590307773e+00 2.20531623437466e-09 2.28145411516168e-11 
1.04656479770451e+00 2.07493446200737e-09 2.14381390637139e-11 
1.04819369233128e+00 1.95224368854603e-09 2.01446203671936e-11 
1.04982258695806e+00 1.83679135642146e-09 1.89290043518037e-11 
1.05145148158484e+00 1.72815146531644e-09 1.77866089267026e-11 
1.05308037621162e+00 1.62592301838700e-09 1.67130327623428e-11 
1.05470927083839e+00 1.52972855908903e-09 1.57041384972723e-11 
1.05633816546517e+00 1.43921279334598e-09 1.47560369465518e-11 
1.05796706009195e+00 1.35404129209850e-09 1.38650722522362e-11 
1.05959595471873e+00 1.27389926956335e-09 1.30278079198982e-11 
1.06122484934550e+00 1.19849043279989e-09 1.22410136884877e-11 
1.06285374397228e+00 1.12753589843704e-09 1.15016531839496e-11 
1.06448263859906e+00 1.06077317265395e-09 1.08068723099572e-11 
1.06611153322584e+00 9.97955190734025e-10 1.01539883318902e-11 
1.06774042785261e+00 9.38849412725079e-10 9.54047961278240e-12 
1.06936932247939e+00 8.83236971939601e-10 8.96397596241806e-12 
1.07099821710617e+00 8.30911873218342e-10 8.42224956305763e-12 
1.07262711173295e+00 7.81680238058989e-10 7.91320643744135e-12 
1.07425600635972e+00 7.35359593879795e-10 7.43487842675958e-12 
1.07588490098650e+00 6.91778204846491e-10 6.98541564819705e-12 
1.07751379561328e+00 6.50774441840103e-10 6.56307940346408e-12 
1.07914269024006e+00 6.12196189283900e-10 6.16623551142608e-12 
1.08077158486683e+00 5.75900286680292e-10 5.79334803954064e-12 
1.08240047949361e+00 5.41752002833283e-10 5.44297341031524e-12 
1.08402937412039e+00 5.09624540849764e-10 5.11375486041252e-12 
1.08565826874717e+00 4.79398572123735e-10 4.80441723136043e-12 
1.08728716337394e+00 4.50961797611957e-10 4.51376207207733e-12 
1.08891605800072e+00 4.24208534807907e-10 4.24066303459813e-12 
1.09054495262750e+00 3.99039328913559e-10 3.98406154549624e-12 
1.09217384725428e+00 3.75360586795834e-10 3.74296273653777e-12 
1.09380274188105e+00 3.53084232396790e-10 3.51643161908463e-12 
1.09543163650783e+00 3.32127382344080e-10 3.30358948768500e-12 
1.09706053113461e+00 3.12412040581223e-10 3.10361053915740e-12 
1.09868942576138e+00 2.93864810905942e-10 2.91571869428990e-12 
1.10031832038816e+00 2.76416626369604e-10 2.73918461004353e-12 
1.10194721501494e+00 2.60002494551798e-10 2.57332287087100e-12 
1.10357610964172e+00 2.44561257781534e-10 2.41748934844039e-12 
1.10520500426849e+00 2.30035367430678e-10 2.27107871969237e-12 
1.10683389889527e+00 2.16370671456234e-10 2.13352213375972e-12 
1.10846279352205e+00 2.03516214416068e-10 2.00428501884344e-12 
1.11009168814883e+00 1.91424049227937e-10 1.88286502067048e-12 
1.11172058277560e+00 1.80049059984266e-10 1.76879006465817e-12 
1.11334947740238e+00 1.69348795175234e-10 1.66161653438038e-12 
1.11497837202916e+00 1.59283310710550e-10 1.56092755937243e-12 
1.11660726665594e+00 1.49815022165854e-10 1.46633140572760e-12 
1.11823616128271e+00 1.40908565713243e-10 1.37745996332899e-12 
1.11986505590949e+00 1.32530667226948e-10 1.29396732392826e-12 
1.12149395053627e+00 1.24650019084971e-10 1.21552844462832e-12 
1.12312284516305e+00 1.17237164215451e-10 1.14183789165289e-12 
1.12475173978982e+00 1.10264386962923e-10 1.07260865959083e-12 
1.12638063441660e+00 1.03705610374479e-10 1.00757106159160e-12 
1.12800952904338e+00 9.75362995291930e-11 9.46471686258005e-13 
1.12963842367016e+00 9.17333705562454e-11 8.89072417237157e-13 
1.13126731829693e+00 8.62751050078829e-11 8.35149511749550e-13 
1.13289621292371e+00 8.11410692729136e-11 7.84492734521189e-13 
1.13452510755049e+00 7.63120387348127e-11 7.36904543795164e-13 
1.13615400217727e+00 7.17699263958419e-11 6.92199326297884e-13 
1.13778289680404e+00 6.74977157048985e-11 6.50202678222325e-13 
1.13941179143082e+00 6.34793973421636e-11 6.10750729466433e-13 
1.14104068605760e+00 5.96999097280853e-11 5.73689508530126e-13 
1.14266958068438e+00 5.61450830378496e-11 5.38874345629972e-13 
1.14429847531115e+00 5.28015865153142e-11 5.06169311736646e-13 
1.14592736993793e+00 4.96568788924537e-11 4.75446691377844e-13 
1.14755626456471e+00 4.66991617317366e-11 4.46586487178595e-13 
1.14918515919149e+00 4.39173355195529e-11 4.19475954232327e-13 
1.15081405381826e+00 4.13009583488965e-11 3.94009162510434e-13 
1.15244294844504e+00 3.88402070389902e-11 3.70086585625463e-13 
1.15407184307182e+00 3.65258405484800e-11 3.47614714364053e-13 
1.15570073769860e+00 3.43491655472354e-11 3.26505693500771e-13 
1.15732963232537e+00 3.23020040197118e-11 3.06676980493231e-13 
1.15895852695215e+00 3.03766627802913e-11 2.88051024742841e-13 
1.16058742157893e+00 2.85659047880337e-11 2.70554966184487e-13 
1.16221631620570e+00 2.68629221548829e-11 2.54120352042646e-13 
1.16384521083248e+00 2.52613107475948e-11 2.38682870661159e-13 
1.16547410545926e+00 2.37550462895103e-11 2.24182101379514e-13 
1.16710300008604e+00 2.23384618738135e-11 2.10561279490135e-13 
1.16873189471281e+00 2.10062268051063e-11 1.97767075369149e-13 
1.17036078933959e+00 1.97533266910187e-11 1.85749386927584e-13 
1.17198968396637e+00 1.85750447101749e-11 1.74461144581203e-13 
1.17361857859315e+00 1.74669439871684e-11 1.63858127985304e-13 
1.17524747321992e+00 1.64248510092747e-11 1.53898793826146e-13 
1.17687636784670e+00 1.54448400234716e-11 1.44544114003170e-13 
1.17850526247348e+00 1.45232183559483e-11 1.35757423576222e-13 
1.18013415710026e+00 1.36565125996868e-11 1.27504277889597e-13 
1.18176305172703e+00 1.28414556189018e-11 1.19752318320070e-13 
1.18339194635381e+00 1.20749743221384e-11 1.12471146129316e-13 
1.18502084098059e+00 1.13541781586644e-11 1.05632203932373e-13 
1.18664973560737e+00 1.06763482954645e-11 9.92086643231662e-14 
1.18827863023414e+00 1.00389274346583e-11 9.31753252257003e-14 
1.18990752486092e+00 9.43951023352823e-12 8.75085115655083e-14 
1.19153641948770e+00 8.87583429157403e-12 8.21859828803098e-14 
1.19316531411448e+00 8.34577167110288e-12 7.71868465117690e-14 
1.19479420874125e+00 7.84732091984065e-12 7.24914760417965e-14 
1.19642310336803e+00 7.37859956590527e-12 6.80814346570876e-14 
1.19805199799481e+00 6.93783705723188e-12 6.39394031446365e-14 
1.19968089262159e+00 6.52336811918465e-12 6.00489835238741e-14 
1.20130978724836e+00 6.13362642921083e-12 5.63946405057358e-14 
1.20293868187514e+00 5.76713874177042e-12 5.29622027628889e-14 
1.20456757650192e+00 5.42251962342576e-12 4.97384686775572e-14 
1.20619647112870e+00 5.09846605200203e-12 4.67107623921455e-14 
1.20782536575547e+00 4.79375252285558e-12 4.38671769971917e-14 
1.20945426038225e+00 4.50722644519649e-12 4.11965279474367e-14 
1.21108315500903e+00 4.23780381130870e-12 3.86883092958575e-14 
1.21271204963581e+00 3.98446512252401e-12 3.63326525754744e-14 
1.21434094426258e+00 3.74625155675866e-12 3.41202881690066e-14 
1.21596983888936e+00 3.52226136331838e-12 3.20425090160891e-14 
1.21759873351614e+00 3.31164647152161e-12 3.00911365168293e-14 
1.21922762814292e+00 3.11360930048494e-12 2.82584884989966e-14 
1.22085652276969e+00 2.92739975816215e-12 2.65373491241443e-14 
1.22248541739647e+00 2.75231241843199e-12 2.49209406154815e-14 
1.22411431202325e+00 2.58768386569137e-12 2.34028966973893e-14 
1.22574320665003e+00 2.43289019703408e-12 2.19772376431120e-14 
1.22737210127680e+00 2.28734467268107e-12 2.06383468334024e-14 
1.22900099590358e+00 2.15049550588007e-12 1.93809487347664e-14 
1.23062989053036e+00 2.02182378401164e-12 1.82000882114664e-14 
1.23225878515713e+00 1.90084151312703e-12 1.70911110906244e-14 
1.23388767978391e+00 1.78708977860320e-12 1.60496459046366e-14 
1.23551657441069e+00 1.68013701503259e-12 1.50715867396864e-14 
1.23714546903747e+00 1.57957737887281e-12 1.41530771234441e-14 
1.23877436366424e+00 1.48502921776387e-12 1.32904948890828e-14 
1.24040325829102e+00 1.39613363078156e-12 1.24804379565348e-14 
1.24203215291780e+00 1.31255311423423e-12 1.17197109754865e-14 
1.24366104754458e+00 1.23397028792995e-12 1.10053127779591e-14 
1.24528994217135e+00 1.16008669714055e-12 1.03344245914748e-14 
1.24691883679813e+00 1.09062168577251e-12 9.70439896676893e-15 
1.24854773142491e+00 1.02531133651956e-12 9.11274937679298e-15 
1.25017662605169e+00 9.63907474022945e-13 8.55714044636445e-15 
1.25180552067846e+00 9.06176727299841e-13 8.03537877427936e-15 
1.25343441530524e+00 8.51899647922557e-13 7.54540431201022e-15 
1.25506330993202e+00 8.00869880639077e-13 7.08528226528232e-15 
1.25669220455880e+00 7.52893383321786e-13 6.65319548685890e-15 
1.25832109918557e+00 7.07787693315599e-13 6.24743733078105e-15 
1.25994999381235e+00 6.65381237430321e-13 5.86640494010827e-15 
1.26157888843913e+00 6.25512682985319e-13 5.50859294189619e-15 
1.26320778306591e+00 5.88030327468251e-13 5.17258752473664e-15 
1.26483667769268e+00 5.52791524514141e-13 4.85706087567825e-15 
1.26646557231946e+00 5.19662144047087e-13 4.56076595474929e-15 
1.26809446694624e+00 4.88516064554820e-13 4.28253158662040e-15 
1.26972336157302e+00 4.59234695586749e-13 4.02125785018514e-15 
1.27135225619979e+00 4.31706528679340e-13 3.77591174799922e-15 
1.27298115082657e+00 4.05826715019247e-13 3.54552313861171e-15 
1.27461004545335e+00 3.81496668254848e-13 3.32918091584965e-15 
1.27623894008013e+00 3.58623690961152e-13 3.12602942008174e-15 
1.27786783470690e+00 3.37120623351747e-13 2.93526506739417e-15 
1.27949672933368e+00 3.16905512914940e-13 2.75613318346277e-15 
1.28112562396046e+00 2.97901303729754e-13 2.58792502970675e-15 
1.28275451858724e+00 2.80035544291322e-13 2.42997501006076e-15 
1.28438341321401e+00 2.63240112744702e-13 2.28165804740859e-15 
1.28601230784079e+00 2.47450958491519e-13 2.14238711938590e-15 
1.28764120246757e+00 2.32607859195340e-13 2.01161094388250e-15 
1.28927009709435e+00 2.18654192269533e-13 1.88881180516083e-15 
1.29089899172112e+00 2.05536719985806e-13 1.77350351205791e-15 
1.29252788634790e+00 1.93205387392792e-13 1.66522948025459e-15 
1.29415678097468e+00 1.81613132282237e-13 1.56356093108249e-15 
1.29578567560146e+00 1.70715706485627e-13 1.46809519979473e-15 
1.29741457022823e+00 1.60471507826734e-13 1.37845414665595e-15 
1.29904346485501e+00 1.50841422095631e-13 1.29428266460954e-15 
1.30067235948179e+00 1.41788674447447e-13 1.21524727765865e-15 
1.30230125410857e+00 1.33278689664609e-13 1.14103482445314e-15 
1.30393014873534e+00 1.25278960754683e-13 1.07135122190840e-15 
1.30555904336212e+00 1.17758925387317e-13 1.00592030399603e-15 
1.30718793798890e+00 1.10689849703313e-13 9.44482731140994e-16 
1.30881683261567e+00 1.04044719056628e-13 8.86794965936807e-16 
1.31044572724245e+00 9.77981352762316e-14 8.32628311150506e-16 
1.31207462186923e+00 9.19262200593181e-14 7.81768006233459e-16 
1.31370351649601e+00 8.64065241304792e-14 7.34012378783796e-16 
1.31533241112278e+00 8.12179418231956e-14 6.89172047621733e-16 
1.31696130574956e+00 7.63406307604443e-14 6.47069174341836e-16 
1.31859020037634e+00 7.17559363304601e-14 6.07536760396460e-16 
1.32021909500312e+00 6.74463206717776e-14 5.70417986943463e-16 
1.32184798962989e+00 6.33952958986987e-14 5.35565594859232e-16 
1.32347688425667e+00 5.95873613143356e-14 5.02841302475791e-16 
1.32510577888345e+00 5.60079443734333e-14 4.72115258749009e-16 
1.32673467351023e+00 5.26433451713353e-14 4.43265529704115e-16 
1.32836356813700e+00 4.94806842487737e-14 4.16177616135530e-16 
1.32999246276378e+00 4.65078535146917e-14 3.90744000660841e-16 
1.33162135739056e+00 4.37134701010851e-14 3.66863722344134e-16 
1.33325025201734e+00 4.10868329749338e-14 3.44441977212352e-16 
1.33487914664411e+00 3.86178821427119e-14 3.23389743090088e-16 
1.33650804127089e+00 3.62971602927696e-14 3.03623427273934e-16 
1.33813693589767e+00 3.41157767300959e-14 2.85064535657300e-16 
1.33976583052445e+00 3.20653734666454e-14 2.67639362001028e-16 
1.34139472515122e+00 3.01380933385613e-14 2.51278696124397e-16 
1.34302361977800e+00 2.83265500293003e-14 2.35917549865562e-16 
1.34465251440478e+00 2.66237998848760e-14 2.21494899730423e-16 
1.34628140903156e+00 2.50233154142200e-14 2.07953445214596e-16 
1.34791030365833e+00 2.35189603740409e-14 1.95239381844883e-16 
1.34953919828511e+00 2.21049663435601e-14 1.83302188044591e-16 
1.35116809291189e+00 2.07759107001467e-14 1.72094424981482e-16 
1.35279698753867e+00 1.95266959121798e-14 1.61571548608303e-16 
1.35442588216544e+00 1.83525300704571e-14 1.51691733153832e-16 
1.35605477679222e+00 1.72489085841624e-14 1.42415705367527e-16 
1.35768367141900e+00 1.62115969718189e-14 1.33706588863235e-16 
1.35931256604578e+00 1.52366146818037e-14 1.25529757947190e-16 
1.36094146067255e+00 1.43202198809063e-14 1.17852700352954e-16 
1.36257035529933e+00 1.34588951530816e-14 1.10644888341040e-16 
1.36419924992611e+00 1.26493340540020e-14 1.03877657653944e-16 
1.36582814455289e+00 1.18884284702587e-14 9.75240938482838e-17 
1.36745703917966e+00 1.11732567351169e-14 9.15589255548600e-17 
1.36908593380644e+00 1.05010724555981e-14 8.59584242447365e-17 
1.37071482843322e+00 9.86929400836627e-15 8.07003101051482e-17 
1.37234372306000e+00 9.27549466442954e-15 7.57636636531252e-17 
1.37397261768677e+00 8.71739330506048e-15 7.11288427373645e-17 
1.37560151231355e+00 8.19284569358028e-15 6.67774046001553e-17 
1.37723040694033e+00 7.69983626976547e-15 6.26920326911266e-17 
1.37885930156710e+00 7.23647043562030e-15 5.88564679433476e-17 
1.38048819619388e+00 6.80096730312516e-15 5.52554442399288e-17 
1.38211709082066e+00 6.39165287632710e-15 5.18746278158164e-17 
1.38374598544744e+00 6.00695364178933e-15 4.87005603550164e-17 
1.38537488007421e+00 5.64539054296907e-15 4.57206055580745e-17 
1.38700377470099e+00 5.30557331555297e-15 4.29228989683523e-17 
1.38863266932777e+00 4.98619516215173e-15 4.02963008585098e-17 
1.39026156395455e+00 4.68602774604665e-15 3.78303519906949e-17 
1.39189045858132e+00 4.40391648489443e-15 3.55152320753013e-17 
1.39351935320810e+00 4.13877612643763e-15 3.33417207638153e-17 
1.39514824783488e+00 3.88958658934171e-15 3.13011610212890e-17 
1.39677714246166e+00 3.65538905328837e-15 2.93854247333894e-17 
1.39840603708843e+00 3.43528228340383e-15 2.75868804118013e-17 
1.40003493171521e+00 3.22841917499294e-15 2.58983628700598e-17 
1.40166382634199e+00 3.03400350538890e-15 2.43131447496831e-17 
1.40329272096877e+00 2.85128688051696e-15 2.28249097837921e-17 
1.40492161559554e+00 2.67956586451251e-15 2.14277276922747e-17 
1.40655051022232e+00 2.51817928143118e-15 2.01160306090091e-17 
1.40817940484910e+00 2.36650567874418e-15 1.88845909477203e-17 
1.40980829947588e+00 2.22396094292890e-15 1.77285006187381e-17 
1.41143719410265e+00 2.08999605804446e-15 1.66431515142674e-17 
1.41306608872943e+00 1.96409499872670e-15 1.56242171848056e-17 
1.41469498335621e+00 1.84577274955012e-15 1.46676356340551e-17 
1.41632387798299e+00 1.73457344318567e-15 1.37695931641055e-17 
1.41795277260976e+00 1.63006861023661e-15 1.29265092068213e-17 
1.41958166723654e+00 1.53185553406069e-15 1.21350220812725e-17 
1.42121056186332e+00 1.43955570428728e-15 1.13919756207137e-17 
1.42283945649010e+00 1.35281336311474e-15 1.06944066160628e-17 
1.42446835111687e+00 1.27129413882750e-15 1.00395330260608e-17 
1.42609724574365e+00 1.19468376130503e-15 9.42474290733618e-18 
1.42772614037043e+00 1.12268685460791e-15 8.84758402044344e-18 
1.42935503499721e+00 1.05502580202077e-15 8.30575407062933e-18 
1.43098392962398e+00 9.91439679208036e-16 7.79709154459176e-18 
1.43261282425076e+00 9.31683251399041e-16 7.31956710685958e-18 
1.43424171887754e+00 8.75526030763348e-16 6.87127552163932e-18 
1.43587061350432e+00 8.22751390367132e-16 6.45042806805822e-18 
1.43749950813109e+00 7.73155731317685e-16 6.05534541868809e-18 
1.43912840275787e+00 7.26547699906337e-16 5.68445095307162e-18 
1.44075729738465e+00 6.82747451751163e-16 5.33626447969788e-18 
1.44238619201142e+00 6.41585960120506e-16 5.00939634149283e-18 
1.44401508663820e+00 6.02904365787264e-16 4.70254188141230e-18 
1.44564398126498e+00 5.66553365922650e-16 4.41447624615278e-18 
1.44727287589176e+00 5.32392639687441e-16 4.14404950733646e-18 
1.44890177051853e+00 5.00290308319101e-16 3.89018208078686e-18 
1.45053066514531e+00 4.70122427645067e-16 3.65186042569377e-18 
1.45215955977209e+00 4.41772511076597e-16 3.42813300657652e-18 
1.45378845439887e+00 4.15131081254139e-16 3.21810650199838e-18 
1.45541734902564e+00 3.90095248624890e-16 3.02094224496289e-18 
1.45704624365242e+00 3.66568315336221e-16 2.83585288084373e-18 
1.45867513827920e+00 3.44459402925600e-16 2.66209922956223e-18 
1.46030403290598e+00 3.23683102378716e-16 2.49898733953813e-18 
1.46193292753275e+00 3.04159145213161e-16 2.34586572170018e-18 
1.46356182215953e+00 2.85812094325530e-16 2.20212275255841e-18 
1.46519071678631e+00 2.68571053415506e-16 2.06718423601092e-18 
1.46681961141309e+00 2.52369393871632e-16 1.94051111418875e-18 
1.46844850603986e+00 2.37144498070384e-16 1.82159731823414e-18 
1.47007740066664e+00 2.22837518103034e-16 1.70996775046333e-18 
1.47170629529342e+00 2.09393149003903e-16 1.60517638988703e-18 
1.47333518992020e+00 1.96759415609196e-16 1.50680451355178e-18 
1.47496408454697e+00 1.84887472227833e-16 1.41445902662548e-18 
1.47659297917375e+00 1.73731414354824e-16 1.32777089458270e-18 
1.47822187380053e+00 1.63248101703889e-16 1.24639367125081e-18 
1.47985076842731e+00 1.53396991879426e-16 1.17000211685917e-18 
1.48147966305408e+00 1.44139984048754e-16 1.09829090059140e-18 
1.48310855768086e+00 1.35441272013867e-16 1.03097338247639e-18 
1.48473745230764e+00 1.27267206118034e-16 9.67780469769264e-19 
1.48636634693442e+00 1.19586163456454e-16 9.08459543269833e-19 
1.48799524156119e+00 1.12368425892019e-16 8.52773449303730e-19 
1.48962413618797e+00 1.05586065407226e-16 8.00499553352939e-19 
1.49125303081475e+00 9.92128363513971e-17 7.51428851567336e-19 
1.49288192544153e+00 9.32240741688528e-17 7.05365136619119e-19 
1.49451082006830e+00 8.75966002185508e-17 6.62124214578220e-19 
1.49613971469508e+00 8.23086323190973e-17 6.21533169689647e-19 
1.49776860932186e+00 7.73397006750145e-17 5.83429674124300e-19 
1.49939750394864e+00 7.26705688608134e-17 5.47658571496108e-19 
1.50102639857541e+00 6.82831585043147e-17 5.14059966977815e-19 
1.50265529320219e+00 6.41604752047051e-17 4.82505688805470e-19 
1.50428418782897e+00 6.02865560982673e-17 4.52887658350011e-19 
1.50591308245575e+00 5.66464002128112e-17 4.25087105283029e-19 
1.50754197708252e+00 5.32259105484344e-17 3.98992541838181e-19 
1.50917087170930e+00 5.00118396430810e-17 3.74499316463832e-19 
1.51079976633608e+00 4.69917384134089e-17 3.51509194819311e-19 
1.51242866096285e+00 4.41539080740564e-17 3.29929966440562e-19 
1.51405755558963e+00 4.14873549502268e-17 3.09675075503426e-19 
1.51568645021641e+00 3.89817480096265e-17 2.90663274208955e-19 
1.51731534484319e+00 3.66273789502447e-17 2.72818297405500e-19 
1.51894423946996e+00 3.44151246902824e-17 2.56068557147069e-19 
1.52057313409674e+00 3.23364121157755e-17 2.40346855967039e-19 
1.52220202872352e+00 3.03831849501344e-17 2.25590117721067e-19 
1.52383092335030e+00 2.85478726179810e-17 2.11739134923172e-19 
1.52545981797707e+00 2.68233609833336e-17 1.98738331564825e-19 
1.52708871260385e+00 2.52029648493972e-17 1.86535540468747e-19 
1.52871760723063e+00 2.36804021139936e-17 1.75081794287132e-19 
1.53034650185741e+00 2.22497694810335e-17 1.64331129308535e-19 
1.53197539648418e+00 2.09055196344186e-17 1.54240401288825e-19 
1.53360429111096e+00 1.96424397863912e-17 1.44769112569631e-19 
1.53523318573774e+00 1.84556315176332e-17 1.35879249792829e-19 
1.53686208036452e+00 1.73404918313928e-17 1.27535131561918e-19 
1.53849097499129e+00 1.62926953485854e-17 1.19703265440919e-19 
1.54011986961807e+00 1.53081775752106e-17 1.12352213718715e-19 
1.54174876424485e+00 1.43831191775533e-17 1.05452467401791e-19 
1.54337765887163e+00 1.35139312045177e-17 9.89763279312268e-20 
1.54500655349840e+00 1.26972412000914e-17 9.28977961506621e-20 
1.54663544812518e+00 1.19298801523622e-17 8.71924680809261e-20 
1.54826434275196e+00 1.12088702287350e-17 8.18374370842636e-20 
1.54989323737874e+00 1.05314132500224e-17 7.68112020266054e-20 
1.55152213200551e+00 9.89487985893100e-18 7.20935810703259e-20 
1.55315102663229e+00 9.29679934113848e-18 6.76656307524382e-20 
1.55477992125907e+00 8.73485005967407e-18 6.35095700243213e-20 
1.55640881588585e+00 8.20685046567567e-18 5.96087089489015e-20 
1.55803771051262e+00 7.71075065082023e-18 5.59473817698459e-20 
1.55966660513940e+00 7.24462440881099e-18 5.25108840848111e-20 
1.56129549976618e+00 6.80666177526791e-18 4.92854138711997e-20 
1.56292439439296e+00 6.39516201721196e-18 4.62580161282924e-20 
1.56455328901973e+00 6.00852704506736e-18 4.34165309140908e-20 
1.56618218364651e+00 5.64525522173549e-18 4.07495445687830e-20 
1.56781107827329e+00 5.30393554482517e-18 3.82463439294953e-20 
1.56943997290007e+00 4.98324217956349e-18 3.58968733529619e-20 
1.57106886752684e+00 4.68192932126411e-18 3.36916943739816e-20 
1.57269776215362e+00 4.39882636750124e-18 3.16219478380728e-20 
1.57432665678040e+00 4.13283338133241e-18 2.96793183566447e-20 
1.57595555140718e+00 3.88291682803633e-18 2.78560009422960e-20 
1.57758444603395e+00 3.64810556888745e-18 2.61446696905764e-20 
1.57921334066073e+00 3.42748709648105e-18 2.45384483827404e-20 
1.58084223528751e+00 3.22020399705486e-18 2.30308828917106e-20 
1.58247112991429e+00 3.02545062612951e-18 2.16159152806850e-20 
1.58410002454106e+00 2.84246998461377e-18 2.02878594906026e-20 
1.58572891916784e+00 2.67055078329437e-18 1.90413785190395e-20 
1.58735781379462e+00 2.50902468435769e-18 1.78714629990814e-20 
1.58898670842139e+00 2.35726370927427e-18 1.67734110923216e-20 
1.59061560304817e+00 2.21467780301965e-18 1.57428096153998e-20 
1.59224449767495e+00 2.08071254520871e-18 1.47755163244316e-20 
1.59387339230173e+00 1.95484699928858e-18 1.38676432863212e-20 
1.59550228692850e+00 1.83659169146808e-18 1.30155412702980e-20 
1.59713118155528e+00 1.72548671156326e-18 1.22157850971076e-20 
1.59876007618206e+00 1.62109992840959e-18 1.14651598871228e-20 
1.60038897080884e+00 1.52302531293406e-18 1.07606481522380e-20 
1.60201786543561e+00 1.43088136239654e-18 1.00994176797969e-20 
1.60364676006239e+00 1.34430961970081e-18 9.47881015996966e-21 
1.60527565468917e+00 1.26297328204317e-18 8.89633051097891e-21 
1.60690454931595e+00 1.18655589351187e-18 8.34963685936829e-21 
1.60853344394272e+00 1.11476011657527e-18 7.83653113513169e-21 
1.61016233856950e+00 1.04730657770149e-18 7.35495024398607e-21 
1.61179123319628e+00 9.83932782639248e-19 6.90295778138308e-21 
1.61342012782306e+00 9.24392097158685e-19 6.47873625502564e-21 
1.61504902244983e+00 8.68452789304417e-19 6.08057978469361e-21 
1.61667791707661e+00 8.15897129450846e-19 5.70688725009620e-21 
1.61830681170339e+00 7.66520544673385e-19 5.35615585926431e-21 
1.61993570633017e+00 7.20130824159425e-19 5.02697511168127e-21 
1.62156460095694e+00 6.76547372580326e-19 4.71802113193348e-21 
1.62319349558372e+00 6.35600508531301e-19 4.42805135114756e-21 
1.62482239021050e+00 5.97130805320479e-19 4.15589951487465e-21 
1.62645128483728e+00 5.60988471552323e-19 3.90047099739189e-21 
1.62808017946405e+00 5.27032769104597e-19 3.77493459923176e-21 
