Energy(eV)           EEDF(eV^-(3/2))      Anisotropy(eV^-(3/2))
9.80657259441457e-03 7.35568443091166e-02 3.73539382635266e-05 
2.94197177832437e-02 7.35516199346534e-02 8.99019719716913e-05 
4.90328629720729e-02 7.35443190698516e-02 1.68467935067633e-04 
6.86460081609020e-02 7.35361153485777e-02 2.48125436898532e-04 
8.82591533497312e-02 7.35286047518609e-02 3.26663877676937e-04 
1.07872298538560e-01 7.35225414463997e-02 4.04695956643492e-04 
1.27485443727389e-01 7.35176202589611e-02 4.80029171878093e-04 
1.47098588916219e-01 7.35135298210133e-02 5.50655915067174e-04 
1.66711734105048e-01 7.35103697271187e-02 6.20080719094006e-04 
1.86324879293877e-01 7.35078474173879e-02 6.86418972669034e-04 
2.05938024482706e-01 7.35057786963653e-02 7.52023237090928e-04 
2.25551169671535e-01 7.35037611862784e-02 8.12726434117758e-04 
2.45164314860364e-01 7.35016963220728e-02 8.70822943100839e-04 
2.64777460049194e-01 7.34994334419839e-02 9.27669702217234e-04 
2.84390605238023e-01 7.34964373792737e-02 9.78632946212227e-04 
3.04003750426852e-01 7.34926514105638e-02 1.02755613573529e-03 
3.23616895615681e-01 7.34878732545007e-02 1.07367238385532e-03 
3.43230040804510e-01 7.34819767251305e-02 1.11727835151190e-03 
3.62843185993339e-01 7.34748786047194e-02 1.15865166031334e-03 
3.82456331182168e-01 7.34663914074845e-02 1.19751642122340e-03 
4.02069476370998e-01 7.34564564629378e-02 1.23409279248413e-03 
4.21682621559827e-01 7.34450598647511e-02 1.26847760750594e-03 
4.41295766748656e-01 7.34321829669170e-02 1.30072506539605e-03 
4.60908911937485e-01 7.34177880905885e-02 1.33087431605492e-03 
4.80522057126314e-01 7.34018426793405e-02 1.35898711658261e-03 
5.00135202315143e-01 7.33843190567263e-02 1.38511939485376e-03 
5.19748347503972e-01 7.33652122224662e-02 1.40934177300721e-03 
5.39361492692802e-01 7.33445219857245e-02 1.43172379799954e-03 
5.58974637881631e-01 7.33222349243474e-02 1.45232596939439e-03 
5.78587783070460e-01 7.32983413840214e-02 1.47121352576306e-03 
5.98200928259289e-01 7.32728352554703e-02 1.48845102451898e-03 
6.17814073448118e-01 7.32457137568923e-02 1.50410221458817e-03 
6.37427218636947e-01 7.32169772219468e-02 1.51822992920452e-03 
6.57040363825776e-01 7.31866288935589e-02 1.53089599458614e-03 
6.76653509014606e-01 7.31546747237709e-02 1.54216115159978e-03 
6.96266654203435e-01 7.31211231798362e-02 1.55208442881064e-03 
7.15879799392264e-01 7.30859891547437e-02 1.56072362982494e-03 
7.35492944581093e-01 7.30492948192653e-02 1.56813689998854e-03 
7.55106089769922e-01 7.30110552058040e-02 1.57438003752601e-03 
7.74719234958751e-01 7.29712871227547e-02 1.57950752386694e-03 
7.94332380147581e-01 7.29300089953727e-02 1.58357247277781e-03 
8.13945525336410e-01 7.28872407133191e-02 1.58662660691779e-03 
8.33558670525239e-01 7.28430034848702e-02 1.58872023957564e-03 
8.53171815714068e-01 7.27973196977576e-02 1.58990226119132e-03 
8.72784960902897e-01 7.27502127865876e-02 1.59022013031088e-03 
8.92398106091726e-01 7.27017071067664e-02 1.58971986864985e-03 
9.12011251280555e-01 7.26518278148457e-02 1.58844605995259e-03 
9.31624396469385e-01 7.26006007551857e-02 1.58644185236307e-03 
9.51237541658214e-01 7.25480523528202e-02 1.58374896403969e-03 
9.70850686847043e-01 7.24942095123964e-02 1.58040769174832e-03 
9.90463832035872e-01 7.24390995230516e-02 1.57645663236605e-03 
1.01007697722470e+00 7.23827536736964e-02 1.57191251786595e-03 
1.02969012241353e+00 7.23254640093033e-02 1.56680081009759e-03 
1.04930326760236e+00 7.22672568002837e-02 1.56118601007960e-03 
1.06891641279119e+00 7.22081581346723e-02 1.55510154588247e-03 
1.08852955798002e+00 7.21481938725194e-02 1.54857952455253e-03 
1.10814270316885e+00 7.20873896041346e-02 1.54165075549185e-03 
1.12775584835768e+00 7.20257706120272e-02 1.53434477514278e-03 
1.14736899354651e+00 7.19633618363923e-02 1.52668987281645e-03 
1.16698213873533e+00 7.19001878439894e-02 1.51871311751134e-03 
1.18659528392416e+00 7.18362728002634e-02 1.51044038557855e-03 
1.20620842911299e+00 7.17716404445560e-02 1.50191390700440e-03 
1.22582157430182e+00 7.17061878251797e-02 1.49318597195536e-03 
1.24543471949065e+00 7.16399094806679e-02 1.48427691096887e-03 
1.26504786467948e+00 7.15728275287390e-02 1.47520396077269e-03 
1.28466100986831e+00 7.15049638382841e-02 1.46598145003932e-03 
1.30427415505714e+00 7.14363399930469e-02 1.45661259931192e-03 
1.32388730024597e+00 7.13670846421054e-02 1.44709940537887e-03 
1.34350044543480e+00 7.12972593221410e-02 1.43746990748563e-03 
1.36311359062363e+00 7.12268827184791e-02 1.42774414741058e-03 
1.38272673581246e+00 7.11559730936215e-02 1.41793480549498e-03 
1.40233988100128e+00 7.10845482712109e-02 1.40805414390705e-03 
1.42195302619011e+00 7.10126256224188e-02 1.39811398994100e-03 
1.44156617137894e+00 7.09402220546114e-02 1.38812572345012e-03 
1.46117931656777e+00 7.08673540021484e-02 1.37810026795235e-03 
1.48079246175660e+00 7.07940374191782e-02 1.36804808499427e-03 
1.50040560694543e+00 7.07202877742910e-02 1.35796024227506e-03 
1.52001875213426e+00 7.06462659305942e-02 1.34781845573420e-03 
1.53963189732309e+00 7.05721177126912e-02 1.33765047064321e-03 
1.55924504251192e+00 7.04978532290756e-02 1.32749091799028e-03 
1.57885818770075e+00 7.04234821095234e-02 1.31734796919774e-03 
1.59847133288958e+00 7.03490135135568e-02 1.30722934948186e-03 
1.61808447807840e+00 7.02744561396061e-02 1.29714234625274e-03 
1.63769762326723e+00 7.01998182347766e-02 1.28709381858853e-03 
1.65731076845606e+00 7.01251076051368e-02 1.27709020761662e-03 
1.67692391364489e+00 7.00503316264485e-02 1.26713754765195e-03 
1.69653705883372e+00 6.99754972552658e-02 1.25724147795030e-03 
1.71615020402255e+00 6.99006110403338e-02 1.24740725495308e-03 
1.73576334921138e+00 6.98256791342257e-02 1.23763976491680e-03 
1.75537649440021e+00 6.97507073051590e-02 1.22794353682289e-03 
1.77498963958904e+00 6.96757009489379e-02 1.21832275547968e-03 
1.79460278477787e+00 6.96006651009731e-02 1.20878127473720e-03 
1.81421592996670e+00 6.95256044483331e-02 1.19932263074433e-03 
1.83382907515553e+00 6.94505233417873e-02 1.18995005518350e-03 
1.85344222034435e+00 6.93754258078032e-02 1.18066648842952e-03 
1.87305536553318e+00 6.93003155604630e-02 1.17147459258158e-03 
1.89266851072201e+00 6.92251960132712e-02 1.16238452315466e-03 
1.91228165591084e+00 6.91500319913610e-02 1.15345533844929e-03 
1.93189480109967e+00 6.90745634967935e-02 1.14469484263384e-03 
1.95150794628850e+00 6.89987972342633e-02 1.13603652819274e-03 
1.97112109147733e+00 6.89227395724328e-02 1.12748183645969e-03 
1.99073423666616e+00 6.88463965535230e-02 1.11903200395528e-03 
2.01034738185499e+00 6.87697739029242e-02 1.11068807361398e-03 
2.02996052704382e+00 6.86928770387971e-02 1.10245090567549e-03 
2.04957367223265e+00 6.86157110816385e-02 1.09432118822814e-03 
2.06918681742148e+00 6.85382808637863e-02 1.08629944739686e-03 
2.08879996261030e+00 6.84605909388435e-02 1.07838605717147e-03 
2.10841310779913e+00 6.83826455909999e-02 1.07051568500298e-03 
2.12802625298796e+00 6.83047112567099e-02 1.06267011206424e-03 
2.14763939817679e+00 6.82268083455876e-02 1.05492499244897e-03 
2.16725254336562e+00 6.81489369114641e-02 1.04728610808492e-03 
2.18686568855445e+00 6.80710968594921e-02 1.03975322521505e-03 
2.20647883374328e+00 6.79932879543600e-02 1.03236732026656e-03 
2.22609197893211e+00 6.79153583002478e-02 1.02514418173653e-03 
2.24570512412094e+00 6.78372783846229e-02 1.01803804363157e-03 
2.26531826930977e+00 6.77590496549565e-02 1.01103862533449e-03 
2.28493141449860e+00 6.76806734059377e-02 1.00414506815485e-03 
2.30454455968742e+00 6.76021507850574e-02 9.97356472609214e-04 
2.32415770487625e+00 6.75234827981115e-02 9.90671901237692e-04 
2.34377085006508e+00 6.74446703146130e-02 9.84090381403474e-04 
2.36338399525391e+00 6.73657140731049e-02 9.77610908059495e-04 
2.38299714044274e+00 6.72866146863628e-02 9.71232446469623e-04 
2.40261028563157e+00 6.72073726464840e-02 9.64953934873344e-04 
2.42222343082040e+00 6.71279883298538e-02 9.58774287084525e-04 
2.44183657600923e+00 6.70484620019865e-02 9.52692395017369e-04 
2.46144972119806e+00 6.69687938222356e-02 9.46707131131163e-04 
2.48106286638689e+00 6.68889838483715e-02 9.40817350790073e-04 
2.50067601157572e+00 6.68090320410226e-02 9.35052295554474e-04 
2.52028915676455e+00 6.67288483528071e-02 9.29440686806710e-04 
2.53990230195337e+00 6.66483554642302e-02 9.23951157400164e-04 
2.55951544714220e+00 6.65675546219147e-02 9.18553794661620e-04 
2.57912859233103e+00 6.64864469436920e-02 9.13247386368557e-04 
2.59874173751986e+00 6.64050334232273e-02 9.08030715287767e-04 
2.61835488270869e+00 6.63233149345133e-02 9.02902560871465e-04 
2.63796802789752e+00 6.62412922362314e-02 8.97861700859377e-04 
2.65758117308635e+00 6.61589659759792e-02 8.92906912784077e-04 
2.67719431827518e+00 6.60763366943686e-02 8.88036975385784e-04 
2.69680746346401e+00 6.59934048289912e-02 8.83250669937843e-04 
2.71642060865284e+00 6.59101707182566e-02 8.78546781482475e-04 
2.73603375384167e+00 6.58266346051022e-02 8.73924099981699e-04 
2.75564689903050e+00 6.57427966405787e-02 8.69381421386635e-04 
2.77526004421932e+00 6.56586568873118e-02 8.64917548625296e-04 
2.79487318940815e+00 6.55742153228445e-02 8.60523708710578e-04 
2.81448633459698e+00 6.54894907356985e-02 8.56173908841906e-04 
2.83409947978581e+00 6.54045428872746e-02 8.51873408222793e-04 
2.85371262497464e+00 6.53193709729828e-02 8.47646377220715e-04 
2.87332577016347e+00 6.52339741346935e-02 8.43491673905629e-04 
2.89293891535230e+00 6.51483514630991e-02 8.39408167819065e-04 
2.91255206054113e+00 6.50625019999777e-02 8.35394740487804e-04 
2.93216520572996e+00 6.49764247403611e-02 8.31450285881624e-04 
2.95177835091879e+00 6.48901186346118e-02 8.27573710818948e-04 
2.97139149610762e+00 6.48035825904120e-02 8.23763935322255e-04 
2.99100464129645e+00 6.47168154746676e-02 8.20018495835973e-04 
3.01061778648527e+00 6.46298192859138e-02 8.16303720396971e-04 
3.03023093167410e+00 6.45426660669020e-02 8.12618522693001e-04 
3.04984407686293e+00 6.44553541240621e-02 8.08995345231568e-04 
3.06945722205176e+00 6.43678817460399e-02 8.05433185741928e-04 
3.08907036724059e+00 6.42802472048587e-02 8.01931056464092e-04 
3.10868351242942e+00 6.41924487570198e-02 7.98487984231010e-04 
3.12829665761825e+00 6.41044846445474e-02 7.95103010519157e-04 
3.14790980280708e+00 6.40163530959796e-02 7.91775191472430e-04 
3.16752294799591e+00 6.39280523273080e-02 7.88503597901525e-04 
3.18713609318474e+00 6.38395805428696e-02 7.85287315258724e-04 
3.20674923837357e+00 6.37509359361926e-02 7.82125449487967e-04 
3.22636238356240e+00 6.36621166894619e-02 7.79017130642796e-04 
3.24597552875122e+00 6.35731209734002e-02 7.75961499323735e-04 
3.26558867394005e+00 6.34839469496836e-02 7.72957697696239e-04 
3.28520181912888e+00 6.33945927728262e-02 7.70004877516737e-04 
3.30481496431771e+00 6.33050565907204e-02 7.67102205688989e-04 
3.32442810950654e+00 6.32153365451579e-02 7.64248863989200e-04 
3.34404125469537e+00 6.31254307723322e-02 7.61444048795313e-04 
3.36365439988420e+00 6.30353374033226e-02 7.58686970821184e-04 
3.38326754507303e+00 6.29450545645606e-02 7.55976854853595e-04 
3.40288069026186e+00 6.28545803782800e-02 7.53312939492398e-04 
3.42249383545069e+00 6.27639129629503e-02 7.50694476895205e-04 
3.44210698063952e+00 6.26730504336946e-02 7.48120732523948e-04 
3.46172012582834e+00 6.25819909026931e-02 7.45590984893972e-04 
3.48133327101717e+00 6.24907324795721e-02 7.43104525327047e-04 
3.50094641620600e+00 6.23992732717790e-02 7.40660657706374e-04 
3.52055956139483e+00 6.23076113849461e-02 7.38258698241134e-04 
3.54017270658366e+00 6.22157449232385e-02 7.35897975250034e-04 
3.55978585177249e+00 6.21236719896881e-02 7.33577828912596e-04 
3.57939899696132e+00 6.20313906865224e-02 7.31297611008104e-04 
3.59901214215015e+00 6.19388991154839e-02 7.29047851330227e-04 
3.61862528733898e+00 6.18462115131813e-02 7.26816892869123e-04 
3.63823843252781e+00 6.17533456581439e-02 7.24612809931926e-04 
3.65785157771664e+00 6.16602995522040e-02 7.22445940695796e-04 
3.67746472290547e+00 6.15670712024832e-02 7.20315695960707e-04 
3.69707786809429e+00 6.14736586215526e-02 7.18221496823522e-04 
3.71669101328312e+00 6.13800598275874e-02 7.16162774464042e-04 
3.73630415847195e+00 6.12862728445182e-02 7.14138969934304e-04 
3.75591730366078e+00 6.11922957021765e-02 7.12149533951269e-04 
3.77553044884961e+00 6.10981264364380e-02 7.10193926692287e-04 
3.79514359403844e+00 6.10037630893613e-02 7.08271617592916e-04 
3.81475673922727e+00 6.09092037093247e-02 7.06382085148334e-04 
3.83436988441610e+00 6.08144463511592e-02 7.04524816718242e-04 
3.85398302960493e+00 6.07194890762805e-02 7.02699308334577e-04 
3.87359617479376e+00 6.06243299528180e-02 7.00905064512317e-04 
3.89320931998259e+00 6.05289670557420e-02 6.99141598064031e-04 
3.91282246517141e+00 6.04333984669904e-02 6.97408429917118e-04 
3.93243561036024e+00 6.03376222755932e-02 6.95705088934502e-04 
3.95204875554907e+00 6.02416365777965e-02 6.94031111738813e-04 
3.97166190073790e+00 6.01454394771860e-02 6.92386042539959e-04 
3.99127504592673e+00 6.00490290848089e-02 6.90771534963059e-04 
4.01088819111556e+00 5.99524000261362e-02 6.89223317777781e-04 
4.03050133630439e+00 5.98554906121858e-02 6.87739234989551e-04 
4.05011448149322e+00 5.97582990553791e-02 6.86282647143892e-04 
4.06972762668205e+00 5.96608235704618e-02 6.84853124954094e-04 
4.08934077187088e+00 5.95630623747894e-02 6.83450245675361e-04 
4.10895391705971e+00 5.94650136886123e-02 6.82073592954024e-04 
4.12856706224854e+00 5.93666757353586e-02 6.80722756680942e-04 
4.14818020743737e+00 5.92680467419154e-02 6.79397332847339e-04 
4.16779335262619e+00 5.91691249389094e-02 6.78096923403610e-04 
4.18740649781502e+00 5.90699085609864e-02 6.76821136121849e-04 
4.20701964300385e+00 5.89703958470892e-02 6.75569584460974e-04 
4.22663278819268e+00 5.88705850407356e-02 6.74341887434658e-04 
4.24624593338151e+00 5.87704743902954e-02 6.73137669483074e-04 
4.26585907857034e+00 5.86700621492666e-02 6.71956560346817e-04 
4.28547222375917e+00 5.85693465765517e-02 6.70798194943760e-04 
4.30508536894800e+00 5.84683259367332e-02 6.69662213248703e-04 
4.32469851413683e+00 5.83669985003492e-02 6.68548260175813e-04 
4.34431165932566e+00 5.82653625441689e-02 6.67455985467048e-04 
4.36392480451449e+00 5.81634163514669e-02 6.66385043580169e-04 
4.38353794970331e+00 5.80611582122987e-02 6.65335093578998e-04 
4.40315109489214e+00 5.79585864237752e-02 6.64305799032522e-04 
4.42276424008097e+00 5.78556992903364e-02 6.63296827920402e-04 
4.44237738526980e+00 5.77524951240235e-02 6.62307852513811e-04 
4.46199053045863e+00 5.76489722447584e-02 6.61338549252144e-04 
4.48160367564746e+00 5.75451289806237e-02 6.60388598658480e-04 
4.50121682083629e+00 5.74409636681391e-02 6.59426825434352e-04 
4.52082996602512e+00 5.73365221105941e-02 6.58428695800021e-04 
4.54044311121395e+00 5.72318396490854e-02 6.57424619041560e-04 
4.56005625640278e+00 5.71269146471747e-02 6.56438384337856e-04 
4.57966940159161e+00 5.70217454817606e-02 6.55469704995135e-04 
4.59928254678044e+00 5.69163305431858e-02 6.54518297989427e-04 
4.61889569196926e+00 5.68106682353462e-02 6.53583883884931e-04 
4.63850883715809e+00 5.67047569758016e-02 6.52666186754179e-04 
4.65812198234692e+00 5.65985951958892e-02 6.51764934100209e-04 
4.67773512753575e+00 5.64921813408386e-02 6.50879856781344e-04 
4.69734827272458e+00 5.63855138698883e-02 6.50010688937116e-04 
4.71696141791341e+00 5.62785912564047e-02 6.49157167915826e-04 
4.73657456310224e+00 5.61714119880033e-02 6.48319034204399e-04 
4.75618770829107e+00 5.60639745666702e-02 6.47496031360123e-04 
4.77580085347990e+00 5.59562775088874e-02 6.46687905943508e-04 
4.79541399866873e+00 5.58483193457582e-02 6.45894407453154e-04 
4.81502714385756e+00 5.57400986231353e-02 6.45115288262148e-04 
4.83464028904639e+00 5.56316139017502e-02 6.44350303556116e-04 
4.85425343423521e+00 5.55228637573444e-02 6.43599211272492e-04 
4.87386657942404e+00 5.54138467808022e-02 6.42861772041629e-04 
4.89347972461287e+00 5.53045615782853e-02 6.42137749129294e-04 
4.91309286980170e+00 5.51950067713684e-02 6.41426908380295e-04 
4.93270601499053e+00 5.50851809971771e-02 6.40729018164001e-04 
4.95231916017936e+00 5.49750829085269e-02 6.40043849320811e-04 
4.97193230536819e+00 5.48647111740637e-02 6.39371175109988e-04 
4.99154545055702e+00 5.47540644784057e-02 6.38714770056525e-04 
5.01115859574585e+00 5.46431356571013e-02 6.38128543134338e-04 
5.03077174093468e+00 5.45318441544822e-02 6.37608282113096e-04 
5.05038488612351e+00 5.44201886482165e-02 6.37099729658657e-04 
5.06999803131233e+00 5.43081678314794e-02 6.36602655061643e-04 
5.08961117650116e+00 5.41957804132526e-02 6.36116829636317e-04 
5.10922432168999e+00 5.40830251186225e-02 6.35642026677537e-04 
5.12883746687882e+00 5.39699006890804e-02 6.35178021418283e-04 
5.14845061206765e+00 5.38564058828223e-02 6.34724590988575e-04 
5.16806375725648e+00 5.37425394750494e-02 6.34281514375419e-04 
5.18767690244531e+00 5.36283002582693e-02 6.33848572383758e-04 
5.20729004763414e+00 5.35136870425975e-02 6.33425547598327e-04 
5.22690319282297e+00 5.33986986560585e-02 6.33012224346710e-04 
5.24651633801180e+00 5.32833339448892e-02 6.32608388663499e-04 
5.26612948320063e+00 5.31675917738402e-02 6.32213828254659e-04 
5.28574262838946e+00 5.30514710264800e-02 6.31828332463607e-04 
5.30535577357828e+00 5.29349706054971e-02 6.31451692238021e-04 
5.32496891876711e+00 5.28180894330047e-02 6.31083700097275e-04 
5.34458206395594e+00 5.27008264508438e-02 6.30724150100986e-04 
5.36419520914477e+00 5.25831806208876e-02 6.30372837818216e-04 
5.38380835433360e+00 5.24651509253462e-02 6.30029560297930e-04 
5.40342149952243e+00 5.23467363670705e-02 6.29694116039721e-04 
5.42303464471126e+00 5.22279359698578e-02 6.29366304965402e-04 
5.44264778990009e+00 5.21087487787563e-02 6.29045928391738e-04 
5.46226093508892e+00 5.19891738603700e-02 6.28732789003787e-04 
5.48187408027775e+00 5.18692103031647e-02 6.28426690828818e-04 
5.50148722546658e+00 5.17488572177724e-02 6.28127439211136e-04 
5.52110037065541e+00 5.16281137372972e-02 6.27834840787614e-04 
5.54071351584423e+00 5.15069790176204e-02 6.27548703463928e-04 
5.56032666103306e+00 5.13854522377060e-02 6.27268836391183e-04 
5.57993980622189e+00 5.12635325999059e-02 6.26995049943749e-04 
5.59955295141072e+00 5.11412193302650e-02 6.26727155697505e-04 
5.61916609659955e+00 5.10185116788264e-02 6.26464966408407e-04 
5.63877924178838e+00 5.08954089199365e-02 6.26208295992268e-04 
5.65839238697721e+00 5.07719103525495e-02 6.25956959504720e-04 
5.67800553216604e+00 5.06480153005321e-02 6.25710773122128e-04 
5.69761867735487e+00 5.05237231129677e-02 6.25469554122828e-04 
5.71723182254370e+00 5.03990331644607e-02 6.25233120868869e-04 
5.73684496773253e+00 5.02739448554397e-02 6.25001292788892e-04 
5.75645811292136e+00 5.01484576124609e-02 6.24773890360968e-04 
5.77607125811018e+00 5.00225708885113e-02 6.24550735096122e-04 
5.79568440329901e+00 4.98962841633111e-02 6.24331649522734e-04 
5.81529754848784e+00 4.97695969436151e-02 6.24116457171254e-04 
5.83491069367667e+00 4.96425087635147e-02 6.23904982559217e-04 
5.85452383886550e+00 4.95150191847386e-02 6.23697051177029e-04 
5.87413698405433e+00 4.93871277969528e-02 6.23492489474505e-04 
5.89375012924316e+00 4.92588342180604e-02 6.23291124847303e-04 
5.91336327443199e+00 4.91301380945003e-02 6.23092785624280e-04 
5.93297641962082e+00 4.90010391015454e-02 6.22897301055273e-04 
5.95258956480965e+00 4.88715369435999e-02 6.22704501299173e-04 
5.97220270999848e+00 4.87416313544957e-02 6.22514217412971e-04 
5.99181585518730e+00 4.86113220977879e-02 6.22328832199451e-04 
6.01142900037613e+00 4.84806052792930e-02 6.22176467470758e-04 
6.03104214556496e+00 4.83494397867825e-02 6.22054238973138e-04 
6.05065529075379e+00 4.82178254379413e-02 6.21933671906310e-04 
6.07026843594262e+00 4.80857620836298e-02 6.21814591603426e-04 
6.08988158113145e+00 4.79532496082479e-02 6.21696824191357e-04 
6.10949472632028e+00 4.78202879300980e-02 6.21580196583346e-04 
6.12910787150911e+00 4.76868770017463e-02 6.21464536472071e-04 
6.14872101669794e+00 4.75530168103823e-02 6.21349672323160e-04 
6.16833416188677e+00 4.74187073781771e-02 6.21235433369516e-04 
6.18794730707560e+00 4.72839487626397e-02 6.21121649605555e-04 
6.20756045226443e+00 4.71487410569715e-02 6.21008151781993e-04 
6.22717359745325e+00 4.70130843904196e-02 6.20894771401209e-04 
6.24678674264208e+00 4.68769789286272e-02 6.20781340712798e-04 
6.26639988783091e+00 4.67404248739832e-02 6.20667692709584e-04 
6.28601303301974e+00 4.66034224659688e-02 6.20553661124075e-04 
6.30562617820857e+00 4.64659719815026e-02 6.20439080425223e-04 
6.32523932339740e+00 4.63280737352835e-02 6.20323785815595e-04 
6.34485246858623e+00 4.61897280801313e-02 6.20207613228851e-04 
6.36446561377506e+00 4.60509354073247e-02 6.20090399327660e-04 
6.38407875896389e+00 4.59116961469377e-02 6.19971981502014e-04 
6.40369190415272e+00 4.57720107681731e-02 6.19852197867832e-04 
6.42330504934155e+00 4.56318797796932e-02 6.19730887265739e-04 
6.44291819453038e+00 4.54913037299485e-02 6.19607889260385e-04 
6.46253133971920e+00 4.53502832075039e-02 6.19483044140564e-04 
6.48214448490803e+00 4.52088188413611e-02 6.19356192918638e-04 
6.50175763009686e+00 4.50669113012794e-02 6.19227177330777e-04 
6.52137077528569e+00 4.49245612980934e-02 6.19095839838073e-04 
6.54098392047452e+00 4.47817695840267e-02 6.18962023627163e-04 
6.56059706566335e+00 4.46385369530045e-02 6.18825572611457e-04 
6.58021021085218e+00 4.44948642409610e-02 6.18686331432888e-04 
6.59982335604101e+00 4.43507523261452e-02 6.18544145463759e-04 
6.61943650122984e+00 4.42062021294228e-02 6.18398860808756e-04 
6.63904964641867e+00 4.40612146145749e-02 6.18250324307505e-04 
6.65866279160750e+00 4.39157907885927e-02 6.18098383537579e-04 
6.67827593679633e+00 4.37699317019701e-02 6.17942886817322e-04 
6.69788908198515e+00 4.36236384489910e-02 6.17783683209274e-04 
6.71750222717398e+00 4.34769121680142e-02 6.17620622523796e-04 
6.73711537236281e+00 4.33297540417543e-02 6.17453555322940e-04 
6.75672851755164e+00 4.31821652975580e-02 6.17282332924714e-04 
6.77634166274047e+00 4.30341472076778e-02 6.17106807407549e-04 
6.79595480792930e+00 4.28857010895405e-02 6.16926831615063e-04 
6.81556795311813e+00 4.27368283060124e-02 6.16742259160871e-04 
6.83518109830696e+00 4.25875302656597e-02 6.16552944433953e-04 
6.85479424349579e+00 4.24378084230055e-02 6.16358742604274e-04 
6.87440738868462e+00 4.22876642787814e-02 6.16159509628315e-04 
6.89402053387345e+00 4.21370993801757e-02 6.15955102255124e-04 
6.91363367906227e+00 4.19861153210764e-02 6.15745378032666e-04 
6.93324682425110e+00 4.18347137423099e-02 6.15530195314215e-04 
6.95285996943993e+00 4.16828963318747e-02 6.15309413265120e-04 
6.97247311462876e+00 4.15306648251709e-02 6.15082891869769e-04 
6.99208625981759e+00 4.13780210052242e-02 6.14868133134153e-04 
7.01169940500642e+00 4.12249398266024e-02 6.14829900035610e-04 
7.03131255019525e+00 4.10711713646243e-02 6.14948434384652e-04 
7.05092569538408e+00 4.09167176351144e-02 6.15057788573772e-04 
7.07053884057291e+00 4.07615807367752e-02 6.15157749662506e-04 
7.09015198576174e+00 4.06057628518904e-02 6.15248105541288e-04 
7.10976513095057e+00 4.04492662470186e-02 6.15328644956503e-04 
7.12937827613940e+00 4.02920932736761e-02 6.15399157536153e-04 
7.14899142132822e+00 4.01342463690074e-02 6.15459433815970e-04 
7.16860456651705e+00 3.99757280564448e-02 6.15509265266086e-04 
7.18821771170588e+00 3.98165409463565e-02 6.15548444317899e-04 
7.20783085689471e+00 3.96566877366817e-02 6.15576764391434e-04 
7.22744400208354e+00 3.94961712135540e-02 6.15594019923292e-04 
7.24705714727237e+00 3.93349942519120e-02 6.15600006394672e-04 
7.26667029246120e+00 3.91731598160964e-02 6.15594520360099e-04 
7.28628343765003e+00 3.90106709604346e-02 6.15577359476702e-04 
7.30589658283886e+00 3.88475308298113e-02 6.15548322533485e-04 
7.32550972802769e+00 3.86837426602251e-02 6.15507209481005e-04 
7.34512287321652e+00 3.85193097793314e-02 6.15453821461783e-04 
7.36473601840535e+00 3.83542356069705e-02 6.15387960841011e-04 
7.38434916359417e+00 3.81885236556813e-02 6.15309431237338e-04 
7.40396230878300e+00 3.80221775311992e-02 6.15218037554088e-04 
7.42357545397183e+00 3.78552009329401e-02 6.15113586011119e-04 
7.44318859916066e+00 3.76875976544672e-02 6.14995884176766e-04 
7.46280174434949e+00 3.75193715839430e-02 6.14864741000159e-04 
7.48241488953832e+00 3.73505267045643e-02 6.14719966843885e-04 
7.50202803472715e+00 3.71810670949818e-02 6.14561373516963e-04 
7.52164117991598e+00 3.70109969297014e-02 6.14388774308074e-04 
7.54125432510481e+00 3.68403204794696e-02 6.14201984019272e-04 
7.56086747029364e+00 3.66690421116412e-02 6.14000818999812e-04 
7.58048061548247e+00 3.64971662905288e-02 6.13785097180108e-04 
7.60009376067130e+00 3.63246975777349e-02 6.13554638106393e-04 
7.61970690586012e+00 3.61516406324658e-02 6.13309262975379e-04 
7.63932005104895e+00 3.59780002118261e-02 6.13048794668972e-04 
7.65893319623778e+00 3.58037811710955e-02 6.12773057789570e-04 
7.67854634142661e+00 3.56289884639852e-02 6.12481878695391e-04 
7.69815948661544e+00 3.54536271428762e-02 6.12175085536087e-04 
7.71777263180427e+00 3.52777023590365e-02 6.11852508288636e-04 
7.73738577699310e+00 3.51012193628193e-02 6.11513978793208e-04 
7.75699892218193e+00 3.49241835038405e-02 6.11159330789397e-04 
7.77661206737076e+00 3.47466002311357e-02 6.10788399952580e-04 
7.79622521255959e+00 3.45684750932960e-02 6.10401023930427e-04 
7.81583835774842e+00 3.43898137385833e-02 6.09997042379540e-04 
7.83545150293724e+00 3.42106219150235e-02 6.09576297002240e-04 
7.85506464812607e+00 3.40309054704786e-02 6.09138631583501e-04 
7.87467779331490e+00 3.38506703526964e-02 6.08683892027995e-04 
7.89429093850373e+00 3.36699226093381e-02 6.08211926397244e-04 
7.91390408369256e+00 3.34886683879835e-02 6.07722584946717e-04 
7.93351722888139e+00 3.33069139361133e-02 6.07215720163144e-04 
7.95313037407022e+00 3.31246656010684e-02 6.06691186801982e-04 
7.97274351925905e+00 3.29419298299864e-02 6.06148841924678e-04 
7.99235666444788e+00 3.27587131697133e-02 6.05574995750600e-04 
8.01196980963671e+00 3.25750457599725e-02 6.04860863101458e-04 
8.03158295482554e+00 3.23911235833840e-02 6.04021865226694e-04 
8.05119610001437e+00 3.22069524389280e-02 6.03168397318268e-04 
8.07080924520320e+00 3.20225381858648e-02 6.02300382043208e-04 
8.09042239039202e+00 3.18378867434082e-02 6.01417743997368e-04 
8.11003553558085e+00 3.16530040903858e-02 6.00520409723193e-04 
8.12964868076968e+00 3.14678962648857e-02 5.99608307727417e-04 
8.14926182595851e+00 3.12825693638893e-02 5.98681368498507e-04 
8.16887497114734e+00 3.10970295428909e-02 5.97739524523928e-04 
8.18848811633617e+00 3.09112830155029e-02 5.96782710307539e-04 
8.20810126152500e+00 3.07253360530479e-02 5.95810862386825e-04 
8.22771440671383e+00 3.05391949841362e-02 5.94823919349825e-04 
8.24732755190266e+00 3.03528661942302e-02 5.93821821851896e-04 
8.26694069709149e+00 3.01663561251946e-02 5.92804512632575e-04 
8.28655384228032e+00 2.99796712748321e-02 5.91771936532145e-04 
8.30616698746914e+00 2.97928181964060e-02 5.90724040508028e-04 
8.32578013265797e+00 2.96058034981482e-02 5.89660773650979e-04 
8.34539327784680e+00 2.94186338427533e-02 5.88582087201139e-04 
8.36500642303563e+00 2.92313159468586e-02 5.87487934563939e-04 
8.38461956822446e+00 2.90438565805104e-02 5.86378271325744e-04 
8.40423271341329e+00 2.88562625666152e-02 5.85253055269338e-04 
8.42384585860212e+00 2.86685407803782e-02 5.84112246389182e-04 
8.44345900379095e+00 2.84806981487262e-02 5.82955806906420e-04 
8.46307214897978e+00 2.82927416497176e-02 5.81783701283643e-04 
8.48268529416861e+00 2.81046783119378e-02 5.80595896239581e-04 
8.50229843935744e+00 2.79165152138797e-02 5.79392360763406e-04 
8.52191158454626e+00 2.77282594833119e-02 5.78173066128763e-04 
8.54152472973509e+00 2.75399182966309e-02 5.76937985907613e-04 
8.56113787492392e+00 2.73514988782002e-02 5.75687095983812e-04 
8.58075102011275e+00 2.71630084996754e-02 5.74420374566433e-04 
8.60036416530158e+00 2.69744544793148e-02 5.73137802202744e-04 
8.61997731049041e+00 2.67858441812762e-02 5.71839361790869e-04 
8.63959045567924e+00 2.65971850148997e-02 5.70525038592282e-04 
8.65920360086807e+00 2.64084844339764e-02 5.69194820243964e-04 
8.67881674605690e+00 2.62197499360038e-02 5.67848696770097e-04 
8.69842989124573e+00 2.60309890614261e-02 5.66486660593606e-04 
8.71804303643456e+00 2.58422093928622e-02 5.65108706547421e-04 
8.73765618162339e+00 2.56534185543186e-02 5.63714831885207e-04 
8.75726932681222e+00 2.54646242103895e-02 5.62305036291853e-04 
8.77688247200104e+00 2.52758340654427e-02 5.60879321893643e-04 
8.79649561718987e+00 2.50870558627921e-02 5.59437693268009e-04 
8.81610876237870e+00 2.48982973838571e-02 5.57980157452964e-04 
8.83572190756753e+00 2.47095664473077e-02 5.56506723956202e-04 
8.85533505275636e+00 2.45208709081971e-02 5.55017404763702e-04 
8.87494819794519e+00 2.43322186570806e-02 5.53512214348042e-04 
8.89456134313402e+00 2.41436176191211e-02 5.51991169676318e-04 
8.91417448832285e+00 2.39550757531823e-02 5.50454290217576e-04 
8.93378763351168e+00 2.37666010509081e-02 5.48901597949994e-04 
8.95340077870051e+00 2.35782015357895e-02 5.47333117367428e-04 
8.97301392388933e+00 2.33898852622187e-02 5.45748875485772e-04 
8.99262706907816e+00 2.32016603145307e-02 5.44148901848813e-04 
9.01224021426699e+00 2.30135348060321e-02 5.42533228533454e-04 
9.03185335945582e+00 2.28255168780173e-02 5.40901890154814e-04 
9.05146650464465e+00 2.26376146987733e-02 5.39254923870695e-04 
9.07107964983348e+00 2.24498364625710e-02 5.37592369385640e-04 
9.09069279502231e+00 2.22621903886460e-02 5.35914268954526e-04 
9.11030594021114e+00 2.20746847201662e-02 5.34220667385648e-04 
9.12991908539997e+00 2.18873277231885e-02 5.32511612043429e-04 
9.14953223058880e+00 2.17001276856037e-02 5.30787152850532e-04 
9.16914537577763e+00 2.15130929160697e-02 5.29047342289600e-04 
9.18875852096646e+00 2.13262317429340e-02 5.27292235404447e-04 
9.20837166615529e+00 2.11395525131450e-02 5.25521889800730e-04 
9.22798481134411e+00 2.09530635911515e-02 5.23736365646165e-04 
9.24759795653294e+00 2.07667733577931e-02 5.21935725670229e-04 
9.26721110172177e+00 2.05806902091785e-02 5.20120035163354e-04 
9.28682424691060e+00 2.03948225555544e-02 5.18289361975557e-04 
9.30643739209943e+00 2.02091788201638e-02 5.16443776514587e-04 
9.32605053728826e+00 2.00237674380945e-02 5.14583351743536e-04 
9.34566368247709e+00 1.98385968551179e-02 5.12708163177939e-04 
9.36527682766592e+00 1.96536755265178e-02 5.10818288882289e-04 
9.38488997285475e+00 1.94690119159105e-02 5.08913809466048e-04 
9.40450311804358e+00 1.92846144940553e-02 5.06994808079091e-04 
9.42411626323241e+00 1.91004917376561e-02 5.05061370406585e-04 
9.44372940842124e+00 1.89166521281547e-02 5.03113584663360e-04 
9.46334255361006e+00 1.87331041505153e-02 5.01151541587703e-04 
9.48295569879889e+00 1.85498562920005e-02 4.99175334434574e-04 
9.50256884398772e+00 1.83669170409404e-02 4.97185058968214e-04 
9.52218198917655e+00 1.81842948854925e-02 4.95180813454253e-04 
9.54179513436538e+00 1.80019983123954e-02 4.93162698651281e-04 
9.56140827955421e+00 1.78200358057144e-02 4.91130817801695e-04 
9.58102142474304e+00 1.76384158455806e-02 4.89085276622086e-04 
9.60063456993187e+00 1.74571469069231e-02 4.87026183293046e-04 
9.62024771512070e+00 1.72762374581950e-02 4.84953648448275e-04 
9.63986086030953e+00 1.70956959600926e-02 4.82867785163256e-04 
9.65947400549835e+00 1.69155308642695e-02 4.80768708943257e-04 
9.67908715068718e+00 1.67357506120447e-02 4.78656537710671e-04 
9.69870029587601e+00 1.65563636331052e-02 4.76531391791896e-04 
9.71831344106484e+00 1.63773783442038e-02 4.74393393903576e-04 
9.73792658625367e+00 1.61988031478522e-02 4.72242669138204e-04 
9.75753973144250e+00 1.60206464310096e-02 4.70079344949163e-04 
9.77715287663133e+00 1.58429165637670e-02 4.67903551135164e-04 
9.79676602182016e+00 1.56656218980275e-02 4.65715419824029e-04 
9.81637916700899e+00 1.54887707661839e-02 4.63515085455965e-04 
9.83599231219782e+00 1.53123714797920e-02 4.61302684766231e-04 
9.85560545738665e+00 1.51364323282417e-02 4.59078356767096e-04 
9.87521860257548e+00 1.49609615774252e-02 4.56842242729296e-04 
9.89483174776431e+00 1.47859674684030e-02 4.54594486162853e-04 
9.91444489295314e+00 1.46114582160682e-02 4.52335232797304e-04 
9.93405803814196e+00 1.44374420078086e-02 4.50064630561347e-04 
9.95367118333079e+00 1.42639270021685e-02 4.47782829561808e-04 
9.97328432851962e+00 1.40909213275081e-02 4.45489982062121e-04 
9.99289747370845e+00 1.39184330806638e-02 4.43156371328924e-04 
1.00125106188973e+01 1.37465416992053e-02 4.40598550366493e-04 
1.00321237640861e+01 1.35756969388483e-02 4.37853647678289e-04 
1.00517369092749e+01 1.34058962517893e-02 4.35116037995590e-04 
1.00713500544638e+01 1.32371370695432e-02 4.32385771345244e-04 
1.00909631996526e+01 1.30694168031509e-02 4.29662897194021e-04 
1.01105763448414e+01 1.29027328433871e-02 4.26947464447615e-04 
1.01301894900303e+01 1.27370825609690e-02 4.24239521449750e-04 
1.01498026352191e+01 1.25724633067656e-02 4.21539115981342e-04 
1.01694157804079e+01 1.24088724120067e-02 4.18846295259680e-04 
1.01890289255967e+01 1.22463071884932e-02 4.16161105937737e-04 
1.02086420707856e+01 1.20847649288074e-02 4.13483594103446e-04 
1.02282552159744e+01 1.19242429065235e-02 4.10813805279080e-04 
1.02478683611632e+01 1.17647383764192e-02 4.08151784420709e-04 
1.02674815063521e+01 1.16062485746869e-02 4.05497575917656e-04 
1.02870946515409e+01 1.14487707191454e-02 4.02851223592060e-04 
1.03067077967297e+01 1.12923020094523e-02 4.00212770698440e-04 
1.03263209419185e+01 1.11368396273166e-02 3.97582259923354e-04 
1.03459340871074e+01 1.09823807367106e-02 3.94959733385099e-04 
1.03655472322962e+01 1.08289224840840e-02 3.92345232633471e-04 
1.03851603774850e+01 1.06764619985760e-02 3.89738798649544e-04 
1.04047735226739e+01 1.05249963922295e-02 3.87140471845552e-04 
1.04243866678627e+01 1.03745227602042e-02 3.84550292064791e-04 
1.04439998130515e+01 1.02250381809907e-02 3.81968298581561e-04 
1.04636129582404e+01 1.00765397166240e-02 3.79394530101202e-04 
1.04832261034292e+01 9.92902441289815e-03 3.76829024760118e-04 
1.05028392486180e+01 9.78248929957970e-03 3.74271820125915e-04 
1.05224523938068e+01 9.63693139062245e-03 3.71722953197567e-04 
1.05420655389957e+01 9.49234768438159e-03 3.69182460405610e-04 
1.05616786841845e+01 9.34873516382805e-03 3.66650377612407e-04 
1.05812918293733e+01 9.20609079676297e-03 3.64126740112464e-04 
1.06009049745622e+01 9.06441153603204e-03 3.61611582632778e-04 
1.06205181197510e+01 8.92369431973998e-03 3.59104939333229e-04 
1.06401312649398e+01 8.78393607146491e-03 3.56606843807069e-04 
1.06597444101286e+01 8.64513370047267e-03 3.54117329081381e-04 
1.06793575553175e+01 8.50728410193114e-03 3.51636427617639e-04 
1.06989707005063e+01 8.37038415712445e-03 3.49164171312334e-04 
1.07185838456951e+01 8.23443073366706e-03 3.46700591497579e-04 
1.07381969908840e+01 8.09942068571778e-03 3.44245718941782e-04 
1.07578101360728e+01 7.96535085419363e-03 3.41799583850402e-04 
1.07774232812616e+01 7.83221806698355e-03 3.39362215866720e-04 
1.07970364264504e+01 7.70001913916196e-03 3.36933644072678e-04 
1.08166495716393e+01 7.56875087320206e-03 3.34513896989701e-04 
1.08362627168281e+01 7.43841005918905e-03 3.32103002579630e-04 
1.08558758620169e+01 7.30899347503302e-03 3.29700988245691e-04 
1.08754890072058e+01 7.18049788668166e-03 3.27307880833449e-04 
1.08951021523946e+01 7.05292004833266e-03 3.24923706631877e-04 
1.09147152975834e+01 6.92625670264594e-03 3.22548491374434e-04 
1.09343284427722e+01 6.80050458095546e-03 3.20182260240181e-04 
1.09539415879611e+01 6.67566040348080e-03 3.17825037854927e-04 
1.09735547331499e+01 6.55172087953845e-03 3.15476848292470e-04 
1.09931678783387e+01 6.42868270775264e-03 3.13137715075815e-04 
1.10127810235276e+01 6.30654257626598e-03 3.10807661178466e-04 
1.10323941687164e+01 6.18529716294955e-03 3.08486709025754e-04 
1.10520073139052e+01 6.06494313561276e-03 3.06174880496194e-04 
1.10716204590941e+01 5.94547715221269e-03 3.03872196922918e-04 
1.10912336042829e+01 5.82689586106310e-03 3.01578679095065e-04 
1.11108467494717e+01 5.70919590104295e-03 2.99294347259304e-04 
1.11304598946605e+01 5.59237390180448e-03 2.97019221121353e-04 
1.11500730398494e+01 5.47642648398082e-03 2.94753319847515e-04 
1.11696861850382e+01 5.36135025939316e-03 2.92496662066282e-04 
1.11892993302270e+01 5.24714183125740e-03 2.90249265869965e-04 
1.12089124754159e+01 5.13379779439023e-03 2.88011148816356e-04 
1.12285256206047e+01 5.02131473541482e-03 2.85782327930438e-04 
1.12481387657935e+01 4.90968923296583e-03 2.83562819706106e-04 
1.12677519109823e+01 4.79891785789397e-03 2.81352640107955e-04 
1.12873650561712e+01 4.68899717346994e-03 2.79151804573091e-04 
1.13069782013600e+01 4.57992373558780e-03 2.76960328012956e-04 
1.13265913465488e+01 4.47169409296777e-03 2.74778224815214e-04 
1.13462044917377e+01 4.36430478735834e-03 2.72605508845663e-04 
1.13658176369265e+01 4.25775235373788e-03 2.70442193450169e-04 
1.13854307821153e+01 4.15203332051552e-03 2.68288291456632e-04 
1.14050439273042e+01 4.04714420973141e-03 2.66143815177005e-04 
1.14246570724930e+01 3.94308153725633e-03 2.64008776409332e-04 
1.14442702176818e+01 3.83984181299059e-03 2.61883186439816e-04 
1.14638833628706e+01 3.73742154106229e-03 2.59767056044909e-04 
1.14834965080595e+01 3.63581722002485e-03 2.57660395493452e-04 
1.15031096532483e+01 3.53502534305380e-03 2.55512043839466e-04 
1.15227227984371e+01 3.43507760731623e-03 2.53198922289795e-04 
1.15423359436260e+01 3.33606479502430e-03 2.50632426085308e-04 
1.15619490888148e+01 3.23809342038100e-03 2.47805746166569e-04 
1.15815622340036e+01 3.14126232865865e-03 2.44738320362617e-04 
1.16011753791924e+01 3.04566287635969e-03 2.41449097994992e-04 
1.16207885243813e+01 2.95137912271324e-03 2.37956513278597e-04 
1.16404016695701e+01 2.85848803115195e-03 2.34278462135412e-04 
1.16600148147589e+01 2.76705967946523e-03 2.30432282282376e-04 
1.16796279599478e+01 2.67715747737855e-03 2.26434736450954e-04 
1.16992411051366e+01 2.58883839036365e-03 2.22301998592945e-04 
1.17188542503254e+01 2.50215316854007e-03 2.18049642925021e-04 
1.17384673955142e+01 2.41714657958572e-03 2.13692635663188e-04 
1.17580805407031e+01 2.33385764463093e-03 2.09245329297884e-04 
1.17776936858919e+01 2.25231987616810e-03 2.04721459260488e-04 
1.17973068310807e+01 2.17256151706633e-03 2.00134142832881e-04 
1.18169199762696e+01 2.09460577983720e-03 1.95495880153059e-04 
1.18365331214584e+01 2.01847108535451e-03 1.90818557171736e-04 
1.18561462666472e+01 1.94417130028602e-03 1.86113450417288e-04 
1.18757594118361e+01 1.87171597255047e-03 1.81391233429241e-04 
1.18953725570249e+01 1.80111056416598e-03 1.76661984723782e-04 
1.19149857022137e+01 1.73235668090898e-03 1.71935197158376e-04 
1.19345988474025e+01 1.66545229825301e-03 1.67219788566493e-04 
1.19542119925914e+01 1.60039198310651e-03 1.62524113537649e-04 
1.19738251377802e+01 1.53716711091628e-03 1.57855976222372e-04 
1.19934382829690e+01 1.47576607774941e-03 1.53221529668587e-04 
1.20130514281579e+01 1.41618140261405e-03 1.48622074291373e-04 
1.20326645733467e+01 1.35842933071439e-03 1.44064957484584e-04 
1.20522777185355e+01 1.30248766442434e-03 1.39563111508775e-04 
1.20718908637243e+01 1.24833214175603e-03 1.35121600872150e-04 
1.20915040089132e+01 1.19593662342812e-03 1.30745032806372e-04 
1.21111171541020e+01 1.14527327259521e-03 1.26437575055253e-04 
1.21307302992908e+01 1.09631272718293e-03 1.22202973808465e-04 
1.21503434444797e+01 1.04902426480339e-03 1.18044571706694e-04 
1.21699565896685e+01 1.00337596025381e-03 1.13965325849918e-04 
1.21895697348573e+01 9.59334835626922e-04 1.09967825745617e-04 
1.22091828800461e+01 9.16867003085665e-04 1.06054311138776e-04 
1.22287960252350e+01 8.75937800376414e-04 1.02226689670410e-04 
1.22484091704238e+01 8.36511919174831e-04 9.84865543160386e-05 
1.22680223156126e+01 7.98553526376358e-04 9.48352005601042e-05 
1.22876354608015e+01 7.62026378459545e-04 9.12736432667224e-05 
1.23072486059903e+01 7.26893929064759e-04 8.78026332113173e-05 
1.23268617511791e+01 6.93119429943591e-04 8.44226732417416e-05 
1.23464748963679e+01 6.60666025445414e-04 8.11340340413083e-05 
1.23660880415568e+01 6.29496840717218e-04 7.79367694697974e-05 
1.23857011867456e+01 5.99575063801062e-04 7.48307314619632e-05 
1.24053143319344e+01 5.70864021820368e-04 7.18155844663388e-05 
1.24249274771233e+01 5.43327251451933e-04 6.88908194102027e-05 
1.24445406223121e+01 5.16928563884917e-04 6.60557671794774e-05 
1.24641537675009e+01 4.91632104471431e-04 6.33096116050373e-05 
1.24837669126898e+01 4.67402407275599e-04 6.06514019494301e-05 
1.25033800578786e+01 4.44204444729320e-04 5.80800648903762e-05 
1.25229932030674e+01 4.22003672603337e-04 5.55944159995879e-05 
1.25426063482562e+01 4.00766070501882e-04 5.31931707174710e-05 
1.25622194934451e+01 3.80458178087970e-04 5.08749548261204e-05 
1.25818326386339e+01 3.61047127244590e-04 4.86383144247215e-05 
1.26014457838227e+01 3.42500670374585e-04 4.64817254130143e-05 
1.26210589290116e+01 3.24787205038957e-04 4.44036024898797e-05 
1.26406720742004e+01 3.07875795129790e-04 4.24023076753720e-05 
1.26602852193892e+01 2.91736188769991e-04 4.04761583656534e-05 
1.26798983645780e+01 2.76338833127622e-04 3.86234349312886e-05 
1.26995115097669e+01 2.61654886327852e-04 3.68417910992403e-05 
1.27191246549557e+01 2.47656578496930e-04 3.51277528823758e-05 
1.27387378001445e+01 2.34317735081924e-04 3.34780368579550e-05 
1.27583509453334e+01 2.21613337704182e-04 3.18906991151778e-05 
1.27779640905222e+01 2.09518906023162e-04 3.03644032690327e-05 
1.27975772357110e+01 1.98010516729551e-04 2.88977658770842e-05 
1.28171903808998e+01 1.87064819509185e-04 2.74893639070487e-05 
1.28368035260887e+01 1.76659050165229e-04 2.61377417451109e-05 
1.28564166712775e+01 1.66771041081195e-04 2.48414177567071e-05 
1.28760298164663e+01 1.57379229202209e-04 2.35988904123351e-05 
1.28956429616552e+01 1.48462661706408e-04 2.24086439916571e-05 
1.29152561068440e+01 1.40000999532679e-04 2.12691538797489e-05 
1.29348692520328e+01 1.31974518924996e-04 2.01788914698251e-05 
1.29544823972217e+01 1.24364111147597e-04 1.91363286871335e-05 
1.29740955424105e+01 1.17151280519057e-04 1.81399421489931e-05 
1.29937086875993e+01 1.10318140907098e-04 1.71882169761249e-05 
1.30133218327881e+01 1.03847410819702e-04 1.62796502705315e-05 
1.30329349779770e+01 9.77224072218370e-05 1.54127542752024e-05 
1.30525481231658e+01 9.19270382008390e-05 1.45860592308793e-05 
1.30721612683546e+01 8.64457945973084e-05 1.37981159450118e-05 
1.30917744135435e+01 8.12637407122437e-05 1.30474980878676e-05 
1.31113875587323e+01 7.63665041950983e-05 1.23328042305504e-05 
1.31310007039211e+01 7.17402652115169e-05 1.16526596394222e-05 
1.31506138491099e+01 6.73717449837056e-05 1.10057178411273e-05 
1.31702269942988e+01 6.32481937907249e-05 1.03906619720833e-05 
1.31898401394876e+01 5.93573785104801e-05 9.80620592594603e-06 
1.32094532846764e+01 5.56875697798335e-05 9.25109531216371e-06 
1.32290664298653e+01 5.22275288440778e-05 8.72410823833133e-06 
1.32486795750541e+01 4.89664941620060e-05 8.22405592862737e-06 
1.32682927202429e+01 4.58941678279873e-05 7.74978319017693e-06 
1.32879058654317e+01 4.30007018678209e-05 7.30016873873418e-06 
1.33075190106206e+01 4.02766844606922e-05 6.87412539461992e-06 
1.33271321558094e+01 3.77131261352936e-05 6.47060015938679e-06 
1.33467453009982e+01 3.53014459841096e-05 6.08857418322020e-06 
1.33663584461871e+01 3.30334579359858e-05 5.72706263261939e-06 
1.33859715913759e+01 3.09013571234168e-05 5.38511446743890e-06 
1.34055847365647e+01 2.88977063774914e-05 5.06181213591469e-06 
1.34251978817536e+01 2.70154228801166e-05 4.75627119584651e-06 
1.34448110269424e+01 2.52477650000161e-05 4.46763986966250e-06 
1.34644241721312e+01 2.35883193360428e-05 4.19509854065764e-06 
1.34840373173200e+01 2.20309879885707e-05 3.93785919727074e-06 
1.35036504625089e+01 2.05699760771201e-05 3.69516483184985e-06 
1.35232636076977e+01 1.91997795199295e-05 3.46628879995296e-06 
1.35428767528865e+01 1.79151730889027e-05 3.25053414584045e-06 
1.35624898980754e+01 1.67111987512296e-05 3.04723289943751e-06 
1.35821030432642e+01 1.55831543069984e-05 2.85574534968174e-06 
1.36017161884530e+01 1.45265823302791e-05 2.67545929882072e-06 
1.36213293336418e+01 1.35372594194542e-05 2.50578930188900e-06 
1.36409424788307e+01 1.26111857610038e-05 2.34617589527281e-06 
1.36605556240195e+01 1.17445750095043e-05 2.19608481796398e-06 
1.36801687692083e+01 1.09338444852727e-05 2.05500622881307e-06 
1.36997819143972e+01 1.01756056898752e-05 1.92242356618684e-06 
1.37193950595860e+01 9.46667065957220e-06 1.79779125942823e-06 
1.37390082047748e+01 8.80406877878830e-06 1.68060096455703e-06 
1.37586213499636e+01 8.18501636759160e-06 1.57043201173944e-06 
1.37782344951525e+01 7.60687784542339e-06 1.46691197106685e-06 
1.37978476403413e+01 7.06715933301013e-06 1.36968444468229e-06 
1.38174607855301e+01 6.56350241409905e-06 1.27840866880497e-06 
1.38370739307190e+01 6.09367806322011e-06 1.19275910015282e-06 
1.38566870759078e+01 5.65558074446862e-06 1.11242498977306e-06 
1.38763002210966e+01 5.24722268518973e-06 1.03710994705510e-06 
1.38959133662855e+01 4.86672832742391e-06 9.66531496474852e-07 
1.39155265114743e+01 4.51232895903675e-06 9.00420629404673e-07 
1.39351396566631e+01 4.18235752560375e-06 8.38521353118647e-07 
1.39547528018519e+01 3.87524362334555e-06 7.80590238929169e-07 
1.39743659470408e+01 3.58950867270811e-06 7.26395971207075e-07 
1.39939790922296e+01 3.32376127155144e-06 6.75718898864215e-07 
1.40135922374184e+01 3.07669272634488e-06 6.28350590714056e-07 
1.40332053826073e+01 2.84707275926349e-06 5.84093395972419e-07 
1.40528185277961e+01 2.63374538863413e-06 5.42760011016439e-07 
1.40724316729849e+01 2.43562497978843e-06 5.04173053385335e-07 
1.40920448181737e+01 2.25169246303844e-06 4.68164643880935e-07 
1.41116579633626e+01 2.08099171519658e-06 4.34575997509075e-07 
1.41312711085514e+01 1.92262610081071e-06 4.03257023894544e-07 
1.41508842537402e+01 1.77575516907458e-06 3.74065937701806e-07 
1.41704973989291e+01 1.63959150220066e-06 3.46868879501143e-07 
1.41901105441179e+01 1.51339771090304e-06 3.21539547434544e-07 
1.42097236893067e+01 1.39648357253024e-06 2.97958839957449e-07 
1.42293368344955e+01 1.28820330730850e-06 2.76014509860928e-07 
1.42489499796844e+01 1.18795298810284e-06 2.55600829713642e-07 
1.42685631248732e+01 1.09516807907368e-06 2.36618268803795e-07 
1.42881762700620e+01 1.00932109859851e-06 2.18973181607731e-07 
1.43077894152509e+01 9.29919401839211e-07 2.02577507763658e-07 
1.43274025604397e+01 8.56503078363668e-07 1.87348483485809e-07 
1.43470157056285e+01 7.88642960273903e-07 1.73208364315904e-07 
1.43666288508174e+01 7.25938736350018e-07 1.60084159074669e-07 
1.43862419960062e+01 6.68017167788087e-07 1.47907374846239e-07 
1.44058551411950e+01 6.14530401189503e-07 1.36613772802076e-07 
1.44254682863838e+01 5.65154374547508e-07 1.26143134648456e-07 
1.44450814315727e+01 5.19587312072520e-07 1.16439039462212e-07 
1.44646945767615e+01 4.77548303800169e-07 1.07448650663155e-07 
1.44843077219503e+01 4.38775966033574e-07 9.91225128580314e-08 
1.45039208671392e+01 4.03027178783258e-07 9.14143582799830e-08 
1.45235340123280e+01 3.70075896483373e-07 8.42809225388087e-08 
1.45431471575168e+01 3.39712028380576e-07 7.76817693909260e-08 
1.45627603027056e+01 3.11740385111389e-07 7.15791242333812e-08 
1.45823734478945e+01 2.85979688104295e-07 6.59377160235330e-08 
1.46019865930833e+01 2.62261638563636e-07 6.07246273248987e-08 
1.46215997382721e+01 2.40430042913022e-07 5.59091521799516e-08 
1.46412128834610e+01 2.20339991695859e-07 5.14626615122500e-08 
1.46608260286498e+01 2.01857089049350e-07 4.73584757630380e-08 
1.46804391738386e+01 1.84856729985486e-07 4.35717444712296e-08 
1.47000523190274e+01 1.69223422827825e-07 4.00780357089790e-08 
1.47196654642163e+01 1.54850718786372e-07 3.68524893056439e-08 
1.47392786094051e+01 1.41641709867280e-07 3.38725643106331e-08 
1.47588917545939e+01 1.29507555530399e-07 3.11198523541099e-08 
1.47785048997828e+01 1.18365698189032e-07 2.85783036983253e-08 
1.47981180449716e+01 1.08139464125055e-07 2.62328870263144e-08 
1.48177311901604e+01 9.87576856755736e-08 2.40695351917839e-08 
1.48373443353493e+01 9.01543439274792e-08 2.20750929194979e-08 
1.48569574805381e+01 8.22682311471131e-08 2.02372664786198e-08 
1.48765706257269e+01 7.50426321679802e-08 1.85445753391545e-08 
1.48961837709157e+01 6.84250239595182e-08 1.69863058106635e-08 
1.49157969161046e+01 6.23667926038634e-08 1.55524666527008e-08 
1.49354100612934e+01 5.68229669148823e-08 1.42337466378629e-08 
1.49550232064822e+01 5.17519679440274e-08 1.30214740408682e-08 
1.49746363516711e+01 4.71153736304397e-08 1.19075780206054e-08 
1.49942494968599e+01 4.28776978677880e-08 1.08845484885387e-08 
1.50138626420487e+01 3.90063384073526e-08 9.94537972712849e-09 
1.50334757872375e+01 3.54715887215804e-08 9.08355422103503e-09 
1.50530889324264e+01 3.22454610408389e-08 8.29313217040817e-09 
1.50727020776152e+01 2.93021702895422e-08 7.56851529568842e-09 
1.50923152228040e+01 2.66179725731737e-08 6.90451410012266e-09 
1.51119283679929e+01 2.41710143978735e-08 6.29632083753115e-09 
1.51315415131817e+01 2.19411920125218e-08 5.73948400699151e-09 
1.51511546583705e+01 1.99100202882197e-08 5.22988431264662e-09 
1.51707678035593e+01 1.80605105750085e-08 4.76371202688544e-09 
1.51903809487482e+01 1.63770570004205e-08 4.33744569551105e-09 
1.52099940939370e+01 1.48453306989348e-08 3.94783212415719e-09 
1.52296072391258e+01 1.34521814854988e-08 3.59186758610671e-09 
1.52492203843147e+01 1.21855465099092e-08 3.26678019276768e-09 
1.52688335295035e+01 1.10343654519400e-08 2.97001336934422e-09 
1.52884466746923e+01 9.98850183960660e-09 2.69921037967016e-09 
1.53080598198811e+01 9.03867009482014e-09 2.45219984572880e-09 
1.53276729650700e+01 8.17636793186748e-09 2.22698220903726e-09 
1.53472861102588e+01 7.39381375462770e-09 2.02171708280764e-09 
1.53668992554476e+01 6.68388871817894e-09 1.83471144559003e-09 
1.53865124006365e+01 6.04008313944553e-09 1.66440862893796e-09 
1.54061255458253e+01 5.45644695977569e-09 1.50937805349808e-09 
1.54257386910141e+01 4.92754397981965e-09 1.36830566980082e-09 
1.54453518362030e+01 4.44840960379896e-09 1.23998506190386e-09 
1.54649649813918e+01 4.01451184622353e-09 1.12330917390638e-09 
1.54845781265806e+01 3.62171536933375e-09 1.01726262119848e-09 
1.55041912717694e+01 3.26624833403073e-09 9.20914550130493e-10 
1.55238044169583e+01 2.94467186082482e-09 8.33412011573033e-10 
1.55434175621471e+01 2.65385191039531e-09 7.53973815585767e-10 
1.55630307073359e+01 2.39093340573309e-09 6.81884836115917e-10 
1.55826438525248e+01 2.15331642955161e-09 6.16490736302369e-10 
1.56022569977136e+01 1.93863434172140e-09 5.57193086565167e-10 
1.56218701429024e+01 1.74473367193160e-09 5.03444849210689e-10 
1.56414832880912e+01 1.56965565263104e-09 4.54746204777888e-10 
1.56610964332801e+01 1.41161926657463e-09 4.10640696789803e-10 
1.56807095784689e+01 1.26900569202108e-09 3.70711672956255e-10 
1.57003227236577e+01 1.14034403681929e-09 3.34579002197969e-10 
1.57199358688466e+01 1.02429826030579e-09 3.01896048129606e-10 
1.57395490140354e+01 9.19655189137854e-10 2.72346880849725e-10 
1.57591621592242e+01 8.25313539928649e-10 2.45643710040480e-10 
1.57787753044131e+01 7.40273867854569e-10 2.21524523479850e-10 
1.57983884496019e+01 6.63629366292323e-10 1.99750526418621e-10 
1.58180015947907e+01 5.94553445657967e-10 1.80014975211085e-10 
1.58376147399795e+01 5.32361508910582e-10 1.62130858676855e-10 
1.58572278851684e+01 4.76371685054723e-10 1.45944588764987e-10 
1.58768410303572e+01 4.26018800168135e-10 1.31297969260337e-10 
1.58964541755460e+01 3.80737620083976e-10 1.18059366564995e-10 
1.59160673207349e+01 3.40059325714186e-10 1.06089187244751e-10 
1.59356804659237e+01 3.03520215853674e-10 9.52718362125748e-11 
1.59552936111125e+01 2.70737882053431e-10 8.54958943727528e-11 
1.59749067563013e+01 2.41332119316145e-10 7.66727382392892e-11 
1.59945199014902e+01 2.14985699527826e-10 6.87116096596891e-11 
1.60141330466790e+01 1.91384967311218e-10 6.15363567514356e-11 
1.60337461918678e+01 1.70268361799549e-10 5.50699113810414e-11 
1.60533593370567e+01 1.51378972052178e-10 4.92489914279135e-11 
1.60729724822455e+01 1.34502018257738e-10 4.40109055666652e-11 
1.60925856274343e+01 1.19426536501890e-10 3.93032823684342e-11 
1.61121987726231e+01 1.05976147948132e-10 3.50736998666906e-11 
1.61318119178120e+01 9.39782795527669e-11 3.12784084161054e-11 
1.61514250630008e+01 8.32886061338110e-11 2.78737903705449e-11 
1.61710382081896e+01 7.37664735144704e-11 2.48234488943703e-11 
1.61906513533785e+01 6.52942020926671e-11 2.20912562194185e-11 
1.62102644985673e+01 5.77575557800234e-11 1.96470565478262e-11 
1.62298776437561e+01 5.10609144103276e-11 1.74610528685922e-11 
1.62494907889450e+01 4.51118145564877e-11 1.55083608636769e-11 
1.62691039341338e+01 3.98328253009942e-11 1.37645041710464e-11 
1.62887170793226e+01 3.51493549714219e-11 1.22090293156550e-11 
1.63083302245114e+01 3.09989117621714e-11 1.08219084041004e-11 
1.63279433697003e+01 2.73215170088263e-11 9.58639441140859e-12 
1.63475565148891e+01 2.40669016008068e-11 8.48616062539383e-12 
1.63671696600779e+01 2.11869907738456e-11 7.50754605548115e-12 
1.63867828052668e+01 1.86414783187286e-11 6.63728922716288e-12 
1.64063959504556e+01 1.63919515458615e-11 5.86428696673005e-12 
1.64260090956444e+01 1.44061957173260e-11 5.17780516092774e-12 
1.64456222408332e+01 1.26536132396394e-11 4.56885128400311e-12 
1.64652353860221e+01 1.11085378595506e-11 4.02876621249967e-12 
1.64848485312109e+01 9.74667187188078e-12 3.55029155626627e-12 
1.65044616763997e+01 8.54763079708157e-12 3.12655484448424e-12 
1.65240748215886e+01 7.49215634484402e-12 2.75187748734345e-12 
1.65436879667774e+01 6.56399299816902e-12 2.42074407125915e-12 
1.65633011119662e+01 5.74784044152604e-12 2.12841823710094e-12 
1.65829142571550e+01 5.03087295403157e-12 1.87037538919226e-12 
1.66025274023439e+01 4.40107848647963e-12 1.64282470538511e-12 
1.66221405475327e+01 3.84838670679964e-12 1.44218065630043e-12 
1.66417536927215e+01 3.36338928970771e-12 1.26543851089790e-12 
1.66613668379104e+01 2.93819814074014e-12 1.10976417352115e-12 
1.66809799830992e+01 2.56546135251768e-12 9.72782170406295e-13 
1.67005931282880e+01 2.23901466188123e-12 8.52257998525339e-13 
1.67202062734769e+01 1.95312623144950e-12 7.46318454703213e-13 
1.67398194186657e+01 1.70299004452132e-12 6.53206145587194e-13 
1.67594325638545e+01 1.48414741046947e-12 5.71447653116242e-13 
1.67790457090433e+01 1.29285981750438e-12 4.99664201353594e-13 
1.67986588542322e+01 1.12566664386272e-12 4.36699708397000e-13 
1.68182719994210e+01 9.79666297245434e-13 3.81475056996453e-13 
1.68378851446098e+01 8.52178692772113e-13 3.33085377741589e-13 
1.68574982897987e+01 7.40956773558720e-13 2.90688102124536e-13 
1.68771114349875e+01 6.43929414595916e-13 2.53576703815134e-13 
1.68967245801763e+01 5.59360215377064e-13 2.21094868709101e-13 
1.69163377253651e+01 4.85652024959556e-13 1.92692268149982e-13 
1.69359508705540e+01 4.21465887610172e-13 1.67858877139637e-13 
1.69555640157428e+01 3.65572691996060e-13 1.46167067346609e-13 
1.69751771609316e+01 3.16942068700646e-13 1.27221436280910e-13 
1.69947903061205e+01 2.74630010761195e-13 1.10689439736042e-13 
1.70144034513093e+01 2.37847952939580e-13 9.62601130889232e-14 
1.70340165964981e+01 2.05880872688769e-13 8.36708324488990e-14 
1.70536297416869e+01 1.78124990203697e-13 7.26868503797852e-14 
1.70732428868758e+01 1.54028417981251e-13 6.31128879174872e-14 
1.70928560320646e+01 1.33128608659059e-13 5.47692276318664e-14 
1.71124691772534e+01 1.15003493344513e-13 4.75048865525980e-14 
1.71320823224423e+01 9.92995812364948e-14 4.11811617165819e-14 
1.71516954676311e+01 8.56948684943237e-14 3.56816231888206e-14 
1.71713086128199e+01 7.39198555982868e-14 3.08995027293296e-14 
1.71909217580087e+01 6.37294676220408e-14 2.67452468991290e-14 
1.72105349031976e+01 5.49187256415675e-14 2.31368812602898e-14 
1.72301480483864e+01 4.73015446241799e-14 2.00056994403743e-14 
1.72497611935752e+01 4.07223835943359e-14 1.72889226320564e-14 
1.72693743387641e+01 3.50402770529992e-14 1.49339703506432e-14 
1.72889874839529e+01 3.01374704705720e-14 1.28928843572357e-14 
1.73086006291417e+01 2.59074228606811e-14 1.11255244022462e-14 
1.73282137743306e+01 2.22611894932974e-14 9.59534402354090e-15 
1.73478269195194e+01 1.91184295178024e-14 8.27177445371295e-15 
1.73674400647082e+01 1.64121104771284e-14 7.12703296682227e-15 
1.73870532098970e+01 1.40817839224215e-14 6.13789584022660e-15 
1.74066663550859e+01 1.20770435301579e-14 5.28329299631692e-15 
1.74262795002747e+01 1.03525080730226e-14 4.54562274303708e-15 
1.74458926454635e+01 8.87035655004654e-15 3.90894347085557e-15 
1.74655057906524e+01 7.59659329316203e-15 3.35994583282127e-15 
1.74851189358412e+01 6.50290154966611e-15 2.88659655112556e-15 
1.75047320810300e+01 5.56386910023188e-15 2.47883863350607e-15 
1.75243452262188e+01 4.75834236163863e-15 2.12758294181125e-15 
1.75439583714077e+01 4.06738527653294e-15 1.82526341466511e-15 
1.75635715165965e+01 3.47524439322571e-15 1.56508213111694e-15 
1.75831846617853e+01 2.96782258081635e-15 1.34137622434842e-15 
1.76027978069742e+01 2.53339400986770e-15 1.14904895383638e-15 
1.76224109521630e+01 2.16148268021786e-15 9.83853409949932e-16 
1.76420240973518e+01 1.84337958019626e-15 8.41973849488255e-16 
1.76616372425406e+01 1.57131639830685e-15 7.20232567117642e-16 
1.76812503877295e+01 1.33883864084896e-15 6.15779334525133e-16 
1.77008635329183e+01 1.14019807072129e-15 5.26241846644136e-16 
1.77204766781071e+01 9.70621222216010e-16 4.49495849516340e-16 
1.77400898232960e+01 8.25863562593624e-16 3.83774264956749e-16 
1.77597029684848e+01 7.02402244446219e-16 3.27497404452057e-16 
1.77793161136736e+01 5.97109587850252e-16 2.79351916608730e-16 
1.77989292588625e+01 5.07391101932735e-16 2.38165643129421e-16 
1.78185424040513e+01 4.30946818920916e-16 2.02964587748684e-16 
1.78381555492401e+01 3.65869880146666e-16 1.72880865916804e-16 
1.78577686944289e+01 3.10472419695819e-16 1.47193709444939e-16 
1.78773818396178e+01 2.63355808284282e-16 1.25261895277543e-16 
1.78969949848066e+01 2.23283869110314e-16 1.06553185109390e-16 
1.79166081299954e+01 1.89232804060333e-16 9.05948222013115e-17 
1.79362212751843e+01 1.60299047661642e-16 7.69946149513098e-17 
1.79558344203731e+01 1.35734664788336e-16 6.54047415949808e-17 
1.79754475655619e+01 1.14880503331000e-16 5.55368120546114e-17 
1.79950607107507e+01 9.71912289899493e-17 4.71353750597632e-17 
1.80146738559396e+01 8.21869269512642e-17 3.99885047750152e-17 
1.80342870011284e+01 6.94708595152484e-17 3.39088317809695e-17 
1.80539001463172e+01 5.86945568963404e-17 2.87414143249002e-17 
1.80735132915061e+01 4.95699853561039e-17 2.43496283709110e-17 
1.80931264366949e+01 4.18443117278465e-17 2.06203430289187e-17 
1.81127395818837e+01 3.53086728334159e-17 1.74537968572715e-17 
1.81323527270725e+01 2.97799844909535e-17 1.47674313835509e-17 
1.81519658722614e+01 2.51070893232728e-17 1.24885509030811e-17 
1.81715790174502e+01 2.11576678629231e-17 1.05570305792162e-17 
1.81911921626390e+01 1.78225373802097e-17 8.92000462813866e-18 
1.82108053078279e+01 1.50062511827625e-17 7.53377446746058e-18 
1.82304184530167e+01 1.26300967763308e-17 6.35997204559905e-18 
1.82500315982055e+01 1.06253562251058e-17 5.36690087441417e-18 
1.82696447433944e+01 8.93539173888203e-18 4.52677002643801e-18 
1.82892578885832e+01 7.51082241322690e-18 3.81663416941445e-18 
1.83088710337720e+01 6.31097120886701e-18 3.21640313710062e-18 
1.83284841789608e+01 5.30041923025424e-18 2.70949916535361e-18 
1.83480973241497e+01 4.45000698721992e-18 2.28142718877319e-18 
1.83677104693385e+01 3.73437706772432e-18 1.92023315746302e-18 
1.83873236145273e+01 3.13266513107075e-18 1.61547895454056e-18 
1.84069367597162e+01 2.62675047685422e-18 1.35856115882092e-18 
1.84265499049050e+01 2.20173163271331e-18 1.14197738716265e-18 
1.84461630500938e+01 1.84468301587047e-18 9.59547406680743e-19 
1.84657761952826e+01 1.54498137818783e-18 8.05888982697264e-19 
1.84853893404715e+01 1.29342364363564e-18 6.76570839492064e-19 
1.85050024856603e+01 1.08245037395743e-18 5.67745142219190e-19 
1.85246156308491e+01 9.05520653796025e-19 4.76249596848437e-19 
1.85442287760380e+01 7.57258048718761e-19 3.99331961448695e-19 
1.85638419212268e+01 6.33015907330083e-19 3.34722100034427e-19 
1.85834550664156e+01 5.28982939975343e-19 2.80450168873149e-19 
1.86030682116044e+01 4.41870492511129e-19 2.34897894034675e-19 
1.86226813567933e+01 3.68982511009966e-19 1.96663936257027e-19 
1.86422945019821e+01 3.07995199895823e-19 1.64597655830475e-19 
1.86619076471709e+01 2.57004468858138e-19 1.37703798846016e-19 
1.86815207923598e+01 2.14370917857877e-19 1.15165582508348e-19 
1.87011339375486e+01 1.78751922485179e-19 9.62773235578561e-20 
1.87207470827374e+01 1.48992740994946e-19 8.04601801509655e-20 
1.87403602279263e+01 1.24148148497593e-19 6.72146043352693e-20 
1.87599733731151e+01 1.03406056780000e-19 5.61310474856502e-20 
1.87795865183039e+01 8.61020578148915e-20 4.68564548880341e-20 
1.87991996634927e+01 7.16659277441472e-20 3.91015260009077e-20 
1.88188128086816e+01 5.96313733355789e-20 3.26171398873530e-20 
1.88384259538704e+01 4.95986185805196e-20 2.71992650819550e-20 
1.88580390990592e+01 4.12409152909921e-20 2.26723973287581e-20 
1.88776522442481e+01 3.42784152962058e-20 1.88928702960619e-20 
1.88972653894369e+01 2.84825048643555e-20 1.57372371271534e-20 
1.89168785346257e+01 2.36575844925363e-20 1.31044961493129e-20 
1.89364916798145e+01 1.96439443743643e-20 1.09079525574324e-20 
1.89561048250034e+01 1.63050766855787e-20 9.07671005243378e-21 
1.89757179701922e+01 1.35295761056388e-20 7.54997859067934e-21 
1.89953311153810e+01 1.12223171969086e-20 6.27807083077775e-21 
1.90149442605699e+01 9.30570561946621e-21 5.21842654438890e-21 
1.90345574057587e+01 7.71355179733369e-21 4.33627602000036e-21 
1.90541705509475e+01 6.39189123110862e-21 3.60186743303191e-21 
1.90737836961363e+01 5.29473637472384e-21 2.99090695579241e-21 
1.90933968413252e+01 4.38461205479166e-21 2.48262785701951e-21 
1.91130099865140e+01 3.62961381638584e-21 2.06008138169086e-21 
1.91326231317028e+01 3.00375573192075e-21 1.70879395553232e-21 
1.91522362768917e+01 2.48493622275723e-21 1.41695866322008e-21 
1.91718494220805e+01 2.05516284941979e-21 1.17450275472589e-21 
1.91914625672693e+01 1.69914757575362e-21 9.73213138222183e-22 
1.92110757124582e+01 1.40445127248633e-21 8.06089727159189e-22 
1.92306888576470e+01 1.16051496029545e-21 6.67427281421157e-22 
1.92503020028358e+01 9.58752193482416e-22 5.52367603278528e-22 
1.92699151480246e+01 7.91881857071597e-22 4.56952597568730e-22 
1.92895282932135e+01 6.53986930393432e-22 3.77814604023797e-22 
1.93091414384023e+01 5.40055567486291e-22 3.12210535458161e-22 
1.93287545835911e+01 4.46018353398998e-22 2.57808037291123e-22 
1.93483677287800e+01 3.68433041965290e-22 2.12707204386547e-22 
1.93679808739688e+01 3.04508221838609e-22 1.75293127078977e-22 
1.93875940191576e+01 2.51886993951776e-22 1.44249439358852e-22 
1.94072071643464e+01 2.08662230534011e-22 1.18456795728542e-22 
1.94268203095353e+01 1.73228290153510e-22 9.70009963760115e-23 
1.94464334547241e+01 1.44291296124847e-22 7.91032036307463e-23 
1.94660465999129e+01 1.20767559853740e-22 6.41243718414921e-23 
1.94856597451018e+01 1.01791205841379e-22 5.15173736739106e-23 
1.95052728902906e+01 8.66445964385255e-23 4.08287608691240e-23 
1.95248860354794e+01 7.47649832418287e-23 3.16660030160011e-23 
1.95444991806682e+01 6.56967997472739e-23 2.36970995781223e-23 
1.95641123258571e+01 5.90986964238378e-23 1.66282392055346e-23 
1.95837254710459e+01 5.47107199699649e-23 1.02013857225420e-23 
1.96033386162347e+01 5.23630220209219e-23 7.11582143918361e-24 
