Energy(eV)           EEDF(eV^-(3/2))      Anisotropy(eV^-(3/2))
8.89485042577286e-03 7.55875164873481e-02 9.91264681062747e-06 
2.66845512773186e-02 7.55852818243146e-02 2.34250786307483e-05 
4.44742521288643e-02 7.55820099471010e-02 4.46644965834627e-05 
6.22639529804100e-02 7.55781638094766e-02 6.61354999383354e-05 
8.00536538319557e-02 7.55745680449996e-02 8.73930895973023e-05 
9.78433546835014e-02 7.55713467987867e-02 1.07065613118223e-04 
1.15633055535047e-01 7.55687823923286e-02 1.26196013502163e-04 
1.33422756386593e-01 7.55666774980759e-02 1.44024129224276e-04 
1.51212457238139e-01 7.55649476889562e-02 1.60497203808951e-04 
1.69002158089684e-01 7.55635895860841e-02 1.76132708099928e-04 
1.86791858941230e-01 7.55624893689484e-02 1.90618003419731e-04 
2.04581559792776e-01 7.55615826539556e-02 2.04465924392755e-04 
2.22371260644321e-01 7.55607166987361e-02 2.16981007316031e-04 
2.40160961495867e-01 7.55598414726048e-02 2.28308559350605e-04 
2.57950662347413e-01 7.55589647378317e-02 2.39366610030988e-04 
2.75740363198959e-01 7.55578434027721e-02 2.48844922489953e-04 
2.93530064050504e-01 7.55564506557585e-02 2.57494762247075e-04 
3.11319764902050e-01 7.55547647993944e-02 2.65423503283933e-04 
3.29109465753596e-01 7.55527078129002e-02 2.72531758608948e-04 
3.46899166605141e-01 7.55502681915608e-02 2.78945472925784e-04 
3.64688867456687e-01 7.55474192046289e-02 2.84698901315803e-04 
3.82478568308233e-01 7.55441160545607e-02 2.89800431472289e-04 
4.00268269159778e-01 7.55403517152980e-02 2.94292540119414e-04 
4.18057970011324e-01 7.55361325047050e-02 2.98210185216035e-04 
4.35847670862870e-01 7.55314664439654e-02 3.01589837316126e-04 
4.53637371714416e-01 7.55263527688502e-02 3.04463678428536e-04 
4.71427072565961e-01 7.55207921868338e-02 3.06863620840129e-04 
4.89216773417507e-01 7.55147867246703e-02 3.08820607032239e-04 
5.07006474269053e-01 7.55083395839578e-02 3.10361001048460e-04 
5.24796175120599e-01 7.55014652973618e-02 3.11514458429973e-04 
5.42585875972144e-01 7.54941703257421e-02 3.12311032504867e-04 
5.60375576823690e-01 7.54864606555893e-02 3.12777951340270e-04 
5.78165277675236e-01 7.54783429052726e-02 3.12940960150223e-04 
5.95954978526781e-01 7.54698242232232e-02 3.12824597090645e-04 
6.13744679378327e-01 7.54609121934981e-02 3.12452209162911e-04 
6.31534380229873e-01 7.54516147484799e-02 3.11845972460173e-04 
6.49324081081418e-01 7.54419400884485e-02 3.11026915999856e-04 
6.67113781932964e-01 7.54318966077511e-02 3.10014948515193e-04 
6.84903482784510e-01 7.54214928272824e-02 3.08828887683977e-04 
7.02693183636056e-01 7.54107373329849e-02 3.07485565574621e-04 
7.20482884487601e-01 7.53996412264211e-02 3.06001039413555e-04 
7.38272585339147e-01 7.53882143828966e-02 3.04391946510890e-04 
7.56062286190693e-01 7.53764652425270e-02 3.02673615788409e-04 
7.73851987042238e-01 7.53644021156418e-02 3.00859905330676e-04 
7.91641687893784e-01 7.53520331475529e-02 2.98963786955096e-04 
8.09431388745330e-01 7.53393662875124e-02 2.96997382510140e-04 
8.27221089596876e-01 7.53264092615812e-02 2.94972000174468e-04 
8.45010790448421e-01 7.53131695491335e-02 2.92898170586305e-04 
8.62800491299967e-01 7.52996543627365e-02 2.90785682643138e-04 
8.80590192151513e-01 7.52858706311473e-02 2.88643618843398e-04 
8.98379893003058e-01 7.52718249851845e-02 2.86480390046919e-04 
9.16169593854604e-01 7.52575237462376e-02 2.84303769551621e-04 
9.33959294706150e-01 7.52429729171912e-02 2.82120926395831e-04 
9.51748995557696e-01 7.52281781755504e-02 2.79938457813058e-04 
9.69538696409241e-01 7.52131448685634e-02 2.77762420778327e-04 
9.87328397260787e-01 7.51978780101522e-02 2.75598362587569e-04 
1.00511809811233e+00 7.51823822794686e-02 2.73418950069422e-04 
1.02290779896388e+00 7.51667182053963e-02 2.71215733246586e-04 
1.04069749981542e+00 7.51509043329853e-02 2.69026022033129e-04 
1.05848720066697e+00 7.51349436882121e-02 2.66863009869461e-04 
1.07627690151852e+00 7.51188390019986e-02 2.64730123223015e-04 
1.09406660237006e+00 7.51025927176306e-02 2.62630440469802e-04 
1.11185630322161e+00 7.50862069985332e-02 2.60566715056987e-04 
1.12964600407315e+00 7.50696837363266e-02 2.58541397590150e-04 
1.14743570492470e+00 7.50530245590922e-02 2.56556656857386e-04 
1.16522540577624e+00 7.50362308397872e-02 2.54614399807420e-04 
1.18301510662779e+00 7.50193037047493e-02 2.52716290502051e-04 
1.20080480747934e+00 7.50022440422419e-02 2.50880160854833e-04 
1.21859450833088e+00 7.49850302715597e-02 2.49122903608803e-04 
1.23638420918243e+00 7.49676444143207e-02 2.47430597893235e-04 
1.25417391003397e+00 7.49500868161714e-02 2.45790125267797e-04 
1.27196361088552e+00 7.49323576083682e-02 2.44201895349624e-04 
1.28975331173706e+00 7.49144567130016e-02 2.42666220125584e-04 
1.30754301258861e+00 7.48963838484117e-02 2.41152939011095e-04 
1.32533271344016e+00 7.48781756911521e-02 2.39657926340169e-04 
1.34312241429170e+00 7.48598344902135e-02 2.38211586541418e-04 
1.36091211514325e+00 7.48413592743131e-02 2.36816439882668e-04 
1.37870181599479e+00 7.48227489193666e-02 2.35472395586171e-04 
1.39649151684634e+00 7.48040021541059e-02 2.34179298096617e-04 
1.41428121769788e+00 7.47851175656140e-02 2.32936932306153e-04 
1.43207091854943e+00 7.47660936047555e-02 2.31745028614050e-04 
1.44986061940098e+00 7.47469285914872e-02 2.30603267801382e-04 
1.46765032025252e+00 7.47276207200332e-02 2.29511285706237e-04 
1.48544002110407e+00 7.47081680639139e-02 2.28468677684852e-04 
1.50322972195561e+00 7.46885685808182e-02 2.27423241549363e-04 
1.52101942280716e+00 7.46688743987999e-02 2.26348229478950e-04 
1.53880912365870e+00 7.46491086107335e-02 2.25293474330979e-04 
1.55659882451025e+00 7.46292688856199e-02 2.24282702115754e-04 
1.57438852536180e+00 7.46093528426619e-02 2.23315371963563e-04 
1.59217822621334e+00 7.45893580545900e-02 2.22390924751181e-04 
1.60996792706489e+00 7.45692820507893e-02 2.21508786006799e-04 
1.62775762791643e+00 7.45491223202309e-02 2.20668368607027e-04 
1.64554732876798e+00 7.45288763142165e-02 2.19869075270061e-04 
1.66333702961952e+00 7.45085414489431e-02 2.19110300853311e-04 
1.68112673047107e+00 7.44881151078940e-02 2.18391434466918e-04 
1.69891643132262e+00 7.44675946440645e-02 2.17711861408049e-04 
1.71670613217416e+00 7.44469773820297e-02 2.17070964926054e-04 
1.73449583302571e+00 7.44262606198619e-02 2.16468127828663e-04 
1.75228553387725e+00 7.44054416309052e-02 2.15902733934900e-04 
1.77007523472880e+00 7.43845176654152e-02 2.15374169385987e-04 
1.78786493558034e+00 7.43634859520707e-02 2.14881823823898e-04 
1.80565463643189e+00 7.43423436993652e-02 2.14425091443857e-04 
1.82344433728344e+00 7.43210880968852e-02 2.14003371928644e-04 
1.84123403813498e+00 7.42997163164819e-02 2.13616071275179e-04 
1.85902373898653e+00 7.42782255133434e-02 2.13262602520123e-04 
1.87681343983807e+00 7.42566128269743e-02 2.12942386370546e-04 
1.89460314068962e+00 7.42348753820875e-02 2.12678385735418e-04 
1.91239284154116e+00 7.42129901772134e-02 2.12567586159606e-04 
1.93018254239271e+00 7.41908716620658e-02 2.12587362642901e-04 
1.94797224324426e+00 7.41685160987502e-02 2.12642367936905e-04 
1.96576194409580e+00 7.41459196911433e-02 2.12732055453306e-04 
1.98355164494735e+00 7.41230785862961e-02 2.12855888146064e-04 
2.00134134579889e+00 7.40999888757672e-02 2.13013338659155e-04 
2.01913104665044e+00 7.40766465968889e-02 2.13203889429423e-04 
2.03692074750198e+00 7.40530477339713e-02 2.13427032747280e-04 
2.05471044835353e+00 7.40291882194481e-02 2.13682270778743e-04 
2.07250014920508e+00 7.40050639349673e-02 2.13969115553996e-04 
2.09028985005662e+00 7.39806707124310e-02 2.14287088926913e-04 
2.10807955090817e+00 7.39560043349880e-02 2.14508777727725e-04 
2.12586925175971e+00 7.39311646990241e-02 2.14626958211112e-04 
2.14365895261126e+00 7.39061536260461e-02 2.14764771605685e-04 
2.16144865346280e+00 7.38809679538253e-02 2.14927788565615e-04 
2.17923835431435e+00 7.38556045139165e-02 2.15115594073647e-04 
2.19702805516590e+00 7.38300601317489e-02 2.15358475767754e-04 
2.21481775601744e+00 7.38043068446589e-02 2.15718249242916e-04 
2.23260745686899e+00 7.37782912718264e-02 2.16164776263266e-04 
2.25039715772053e+00 7.37520093937270e-02 2.16637247277520e-04 
2.26818685857208e+00 7.37254571615043e-02 2.17135281780631e-04 
2.28597655942362e+00 7.36986304974341e-02 2.17658507655662e-04 
2.30376626027517e+00 7.36715252953492e-02 2.18206561058705e-04 
2.32155596112672e+00 7.36441374210507e-02 2.18779086188498e-04 
2.33934566197826e+00 7.36164627127095e-02 2.19375735057315e-04 
2.35713536282981e+00 7.35884969812579e-02 2.19996167263815e-04 
2.37492506368135e+00 7.35602360107728e-02 2.20640049768018e-04 
2.39271476453290e+00 7.35316755588514e-02 2.21307056669631e-04 
2.41050446538444e+00 7.35028113569799e-02 2.21996868988918e-04 
2.42829416623599e+00 7.34736391108971e-02 2.22709174450767e-04 
2.44608386708754e+00 7.34441545009524e-02 2.23443667272360e-04 
2.46387356793908e+00 7.34143531824604e-02 2.24200047954593e-04 
2.48166326879063e+00 7.33842307860516e-02 2.24978023077238e-04 
2.49945296964217e+00 7.33537829180207e-02 2.25826296447976e-04 
2.51724267049372e+00 7.33229660508765e-02 2.26800301928466e-04 
2.53503237134526e+00 7.32917305701563e-02 2.27851874353006e-04 
2.55282207219681e+00 7.32600707227765e-02 2.28926522408192e-04 
2.57061177304836e+00 7.32279807105532e-02 2.30023964008352e-04 
2.58840147389990e+00 7.31954546909387e-02 2.31143921581461e-04 
2.60619117475145e+00 7.31624867777558e-02 2.32286121886545e-04 
2.62398087560299e+00 7.31290710419317e-02 2.33450295834925e-04 
2.64177057645454e+00 7.30952015122309e-02 2.34636178315416e-04 
2.65956027730608e+00 7.30608721759888e-02 2.35843508025194e-04 
2.67734997815763e+00 7.30260769798467e-02 2.37072027304031e-04 
2.69513967900918e+00 7.29908098304872e-02 2.38321481971607e-04 
2.71292937986072e+00 7.29550645953736e-02 2.39591621171012e-04 
2.73071908071227e+00 7.29188351034899e-02 2.40882197215473e-04 
2.74850878156381e+00 7.28821151460859e-02 2.42192965438536e-04 
2.76629848241536e+00 7.28448984774249e-02 2.43523684048947e-04 
2.78408818326690e+00 7.28071788155358e-02 2.44874113989192e-04 
2.80187788411845e+00 7.27689498429702e-02 2.46208873225851e-04 
2.81966758497000e+00 7.27302343607542e-02 2.47504921613273e-04 
2.83745728582154e+00 7.26910456068043e-02 2.48796346496837e-04 
2.85524698667309e+00 7.26513779567528e-02 2.50105340727130e-04 
2.87303668752463e+00 7.26112257628763e-02 2.51431688093166e-04 
2.89082638837618e+00 7.25705833546804e-02 2.52775174619777e-04 
2.90861608922772e+00 7.25294450394884e-02 2.54135588455651e-04 
2.92640579007927e+00 7.24878051030377e-02 2.55512719763793e-04 
2.94419549093082e+00 7.24456578100819e-02 2.56906360615177e-04 
2.96198519178236e+00 7.24029974049997e-02 2.58316304885981e-04 
2.97977489263391e+00 7.23598181124102e-02 2.59742348157079e-04 
2.99756459348545e+00 7.23161141377956e-02 2.61161917700115e-04 
3.01535429433700e+00 7.22718987545862e-02 2.62535500464896e-04 
3.03314399518854e+00 7.22272001577815e-02 2.63884911025501e-04 
3.05093369604009e+00 7.21820132978211e-02 2.65248471249651e-04 
3.06872339689163e+00 7.21363331153849e-02 2.66625996219820e-04 
3.08651309774318e+00 7.20901545418626e-02 2.68017302449977e-04 
3.10430279859473e+00 7.20434724998308e-02 2.69422207806901e-04 
3.12209249944627e+00 7.19962819035351e-02 2.70840531434086e-04 
3.13988220029782e+00 7.19485776593811e-02 2.72272093678246e-04 
3.15767190114936e+00 7.19003546664299e-02 2.73716716017623e-04 
3.17546160200091e+00 7.18516078169025e-02 2.75174220992145e-04 
3.19325130285246e+00 7.18023319966898e-02 2.76644432136129e-04 
3.21104100370400e+00 7.17525220858700e-02 2.78127173913988e-04 
3.22883070455555e+00 7.17021729592324e-02 2.79622271656477e-04 
3.24662040540709e+00 7.16512794868089e-02 2.81129551497040e-04 
3.26441010625864e+00 7.15998365344127e-02 2.82648840311643e-04 
3.28219980711018e+00 7.15478389641832e-02 2.84179965662281e-04 
3.29998950796173e+00 7.14952816351391e-02 2.85722755740518e-04 
3.31777920881327e+00 7.14421594037373e-02 2.87277039313021e-04 
3.33556890966482e+00 7.13884671244396e-02 2.88842645668649e-04 
3.35335861051637e+00 7.13341996502864e-02 2.90419404566569e-04 
3.37114831136791e+00 7.12793518334776e-02 2.92007146186450e-04 
3.38893801221946e+00 7.12239185259604e-02 2.93605701079829e-04 
3.40672771307100e+00 7.11678945800247e-02 2.95214900123146e-04 
3.42451741392255e+00 7.11112748489050e-02 2.96834574471820e-04 
3.44230711477410e+00 7.10540541873906e-02 2.98464555515821e-04 
3.46009681562564e+00 7.09962274524417e-02 3.00104674836873e-04 
3.47788651647719e+00 7.09377895038135e-02 3.01754764166479e-04 
3.49567621732873e+00 7.08787352046878e-02 3.03414655345376e-04 
3.51346591818028e+00 7.08190594223103e-02 3.05084180284443e-04 
3.53125561903182e+00 7.07587570286373e-02 3.06763170926248e-04 
3.54904531988337e+00 7.06978229009876e-02 3.08451459207921e-04 
3.56683502073491e+00 7.06362519227026e-02 3.10148877025547e-04 
3.58462472158646e+00 7.05740389838139e-02 3.11855256199349e-04 
3.60241442243801e+00 7.05111789817169e-02 3.13547564769557e-04 
3.62020412328955e+00 7.04476881801540e-02 3.15212610313411e-04 
3.63799382414110e+00 7.03835740903846e-02 3.16872745865738e-04 
3.65578352499264e+00 7.03188320700089e-02 3.18540728157053e-04 
3.67357322584419e+00 7.02534574876314e-02 3.20216397209811e-04 
3.69136292669574e+00 7.01874457234665e-02 3.21899592935301e-04 
3.70915262754728e+00 7.01207921699487e-02 3.23590155106329e-04 
3.72694232839883e+00 7.00534922323495e-02 3.25287923330760e-04 
3.74473202925037e+00 6.99855413294007e-02 3.26992737026575e-04 
3.76252173010192e+00 6.99169348939233e-02 3.28704435397165e-04 
3.78031143095346e+00 6.98476683734623e-02 3.30422857407715e-04 
3.79810113180501e+00 6.97777372309279e-02 3.32147841761882e-04 
3.81589083265655e+00 6.97071369452424e-02 3.33879226879789e-04 
3.83368053350810e+00 6.96358630119928e-02 3.35616850876811e-04 
3.85147023435965e+00 6.95639109440897e-02 3.37360551542685e-04 
3.86925993521119e+00 6.94912762724314e-02 3.39110166321653e-04 
3.88704963606274e+00 6.94179545465744e-02 3.40865532293255e-04 
3.90483933691428e+00 6.93439413354093e-02 3.42626486153657e-04 
3.92262903776583e+00 6.92692322278419e-02 3.44392864198001e-04 
3.94041873861738e+00 6.91938228334811e-02 3.46164502303376e-04 
3.95820843946892e+00 6.91177087833310e-02 3.47941235912034e-04 
3.97599814032047e+00 6.90408857304894e-02 3.49722900015933e-04 
3.99378784117201e+00 6.89633493508514e-02 3.51519890311477e-04 
4.01157754202356e+00 6.88850848498420e-02 3.53391654467772e-04 
4.02936724287510e+00 6.88060283601100e-02 3.55327222994275e-04 
4.04715694372665e+00 6.87261748151340e-02 3.57267647198095e-04 
4.06494664457820e+00 6.86455191754612e-02 3.59212738935663e-04 
4.08273634542974e+00 6.85640564296629e-02 3.61162309229718e-04 
4.10052604628129e+00 6.84817815952972e-02 3.63116168256869e-04 
4.11831574713283e+00 6.83986897198790e-02 3.65074125336154e-04 
4.13610544798438e+00 6.83147758818570e-02 3.67035988919036e-04 
4.15389514883592e+00 6.82300351915965e-02 3.69001566579410e-04 
4.17168484968747e+00 6.81444627923700e-02 3.70970665004093e-04 
4.18947455053901e+00 6.80580538613536e-02 3.72943089984221e-04 
4.20726425139056e+00 6.79708036106305e-02 3.74918646407308e-04 
4.22505395224211e+00 6.78827072882004e-02 3.76897138250353e-04 
4.24284365309365e+00 6.77937601789955e-02 3.78878368572907e-04 
4.26063335394520e+00 6.77039576059022e-02 3.80862139510685e-04 
4.27842305479674e+00 6.76132949307900e-02 3.82848252270731e-04 
4.29621275564829e+00 6.75217675555446e-02 3.84836507126478e-04 
4.31400245649983e+00 6.74293709231086e-02 3.86826703413460e-04 
4.33179215735138e+00 6.73361005185268e-02 3.88818639525821e-04 
4.34958185820293e+00 6.72419518699973e-02 3.90812112913682e-04 
4.36737155905447e+00 6.71469205499284e-02 3.92806920080553e-04 
4.38516125990602e+00 6.70510021760005e-02 3.94802856582032e-04 
4.40295096075756e+00 6.69541924122329e-02 3.96799717024698e-04 
4.42074066160911e+00 6.68564869700567e-02 3.98797295065269e-04 
4.43853036246065e+00 6.67578816093909e-02 4.00795383411288e-04 
4.45632006331220e+00 6.66583721397250e-02 4.02793773821967e-04 
4.47410976416375e+00 6.65579544212051e-02 4.04792257109308e-04 
4.49189946501529e+00 6.64566243657244e-02 4.06786117442861e-04 
4.50968916586684e+00 6.63543828486666e-02 4.08678582164737e-04 
4.52747886671838e+00 6.62513315633136e-02 4.10474623750247e-04 
4.54526856756993e+00 6.61474676050128e-02 4.12269595323035e-04 
4.56305826842148e+00 6.60427881169074e-02 4.14063318153151e-04 
4.58084796927302e+00 6.59372902906998e-02 4.15855612972896e-04 
4.59863767012457e+00 6.58309713674167e-02 4.17646299980221e-04 
4.61642737097611e+00 6.57238286381754e-02 4.19435198842155e-04 
4.63421707182766e+00 6.56158594449517e-02 4.21222128699541e-04 
4.65200677267920e+00 6.55070611813484e-02 4.23006908171680e-04 
4.66979647353075e+00 6.53974312933656e-02 4.24789355361273e-04 
4.68758617438229e+00 6.52869672801708e-02 4.26569287859912e-04 
4.70537587523384e+00 6.51756666948713e-02 4.28346522754546e-04 
4.72316557608539e+00 6.50635271452856e-02 4.30120876633687e-04 
4.74095527693693e+00 6.49505462947161e-02 4.31892165594231e-04 
4.75874497778848e+00 6.48367218627222e-02 4.33660205249117e-04 
4.77653467864002e+00 6.47220516258929e-02 4.35424810734964e-04 
4.79432437949157e+00 6.46065334186199e-02 4.37185796720262e-04 
4.81211408034311e+00 6.44901651338705e-02 4.38942977414136e-04 
4.82990378119466e+00 6.43729447239599e-02 4.40696166575113e-04 
4.84769348204621e+00 6.42548702013234e-02 4.42445177520784e-04 
4.86548318289775e+00 6.41359396392875e-02 4.44189823138175e-04 
4.88327288374930e+00 6.40161511728404e-02 4.45929915893484e-04 
4.90106258460084e+00 6.38955029994017e-02 4.47665267842883e-04 
4.91885228545239e+00 6.37739933795907e-02 4.49395690644231e-04 
4.93664198630393e+00 6.36516206379935e-02 4.51120995568265e-04 
4.95443168715548e+00 6.35283831639284e-02 4.52840993510556e-04 
4.97222138800703e+00 6.34042794122098e-02 4.54555495004355e-04 
4.99001108885857e+00 6.32793079039104e-02 4.56264310233143e-04 
5.00780078971012e+00 6.31534672271211e-02 4.58067190719678e-04 
5.02559049056166e+00 6.30266380646292e-02 4.59969617518836e-04 
5.04338019141321e+00 6.28988105577336e-02 4.61872070937056e-04 
5.06116989226475e+00 6.27699826424288e-02 4.63767807282769e-04 
5.07895959311630e+00 6.26401523401551e-02 4.65656592961662e-04 
5.09674929396785e+00 6.25093177589191e-02 4.67538193799025e-04 
5.11453899481939e+00 6.23774770944120e-02 4.69412375061596e-04 
5.13232869567094e+00 6.22446286311236e-02 4.71278901479925e-04 
5.15011839652248e+00 6.21107707434541e-02 4.73137537271238e-04 
5.16790809737403e+00 6.19759018968203e-02 4.74988046162907e-04 
5.18569779822557e+00 6.18400206487588e-02 4.76830191416451e-04 
5.20348749907712e+00 6.17031256500243e-02 4.78663735852430e-04 
5.22127719992867e+00 6.15652156456831e-02 4.80488441875428e-04 
5.23906690078021e+00 6.14262894762011e-02 4.82304071499991e-04 
5.25685660163176e+00 6.12863460785269e-02 4.84110386376930e-04 
5.27464630248330e+00 6.11453844871683e-02 4.85907147820342e-04 
5.29243600333485e+00 6.10034038352638e-02 4.87694116835081e-04 
5.31022570418639e+00 6.08604033556461e-02 4.89471054145057e-04 
5.32801540503794e+00 6.07163823819001e-02 4.91237720221694e-04 
5.34580510588949e+00 6.05713403494132e-02 4.92993875313170e-04 
5.36359480674103e+00 6.04252767964176e-02 4.94739279474507e-04 
5.38138450759258e+00 6.02781913650258e-02 4.96473692597691e-04 
5.39917420844412e+00 6.01300838022571e-02 4.98196874442578e-04 
5.41696390929567e+00 5.99809539610556e-02 4.99908584668465e-04 
5.43475361014722e+00 5.98308018012997e-02 5.01608582866117e-04 
5.45254331099876e+00 5.96796273908017e-02 5.03296628590246e-04 
5.47033301185031e+00 5.95274309062984e-02 5.04972481392794e-04 
5.48812271270185e+00 5.93742126344312e-02 5.06635900856508e-04 
5.50591241355340e+00 5.92199729727160e-02 5.08286646629079e-04 
5.52370211440494e+00 5.90647124305025e-02 5.09924478458004e-04 
5.54149181525649e+00 5.89084316299218e-02 5.11549156225631e-04 
5.55928151610803e+00 5.87511313068234e-02 5.13160439984854e-04 
5.57707121695958e+00 5.85928123116996e-02 5.14758089995849e-04 
5.59486091781113e+00 5.84334756105979e-02 5.16341866762555e-04 
5.61265061866267e+00 5.82731222860207e-02 5.17911531069855e-04 
5.63044031951422e+00 5.81117535378120e-02 5.19466844021629e-04 
5.64823002036576e+00 5.79493706840310e-02 5.21007567078949e-04 
5.66601972121731e+00 5.77859751618109e-02 5.22533462098746e-04 
5.68380942206885e+00 5.76215685282051e-02 5.24044291373152e-04 
5.70159912292040e+00 5.74561524610173e-02 5.25539817669485e-04 
5.71938882377195e+00 5.72897287596174e-02 5.27019804270009e-04 
5.73717852462349e+00 5.71222993457423e-02 5.28484015012641e-04 
5.75496822547504e+00 5.69538662642801e-02 5.29932214332534e-04 
5.77275792632658e+00 5.67844316840387e-02 5.31364167303222e-04 
5.79054762717813e+00 5.66139978984979e-02 5.32779639678615e-04 
5.80833732802967e+00 5.64425673265446e-02 5.34178397935630e-04 
5.82612702888122e+00 5.62701425131899e-02 5.35560209316998e-04 
5.84391672973277e+00 5.60967261302698e-02 5.36924841874379e-04 
5.86170643058431e+00 5.59223209771263e-02 5.38272064512165e-04 
5.87949613143586e+00 5.57469299812714e-02 5.39601647031634e-04 
5.89728583228740e+00 5.55705561990308e-02 5.40913360175117e-04 
5.91507553313895e+00 5.53932028161696e-02 5.42206975671062e-04 
5.93286523399050e+00 5.52148731484970e-02 5.43482266279218e-04 
5.95065493484204e+00 5.50355706424520e-02 5.44739005836105e-04 
5.96844463569359e+00 5.48552988756678e-02 5.45976969300995e-04 
5.98623433654513e+00 5.46740615575159e-02 5.47195932802069e-04 
6.00402403739668e+00 5.44918625296281e-02 5.48435301675251e-04 
6.02181373824822e+00 5.43086502475776e-02 5.49709259469564e-04 
6.03960343909977e+00 5.41244077425594e-02 5.50977664588456e-04 
6.05739313995131e+00 5.39391391407379e-02 5.52225311859299e-04 
6.07518284080286e+00 5.37528487187037e-02 5.53451957069577e-04 
6.09297254165441e+00 5.35655409040564e-02 5.54657357489902e-04 
6.11076224250595e+00 5.33772202759598e-02 5.55841271930812e-04 
6.12855194335750e+00 5.31878915656698e-02 5.57003460799603e-04 
6.14634164420904e+00 5.29975596570341e-02 5.58143686157568e-04 
6.16413134506059e+00 5.28062295869635e-02 5.59261711777656e-04 
6.18192104591213e+00 5.26139065458742e-02 5.60357303202450e-04 
6.19971074676368e+00 5.24205958780998e-02 5.61430227802368e-04 
6.21750044761523e+00 5.22263030822741e-02 5.62480254834003e-04 
6.23529014846677e+00 5.20310338116834e-02 5.63507155498809e-04 
6.25307984931832e+00 5.18347938745871e-02 5.64510703002244e-04 
6.27086955016986e+00 5.16375892345073e-02 5.65490672612747e-04 
6.28865925102141e+00 5.14394260104869e-02 5.66446841721010e-04 
6.30644895187295e+00 5.12403104773148e-02 5.67378989899611e-04 
6.32423865272450e+00 5.10402490657183e-02 5.68286898962692e-04 
6.34202835357605e+00 5.08392483625226e-02 5.69170353025675e-04 
6.35981805442759e+00 5.06373151107765e-02 5.70029138565223e-04 
6.37760775527914e+00 5.04344562098440e-02 5.70863044479267e-04 
6.39539745613068e+00 5.02306787154610e-02 5.71671862147184e-04 
6.41318715698223e+00 5.00259898397574e-02 5.72455385489966e-04 
6.43097685783377e+00 4.98203969512443e-02 5.73213411030366e-04 
6.44876655868532e+00 4.96139075747641e-02 5.73945737953238e-04 
6.46655625953687e+00 4.94065293914054e-02 5.74652168165630e-04 
6.48434596038841e+00 4.91982702383817e-02 5.75332506357179e-04 
6.50213566123996e+00 4.89891381088717e-02 5.75986560060265e-04 
6.51992536209150e+00 4.87791411518235e-02 5.76614139710037e-04 
6.53771506294305e+00 4.85682876717206e-02 5.77215058704506e-04 
6.55550476379459e+00 4.83565861283102e-02 5.77789133464414e-04 
6.57329446464614e+00 4.81440451362922e-02 5.78336183493224e-04 
6.59108416549769e+00 4.79306734649706e-02 5.78856031436679e-04 
6.60887386634923e+00 4.77164800378648e-02 5.79348503142135e-04 
6.62666356720078e+00 4.75014739322821e-02 5.79813427718042e-04 
6.64445326805232e+00 4.72856643788501e-02 5.80250637592919e-04 
6.66224296890387e+00 4.70690607610096e-02 5.80659968574200e-04 
6.68003266975541e+00 4.68516726144662e-02 5.81041259906822e-04 
6.69782237060696e+00 4.66335096266023e-02 5.81394354331275e-04 
6.71561207145851e+00 4.64145816358476e-02 5.81719098141798e-04 
6.73340177231005e+00 4.61948986310088e-02 5.82015341243964e-04 
6.75119147316160e+00 4.59744707505576e-02 5.82282937211771e-04 
6.76898117401314e+00 4.57533082818773e-02 5.82521743344626e-04 
6.78677087486469e+00 4.55314216604675e-02 5.82731620723651e-04 
6.80456057571623e+00 4.53088214691066e-02 5.82912434267806e-04 
6.82235027656778e+00 4.50855184369724e-02 5.83064052789415e-04 
6.84013997741933e+00 4.48615234387198e-02 5.83186349049144e-04 
6.85792967827087e+00 4.46368474935165e-02 5.83279199810609e-04 
6.87571937912242e+00 4.44115017640349e-02 5.83342485894244e-04 
6.89350907997396e+00 4.41854975554025e-02 5.83376092230849e-04 
6.91129878082551e+00 4.39588463141080e-02 5.83379907914321e-04 
6.92908848167705e+00 4.37315596268653e-02 5.83353826253942e-04 
6.94687818252860e+00 4.35036492194330e-02 5.83297744825988e-04 
6.96466788338015e+00 4.32751269553920e-02 5.83211565524459e-04 
6.98245758423169e+00 4.30460048348785e-02 5.83095194611425e-04 
7.00024728508324e+00 4.28162949932744e-02 5.83100642865573e-04 
7.01803698593478e+00 4.25857582341419e-02 5.83368287768679e-04 
7.03582668678633e+00 4.23541702407151e-02 5.83740781758072e-04 
7.05361638763787e+00 4.21215459711615e-02 5.84072585145457e-04 
7.07140608848942e+00 4.18879006633715e-02 5.84363469439219e-04 
7.08919578934097e+00 4.16532498334542e-02 5.84613213510394e-04 
7.10698549019251e+00 4.14176092741252e-02 5.84821603723625e-04 
7.12477519104406e+00 4.11809950529835e-02 5.84988434066749e-04 
7.14256489189560e+00 4.09434235106793e-02 5.85113506279207e-04 
7.16035459274715e+00 4.07049112589694e-02 5.85196629978770e-04 
7.17814429359869e+00 4.04654751786624e-02 5.85237622786675e-04 
7.19593399445024e+00 4.02251324174505e-02 5.85236310451317e-04 
7.21372369530179e+00 3.99839003876301e-02 5.85192526970059e-04 
7.23151339615333e+00 3.97417967637086e-02 5.85106114709177e-04 
7.24930309700488e+00 3.94988394798982e-02 5.84976924521923e-04 
7.26709279785642e+00 3.92550467274965e-02 5.84804815864845e-04 
7.28488249870797e+00 3.90104369521526e-02 5.84589656911679e-04 
7.30267219955951e+00 3.87650288510204e-02 5.84331324665094e-04 
7.32046190041106e+00 3.85188413697966e-02 5.84029705066530e-04 
7.33825160126261e+00 3.82718936996456e-02 5.83684693103478e-04 
7.35604130211415e+00 3.80242052740100e-02 5.83296192914264e-04 
7.37383100296570e+00 3.77757957653068e-02 5.82864117890511e-04 
7.39162070381724e+00 3.75266850815100e-02 5.82388390776908e-04 
7.40941040466879e+00 3.72768933626198e-02 5.81868943768305e-04 
7.42720010552033e+00 3.70264409770176e-02 5.81305718604166e-04 
7.44498980637188e+00 3.67753485177089e-02 5.80698666660046e-04 
7.46277950722343e+00 3.65236367984524e-02 5.80047749036165e-04 
7.48056920807497e+00 3.62713268497782e-02 5.79352936643139e-04 
7.49835890892652e+00 3.60184399148925e-02 5.78614210284494e-04 
7.51614860977806e+00 3.57649974454731e-02 5.77831560735950e-04 
7.53393831062961e+00 3.55110210973532e-02 5.77004988821572e-04 
7.55172801148115e+00 3.52565327260955e-02 5.76134505486670e-04 
7.56951771233270e+00 3.50015543824582e-02 5.75220131867105e-04 
7.58730741318425e+00 3.47461083077521e-02 5.74261899355137e-04 
7.60509711403579e+00 3.44902169290910e-02 5.73259849661912e-04 
7.62288681488734e+00 3.42339028545362e-02 5.72214034876207e-04 
7.64067651573888e+00 3.39771888681351e-02 5.71124517519347e-04 
7.65846621659043e+00 3.37200979248575e-02 5.69991370596478e-04 
7.67625591744197e+00 3.34626531454277e-02 5.68814677644038e-04 
7.69404561829352e+00 3.32048778110564e-02 5.67594532773183e-04 
7.71183531914507e+00 3.29467953580721e-02 5.66331040709307e-04 
7.72962501999661e+00 3.26884293724545e-02 5.65024316827427e-04 
7.74741472084816e+00 3.24298035842705e-02 5.63674487183544e-04 
7.76520442169970e+00 3.21709418620152e-02 5.62281688541776e-04 
7.78299412255125e+00 3.19118682068592e-02 5.60846068397277e-04 
7.80078382340279e+00 3.16526067468039e-02 5.59367784994884e-04 
7.81857352425434e+00 3.13931817307465e-02 5.57847007343227e-04 
7.83636322510589e+00 3.11336175224574e-02 5.56283915224571e-04 
7.85415292595743e+00 3.08739385944710e-02 5.54678699200246e-04 
7.87194262680898e+00 3.06141695218921e-02 5.53031560611374e-04 
7.88973232766052e+00 3.03543349761206e-02 5.51342711575186e-04 
7.90752202851207e+00 3.00944597184962e-02 5.49612374976732e-04 
7.92531172936361e+00 2.98345685938653e-02 5.47840784455799e-04 
7.94310143021516e+00 2.95746865240727e-02 5.46028184389155e-04 
7.96089113106671e+00 2.93148385013806e-02 5.44174829868129e-04 
7.97868083191825e+00 2.90550495818164e-02 5.42280986671417e-04 
7.99647053276980e+00 2.87953448784536e-02 5.40296696159388e-04 
8.01426023362134e+00 2.85358514435965e-02 5.38108382974984e-04 
8.03204993447289e+00 2.82768277125941e-02 5.35771823930244e-04 
8.04983963532443e+00 2.80182931584917e-02 5.33406745465999e-04 
8.06762933617598e+00 2.77602672013771e-02 5.31013473958931e-04 
8.08541903702753e+00 2.75027692038583e-02 5.28592341843338e-04 
8.10320873787907e+00 2.72458184665402e-02 5.26143687539181e-04 
8.12099843873062e+00 2.69894342235002e-02 5.23667855377743e-04 
8.13878813958216e+00 2.67336356377648e-02 5.21165195524662e-04 
8.15657784043371e+00 2.64784417967898e-02 5.18636063900562e-04 
8.17436754128526e+00 2.62238717079443e-02 5.16080822099275e-04 
8.19215724213680e+00 2.59699442940015e-02 5.13499837303662e-04 
8.20994694298835e+00 2.57166783886387e-02 5.10893482199084e-04 
8.22773664383989e+00 2.54640927319454e-02 5.08262134884417e-04 
8.24552634469144e+00 2.52122059659451e-02 5.05606178780751e-04 
8.26331604554298e+00 2.49610366301299e-02 5.02926002537877e-04 
8.28110574639453e+00 2.47106031570103e-02 5.00221999938357e-04 
8.29889544724607e+00 2.44609238676832e-02 4.97494569799326e-04 
8.31668514809762e+00 2.42120169674184e-02 4.94744115872194e-04 
8.33447484894917e+00 2.39639005412659e-02 4.91971046739996e-04 
8.35226454980071e+00 2.37165925496870e-02 4.89175775712609e-04 
8.37005425065226e+00 2.34701108242086e-02 4.86358720719965e-04 
8.38784395150380e+00 2.32244730631055e-02 4.83520304203014e-04 
8.40563365235535e+00 2.29796968271097e-02 4.80660953002623e-04 
8.42342335320689e+00 2.27357995351509e-02 4.77781098246491e-04 
8.44121305405844e+00 2.24927984601282e-02 4.74881175234095e-04 
8.45900275490999e+00 2.22507107247164e-02 4.71961623319652e-04 
8.47679245576153e+00 2.20095532972074e-02 4.69022885793216e-04 
8.49458215661308e+00 2.17693429873890e-02 4.66065409759872e-04 
8.51237185746462e+00 2.15300964424637e-02 4.63089646017097e-04 
8.53016155831617e+00 2.12918301430078e-02 4.60096048930433e-04 
8.54795125916771e+00 2.10545603989741e-02 4.57085076307325e-04 
8.56574096001926e+00 2.08183033457387e-02 4.54057189269416e-04 
8.58353066087080e+00 2.05830749401944e-02 4.51012852123086e-04 
8.60132036172235e+00 2.03488909568929e-02 4.47952532228459e-04 
8.61911006257390e+00 2.01157669842361e-02 4.44876699866940e-04 
8.63689976342544e+00 1.98837184207201e-02 4.41785828107236e-04 
8.65468946427699e+00 1.96527604712316e-02 4.38680392669998e-04 
8.67247916512853e+00 1.94229081434001e-02 4.35560871791039e-04 
8.69026886598008e+00 1.91941762440068e-02 4.32427746083309e-04 
8.70805856683163e+00 1.89665793754524e-02 4.29281498397666e-04 
8.72584826768317e+00 1.87401319322839e-02 4.26122613682369e-04 
8.74363796853472e+00 1.85148480977842e-02 4.22951578841477e-04 
8.76142766938626e+00 1.82907418406251e-02 4.19768882592260e-04 
8.77921737023781e+00 1.80678269115844e-02 4.16575015321505e-04 
8.79700707108935e+00 1.78461168403303e-02 4.13370468940985e-04 
8.81479677194090e+00 1.76256249322732e-02 4.10155736741963e-04 
8.83258647279245e+00 1.74063642654879e-02 4.06931313248969e-04 
8.85037617364399e+00 1.71883476877056e-02 4.03697694072816e-04 
8.86816587449554e+00 1.69715878133795e-02 4.00455375762903e-04 
8.88595557534708e+00 1.67560970208235e-02 3.97204855658972e-04 
8.90374527619863e+00 1.65418874494262e-02 3.93946631742248e-04 
8.92153497705017e+00 1.63289709969421e-02 3.90681202486188e-04 
8.93932467790172e+00 1.61173593168598e-02 3.87409066706814e-04 
8.95711437875327e+00 1.59070638158500e-02 3.84130723412702e-04 
8.97490407960481e+00 1.56980956512937e-02 3.80846671654689e-04 
8.99269378045636e+00 1.54904657288921e-02 3.77557410375406e-04 
9.01048348130790e+00 1.52841847003593e-02 3.74263438258738e-04 
9.02827318215945e+00 1.50792629611988e-02 3.70965253579177e-04 
9.04606288301099e+00 1.48757106485653e-02 3.67663354051231e-04 
9.06385258386254e+00 1.46735376392122e-02 3.64358236678942e-04 
9.08164228471409e+00 1.44727535475268e-02 3.61050397605577e-04 
9.09943198556563e+00 1.42733677236526e-02 3.57740331963528e-04 
9.11722168641718e+00 1.40753892517020e-02 3.54428533724562e-04 
9.13501138726872e+00 1.38788269480576e-02 3.51115495550471e-04 
9.15280108812027e+00 1.36836893597646e-02 3.47801708644162e-04 
9.17059078897181e+00 1.34899847630155e-02 3.44487662601313e-04 
9.18838048982336e+00 1.32977211617259e-02 3.41173845262615e-04 
9.20617019067491e+00 1.31069062862039e-02 3.37860742566731e-04 
9.22395989152645e+00 1.29175475919135e-02 3.34548838403989e-04 
9.24174959237800e+00 1.27296522583314e-02 3.31238614470906e-04 
9.25953929322954e+00 1.25432271878996e-02 3.27930550125634e-04 
9.27732899408109e+00 1.23582790050723e-02 3.24625122244375e-04 
9.29511869493263e+00 1.21748140554595e-02 3.21322805078860e-04 
9.31290839578418e+00 1.19928384050666e-02 3.18024070114933e-04 
9.33069809663573e+00 1.18123578396299e-02 3.14729385932335e-04 
9.34848779748727e+00 1.16333778640506e-02 3.11439218065737e-04 
9.36627749833882e+00 1.14559037019238e-02 3.08154028867142e-04 
9.38406719919036e+00 1.12799402951670e-02 3.04874277369656e-04 
9.40185690004191e+00 1.11054923037448e-02 3.01600419152748e-04 
9.41964660089345e+00 1.09325641054919e-02 2.98332906209067e-04 
9.43743630174500e+00 1.07611597960334e-02 2.95072186812838e-04 
9.45522600259654e+00 1.05912831888032e-02 2.91818705389944e-04 
9.47301570344809e+00 1.04229378151601e-02 2.88572902389764e-04 
9.49080540429964e+00 1.02561269246011e-02 2.85335214158811e-04 
9.50859510515118e+00 1.00908534850725e-02 2.82106072816238e-04 
9.52638480600273e+00 9.92712018337813e-03 2.78885906131281e-04 
9.54417450685427e+00 9.76492942568462e-03 2.75675137402701e-04 
9.56196420770582e+00 9.60428333812321e-03 2.72474185340280e-04 
9.57975390855736e+00 9.44518376748799e-03 2.69283463948432e-04 
9.59754360940891e+00 9.28763228203001e-03 2.66103382411992e-04 
9.61533331026046e+00 9.13163017234682e-03 2.62934344984238e-04 
9.63312301111200e+00 8.97717845236691e-03 2.59776750877229e-04 
9.65091271196355e+00 8.82427786042856e-03 2.56630994154442e-04 
9.66870241281509e+00 8.67292886045230e-03 2.53497463625840e-04 
9.68649211366664e+00 8.52313164320655e-03 2.50376542745384e-04 
9.70428181451819e+00 8.37488612766546e-03 2.47268609511021e-04 
9.72207151536973e+00 8.22819196245845e-03 2.44174036367256e-04 
9.73986121622128e+00 8.08304852741033e-03 2.41093190110308e-04 
9.75765091707282e+00 7.93945493517138e-03 2.38026431795906e-04 
9.77544061792437e+00 7.79741003293626e-03 2.34974116649787e-04 
9.79323031877591e+00 7.65691240425098e-03 2.31936593980899e-04 
9.81102001962746e+00 7.51796037090675e-03 2.28914207097385e-04 
9.82880972047901e+00 7.38055199491965e-03 2.25907293225394e-04 
9.84659942133055e+00 7.24468508059516e-03 2.22916183430724e-04 
9.86438912218210e+00 7.11035717667618e-03 2.19941202543354e-04 
9.88217882303364e+00 6.97756557857348e-03 2.16982669084892e-04 
9.89996852388519e+00 6.84630733067726e-03 2.14040895198976e-04 
9.91775822473673e+00 6.71657922874856e-03 2.11116186584648e-04 
9.93554792558828e+00 6.58837782238915e-03 2.08208842432753e-04 
9.95333762643983e+00 6.46169941758857e-03 2.05319155365356e-04 
9.97112732729137e+00 6.33654007934680e-03 2.02447411378233e-04 
9.98891702814292e+00 6.21289563437121e-03 1.99593889786424e-04 
1.00067067289945e+01 6.09076167384625e-03 1.96634750260332e-04 
1.00244964298460e+01 5.97048210585296e-03 1.93560456190547e-04 
1.00422861306976e+01 5.85208288844595e-03 1.90507811406143e-04 
1.00600758315491e+01 5.73553967121523e-03 1.87495185803475e-04 
1.00778655324006e+01 5.62082833805044e-03 1.84522186003100e-04 
1.00956552332522e+01 5.50792500623441e-03 1.81588420298510e-04 
1.01134449341037e+01 5.39680602551579e-03 1.78693498688513e-04 
1.01312346349553e+01 5.28744797716148e-03 1.75837032908742e-04 
1.01490243358068e+01 5.17982767298910e-03 1.73018636462367e-04 
1.01668140366584e+01 5.07392215438023e-03 1.70237924649964e-04 
1.01846037375099e+01 4.96970869127476e-03 1.67494514598585e-04 
1.02023934383615e+01 4.86716478114693e-03 1.64788025289996e-04 
1.02201831392130e+01 4.76626814796346e-03 1.62118077588129e-04 
1.02379728400646e+01 4.66699674112432e-03 1.59484294265733e-04 
1.02557625409161e+01 4.56932873438664e-03 1.56886300030242e-04 
1.02735522417676e+01 4.47324252477208e-03 1.54323721548860e-04 
1.02913419426192e+01 4.37871673145838e-03 1.51796187472871e-04 
1.03091316434707e+01 4.28573019465523e-03 1.49303328461181e-04 
1.03269213443223e+01 4.19426197446530e-03 1.46844777203106e-04 
1.03447110451738e+01 4.10429134973051e-03 1.44420168440415e-04 
1.03625007460254e+01 4.01579781686429e-03 1.42029138988610e-04 
1.03802904468769e+01 3.92876108867011e-03 1.39671327757488e-04 
1.03980801477285e+01 3.84316109314676e-03 1.37346375770985e-04 
1.04158698485800e+01 3.75897797228081e-03 1.35053926186261e-04 
1.04336595494316e+01 3.67619208082679e-03 1.32793624312103e-04 
1.04514492502831e+01 3.59478398507533e-03 1.30565117626631e-04 
1.04692389511347e+01 3.51473446160984e-03 1.28368055794284e-04 
1.04870286519862e+01 3.43602449605211e-03 1.26202090682128e-04 
1.05048183528377e+01 3.35863528179714e-03 1.24066876375476e-04 
1.05226080536893e+01 3.28254821873787e-03 1.21962069192855e-04 
1.05403977545408e+01 3.20774491197990e-03 1.19887327700294e-04 
1.05581874553924e+01 3.13420717054678e-03 1.17842312724950e-04 
1.05759771562439e+01 3.06191700607637e-03 1.15826687368096e-04 
1.05937668570955e+01 2.99085663150833e-03 1.13840117017467e-04 
1.06115565579470e+01 2.92100845976353e-03 1.11882269358978e-04 
1.06293462587986e+01 2.85235510241540e-03 1.09952814387809e-04 
1.06471359596501e+01 2.78487936835389e-03 1.08051424418878e-04 
1.06649256605017e+01 2.71856426244221e-03 1.06177774096709e-04 
1.06827153613532e+01 2.65339298416684e-03 1.04331540404701e-04 
1.07005050622047e+01 2.58934892628111e-03 1.02512402673803e-04 
1.07182947630563e+01 2.52641567344274e-03 1.00720042590611e-04 
1.07360844639078e+01 2.46457700084567e-03 9.89541442048836e-05 
1.07538741647594e+01 2.40381687284657e-03 9.72143939364991e-05 
1.07716638656109e+01 2.34411944158635e-03 9.55004805818493e-05 
1.07894535664625e+01 2.28546904560699e-03 9.38120953196872e-05 
1.08072432673140e+01 2.22785020846402e-03 9.21489317164288e-05 
1.08250329681656e+01 2.17124763733512e-03 9.05106857309280e-05 
1.08428226690171e+01 2.11564622162490e-03 8.88970557187220e-05 
1.08606123698687e+01 2.06103103156646e-03 8.73077424357601e-05 
1.08784020707202e+01 2.00738731681982e-03 8.57424490416227e-05 
1.08961917715717e+01 1.95470050506775e-03 8.42008811022476e-05 
1.09139814724233e+01 1.90295620060903e-03 8.26827465921567e-05 
1.09317711732748e+01 1.85214018294977e-03 8.11877558961939e-05 
1.09495608741264e+01 1.80223840539276e-03 7.97156218108028e-05 
1.09673505749779e+01 1.75323699362542e-03 7.82660595448205e-05 
1.09851402758295e+01 1.70512224430645e-03 7.68387867198225e-05 
1.10029299766810e+01 1.65788062365153e-03 7.54335233700128e-05 
1.10207196775326e+01 1.61149876601837e-03 7.40499919416630e-05 
1.10385093783841e+01 1.56596347249135e-03 7.26879172921240e-05 
1.10562990792357e+01 1.52126170946603e-03 7.13470266884109e-05 
1.10740887800872e+01 1.47738060723378e-03 7.00270498053611e-05 
1.10918784809388e+01 1.43430745856679e-03 6.87277187233833e-05 
1.11096681817903e+01 1.39202971730379e-03 6.74487679258067e-05 
1.11274578826418e+01 1.35053499693655e-03 6.61899342958269e-05 
1.11452475834934e+01 1.30981106919765e-03 6.49509571130661e-05 
1.11630372843449e+01 1.26984586264950e-03 6.37315780497540e-05 
1.11808269851965e+01 1.23062746127511e-03 6.25315411665337e-05 
1.11986166860480e+01 1.19214410307056e-03 6.13505929079016e-05 
1.12164063868996e+01 1.15438417863967e-03 6.01884820972902e-05 
1.12341960877511e+01 1.11733622979091e-03 5.90449599317988e-05 
1.12519857886027e+01 1.08098894813682e-03 5.79197799765850e-05 
1.12697754894542e+01 1.04533117369614e-03 5.68126981589168e-05 
1.12875651903058e+01 1.01035189349896e-03 5.57234727618979e-05 
1.13053548911573e+01 9.76040240194905e-04 5.46518644178728e-05 
1.13231445920088e+01 9.42385490664699e-04 5.35976361015180e-05 
1.13409342928604e+01 9.09377064635309e-04 5.25605531226261e-05 
1.13587239937119e+01 8.77004523298750e-04 5.15403831185918e-05 
1.13765136945635e+01 8.45257567934842e-04 5.05368960466048e-05 
1.13943033954150e+01 8.14126038538052e-04 4.95498641755585e-05 
1.14120930962666e+01 7.83599912448617e-04 4.85790620776833e-05 
1.14298827971181e+01 7.53669302988107e-04 4.76242666199026e-05 
1.14476724979697e+01 7.24324458099623e-04 4.66852569549305e-05 
1.14654621988212e+01 6.95555758992769e-04 4.57618145121105e-05 
1.14832518996728e+01 6.67353718793576e-04 4.48537229880015e-05 
1.15010416005243e+01 6.39708981199534e-04 4.39497499726106e-05 
1.15188313013758e+01 6.12624992660161e-04 4.30210248020568e-05 
1.15366210022274e+01 5.86127606421378e-04 4.20449011439213e-05 
1.15544107030789e+01 5.60249616183297e-04 4.10202534761472e-05 
1.15722004039305e+01 5.35019137859615e-04 3.99544201733437e-05 
1.15899901047820e+01 5.10459854033670e-04 3.88543397884251e-05 
1.16077798056336e+01 4.86591261042644e-04 3.77265485630326e-05 
1.16255695064851e+01 4.63428917000019e-04 3.65771805322824e-05 
1.16433592073367e+01 4.40984689214875e-04 3.54119699847294e-05 
1.16611489081882e+01 4.19266999612128e-04 3.42362560443575e-05 
1.16789386090398e+01 3.98281066899349e-04 3.30549891485507e-05 
1.16967283098913e+01 3.78029144362816e-04 3.18727392041799e-05 
1.17145180107429e+01 3.58510752307223e-04 3.06937052129914e-05 
1.17323077115944e+01 3.39722904279585e-04 2.95217261672293e-05 
1.17500974124459e+01 3.21660326337855e-04 2.83602930267342e-05 
1.17678871132975e+01 3.04315668738407e-04 2.72125615994743e-05 
1.17856768141490e+01 2.87679709523468e-04 2.60813661584605e-05 
1.18034665150006e+01 2.71741549589820e-04 2.49692336391594e-05 
1.18212562158521e+01 2.56488798913394e-04 2.38783982727385e-05 
1.18390459167037e+01 2.41907753690886e-04 2.28108165216490e-05 
1.18568356175552e+01 2.27983564239119e-04 2.17681821951059e-05 
1.18746253184068e+01 2.14700393565836e-04 2.07519416328699e-05 
1.18924150192583e+01 2.02041566591863e-04 1.97633088563182e-05 
1.19102047201099e+01 1.89989710064500e-04 1.88032805960441e-05 
1.19279944209614e+01 1.78526883255653e-04 1.78726511151056e-05 
1.19457841218129e+01 1.67634699585921e-04 1.69720267565160e-05 
1.19635738226645e+01 1.57294439357812e-04 1.61018401525889e-05 
1.19813635235160e+01 1.47487153817805e-04 1.52623640423118e-05 
1.19991532243676e+01 1.38193760798364e-04 1.44533459418965e-05 
1.20169429252191e+01 1.29397837114763e-04 1.36743482263295e-05 
1.20347326260707e+01 1.21083021376745e-04 1.29257951761941e-05 
1.20525223269222e+01 1.13229591117528e-04 1.22080547732992e-05 
1.20703120277738e+01 1.05818065701787e-04 1.15207296009015e-05 
1.20881017286253e+01 9.88292610884784e-05 1.08633392855172e-05 
1.21058914294769e+01 9.22443380056605e-05 1.02353305808945e-05 
1.21236811303284e+01 8.60448439309526e-05 9.63608684589292e-06 
1.21414708311799e+01 8.02127492680380e-05 9.06493692164672e-06 
1.21592605320315e+01 7.47304781042159e-05 8.52116341677046e-06 
1.21770502328830e+01 6.95809339266009e-05 8.00401041231868e-06 
1.21948399337346e+01 6.47475206654883e-05 7.51269060075990e-06 
1.22126296345861e+01 6.02141594228772e-05 7.04639187539588e-06 
1.22304193354377e+01 5.59653012324049e-05 6.60428338847390e-06 
1.22482090362892e+01 5.19859361842142e-05 6.18552109772976e-06 
1.22659987371408e+01 4.82615992347490e-05 5.78925282228638e-06 
1.22837884379923e+01 4.47783730073345e-05 5.41462282974356e-06 
1.23015781388439e+01 4.15228878748123e-05 5.06077597695187e-06 
1.23193678396954e+01 3.84823196006255e-05 4.72686142739140e-06 
1.23371575405470e+01 3.56443847997101e-05 4.41203596829840e-06 
1.23549472413985e+01 3.29973344654794e-05 4.11546695071893e-06 
1.23727369422500e+01 3.05299457941907e-05 3.83633487554173e-06 
1.23905266431016e+01 2.82315125231524e-05 3.57383564829009e-06 
1.24083163439531e+01 2.60918339846551e-05 3.32718252505509e-06 
1.24261060448047e+01 2.41012030632545e-05 3.09560777144591e-06 
1.24438957456562e+01 2.22503932301691e-05 2.87836405583353e-06 
1.24616854465078e+01 2.05306448151206e-05 2.67472559748847e-06 
1.24794751473593e+01 1.89336506629975e-05 2.48398908947281e-06 
1.24972648482109e+01 1.74515413102773e-05 2.30547441535647e-06 
1.25150545490624e+01 1.60768698042462e-05 2.13852517799784e-06 
1.25328442499140e+01 1.48025962767088e-05 1.98250905777090e-06 
1.25506339507655e+01 1.36220723731091e-05 1.83681801674383e-06 
1.25684236516170e+01 1.25290256277884e-05 1.70086836442704e-06 
1.25862133524686e+01 1.15175438664906e-05 1.57410069981831e-06 
1.26040030533201e+01 1.05820597081872e-05 1.45597974358746e-06 
1.26217927541717e+01 9.71733522982721e-06 1.34599407336694e-06 
1.26395824550232e+01 8.91844684971122e-06 1.24365577425448e-06 
1.26573721558748e+01 8.18077047783162e-06 1.14850001579345e-06 
1.26751618567263e+01 7.49996697469706e-06 1.06008456587935e-06 
1.26929515575779e+01 6.87196795385108e-06 9.77984447042836e-07 
1.27107412584294e+01 6.29296694669503e-06 9.01754820794833e-07 
1.27285309592810e+01 5.75944564999910e-06 8.30951579665568e-07 
1.27463206601325e+01 5.26815598889280e-06 7.65205023381908e-07 
1.27641103609840e+01 4.81605060541591e-06 7.04202377867331e-07 
1.27819000618356e+01 4.40027345624567e-06 6.47645579254131e-07 
1.27996897626871e+01 4.01815055110159e-06 5.95251043746023e-07 
1.28174794635387e+01 3.66718086570031e-06 5.46749386028463e-07 
1.28352691643902e+01 3.34502745813593e-06 5.01885093893973e-07 
1.28530588652418e+01 3.04950881296625e-06 4.60416166130359e-07 
1.28708485660933e+01 2.77859043307723e-06 4.22113720124187e-07 
1.28886382669449e+01 2.53037669555935e-06 3.86761575061873e-07 
1.29064279677964e+01 2.30310298434484e-06 3.54155816067679e-07 
1.29242176686480e+01 2.09512810920374e-06 3.24104344102695e-07 
1.29420073694995e+01 1.90492701786345e-06 2.96426415962028e-07 
1.29597970703511e+01 1.73108380548010e-06 2.70952178249235e-07 
1.29775867712026e+01 1.57228502343417e-06 2.47522198777479e-07 
1.29953764720541e+01 1.42731328742716e-06 2.25986998445750e-07 
1.30131661729057e+01 1.29504118310419e-06 2.06206586265171e-07 
1.30309558737572e+01 1.17442546590017e-06 1.88049999864493e-07 
1.30487455746088e+01 1.06450155048853e-06 1.71394853484341e-07 
1.30665352754603e+01 9.64378284084113e-07 1.56126895175926e-07 
1.30843249763119e+01 8.73232996899910e-07 1.42139574650601e-07 
1.31021146771634e+01 7.90306822265753e-07 1.29333622980907e-07 
1.31199043780150e+01 7.14900278271072e-07 1.17616645130363e-07 
1.31376940788665e+01 6.46369102279757e-07 1.06902726087113e-07 
1.31554837797181e+01 5.84120329269780e-07 9.71120511944833e-08 
1.31732734805696e+01 5.27608604661546e-07 8.81705411082358e-08 
1.31910631814211e+01 4.76332722105180e-07 8.00095016647632e-08 
1.32088528822727e+01 4.29832376587621e-07 7.25652888153545e-08 
1.32266425831242e+01 3.87685123185338e-07 6.57789886679036e-08 
1.32444322839758e+01 3.49503531818621e-07 5.95961125778457e-08 
1.32622219848273e+01 3.14932528450031e-07 5.39663071436225e-08 
1.32800116856789e+01 2.83646913305097e-07 4.88430788875321e-08 
1.32978013865304e+01 2.55349046870284e-07 4.41835333393932e-08 
1.33155910873820e+01 2.29766694635335e-07 3.99481281870898e-08 
1.33333807882335e+01 2.06651021788115e-07 3.61004401138325e-08 
1.33511704890851e+01 1.85774729334903e-07 3.26069449060130e-08 
1.33689601899366e+01 1.66930323402589e-07 2.94368103870160e-08 
1.33867498907881e+01 1.49928509777310e-07 2.65617017105186e-08 
1.34045395916397e+01 1.34596706042658e-07 2.39555985309322e-08 
1.34223292924912e+01 1.20777663996332e-07 2.15946235580583e-08 
1.34401189933428e+01 1.08328195343930e-07 1.94568819971160e-08 
1.34579086941943e+01 9.71179939898030e-08 1.75223113734704e-08 
1.34756983950459e+01 8.70285485652040e-08 1.57725412431396e-08 
1.34934880958974e+01 7.79521391513460e-08 1.41907622949754e-08 
1.35112777967490e+01 6.97909124677134e-08 1.27616043578680e-08 
1.35290674976005e+01 6.24560301025851e-08 1.14710228360164e-08 
1.35468571984521e+01 5.58668846620177e-08 1.03061931068510e-08 
1.35646468993036e+01 4.99503790044894e-08 9.25541242928370e-09 
1.35824366001551e+01 4.46402640102117e-08 8.30800892427845e-09 
1.36002263010067e+01 3.98765306061411e-08 7.45425720502158e-09 
1.36180160018582e+01 3.56048520294845e-08 6.68530024999302e-09 
1.36358057027098e+01 3.17760725636464e-08 5.99307712877621e-09 
1.36535954035613e+01 2.83457392208854e-08 5.37025620732050e-09 
1.36713851044129e+01 2.52736730753235e-08 4.81017347641594e-09 
1.36891748052644e+01 2.25235771683441e-08 4.30677566421916e-09 
1.37069645061160e+01 2.00626781158956e-08 3.85441457183832e-09 
1.37247542069675e+01 1.78615438946512e-08 3.44784370832420e-09 
1.37425439078191e+01 1.58938191260855e-08 3.08247697005219e-09 
1.37603336086706e+01 1.41357178730122e-08 2.75432122409047e-09 
1.37781233095222e+01 1.25657651111903e-08 2.45976302870837e-09 
1.37959130103737e+01 1.11645852071110e-08 2.19551958075031e-09 
1.38137027112252e+01 9.91470828859576e-09 1.95861074733751e-09 
1.38314924120768e+01 8.80039315847771e-09 1.74633320858960e-09 
1.38492821129283e+01 7.80746548517539e-09 1.55623658040718e-09 
1.38670718137799e+01 6.92317008444179e-09 1.38610139122256e-09 
1.38848615146314e+01 6.13603618381603e-09 1.23391879173208e-09 
1.39026512154830e+01 5.43575463520927e-09 1.09787188189469e-09 
1.39204409163345e+01 4.81306611155337e-09 9.76318544852474e-10 
1.39382306171861e+01 4.25965939049651e-09 8.67775682843133e-10 
1.39560203180376e+01 3.76807889174595e-09 7.70904755582344e-10 
1.39738100188892e+01 3.33164069486059e-09 6.84498526954548e-10 
1.39915997197407e+01 2.94435632113506e-09 6.07468931128124e-10 
1.40093894205922e+01 2.60086361676318e-09 5.38835974376221e-10 
1.40271791214438e+01 2.29636412480527e-09 4.77717593913217e-10 
1.40449688222953e+01 2.02656638071031e-09 4.23320399929669e-10 
1.40627585231469e+01 1.78763461036746e-09 3.74931231710346e-10 
1.40805482239984e+01 1.57614235099803e-09 3.31909463238871e-10 
1.40983379248500e+01 1.38903055376919e-09 2.93679998020345e-10 
1.41161276257015e+01 1.22356976294040e-09 2.59726896984584e-10 
1.41339173265531e+01 1.07732599976870e-09 2.29587587264117e-10 
1.41517070274046e+01 9.48130010428012e-10 2.02847603372012e-10 
1.41694967282562e+01 8.34049565967660e-10 1.79135815835711e-10 
1.41872864291077e+01 7.33364528972342e-10 1.58120105676743e-10 
1.42050761299593e+01 6.44544426213342e-10 1.39503446266158e-10 
1.42228658308108e+01 5.66228289319718e-10 1.23020357036394e-10 
1.42406555316623e+01 4.97206546465777e-10 1.08433696297683e-10 
1.42584452325139e+01 4.36404767380630e-10 9.55317629971695e-11 
1.42762349333654e+01 3.82869081746057e-10 8.41256796784726e-11 
1.42940246342170e+01 3.35753107364880e-10 7.40470311555170e-11 
1.43118143350685e+01 2.94306239453396e-10 6.51457355144647e-11 
1.43296040359201e+01 2.57863166133130e-10 5.72881260090779e-11 
1.43473937367716e+01 2.25834487759577e-10 5.03552242253553e-11 
1.43651834376232e+01 1.97698329214004e-10 4.42411865684321e-11 
1.43829731384747e+01 1.72992844779351e-10 3.88519076760135e-11 
1.44007628393263e+01 1.51309524798796e-10 3.41037657953824e-11 
1.44185525401778e+01 1.32287222046727e-10 2.99224964825194e-11 
1.44363422410293e+01 1.15606823693673e-10 2.62421821990654e-11 
1.44541319418809e+01 1.00986501981473e-10 2.30043465025262e-11 
1.44719216427324e+01 8.81774833010756e-11 2.01571425537604e-11 
1.44897113435840e+01 7.69602813370525e-11 1.76546266096415e-11 
1.45075010444355e+01 6.71413453607234e-11 1.54561080337990e-11 
1.45252907452871e+01 5.85500796646525e-11 1.35255681501635e-11 
1.45430804461386e+01 5.10361945785448e-11 1.18311409880583e-11 
1.45608701469902e+01 4.44673535305035e-11 1.03446496288492e-11 
1.45786598478417e+01 3.87270842553128e-11 9.04119246747523e-12 
1.45964495486933e+01 3.37129255371208e-11 7.89877425204668e-12 
1.46142392495448e+01 2.93347838391667e-11 6.89797726531745e-12 
1.46320289503963e+01 2.55134768470279e-11 6.02166846718128e-12 
1.46498186512479e+01 2.21794433608952e-11 5.25473883109641e-12 
1.46676083520994e+01 1.92716011410587e-11 4.58387148294820e-12 
1.46853980529510e+01 1.67363362614853e-11 3.99733559152246e-12 
1.47031877538025e+01 1.45266092795656e-11 3.48459194515551e-12 
1.47209774546541e+01 1.26013472324176e-11 3.03614821563609e-12 
1.47387671555056e+01 1.09248594529238e-11 2.64385013449854e-12 
1.47565568563572e+01 9.46590417552043e-12 2.30081938105375e-12 
1.47743465572087e+01 8.19703711074039e-12 2.00106665196331e-12 
1.47921362580603e+01 7.09416710094687e-12 1.73930364971568e-12 
1.48099259589118e+01 6.13616144576780e-12 1.51086468489445e-12 
1.48277156597633e+01 5.30449565265648e-12 1.31163656305325e-12 
1.48455053606149e+01 4.58294288158731e-12 1.13799594381791e-12 
1.48632950614664e+01 3.95729882138359e-12 9.86753431345345e-13 
1.48810847623180e+01 3.41513816184843e-12 8.55103721541767e-13 
1.48988744631695e+01 2.94559921386854e-12 7.40581192720061e-13 
1.49166641640211e+01 2.53919358196268e-12 6.41020382911705e-13 
1.49344538648726e+01 2.18763811317463e-12 5.54520849097929e-13 
1.49522435657242e+01 1.88370663542308e-12 4.79415951448991e-13 
1.49700332665757e+01 1.62109925991650e-12 4.14245149517241e-13 
1.49878229674273e+01 1.39432725835978e-12 3.57729437473827e-13 
1.50056126682788e+01 1.19861173860402e-12 3.08749673164433e-13 
1.50234023691304e+01 1.02981897059733e-12 2.66324383657604e-13 
1.50411920699819e+01 8.84331123461215e-13 2.29600973081380e-13 
1.50589817708334e+01 7.58999775735450e-13 1.97832355411997e-13 
1.50767714716850e+01 6.51091677339034e-13 1.70366006262059e-13 
1.50945611725365e+01 5.58235474924281e-13 1.46633024442885e-13 
1.51123508733881e+01 4.78375063329544e-13 1.26137744672443e-13 
1.51301405742396e+01 4.09728768525391e-13 1.08448594332514e-13 
1.51479302750912e+01 3.50753658651104e-13 9.31900516683859e-14 
1.51657199759427e+01 3.00114361030556e-13 8.00355783007695e-14 
1.51835096767943e+01 2.56655835440277e-13 6.87014128337144e-14 
1.52012993776458e+01 2.19379618288268e-13 5.89411248361720e-14 
1.52190890784974e+01 1.87423109576102e-13 5.05408396796036e-14 
1.52368787793489e+01 1.60041525307632e-13 4.33150547506992e-14 
1.52546684802004e+01 1.36592183052494e-13 3.71029765380222e-14 
1.52724581810520e+01 1.16520828283287e-13 3.17653161163146e-14 
1.52902478819035e+01 9.93497444336886e-14 2.71814877157118e-14 
1.53080375827551e+01 8.46674208678542e-14 2.32471614506538e-14 
1.53258272836066e+01 7.21195805563253e-14 1.98721269726965e-14 
1.53436169844582e+01 6.14013936220107e-14 1.69784298736550e-14 
1.53614066853097e+01 5.22507244118499e-14 1.44987471649741e-14 
1.53791963861613e+01 4.44422786883854e-14 1.23749721543789e-14 
1.53969860870128e+01 3.77825342095320e-14 1.05569825846553e-14 
1.54147757878644e+01 3.21053526325410e-14 9.00156903972738e-15 
1.54325654887159e+01 2.72681835700172e-14 7.67150340324246e-15 
1.54503551895674e+01 2.31487829473961e-14 6.53472961363412e-15 
1.54681448904190e+01 1.96423777455898e-14 5.56366113216138e-15 
1.54859345912705e+01 1.66592179224303e-14 4.73457145826820e-15 
1.55037242921221e+01 1.41224639368238e-14 4.02706571806184e-15 
1.55215139929736e+01 1.19663649786681e-14 3.42362284215302e-15 
1.55393036938252e+01 1.01346888495376e-14 2.90919916124825e-15 
1.55570933946767e+01 8.57936954484567e-15 2.47088540205097e-15 
1.55748830955283e+01 7.25934304699712e-15 2.09761008035153e-15 
1.55926727963798e+01 6.13954572993694e-15 1.77988317884929e-15 
1.56104624972314e+01 5.19005316823423e-15 1.50957477866915e-15 
1.56282521980829e+01 4.38534009998899e-15 1.27972399853737e-15 
1.56460418989345e+01 3.70364486666929e-15 1.08437419557248e-15 
1.56638315997860e+01 3.12642389227628e-15 9.18430906750426e-16 
1.56816213006375e+01 2.63788371104873e-15 7.77539469299568e-16 
1.56994110014891e+01 2.22457974422417e-15 6.57979659527719e-16 
1.57172007023406e+01 1.87507249464260e-15 5.56575039921989e-16 
1.57349904031922e+01 1.57963310170109e-15 4.70615010019996e-16 
1.57527801040437e+01 1.32999130332521e-15 3.97787823028350e-16 
1.57705698048953e+01 1.11911980809491e-15 3.36123062315117e-16 
1.57883595057468e+01 9.41049908598949e-16 2.83942274007005e-16 
1.58061492065984e+01 7.90713883235216e-16 2.39815008407076e-16 
1.58239389074499e+01 6.63797249659171e-16 2.02387662776416e-16 
1.58417286083015e+01 5.56814270940697e-16 1.70649452313036e-16 
1.58595183091530e+01 4.66645470171162e-16 1.43780229977685e-16 
1.58773080100045e+01 3.90761831292345e-16 1.21038340261548e-16 
1.58950977108561e+01 3.26905939912790e-16 1.01820342512320e-16 
1.59128874117076e+01 2.73249478015662e-16 8.55772082089204e-17 
1.59306771125592e+01 2.28171039417623e-16 7.18628233260679e-17 
1.59484668134107e+01 1.90361993477834e-16 6.02837664889972e-17 
1.59662565142623e+01 1.58659464033903e-16 5.05247323759377e-17 
1.59840462151138e+01 1.32120459553044e-16 4.23026371202931e-17 
1.60018359159654e+01 1.09910182731278e-16 3.53870015934748e-17 
1.60196256168169e+01 9.13525329871550e-17 2.95714094325360e-17 
1.60374153176685e+01 7.58517657828048e-17 2.46884839613813e-17 
1.60552050185200e+01 6.29258754930976e-17 2.05901099122621e-17 
1.60729947193716e+01 5.21506415336011e-17 1.71561421495390e-17 
1.60907844202231e+01 4.31830734170688e-17 1.42799771381011e-17 
1.61085741210746e+01 3.57222324877280e-17 1.18751259128583e-17 
1.61263638219262e+01 2.95251389448568e-17 9.86508569206925e-18 
1.61441535227777e+01 2.43792715675549e-17 8.18789170684521e-18 
1.61619432236293e+01 2.01132584942814e-17 6.78891208121722e-18 
1.61797329244808e+01 1.65776801646759e-17 5.62396140454360e-18 
1.61975226253324e+01 1.36521948542242e-17 4.65421210628654e-18 
1.62153123261839e+01 1.12322027941676e-17 3.84830310641802e-18 
1.62331020270355e+01 9.23355914537238e-18 3.17876743121904e-18 
1.62508917278870e+01 7.58335077981002e-18 2.62344799937776e-18 
1.62686814287386e+01 6.22299080260787e-18 2.16300275828998e-18 
1.62864711295901e+01 5.10186606496991e-18 1.78184781316148e-18 
1.63042608304416e+01 4.17935451102726e-18 1.46642328842897e-18 
1.63220505312932e+01 3.42046708356538e-18 1.20581694123686e-18 
1.63398402321447e+01 2.79715348521966e-18 9.90564058928147e-19 
1.63576299329963e+01 2.28532359911196e-18 8.13056841240241e-19 
1.63754196338478e+01 1.86568657048329e-18 6.66717301724227e-19 
1.63932093346994e+01 1.52172249580271e-18 5.46264103193649e-19 
1.64109990355509e+01 1.24021763234899e-18 4.47144778307450e-19 
1.64287887364025e+01 1.00988809001660e-18 3.65708407246641e-19 
1.64465784372540e+01 8.21718606743847e-19 2.98817337461354e-19 
1.64643681381056e+01 6.68031891816716e-19 2.43958108376566e-19 
1.64821578389571e+01 5.42701359430848e-19 1.98976906299292e-19 
1.64999475398086e+01 4.40523951683071e-19 1.62154744497275e-19 
1.65177372406602e+01 3.57349674054979e-19 1.32028212259564e-19 
1.65355269415117e+01 2.89656209315277e-19 1.07424438734424e-19 
1.65533166423633e+01 2.34636739348223e-19 8.73364337672162e-20 
1.65711063432148e+01 1.89922893723663e-19 7.09581115129057e-20 
1.65888960440664e+01 1.53633132237311e-19 5.76059667740411e-20 
1.66066857449179e+01 1.24183266096594e-19 4.67358289496618e-20 
1.66244754457695e+01 1.00315956819894e-19 3.78873314479961e-20 
1.66422651466210e+01 8.09748280156027e-20 3.06943122066232e-20 
1.66600548474726e+01 6.53222639210529e-20 2.48476939584930e-20 
1.66778445483241e+01 5.26560028566603e-20 2.01018856662961e-20 
1.66956342491757e+01 4.24197493952915e-20 1.62500410996137e-20 
1.67134239500272e+01 3.41480659016743e-20 1.31279620209924e-20 
1.67312136508787e+01 2.74726132130753e-20 1.05976542062878e-20 
1.67490033517303e+01 2.20858385636136e-20 8.54968254194598e-21 
1.67667930525818e+01 1.77445856623157e-20 6.89227255567293e-21 
1.67845827534334e+01 1.42462325595439e-20 5.55271460552897e-21 
1.68023724542849e+01 1.14307381376351e-20 4.47016088365764e-21 
1.68201621551365e+01 9.16500332858911e-21 3.59645114440158e-21 
1.68379518559880e+01 7.34400152735720e-21 2.89136523786768e-21 
1.68557415568396e+01 5.88055645951754e-21 2.32310074560919e-21 
1.68735312576911e+01 4.70594507546567e-21 1.86515248994476e-21 
1.68913209585427e+01 3.76323356905068e-21 1.49658328627066e-21 
1.69091106593942e+01 3.00758293698404e-21 1.19997840799107e-21 
1.69269003602457e+01 2.40191598748683e-21 9.61595154712539e-22 
1.69446900610973e+01 1.91705987562342e-21 7.70025565241181e-22 
1.69624797619488e+01 1.52893607551587e-21 6.16276235408584e-22 
1.69802694628004e+01 1.21861682902690e-21 4.92896377511387e-22 
1.69980591636519e+01 9.70507508512598e-22 3.94010169102501e-22 
1.70158488645035e+01 7.72386635638456e-22 3.14739590482733e-22 
1.70336385653550e+01 6.14221126656233e-22 2.51250222603210e-22 
1.70514282662066e+01 4.88121077237977e-22 2.00404346114182e-22 
1.70692179670581e+01 3.87602948670871e-22 1.59739087740316e-22 
1.70870076679097e+01 3.07583128065072e-22 1.27222416582658e-22 
1.71047973687612e+01 2.43891780189224e-22 1.01256490930365e-22 
1.71225870696127e+01 1.93263920552102e-22 8.05254599727035e-23 
1.71403767704643e+01 1.53026310285624e-22 6.39961233441220e-23 
1.71581664713158e+01 1.21088630651255e-22 5.08192110595159e-23 
1.71759561721674e+01 9.57425031836787e-23 4.03288201996506e-23 
1.71937458730189e+01 7.56538501612153e-23 3.19786084230563e-23 
1.72115355738705e+01 5.97343110525306e-23 2.53407874193849e-23 
1.72293252747220e+01 4.71350941453784e-23 2.00650245872817e-23 
1.72471149755736e+01 3.71649761502888e-23 1.58773807147236e-23 
1.72649046764251e+01 2.92855802725326e-23 1.25539274850823e-23 
1.72826943772767e+01 2.30592484575208e-23 9.91980022030371e-24 
1.73004840781282e+01 1.81455331499016e-23 7.83231798196964e-24 
1.73182737789798e+01 1.42681628033850e-23 6.18020834022273e-24 
1.73360634798313e+01 1.12124997739368e-23 4.87284239215445e-24 
1.73538531806828e+01 8.80466981082209e-24 3.83963302804609e-24 
1.73716428815344e+01 6.90975613935311e-24 3.02319154223498e-24 
1.73894325823859e+01 5.41865371689641e-24 2.37887730445264e-24 
1.74072222832375e+01 4.24680698200594e-24 1.87046098547496e-24 
1.74250119840890e+01 3.32595436976507e-24 1.46979652805797e-24 
1.74428016849406e+01 2.60325808080106e-24 1.15408132972342e-24 
1.74605913857921e+01 2.03613488903545e-24 9.05622280090563e-25 
1.74783810866437e+01 1.59166326774696e-24 7.10110098996347e-25 
1.74961707874952e+01 1.24335607081531e-24 5.56453255869111e-25 
1.75139604883468e+01 9.70761958981543e-25 4.35692176959730e-25 
1.75317501891983e+01 7.57459414399652e-25 3.40892064184865e-25 
1.75495398900498e+01 5.90788540025565e-25 2.66468472176708e-25 
1.75673295909014e+01 4.60597683973086e-25 2.08105183976353e-25 
1.75851192917529e+01 3.59068700415490e-25 1.62326693820357e-25 
1.76029089926045e+01 2.79945972017718e-25 1.26446261935729e-25 
1.76206986934560e+01 2.18421908300243e-25 9.83027285895932e-26 
1.76384883943076e+01 1.70660863803359e-25 7.62251446473714e-26 
1.76562780951591e+01 1.33725473674937e-25 5.88692748893446e-26 
1.76740677960107e+01 1.05283576676641e-25 4.51933197251014e-26 
1.76918574968622e+01 8.35624542629421e-26 3.43565840885346e-26 
1.77096471977138e+01 6.71690527740830e-26 2.57022752745250e-26 
1.77274368985653e+01 5.50638843040678e-26 1.86947733363396e-26 
1.77452265994168e+01 4.64513043126911e-26 1.29064611200486e-26 
1.77630163002684e+01 4.07683542430085e-26 7.97880808452218e-27 
1.77808060011199e+01 3.76184367805574e-26 5.69370523877366e-27 
