Energy(eV)           EEDF(eV^-(3/2))      Anisotropy(eV^-(3/2))
7.75664107989258e-04 1.59509187110181e+02 1.40405700265954e-01 
2.32699232396777e-03 1.52572125550165e+02 1.67879575364078e-01 
3.87832053994629e-03 1.45402251540665e+02 1.93052545479789e-01 
5.42964875592481e-03 1.38246764920968e+02 2.04042741276706e-01 
6.98097697190332e-03 1.31299042870309e+02 2.10382007325453e-01 
8.53230518788184e-03 1.24601431245373e+02 2.13723754434554e-01 
1.00836334038604e-02 1.18193976108643e+02 2.15894606040173e-01 
1.16349616198389e-02 1.12083727457784e+02 2.16634560121508e-01 
1.31862898358174e-02 1.06266936810890e+02 2.16279714675257e-01 
1.47376180517959e-02 1.00738149708416e+02 2.15030961654558e-01 
1.62889462677744e-02 9.54865092998188e+01 2.13281667727965e-01 
1.78402744837529e-02 9.05056358031377e+01 2.11117254687872e-01 
1.93916026997315e-02 8.57817620838215e+01 2.08561240775531e-01 
2.09429309157100e-02 8.13062774565304e+01 2.05885535808272e-01 
2.24942591316885e-02 7.70673269277840e+01 2.03141464650319e-01 
2.40455873476670e-02 7.30559031137830e+01 2.00621366352457e-01 
2.55969155636455e-02 6.92629012117355e+01 1.97402386620183e-01 
2.71482437796240e-02 6.56692962239185e+01 1.93316011584029e-01 
2.86995719956025e-02 6.22653943926201e+01 1.89294570240739e-01 
3.02509002115811e-02 5.90429524748702e+01 1.85384616255845e-01 
3.18022284275596e-02 5.59930245805891e+01 1.81547334545656e-01 
3.33535566435381e-02 5.31073510747612e+01 1.77874309411849e-01 
3.49048848595166e-02 5.03783802253498e+01 1.74260689398011e-01 
3.64562130754951e-02 4.77973481436639e+01 1.70505229832750e-01 
3.80075412914736e-02 4.53554268553593e+01 1.66756132980648e-01 
3.95588695074522e-02 4.30460535720119e+01 1.63129356239220e-01 
4.11101977234307e-02 4.08621701153319e+01 1.59327460707049e-01 
4.26615259394092e-02 3.87950027116856e+01 1.55424237704096e-01 
4.42128541553877e-02 3.68389658262469e+01 1.51709032629236e-01 
4.57641823713662e-02 3.49887145029210e+01 1.48180440670743e-01 
4.73155105873447e-02 3.32391462711351e+01 1.44836777837231e-01 
4.88668388033233e-02 3.15854013266737e+01 1.41676160108182e-01 
5.04181670193018e-02 3.00228615306104e+01 1.38409007676020e-01 
5.19694952352803e-02 2.85443487151681e+01 1.34943005283763e-01 
5.35208234512588e-02 2.71449662170353e+01 1.31557614220760e-01 
5.50721516672373e-02 2.58208842886308e+01 1.28333651653957e-01 
5.66234798832158e-02 2.45684595875589e+01 1.25267691205514e-01 
5.81748080991944e-02 2.33842317225274e+01 1.22356228696216e-01 
5.97261363151729e-02 2.22649196053791e+01 1.19509923701659e-01 
6.12774645311514e-02 2.12065220942334e+01 1.16546951317906e-01 
6.28287927471299e-02 2.02042481969011e+01 1.13548840512000e-01 
6.43801209631084e-02 1.92554037664478e+01 1.10686624407529e-01 
6.59314491790869e-02 1.83574296225157e+01 1.07956389028333e-01 
6.74827773950654e-02 1.75078979867329e+01 1.05354174831692e-01 
6.90341056110440e-02 1.67045089661110e+01 1.02875958941917e-01 
7.05854338270225e-02 1.59450871448962e+01 1.00366681027658e-01 
7.21367620430010e-02 1.52257781142080e+01 9.78036595093887e-02 
7.36880902589795e-02 1.45444426137412e+01 9.53322238116557e-02 
7.52394184749580e-02 1.38992991809734e+01 9.29688510572068e-02 
7.67907466909366e-02 1.32886593140069e+01 9.07096248045217e-02 
7.83420749069151e-02 1.27109247087055e+01 8.85505524818279e-02 
7.98934031228936e-02 1.21645846166026e+01 8.64371595941295e-02 
8.14447313388721e-02 1.16475002017156e+01 8.43021963361024e-02 
8.29960595548506e-02 1.11574009756000e+01 8.21938476075114e-02 
8.45473877708291e-02 1.06930603790931e+01 8.01719535531074e-02 
8.60987159868076e-02 1.02533164280608e+01 7.82328399293678e-02 
8.76500442027862e-02 9.83706971480049e+00 7.63727363202849e-02 
8.92013724187647e-02 9.44328149964843e+00 7.45877423502260e-02 
9.07527006347432e-02 9.07097189820866e+00 7.27964216740886e-02 
9.23040288507217e-02 8.71773794623134e+00 7.09988453602855e-02 
9.38553570667002e-02 8.38272635686613e+00 6.92677971406409e-02 
9.54066852826787e-02 8.06515007658346e+00 6.76011035597318e-02 
9.69580134986573e-02 7.76426388431546e+00 6.59954155734944e-02 
9.85093417146358e-02 7.47936306827721e+00 6.44472615996142e-02 
1.00060669930614e-01 7.20978215260865e+00 6.29324579793568e-02 
1.01611998146593e-01 6.95430150010458e+00 6.14340019386847e-02 
1.03163326362571e-01 6.71183731747049e+00 5.99711685058908e-02 
1.04714654578550e-01 6.48185822800537e+00 5.85565709643767e-02 
1.06265982794528e-01 6.26386093453732e+00 5.71872029005360e-02 
1.07817311010507e-01 6.05736930055838e+00 5.58599302534839e-02 
1.09368639226485e-01 5.86193345144422e+00 5.45701118786370e-02 
1.10919967442464e-01 5.67703731949681e+00 5.33048391159666e-02 
1.12471295658442e-01 5.50138864124097e+00 5.20676467846990e-02 
1.14022623874421e-01 5.33463514862773e+00 5.08651977454906e-02 
1.15573952090399e-01 5.17644264869287e+00 4.96949185856926e-02 
1.17125280306378e-01 5.02649439693610e+00 4.85541227520349e-02 
1.18676608522356e-01 4.88449047185569e+00 4.74399926903504e-02 
1.20227936738335e-01 4.75014714616975e+00 4.63563408917397e-02 
1.21779264954314e-01 4.62259254473487e+00 4.53097412969260e-02 
1.23330593170292e-01 4.50126093057758e+00 4.42928787656346e-02 
1.24881921386271e-01 4.38593652892453e+00 4.32983662626982e-02 
1.26433249602249e-01 4.27641396315946e+00 4.23241533944806e-02 
1.27984577818228e-01 4.17249785703691e+00 4.13681025008532e-02 
1.29535906034206e-01 4.07400242910211e+00 4.04308278131922e-02 
1.31087234250185e-01 3.98066988892836e+00 3.95235088711403e-02 
1.32638562466163e-01 3.89201287597838e+00 3.86439760602373e-02 
1.34189890682142e-01 3.80788325523449e+00 3.77770890356427e-02 
1.35741218898120e-01 3.72813974068845e+00 3.69208730220475e-02 
1.37292547114099e-01 3.65264755917291e+00 3.60732633130171e-02 
1.38843875330077e-01 3.58127809934198e+00 3.52320983298540e-02 
1.40395203546056e-01 3.51390854287602e+00 3.44279471967405e-02 
1.41946531762034e-01 3.44995006155452e+00 3.36756509532864e-02 
1.43497859978013e-01 3.38915274489000e+00 3.29416836506917e-02 
1.45049188193991e-01 3.33142746169179e+00 3.22129363461347e-02 
1.46600516409970e-01 3.27668852377596e+00 3.14879318733000e-02 
1.48151844625948e-01 3.22485347012791e+00 3.07651359453940e-02 
1.49703172841927e-01 3.17584283965726e+00 3.00650734987579e-02 
1.51254501057905e-01 3.12936380829003e+00 2.94408865898798e-02 
1.52805829273884e-01 3.08487024903785e+00 2.88742987578379e-02 
1.54357157489862e-01 3.04231377807377e+00 2.83111442617858e-02 
1.55908485705841e-01 3.00164745412349e+00 2.77507119970025e-02 
1.57459813921819e-01 2.96282570494288e+00 2.71922682350656e-02 
1.59011142137798e-01 2.92580424999648e+00 2.66350563531974e-02 
1.60562470353776e-01 2.89054001916125e+00 2.60782966545446e-02 
1.62113798569755e-01 2.85699106726918e+00 2.55211863050578e-02 
1.63665126785733e-01 2.82511648429526e+00 2.49628994152529e-02 
1.65216455001712e-01 2.79487630099521e+00 2.44025872979034e-02 
1.66767783217690e-01 2.76623138980100e+00 2.38393789355596e-02 
1.68319111433669e-01 2.73914336079183e+00 2.32723816947305e-02 
1.69870439649648e-01 2.71357445257580e+00 2.27325214862768e-02 
1.71421767865626e-01 2.68931420885641e+00 2.22680815909653e-02 
1.72973096081605e-01 2.66609322178389e+00 2.18495510977235e-02 
1.74524424297583e-01 2.64389081461870e+00 2.14292588707989e-02 
1.76075752513562e-01 2.62268658503333e+00 2.10068004226749e-02 
1.77627080729540e-01 2.60246037212967e+00 2.05817615571302e-02 
1.79178408945519e-01 2.58319222175265e+00 2.01537188086273e-02 
1.80729737161497e-01 2.56486235009864e+00 1.97707867718015e-02 
1.82281065377476e-01 2.54724520572333e+00 1.94376476770484e-02 
1.83832393593454e-01 2.53032241175957e+00 1.91041143921070e-02 
1.85383721809433e-01 2.51408208394397e+00 1.87684132322999e-02 
1.86935050025411e-01 2.49851240061740e+00 1.84303155709145e-02 
1.88486378241390e-01 2.48360158867924e+00 1.80895874103745e-02 
1.90037706457368e-01 2.46933790875855e+00 1.77758367934553e-02 
1.91589034673347e-01 2.45560350147380e+00 1.75182218597507e-02 
1.93140362889325e-01 2.44229493598930e+00 1.72872949099204e-02 
1.94691691105304e-01 2.42940686621685e+00 1.70547615207137e-02 
1.96243019321282e-01 2.41693393993962e+00 1.68205381183830e-02 
1.97794347537261e-01 2.40487079641753e+00 1.65845380561288e-02 
1.99345675753239e-01 2.39321206370487e+00 1.63499637118663e-02 
2.00897003969218e-01 2.38194214474293e+00 1.61561743888984e-02 
2.02448332185196e-01 2.37093675932523e+00 1.60013321305905e-02 
2.03999660401175e-01 2.36019371883431e+00 1.58452465389875e-02 
2.05550988617153e-01 2.34971081218467e+00 1.56878960470208e-02 
2.07102316833132e-01 2.33948580617428e+00 1.55292573319607e-02 
2.08653645049110e-01 2.32951644572655e+00 1.53693053507999e-02 
2.10204973265089e-01 2.31980045402464e+00 1.52343657898805e-02 
2.11756301481067e-01 2.31026316995614e+00 1.51406771632749e-02 
2.13307629697046e-01 2.30086171592983e+00 1.50617461617680e-02 
2.14858957913024e-01 2.29159576211913e+00 1.49818969021130e-02 
2.16410286129003e-01 2.28246495689826e+00 1.49011387110336e-02 
2.17961614344982e-01 2.27346892752673e+00 1.48194801565727e-02 
2.19512942560960e-01 2.26460728080659e+00 1.47443610904800e-02 
2.21064270776939e-01 2.25586044586030e+00 1.47086653706531e-02 
2.22615598992917e-01 2.24714455673692e+00 1.47051639403862e-02 
2.24166927208896e-01 2.23846009243460e+00 1.47008372721944e-02 
2.25718255424874e-01 2.22980751945500e+00 1.46956981463179e-02 
2.27269583640853e-01 2.22118729197417e+00 1.46897592245274e-02 
2.28820911856831e-01 2.21259985201283e+00 1.46830330492592e-02 
2.30372240072810e-01 2.20404562960591e+00 1.47008448180291e-02 
2.31923568288788e-01 2.19546159517446e+00 1.47520148813941e-02 
2.33474896504767e-01 2.18682589819324e+00 1.48110144990281e-02 
2.35026224720745e-01 2.17813904947958e+00 1.48689040090690e-02 
2.36577552936724e-01 2.16940156866977e+00 1.49256749444520e-02 
2.38128881152702e-01 2.16061398415552e+00 1.49813190144561e-02 
2.39680209368681e-01 2.15177683301767e+00 1.50452521705054e-02 
2.41231537584659e-01 2.14286665602320e+00 1.51399613504485e-02 
2.42782865800638e-01 2.13382594702032e+00 1.52554264644426e-02 
2.44334194016616e-01 2.12465490495835e+00 1.53689535840668e-02 
2.45885522232595e-01 2.11535378370025e+00 1.54804905218600e-02 
2.47436850448573e-01 2.10592289258744e+00 1.55899855838906e-02 
2.48988178664552e-01 2.09636259697006e+00 1.56973876107231e-02 
2.50539506880530e-01 2.08667331870149e+00 1.58236679942197e-02 
2.52090835096509e-01 2.07679884135821e+00 1.59717608289734e-02 
2.53642163312487e-01 2.06672904519515e+00 1.61203811552279e-02 
2.55193491528466e-01 2.05646409941681e+00 1.62656710311650e-02 
2.56744819744444e-01 2.04600430047838e+00 1.64075301105730e-02 
2.58296147960423e-01 2.03535007370062e+00 1.65458595877825e-02 
2.59847476176401e-01 2.02450197475440e+00 1.66897237831988e-02 
2.61398804392380e-01 2.01343400237918e+00 1.68521265572307e-02 
2.62950132608358e-01 2.00210678467335e+00 1.70230086744683e-02 
2.64501460824337e-01 1.99052088497975e+00 1.71886059007837e-02 
2.66052789040316e-01 1.97867710471652e+00 1.73487677200405e-02 
2.67604117256294e-01 1.96657648584269e+00 1.75033477095991e-02 
2.69155445472273e-01 1.95422031295915e+00 1.76522038167067e-02 
2.70706773688251e-01 1.94161011503363e+00 1.78135340045252e-02 
2.72258101904230e-01 1.92868772726144e+00 1.79868326309654e-02 
2.73809430120208e-01 1.91545220731128e+00 1.81532568384514e-02 
2.75360758336187e-01 1.90190578004395e+00 1.83117726898833e-02 
2.76912086552165e-01 1.88805105004558e+00 1.84622084110794e-02 
2.78463414768144e-01 1.87389100209278e+00 1.86044015456709e-02 
2.80014742984122e-01 1.85942900081146e+00 1.87482566149266e-02 
2.81566071200101e-01 1.84463170998922e+00 1.89023279154314e-02 
2.83117399416079e-01 1.82946757504806e+00 1.90552952842172e-02 
2.84668727632058e-01 1.81394146661346e+00 1.91971921162210e-02 
2.86220055848036e-01 1.79805881822917e+00 1.93278545566530e-02 
2.87771384064015e-01 1.78182562045800e+00 1.94471365728983e-02 
2.89322712279993e-01 1.76524841344070e+00 1.95549104212662e-02 
2.90874040495972e-01 1.74833427792289e+00 1.96510670571761e-02 
2.92425368711950e-01 1.73109082476701e+00 1.97355164866704e-02 
2.93976696927929e-01 1.71352618297298e+00 1.98081880574265e-02 
2.95528025143907e-01 1.69564898623823e+00 1.98690306877610e-02 
2.97079353359886e-01 1.67746835809449e+00 1.99180130324341e-02 
2.98630681575864e-01 1.65899389566519e+00 1.99551235843859e-02 
3.00182009791843e-01 1.64023565209363e+00 1.99957103931083e-02 
3.01733338007821e-01 1.62112688219281e+00 2.00472521151900e-02 
3.03284666223800e-01 1.60163269440143e+00 2.00921642555069e-02 
3.04835994439778e-01 1.58176763778181e+00 2.01205976448974e-02 
3.06387322655757e-01 1.56154699898522e+00 2.01326588556030e-02 
3.07938650871735e-01 1.54098675923582e+00 2.01284904770420e-02 
3.09489979087714e-01 1.52010354897828e+00 2.01082703709486e-02 
3.11041307303693e-01 1.49891460041682e+00 2.00722107774360e-02 
3.12592635519671e-01 1.47743769818366e+00 2.00205572789753e-02 
3.14143963735650e-01 1.45569112838447e+00 1.99535876301630e-02 
3.15695291951628e-01 1.43369362627477e+00 1.98716104619683e-02 
3.17246620167607e-01 1.41146432282668e+00 1.97749638698727e-02 
3.18797948383585e-01 1.38902269044808e+00 1.96640138959328e-02 
3.20349276599564e-01 1.36638848811770e+00 1.95391529153225e-02 
3.21900604815542e-01 1.34358170619840e+00 1.94007979383331e-02 
3.23451933031521e-01 1.32062251118851e+00 1.92493888391232e-02 
3.25003261247499e-01 1.29753119066624e+00 1.90853865227242e-02 
3.26554589463478e-01 1.27432809867621e+00 1.89092710419186e-02 
3.28105917679456e-01 1.25103360179890e+00 1.87215396756190e-02 
3.29657245895435e-01 1.22766802613492e+00 1.85227049802871e-02 
3.31208574111413e-01 1.20425160542460e+00 1.83132928257571e-02 
3.32759902327392e-01 1.18080443051204e+00 1.80938404265650e-02 
3.34311230543370e-01 1.15734640034905e+00 1.78648943795383e-02 
3.35862558759349e-01 1.13389717472087e+00 1.76270087179803e-02 
3.37413886975327e-01 1.11047612886018e+00 1.73807429923049e-02 
3.38965215191306e-01 1.08710231010083e+00 1.71266603864286e-02 
3.40516543407284e-01 1.06379439670641e+00 1.68653258786333e-02 
3.42067871623263e-01 1.04057065899250e+00 1.65973044549756e-02 
3.43619199839241e-01 1.01744892284493e+00 1.63231593826473e-02 
3.45170528055220e-01 9.94446535719691e-01 1.60434505499930e-02 
3.46721856271198e-01 9.71580335193645e-01 1.57587328791680e-02 
3.48273184487177e-01 9.48866620118763e-01 1.54695548166943e-02 
3.49824512703155e-01 9.26321124416788e-01 1.51774202085368e-02 
3.51375840919134e-01 9.03938281205943e-01 1.48839182351132e-02 
3.52927169135112e-01 8.81702641070799e-01 1.45877066784278e-02 
3.54478497351091e-01 8.59632715665583e-01 1.42872980949104e-02 
3.56029825567069e-01 8.37746259548736e-01 1.39833463533766e-02 
3.57581153783048e-01 8.16060243248890e-01 1.36764884198000e-02 
3.59132481999026e-01 7.94590830431560e-01 1.33673428554968e-02 
3.60683810215005e-01 7.73353359094813e-01 1.30565084761166e-02 
3.62235138430984e-01 7.52362326700773e-01 1.27445631703653e-02 
3.63786466646962e-01 7.31631379130370e-01 1.24320628762840e-02 
3.65337794862941e-01 7.11173303331318e-01 1.21195407119017e-02 
3.66889123078919e-01 6.91000023513920e-01 1.18075062561764e-02 
3.68440451294898e-01 6.71122600735953e-01 1.14964449753316e-02 
3.69991779510876e-01 6.51551235706555e-01 1.11868177889956e-02 
3.71543107726855e-01 6.32295274629632e-01 1.08790607699473e-02 
3.73094435942833e-01 6.13363217899901e-01 1.05735849707674e-02 
3.74645764158812e-01 5.94762731459005e-01 1.02707763702865e-02 
3.76197092374790e-01 5.76500660615301e-01 9.97099593240049e-03 
3.77748420590769e-01 5.58583046128660e-01 9.67457976959349e-03 
3.79299748806747e-01 5.41015142360974e-01 9.38183940335576e-03 
3.80851077022726e-01 5.23801437293782e-01 9.09306211360874e-03 
3.82402405238704e-01 5.06945674216504e-01 8.80851136924441e-03 
3.83953733454683e-01 4.90450874892048e-01 8.52842733194053e-03 
3.85505061670661e-01 4.74319364010869e-01 8.25302742553007e-03 
3.87056389886640e-01 4.58552794749858e-01 7.98250696336676e-03 
3.88607718102618e-01 4.43152175258581e-01 7.71703982633928e-03 
3.90159046318597e-01 4.28117895902209e-01 7.45677918443490e-03 
3.91710374534575e-01 4.13449757097959e-01 7.20185825503464e-03 
3.93261702750554e-01 3.99146997589808e-01 6.95239109143173e-03 
3.94813030966532e-01 3.85208323014583e-01 6.70847339539398e-03 
3.96364359182511e-01 3.71631934621206e-01 6.47018334794035e-03 
3.97915687398489e-01 3.58415558013711e-01 6.23758245286108e-03 
3.99467015614468e-01 3.45556471797636e-01 6.01064199529910e-03 
4.01018343830446e-01 3.33050625516649e-01 5.78899821437677e-03 
4.02569672046425e-01 3.20889953936190e-01 5.57275075151464e-03 
4.04121000262403e-01 3.09071328606348e-01 5.36221756732872e-03 
4.05672328478382e-01 2.97591225115100e-01 5.15740826687598e-03 
4.07223656694361e-01 2.86445752448760e-01 4.95831896631139e-03 
4.08774984910339e-01 2.75630681759672e-01 4.76493320979905e-03 
4.10326313126318e-01 2.65141474461453e-01 4.57722286837268e-03 
4.11877641342296e-01 2.54973309581739e-01 4.39514901776051e-03 
4.13428969558275e-01 2.45121110311656e-01 4.21866279258312e-03 
4.14980297774253e-01 2.35579569700072e-01 4.04770621470763e-03 
4.16531625990232e-01 2.26343175449068e-01 3.88221299389531e-03 
4.18082954206210e-01 2.17406233775033e-01 3.72210929921125e-03 
4.19634282422189e-01 2.08762892307190e-01 3.56731449997438e-03 
4.21185610638167e-01 2.00407162002372e-01 3.41774187531352e-03 
4.22736938854146e-01 1.92332938061335e-01 3.27329929166044e-03 
4.24288267070124e-01 1.84534019837874e-01 3.13388984775446e-03 
4.25839595286103e-01 1.77004129737564e-01 2.99941248695413e-03 
4.27390923502081e-01 1.69736931107954e-01 2.86976257685326e-03 
4.28942251718060e-01 1.62726045126654e-01 2.74483245637855e-03 
4.30493579934038e-01 1.55965066697895e-01 2.62451195070757e-03 
4.32044908150017e-01 1.49447579371835e-01 2.50868885448894e-03 
4.33596236365995e-01 1.43167169304204e-01 2.39724938397081e-03 
4.35147564581974e-01 1.37117438276773e-01 2.29007859875336e-03 
4.36698892797952e-01 1.31292015801669e-01 2.18706079397300e-03 
4.38250221013931e-01 1.25684570334746e-01 2.08807986380542e-03 
4.39801549229909e-01 1.20288819625038e-01 1.99301963723882e-03 
4.41352877445888e-01 1.15098540228904e-01 1.90176418712122e-03 
4.42904205661866e-01 1.10107576218674e-01 1.81419811352710e-03 
4.44455533877845e-01 1.05309847116613e-01 1.73020680251852e-03 
4.46006862093823e-01 1.00699355085742e-01 1.64967666139707e-03 
4.47558190309802e-01 9.62701914095471e-02 1.57249533155520e-03 
4.49109518525780e-01 9.20165422929122e-02 1.49855188003978e-03 
4.50660846741759e-01 8.79326940167167e-02 1.42773697093825e-03 
4.52212174957737e-01 8.40130374784589e-02 1.35994301768945e-03 
4.53763503173716e-01 8.02520721510597e-02 1.29506431740664e-03 
4.55314831389694e-01 7.66444094916383e-02 1.23299716828173e-03 
4.56866159605673e-01 7.31847758315709e-02 1.17363997111700e-03 
4.58417487821652e-01 6.98680147785638e-02 1.11689331600407e-03 
4.59968816037630e-01 6.66890891607900e-02 1.06266005514075e-03 
4.61520144253609e-01 6.36430825423866e-02 1.01084536274496e-03 
4.63071472469587e-01 6.07252003387810e-02 9.61356782991042e-04 
4.64622800685566e-01 5.79307705594401e-02 9.14104266859148e-04 
4.66174128901544e-01 5.52552442047063e-02 8.69000198751927e-04 
4.67725457117523e-01 5.26941953424255e-02 8.25959413695963e-04 
4.69276785333501e-01 5.02433208890825e-02 7.84899205908058e-04 
4.70828113549480e-01 4.78984401191530e-02 7.45739329468874e-04 
4.72379441765458e-01 4.56554939253579e-02 7.08401991808900e-04 
4.73930769981437e-01 4.35105438514860e-02 6.72811840674696e-04 
4.75482098197415e-01 4.14597709184190e-02 6.38895945206532e-04 
4.77033426413394e-01 3.94994742629802e-02 6.06583771722463e-04 
4.78584754629372e-01 3.76260696082143e-02 5.75807154768645e-04 
4.80136082845351e-01 3.58360875827125e-02 5.46500263961268e-04 
4.81687411061329e-01 3.41261719056201e-02 5.18599567112112e-04 
4.83238739277308e-01 3.24930774530070e-02 4.92043790097306e-04 
4.84790067493286e-01 3.09336682203500e-02 4.66773873897785e-04 
4.86341395709265e-01 2.94449151949654e-02 4.42732929209919e-04 
4.87892723925243e-01 2.80238941513559e-02 4.19866188995896e-04 
4.89444052141222e-01 2.66677833815806e-02 3.98120959316014e-04 
4.90995380357200e-01 2.53738613719381e-02 3.77446568758684e-04 
4.92546708573179e-01 2.41395044364649e-02 3.57794316758917e-04 
4.94098036789157e-01 2.29621843169901e-02 3.39117421072307e-04 
4.95649365005136e-01 2.18394657587634e-02 3.21370964648991e-04 
4.97200693221114e-01 2.07690040699799e-02 3.04511842130710e-04 
4.98752021437093e-01 1.97485426728615e-02 2.88498706174031e-04 
5.00303349653071e-01 1.87759106533269e-02 2.73316646948574e-04 
5.01854677869050e-01 1.78490929908051e-02 2.58933809563705e-04 
5.03406006085029e-01 1.69660995550709e-02 2.45287554240615e-04 
5.04957334301007e-01 1.61249850132375e-02 2.32333033869112e-04 
5.06508662516986e-01 1.53238819919378e-02 2.20037154203956e-04 
5.08059990732964e-01 1.45609985160530e-02 2.08368262150297e-04 
5.09611318948943e-01 1.38346154921813e-02 1.97296093426268e-04 
5.11162647164921e-01 1.31430842392221e-02 1.86791721328647e-04 
5.12713975380900e-01 1.24848240681179e-02 1.76827506647660e-04 
5.14265303596878e-01 1.18583199124905e-02 1.67377048768931e-04 
5.15816631812857e-01 1.12621200116176e-02 1.58415137993128e-04 
5.17367960028835e-01 1.06948336469357e-02 1.49917709097042e-04 
5.18919288244814e-01 1.01551289330031e-02 1.41861796153623e-04 
5.20470616460792e-01 9.64173066363497e-03 1.34225488622776e-04 
5.22021944676771e-01 9.15341821371118e-03 1.26987888719605e-04 
5.23573272892749e-01 8.68902349696486e-03 1.20129070062072e-04 
5.25124601108728e-01 8.24742897988618e-03 1.13630037595845e-04 
5.26675929324706e-01 7.82756575171333e-03 1.07472688790285e-04 
5.28227257540685e-01 7.42841165033737e-03 1.01639776096153e-04 
5.29778585756663e-01 7.04898944381481e-03 9.61148706525446e-05 
5.31329913972642e-01 6.68836506706220e-03 9.08823272279000e-05 
5.32881242188620e-01 6.34564591319878e-03 8.59272503775718e-05 
5.34432570404599e-01 6.01997917890693e-03 8.12354617983255e-05 
5.35983898620577e-01 5.71055026309403e-03 7.67934688583798e-05 
5.37535226836556e-01 5.41658121806298e-03 7.25884342800284e-05 
5.39086555052534e-01 5.13732925233148e-03 6.86081469505742e-05 
5.40637883268513e-01 4.87208528418190e-03 6.48409938361948e-05 
5.42189211484491e-01 4.62017254497252e-03 6.12759329724587e-05 
5.43740539700470e-01 4.38094523119803e-03 5.79024675044795e-05 
5.45291867916448e-01 4.15378720425032e-03 5.47106207491274e-05 
5.46843196132427e-01 3.93811073680087e-03 5.16909122513006e-05 
5.48394524348405e-01 3.73335530470125e-03 4.88343348059805e-05 
5.49945852564384e-01 3.53898642327947e-03 4.61323324176291e-05 
5.51497180780362e-01 3.35449452689576e-03 4.35767791684401e-05 
5.53048508996341e-01 3.17939389061159e-03 4.11599589670009e-05 
5.54599837212320e-01 3.01322159282042e-03 3.88745461490662e-05 
5.56151165428298e-01 2.85553651768659e-03 3.67135869023503e-05 
5.57702493644277e-01 2.70591839624066e-03 3.46704814875420e-05 
5.59253821860255e-01 2.56396688498389e-03 3.27389672280863e-05 
5.60805150076234e-01 2.42930068086205e-03 3.09131022416854e-05 
5.62356478292212e-01 2.30155667147878e-03 2.91872498869158e-05 
5.63907806508191e-01 2.18038911943063e-03 2.75560638988525e-05 
5.65459134724169e-01 2.06546887966015e-03 2.60144741881163e-05 
5.67010462940148e-01 1.95648264873914e-03 2.45576732783120e-05 
5.68561791156126e-01 1.85313224501169e-03 2.31811033574080e-05 
5.70113119372105e-01 1.75513391854517e-03 2.18804439192019e-05 
5.71664447588083e-01 1.66221768985728e-03 2.06515999716368e-05 
5.73215775804062e-01 1.57412671640814e-03 1.94906907893564e-05 
5.74767104020040e-01 1.49061668586815e-03 1.83940391885194e-05 
5.76318432236019e-01 1.41145523519444e-03 1.73581613025420e-05 
5.77869760451997e-01 1.33642139457204e-03 1.63797568380711e-05 
5.79421088667976e-01 1.26530505529903e-03 1.54556997911428e-05 
5.80972416883954e-01 1.19790646071859e-03 1.45830296041167e-05 
5.82523745099933e-01 1.13403571932501e-03 1.37589427446162e-05 
5.84075073315911e-01 1.07351233919454e-03 1.29807846883364e-05 
5.85626401531890e-01 1.01616478291621e-03 1.22460422882075e-05 
5.87177729747868e-01 9.61830042221772e-04 1.15523365130149e-05 
5.88729057963847e-01 9.10353231537905e-04 1.08974155391842e-05 
5.90280386179825e-01 8.61587199707738e-04 1.02791481800373e-05 
5.91831714395804e-01 8.15392159152248e-04 9.69551763740500e-06 
5.93383042611782e-01 7.71635331765584e-04 9.14461556105708e-06 
5.94934370827761e-01 7.30190610861388e-04 8.62463640196597e-06 
5.96485699043739e-01 6.90938238509942e-04 8.13387204596670e-06 
5.98037027259718e-01 6.53764497628353e-04 7.67070671490615e-06 
5.99588355475696e-01 6.18561418207930e-04 7.23361212289057e-06 
6.01139683691675e-01 5.85226497084520e-04 6.82114287574326e-06 
6.02691011907654e-01 5.53662430678608e-04 6.43193210227124e-06 
6.04242340123632e-01 5.23776860152700e-04 6.06468730641279e-06 
6.05793668339611e-01 4.95482128453630e-04 5.71818642979574e-06 
6.07344996555589e-01 4.68695048727150e-04 5.39127411467965e-06 
6.08896324771568e-01 4.43336683611335e-04 5.08285815768376e-06 
6.10447652987546e-01 4.19332134934018e-04 4.79190614511744e-06 
6.11998981203525e-01 3.96610343357663e-04 4.51744226112893e-06 
6.13550309419503e-01 3.75103897532737e-04 4.25854426027454e-06 
6.15101637635482e-01 3.54748852337805e-04 4.01434059648268e-06 
6.16652965851460e-01 3.35484555801220e-04 3.78400770074487e-06 
6.18204294067439e-01 3.17253484315420e-04 3.56676740021086e-06 
6.19755622283417e-01 3.00001085770483e-04 3.36188447169708e-06 
6.21306950499396e-01 2.83675630248719e-04 3.16866432293634e-06 
6.22858278715374e-01 2.68228067936733e-04 2.98645079520330e-06 
6.24409606931353e-01 2.53611893925549e-04 2.81462408124464e-06 
6.25960935147331e-01 2.39783019583056e-04 2.65259875272499e-06 
6.27512263363310e-01 2.26699650196254e-04 2.49982189167111e-06 
6.29063591579288e-01 2.14322168593527e-04 2.35577132065623e-06 
6.30614919795267e-01 2.02613024469442e-04 2.21995392671573e-06 
6.32166248011245e-01 1.91536629146461e-04 2.09190407422345e-06 
6.33717576227224e-01 1.81059255519320e-04 1.97118210218637e-06 
6.35268904443202e-01 1.71148942938888e-04 1.85737290163416e-06 
6.36820232659181e-01 1.61775406802827e-04 1.75008456898867e-06 
6.38371560875159e-01 1.52909952630627e-04 1.64894713149843e-06 
6.39922889091138e-01 1.44525394410322e-04 1.55361134101447e-06 
6.41474217307116e-01 1.36595977013651e-04 1.46374753256607e-06 
6.43025545523095e-01 1.29097302485429e-04 1.37904454436918e-06 
6.44576873739073e-01 1.22006260021610e-04 1.29920869606723e-06 
6.46128201955052e-01 1.15300959458840e-04 1.22396282216243e-06 
6.47679530171031e-01 1.08960668106321e-04 1.15304535774745e-06 
6.49230858387009e-01 1.02965750758445e-04 1.08620947379180e-06 
6.50782186602987e-01 9.72976127340701e-05 1.02322225937527e-06 
6.52333514818966e-01 9.19386457953201e-05 9.63863948392105e-07 
6.53884843034945e-01 8.68721768055835e-05 9.07927188374697e-07 
6.55436171250923e-01 8.20824189928483e-05 8.55216349205059e-07 
6.56987499466902e-01 7.75544256907258e-05 8.05546869595896e-07 
6.58538827682880e-01 7.32740464354507e-05 7.58744639331237e-07 
6.60090155898859e-01 6.92278853028338e-05 7.14645415359626e-07 
6.61641484114837e-01 6.54032613745857e-05 6.73094269930862e-07 
6.63192812330816e-01 6.17881712286316e-05 6.33945069060515e-07 
6.64744140546794e-01 5.83712533530195e-05 5.97059979695179e-07 
6.66295468762773e-01 5.51417543877795e-05 5.62309004035728e-07 
6.67846796978751e-01 5.20894971036419e-05 5.29569539556063e-07 
6.69398125194730e-01 4.92048500308715e-05 4.98725963331099e-07 
6.70949453410708e-01 4.64786986556228e-05 4.69669239360122e-07 
6.72500781626687e-01 4.39024181051940e-05 4.42296547640561e-07 
6.74052109842665e-01 4.14678472473390e-05 4.16510933812578e-07 
6.75603438058644e-01 3.91672641324177e-05 3.92220978256956e-07 
6.77154766274622e-01 3.69933627106139e-05 3.69340483587811e-07 
6.78706094490601e-01 3.49392307597429e-05 3.47788179537605e-07 
6.80257422706579e-01 3.29983289623164e-05 3.27487444285110e-07 
6.81808750922558e-01 3.11644710735259e-05 3.08366041327386e-07 
6.83360079138536e-01 2.94318051246660e-05 2.90355871044741e-07 
6.84911407354515e-01 2.77947956092467e-05 2.73392736153057e-07 
6.86462735570493e-01 2.62482066016363e-05 2.57416120280891e-07 
6.88014063786472e-01 2.47870857605601e-05 2.42368978949670e-07 
6.89565392002450e-01 2.34067491721335e-05 2.28197542274040e-07 
6.91116720218429e-01 2.21027669893620e-05 2.14851128736123e-07 
6.92668048434407e-01 2.08709498271778e-05 2.02281969422302e-07 
6.94219376650386e-01 1.97073358741268e-05 1.90445042144120e-07 
6.95770704866364e-01 1.86081786837603e-05 1.79297914896207e-07 
6.97322033082343e-01 1.75699356106351e-05 1.68800598133733e-07 
6.98873361298322e-01 1.65892568575885e-05 1.58915405380030e-07 
7.00424689514300e-01 1.56629751026295e-05 1.49622442749051e-07 
7.01976017730279e-01 1.47881120381524e-05 1.40889670840385e-07 
7.03527345946257e-01 1.39618377346517e-05 1.32668648903393e-07 
7.05078674162236e-01 1.31814718802065e-05 1.24925523401638e-07 
7.06630002378214e-01 1.24444808134552e-05 1.17632642474876e-07 
7.08181330594193e-01 1.17484695794285e-05 1.10763945065478e-07 
7.09732658810171e-01 1.10911744104344e-05 1.04294870054985e-07 
7.11283987026150e-01 1.04704556096091e-05 9.82022705438061e-08 
7.12835315242128e-01 9.88429081589504e-06 9.24643329862950e-08 
7.14386643458107e-01 9.33076863031264e-06 8.70605009092916e-08 
7.15937971674085e-01 8.80808258442946e-06 8.19714029572303e-08 
7.17489299890064e-01 8.31452543292336e-06 7.71787850211039e-08 
7.19040628106042e-01 7.84848375307511e-06 7.26654462219941e-08 
7.20591956322021e-01 7.40843283491849e-06 6.84151785325753e-08 
7.22143284537999e-01 6.99293184662269e-06 6.44127098320050e-08 
7.23694612753978e-01 6.60061926048629e-06 6.06436502009571e-08 
7.25245940969956e-01 6.23020852568468e-06 5.70944412742968e-08 
7.26797269185935e-01 5.88048397463740e-06 5.37523084790375e-08 
7.28348597401913e-01 5.55029695054862e-06 5.06052159948106e-08 
7.29899925617892e-01 5.23856214432641e-06 4.76418242831493e-08 
7.31451253833870e-01 4.94425412970486e-06 4.48514500404598e-08 
7.33002582049849e-01 4.66640408597984e-06 4.22240284376466e-08 
7.34553910265827e-01 4.40409669832625e-06 3.97500775170204e-08 
7.36105238481806e-01 4.15646722619224e-06 3.74206646243486e-08 
7.37656566697784e-01 3.92269873076697e-06 3.52273747607439e-08 
7.39207894913763e-01 3.70201945299333e-06 3.31622807455462e-08 
7.40759223129741e-01 3.49370033404731e-06 3.12179150874569e-08 
7.42310551345720e-01 3.29705267063305e-06 2.93872434669454e-08 
7.43861879561698e-01 3.11142589784714e-06 2.76636397383988e-08 
7.45413207777677e-01 2.93620549275005e-06 2.60408623656286e-08 
7.46964535993656e-01 2.77081099214599e-06 2.45130322092071e-08 
7.48515864209634e-01 2.61469411841809e-06 2.30746115886958e-08 
7.50067192425613e-01 2.46733700759209e-06 2.17203845471643e-08 
7.51618520641591e-01 2.32825053411230e-06 2.04454382494920e-08 
7.53169848857570e-01 2.19697272710674e-06 1.92451454498080e-08 
7.54721177073548e-01 2.07306727319718e-06 1.81151479670779e-08 
7.56272505289527e-01 1.95612210117323e-06 1.70513411112916e-08 
7.57823833505505e-01 1.84574804409967e-06 1.60498590059611e-08 
7.59375161721484e-01 1.74157757466307e-06 1.51070607557100e-08 
7.60926489937462e-01 1.64326360978800e-06 1.42195174106356e-08 
7.62477818153441e-01 1.55047838076559e-06 1.33839996818639e-08 
7.64029146369419e-01 1.46291236533873e-06 1.25974663653038e-08 
7.65580474585398e-01 1.38027327837875e-06 1.18570534330436e-08 
7.67131802801376e-01 1.30228511796898e-06 1.11600637541386e-08 
7.68683131017355e-01 1.22868726388202e-06 1.05039574087106e-08 
7.70234459233333e-01 1.15923362559895e-06 9.88634256133205e-09 
7.71785787449312e-01 1.09369183717291e-06 9.30496686160362e-09 
7.73337115665290e-01 1.03184249638404e-06 8.75770934165958e-09 
7.74888443881269e-01 9.73478445770912e-07 8.24257278206172e-09 
7.76439772097247e-01 9.18404093253478e-07 7.75767651916678e-09 
7.77991100313226e-01 8.66434770186127e-07 7.30124966858868e-09 
7.79542428529204e-01 8.17396124796060e-07 6.87162474082438e-09 
7.81093756745183e-01 7.71123549072820e-07 6.46723162647901e-09 
7.82645084961161e-01 7.27461637279413e-07 6.08659192981458e-09 
7.84196413177140e-01 6.86263674354520e-07 5.72831363056260e-09 
7.85747741393118e-01 6.47391152569061e-07 5.39108605508858e-09 
7.87299069609097e-01 6.10713314889113e-07 5.07367513907775e-09 
7.88850397825075e-01 5.76106723581152e-07 4.77491896493280e-09 
7.90401726041054e-01 5.43454852675111e-07 4.49372355803714e-09 
7.91953054257032e-01 5.12647702975937e-07 4.22905892694469e-09 
7.93504382473011e-01 4.83581438385517e-07 3.97995533341467e-09 
7.95055710688990e-01 4.56158042364227e-07 3.74549977901694e-09 
7.96607038904968e-01 4.30284993425047e-07 3.52483269579561e-09 
7.98158367120947e-01 4.05874958613540e-07 3.31714482919689e-09 
7.99709695336925e-01 3.82845503984003e-07 3.12170732871886e-09 
8.01261023552904e-01 3.61118846188678e-07 2.93786499598278e-09 
8.02812351768882e-01 3.40621590832981e-07 2.76489588664888e-09 
8.04363679984861e-01 3.21284406357942e-07 2.60209436715395e-09 
8.05915008200839e-01 3.03041855841122e-07 2.44886390420226e-09 
8.07466336416818e-01 2.85832179218896e-07 2.30464288186575e-09 
8.09017664632796e-01 2.69597087620704e-07 2.16890256350283e-09 
8.10568992848775e-01 2.54281569145967e-07 2.04114517222850e-09 
8.12120321064753e-01 2.39833705451061e-07 1.92090208306890e-09 
8.13671649280732e-01 2.26204498548432e-07 1.80773212032917e-09 
8.15222977496710e-01 2.13347707252802e-07 1.70121995407633e-09 
8.16774305712689e-01 2.01219692740394e-07 1.60097458999065e-09 
8.18325633928667e-01 1.89779272716510e-07 1.50662794717067e-09 
8.19876962144646e-01 1.78987583714485e-07 1.41783351878924e-09 
8.21428290360624e-01 1.68807951075333e-07 1.33426511079277e-09 
8.22979618576603e-01 1.59205766182159e-07 1.25561565411353e-09 
8.24530946792581e-01 1.50148370546899e-07 1.18159608612639e-09 
8.26082275008560e-01 1.41604946369098e-07 1.11193429732836e-09 
8.27633603224538e-01 1.33546413207397e-07 1.04637413945161e-09 
8.29184931440517e-01 1.25945330424249e-07 9.84674491439959e-10 
8.30736259656495e-01 1.18775805083046e-07 9.26608379925172e-10 
8.32287587872474e-01 1.12013404994632e-07 8.71962151034317e-10 
8.33838916088452e-01 1.05635076626827e-07 8.20534690542711e-10 
8.35390244304431e-01 9.96190676064763e-08 7.72136689559912e-10 
8.36941572520409e-01 9.39448535584413e-08 7.26589953099238e-10 
8.38492900736388e-01 8.85930690401162e-08 6.83726749034730e-10 
8.40044228952367e-01 8.35454423433833e-08 6.43389195094211e-10 
8.41595557168345e-01 7.87847339485616e-08 6.05428681673488e-10 
8.43146885384323e-01 7.42946784268238e-08 5.69705328385103e-10 
8.44698213600302e-01 7.00599295988332e-08 5.36087472376223e-10 
8.46249541816281e-01 6.60660087680064e-08 5.04451186564265e-10 
8.47800870032259e-01 6.22992558568729e-08 4.74679826046331e-10 
8.49352198248238e-01 5.87467832845194e-08 4.46663601039860e-10 
8.50903526464216e-01 5.53964324320933e-08 4.20299174807253e-10 
8.52454854680195e-01 5.22367325518354e-08 3.95489285107136e-10 
8.54006182896173e-01 4.92568619831373e-08 3.72142387799687e-10 
8.55557511112152e-01 4.64466115467024e-08 3.50172321313194e-10 
8.57108839328130e-01 4.37963499950534e-08 3.29497990754181e-10 
8.58660167544109e-01 4.12969914043983e-08 3.10043070514327e-10 
8.60211495760087e-01 3.89399643992638e-08 2.91735724294069e-10 
8.61762823976066e-01 3.67171831073445e-08 2.74508341525667e-10 
8.63314152192044e-01 3.46210197477255e-08 2.58297289237713e-10 
8.64865480408023e-01 3.26442787610281e-08 2.43042678458866e-10 
8.66416808624001e-01 3.07801723951213e-08 2.28688144311101e-10 
8.67968136839980e-01 2.90222976648543e-08 2.15180638992318e-10 
8.69519465055958e-01 2.73646146088101e-08 2.02470236894729e-10 
8.71070793271937e-01 2.58014257703745e-08 1.90509951149381e-10 
8.72622121487915e-01 2.43273568344679e-08 1.79255560928570e-10 
8.74173449703894e-01 2.29373383551225e-08 1.68665448876811e-10 
8.75724777919872e-01 2.16265885126996e-08 1.58700448077774e-10 
8.77276106135851e-01 2.03905968429646e-08 1.49323697999169e-10 
8.78827434351829e-01 1.92251088834611e-08 1.40500508890092e-10 
8.80378762567808e-01 1.81261116856756e-08 1.32198234136041e-10 
8.81930090783786e-01 1.70898201443625e-08 1.24386150105679e-10 
8.83481418999765e-01 1.61126640981183e-08 1.17035343050625e-10 
8.85032747215743e-01 1.51912761578622e-08 1.10118602645196e-10 
8.86584075431722e-01 1.43224802223032e-08 1.03610321777108e-10 
8.88135403647700e-01 1.35032806417665e-08 9.74864022229245e-11 
8.89686731863679e-01 1.27308519939123e-08 9.17241658633942e-11 
8.91238060079658e-01 1.20025294369228e-08 8.63022711140002e-11 
8.92789388295636e-01 1.13157996076625e-08 8.12006342650205e-11 
8.94340716511615e-01 1.06682920341351e-08 7.64003554432641e-11 
8.95892044727593e-01 1.00577710332833e-08 7.18836489244901e-11 
8.97443372943572e-01 9.48212806679702e-09 6.76337775413629e-11 
8.98994701159550e-01 8.93937452913268e-09 6.36349909467238e-11 
9.00546029375529e-01 8.42763494338983e-09 5.98724675060175e-11 
9.02097357591507e-01 7.94514054206007e-09 5.63322596059457e-11 
9.03648685807486e-01 7.49022321095274e-09 5.30012421788823e-11 
9.05200014023464e-01 7.06130977581992e-09 4.98670642543257e-11 
9.06751342239443e-01 6.65691661235347e-09 4.69181033597109e-11 
9.08302670455421e-01 6.27564456131246e-09 4.41434226033083e-11 
9.09853998671400e-01 5.91617413156443e-09 4.15327302817393e-11 
9.11405326887378e-01 5.57726097479174e-09 3.90763418638588e-11 
9.12956655103357e-01 5.25773161652749e-09 3.67651442114440e-11 
9.14507983319335e-01 4.95647942904831e-09 3.45905619053090e-11 
9.16059311535314e-01 4.67246083246516e-09 3.25445255531605e-11 
9.17610639751292e-01 4.40469171112191e-09 3.06194419627663e-11 
9.19161967967271e-01 4.15224403313691e-09 2.88081660708306e-11 
9.20713296183249e-01 3.91424266160767e-09 2.71039745244004e-11 
9.22264624399228e-01 3.68986234664511e-09 2.55005408176748e-11 
9.23815952615206e-01 3.47832488801400e-09 2.39919118927917e-11 
9.25367280831185e-01 3.27889645873226e-09 2.25724861185243e-11 
9.26918609047163e-01 3.09088508052533e-09 2.12369925658748e-11 
9.28469937263142e-01 2.91363824254506e-09 1.99804715043035e-11 
9.30021265479120e-01 2.74654065524678e-09 1.87982560468089e-11 
9.31572593695099e-01 2.58901213177540e-09 1.76859548762892e-11 
9.33123921911078e-01 2.44050558964281e-09 1.66394359895801e-11 
9.34675250127056e-01 2.30050516588612e-09 1.56548113993002e-11 
9.36226578343034e-01 2.16852443928050e-09 1.47284227371517e-11 
9.37777906559013e-01 2.04410475354319e-09 1.38568277056319e-11 
9.39329234774992e-01 1.92681363580753e-09 1.30367873282275e-11 
9.40880562990970e-01 1.81624330496892e-09 1.22652539510994e-11 
9.42431891206949e-01 1.71200926480952e-09 1.15393599520221e-11 
9.43983219422927e-01 1.61374897709627e-09 1.08564071149455e-11 
9.45534547638906e-01 1.52112061011835e-09 1.02138566309912e-11 
9.47085875854884e-01 1.43380185838626e-09 9.60931968899989e-12 
9.48637204070863e-01 1.35148882945691e-09 9.04054862091462e-12 
9.50188532286841e-01 1.27389499407688e-09 8.50542856932421e-12 
9.51739860502820e-01 1.20075019605161e-09 8.00196964641512e-12 
9.53291188718798e-01 1.13179971845151e-09 7.52829955538567e-12 
9.54842516934777e-01 1.06680340295741e-09 7.08265664708092e-12 
9.56393845150755e-01 1.00553481932917e-09 6.66338338620786e-12 
9.57945173366734e-01 9.47780482151602e-10 6.26892020299898e-12 
9.59496501582712e-01 8.93339112173190e-10 5.89779970761243e-12 
9.61047829798691e-01 8.42020939704965e-10 5.54864124589320e-12 
9.62599158014669e-01 7.93647047690456e-10 5.22014577637724e-12 
9.64150486230648e-01 7.48048752192856e-10 4.91109104960482e-12 
9.65701814446626e-01 7.05067018173289e-10 4.62032707192376e-12 
9.67253142662605e-01 6.64551908554536e-10 4.34677183701193e-12 
9.68804470878583e-01 6.26362064678262e-10 4.08940730933608e-12 
9.70355799094562e-01 5.90364216371013e-10 3.84727564469275e-12 
9.71907127310540e-01 5.56432719935472e-10 3.61947563385196e-12 
9.73458455526519e-01 5.24449122478917e-10 3.40515935614807e-12 
9.75009783742497e-01 4.94301751080897e-10 3.20352903063581e-12 
9.76561111958476e-01 4.65885325387137e-10 3.01383405315998e-12 
9.78112440174454e-01 4.39100592296840e-10 2.83536820837306e-12 
9.79663768390433e-01 4.13853981486196e-10 2.66746704638082e-12 
9.81215096606411e-01 3.90057280582278e-10 2.50950541430456e-12 
9.82766424822390e-01 3.67627328868801e-10 2.36089513362044e-12 
9.84317753038369e-01 3.46485728468754e-10 2.22108281467488e-12 
9.85869081254347e-01 3.26558572008813e-10 2.08954780028212e-12 
9.87420409470325e-01 3.07776185826957e-10 1.96580023078705e-12 
9.88971737686304e-01 2.90072887838053e-10 1.84937922342507e-12 
9.90523065902283e-01 2.73386759222442e-10 1.73985115923370e-12 
9.92074394118261e-01 2.57659429150037e-10 1.63680807116801e-12 
9.93625722334240e-01 2.42835871797174e-10 1.53986612744635e-12 
9.95177050550218e-01 2.28864214955702e-10 1.44866420450496e-12 
9.96728378766197e-01 2.15695559573614e-10 1.36286254427173e-12 
9.98279706982175e-01 2.03283809604100e-10 1.28214149078096e-12 
9.99831035198154e-01 1.91585511575325e-10 1.20629963821235e-12 
1.00138236341413e+00 1.80559748608881e-10 1.13518126570631e-12 
1.00293369163011e+00 1.70167964905468e-10 1.06839060230438e-12 
1.00448501984609e+00 1.60373741704609e-10 1.00552814497279e-12 
1.00603634806207e+00 1.51142750108240e-10 9.46362967286709e-13 
1.00758767627805e+00 1.42442631294706e-10 8.90677711045548e-13 
1.00913900449402e+00 1.34242883589806e-10 8.38267789550271e-13 
1.01069033271000e+00 1.26514756002928e-10 7.88940637631123e-13 
1.01224166092598e+00 1.19231147858668e-10 7.42515005684816e-13 
1.01379298914196e+00 1.12366514175433e-10 6.98820295140676e-13 
1.01534431735794e+00 1.05896776462422e-10 6.57695932926474e-13 
1.01689564557392e+00 9.97992386251299e-11 6.18990782646955e-13 
1.01844697378990e+00 9.40525076872302e-11 5.82562590322045e-13 
1.01999830200587e+00 8.86364190533498e-11 5.48277462657907e-13 
1.02154963022185e+00 8.35319660530039e-11 5.16009375942796e-13 
1.02310095843783e+00 7.87212335207805e-11 4.85639713771383e-13 
1.02465228665381e+00 7.41873351818573e-11 4.57056831906584e-13 
1.02620361486979e+00 6.99143546251269e-11 4.30155648686992e-13 
1.02775494308577e+00 6.58872896586406e-11 4.04837259481309e-13 
1.02930627130175e+00 6.20919998538165e-11 3.81008573779018e-13 
1.03085759951772e+00 5.85151570959122e-11 3.58581973589234e-13 
1.03240892773370e+00 5.51441989686968e-11 3.37474991897528e-13 
1.03396025594968e+00 5.19672848110879e-11 3.17610010003793e-13 
1.03551158416566e+00 4.89732542927943e-11 2.98913972633245e-13 
1.03706291238164e+00 4.61515883647481e-11 2.81318119777602e-13 
1.03861424059762e+00 4.34923724483555e-11 2.64757734284625e-13 
1.04016556881360e+00 4.09862617353697e-11 2.49171904271793e-13 
1.04171689702957e+00 3.86244484775188e-11 2.34503299494074e-13 
1.04326822524555e+00 3.63986311519362e-11 2.20697960846781e-13 
1.04481955346153e+00 3.43009853949543e-11 2.07705102232532e-13 
1.04637088167751e+00 3.23241366029715e-11 1.95476924066559e-13 
1.04792220989349e+00 3.04611341048936e-11 1.83968437737167e-13 
1.04947353810947e+00 2.87054268161154e-11 1.73137300378221e-13 
1.05102486632544e+00 2.70508402891593e-11 1.62943659348297e-13 
1.05257619454142e+00 2.54915550809443e-11 1.53350005846586e-13 
1.05412752275740e+00 2.40220863612381e-11 1.44321037129132e-13 
1.05567885097338e+00 2.26372646911632e-11 1.35823526820420e-13 
1.05723017918936e+00 2.13322179046979e-11 1.27826202844981e-13 
1.05878150740534e+00 2.01023540299525e-11 1.20299632531559e-13 
1.06033283562132e+00 1.89433451906204e-11 1.13216114468643e-13 
1.06188416383729e+00 1.78511124314124e-11 1.06549576714896e-13 
1.06343549205327e+00 1.68218114145047e-11 1.00275480991252e-13 
1.06498682026925e+00 1.58518189370604e-11 9.43707325033976e-14 
1.06653814848523e+00 1.49377202227445e-11 8.88135950639240e-14 
1.06808947670121e+00 1.40762969428506e-11 8.35836112028886e-14 
1.06964080491719e+00 1.32645159251958e-11 7.86615269737697e-14 
1.07119213313317e+00 1.24995185113420e-11 7.40292211790015e-14 
1.07274346134914e+00 1.17786105249546e-11 6.96696387554793e-14 
1.07429478956512e+00 1.10992528162470e-11 6.55667280756508e-14 
1.07584611778110e+00 1.04590523494616e-11 6.17053819341629e-14 
1.07739744599708e+00 9.85575380223539e-12 5.80713820035424e-14 
1.07894877421306e+00 9.28723164748137e-12 5.46513465550919e-14 
1.08050010242904e+00 8.75148269010041e-12 5.14326812531585e-14 
1.08205143064502e+00 8.24661903242549e-12 4.84035328421953e-14 
1.08360275886099e+00 7.77086144379485e-12 4.55527455566346e-14 
1.08515408707697e+00 7.32253311106190e-12 4.28698200935793e-14 
1.08670541529295e+00 6.90005374817847e-12 4.03448749977137e-14 
1.08825674350893e+00 6.50193404424175e-12 3.79686103166773e-14 
1.08980807172491e+00 6.12677043057674e-12 3.57322733934712e-14 
1.09135939994089e+00 5.77324014853979e-12 3.36276266703061e-14 
1.09291072815686e+00 5.44009660077942e-12 3.16469173856738e-14 
1.09446205637284e+00 5.12616496968001e-12 2.97828490533712e-14 
1.09601338458882e+00 4.83033808764788e-12 2.80285546187393e-14 
1.09756471280480e+00 4.55157254477855e-12 2.63775711935350e-14 
1.09911604102078e+00 4.28888502027393e-12 2.48238162766426e-14 
1.10066736923676e+00 4.04134882475969e-12 2.33615653732847e-14 
1.10221869745274e+00 3.80809064139052e-12 2.19854309305218e-14 
1.10377002566871e+00 3.58828745432564e-12 2.06903425116620e-14 
1.10532135388469e+00 3.38116365381217e-12 1.94715281367481e-14 
1.10687268210067e+00 3.18598830773143e-12 1.83244967205663e-14 
1.10842401031665e+00 3.00207259004525e-12 1.72450215436533e-14 
1.10997533853263e+00 2.82876735712860e-12 1.62291246955662e-14 
1.11152666674861e+00 2.66546086349139e-12 1.52730624332510e-14 
1.11307799496459e+00 2.51157660888092e-12 1.43733114007045e-14 
1.11462932318056e+00 2.36657130921525e-12 1.35265556592843e-14 
1.11618065139654e+00 2.22993298423178e-12 1.27296744810019e-14 
1.11773197961252e+00 2.10117915514347e-12 1.19797308599312e-14 
1.11928330782850e+00 1.97985514598038e-12 1.12739606995050e-14 
1.12083463604448e+00 1.86553248265703e-12 1.06097626359516e-14 
1.12238596426046e+00 1.75780738414861e-12 9.98468846046204e-15 
1.12393729247644e+00 1.65629934048104e-12 9.39643410487632e-15 
1.12548862069241e+00 1.56064977254465e-12 8.84283115774598e-15 
1.12703994890839e+00 1.47052076902714e-12 8.32183887958085e-15 
1.12859127712437e+00 1.38559389603229e-12 7.83153668791967e-15 
1.13014260534035e+00 1.30556907520507e-12 7.37011708459086e-15 
1.13169393355633e+00 1.23016352642403e-12 6.93587899915475e-15 
1.13324526177231e+00 1.15911077134835e-12 6.52722152404677e-15 
1.13479658998828e+00 1.09215969431978e-12 6.14263801838142e-15 
1.13634791820426e+00 1.02907365732116e-12 5.78071055873092e-15 
1.13789924642024e+00 9.69629665882434e-13 5.44010471646751e-15 
1.13945057463622e+00 9.13617583004007e-13 5.11956464245875e-15 
1.14100190285220e+00 8.60839388335334e-13 4.81790844103492e-15 
1.14255323106818e+00 8.11108480005640e-13 4.53402381621048e-15 
1.14410455928416e+00 7.64249016653119e-13 4.26686397414234e-15 
1.14565588750013e+00 7.20095297340033e-13 4.01544376675010e-15 
1.14720721571611e+00 6.78491177174032e-13 3.77883606230926e-15 
1.14875854393209e+00 6.39289516581327e-13 3.55616832966339e-15 
1.15030987214807e+00 6.02351662295415e-13 3.34661942348652e-15 
1.15186120036405e+00 5.67546958236396e-13 3.14941655876578e-15 
1.15341252858003e+00 5.34752284560810e-13 2.96383246337096e-15 
1.15496385679601e+00 5.03851623260848e-13 2.78918269823164e-15 
1.15651518501198e+00 4.74735648784987e-13 2.62482313525962e-15 
1.15806651322796e+00 4.47301342239937e-13 2.47014758373391e-15 
1.15961784144394e+00 4.21451627816658e-13 2.32458555641182e-15 
1.16116916965992e+00 3.97095030161197e-13 2.18760016714387e-15 
1.16272049787590e+00 3.74145351484690e-13 2.05868615225345e-15 
1.16427182609188e+00 3.52521367276242e-13 1.93736800839767e-15 
1.16582315430785e+00 3.32146539547694e-13 1.82319824005441e-15 
1.16737448252383e+00 3.12948746600961e-13 1.71575571018353e-15 
1.16892581073981e+00 2.94860028366624e-13 1.61464408799023e-15 
1.17047713895579e+00 2.77816346417232e-13 1.51949038807547e-15 
1.17202846717177e+00 2.61757357810311e-13 1.42994359559457e-15 
1.17357979538775e+00 2.46626201964725e-13 1.34567337236200e-15 
1.17513112360373e+00 2.32369299819839e-13 1.26636883913754e-15 
1.17668245181970e+00 2.18936164570103e-13 1.19173742961010e-15 
1.17823378003568e+00 2.06279223308434e-13 1.12150381185863e-15 
1.17978510825166e+00 1.94353648950059e-13 1.05540887331841e-15 
1.18133643646764e+00 1.83117201844722e-13 9.93208765514460e-16 
1.18288776468362e+00 1.72530080519168e-13 9.34674005043776e-16 
1.18443909289960e+00 1.62554781023979e-13 8.79588627495304e-16 
1.18599042111558e+00 1.53155964389096e-13 8.27749391191264e-16 
1.18754174933155e+00 1.44300331720886e-13 7.78965027816899e-16 
1.18909307754753e+00 1.35956506500516e-13 7.33055537178322e-16 
1.19064440576351e+00 1.28094923668725e-13 6.89851523490581e-16 
1.19219573397949e+00 1.20687725105989e-13 6.49193570750931e-16 
1.19374706219547e+00 1.13708661139572e-13 6.10931654896229e-16 
1.19529839041145e+00 1.07132997730169e-13 5.74924590578822e-16 
1.19684971862743e+00 1.00937429010871e-13 5.41039510522723e-16 
1.19840104684340e+00 9.50999948699885e-14 5.09151375541819e-16 
1.19995237505938e+00 8.96000032870671e-14 4.79140959583900e-16 
1.20150370327536e+00 8.44179566513947e-14 4.50896151704670e-16 
1.20305503149134e+00 7.95354833558751e-14 4.24314651342582e-16 
1.20460635970732e+00 7.49352733621815e-14 3.99300071565766e-16 
1.20615768792330e+00 7.06010163299053e-14 3.75760055430890e-16 
1.20770901613927e+00 6.65173439138082e-14 3.53607688971870e-16 
1.20926034435525e+00 6.26697753896630e-14 3.32761180472618e-16 
1.21081167257123e+00 5.90446664168002e-14 3.13143558635101e-16 
1.21236300078721e+00 5.56291607565317e-14 2.94682388529762e-16 
1.21391432900319e+00 5.24111447760383e-14 2.77309504280881e-16 
1.21546565721917e+00 4.93792045771269e-14 2.60960757501152e-16 
1.21701698543515e+00 4.65225855985149e-14 2.45575780547776e-16 
1.21856831365112e+00 4.38311545490201e-14 2.31097763727040e-16 
1.22011964186710e+00 4.12953635372500e-14 2.17473245625692e-16 
1.22167097008308e+00 3.89062162711323e-14 2.04651915795912e-16 
1.22322229829906e+00 3.66552362079239e-14 1.92586429066121e-16 
1.22477362651504e+00 3.45344365422159e-14 1.81232230792781e-16 
1.22632495473102e+00 3.25362919259351e-14 1.70547392408675e-16 
1.22787628294700e+00 3.06537118204489e-14 1.60492456661082e-16 
1.22942761116297e+00 2.88800153866407e-14 1.51030291969011e-16 
1.23097893937895e+00 2.72089078242470e-14 1.42125955362281e-16 
1.23253026759493e+00 2.56344580768607e-14 1.33746563496863e-16 
1.23408159581091e+00 2.41510778238241e-14 1.25861171270685e-16 
1.23563292402689e+00 2.27535016847761e-14 1.18440657592113e-16 
1.23718425224287e+00 2.14367685668973e-14 1.11457617879734e-16 
1.23873558045885e+00 2.01962040889304e-14 1.04886262896824e-16 
1.24028690867482e+00 1.90274040198538e-14 9.87023235473157e-17 
1.24183823689080e+00 1.79262186736666e-14 9.28829612820084e-17 
1.24338956510678e+00 1.68887382051208e-14 8.74066837844790e-17 
1.24494089332276e+00 1.59112787544159e-14 8.22532656256223e-17 
1.24649222153874e+00 1.49903693918689e-14 7.74036735940672e-17 
1.24804354975472e+00 1.41227398163979e-14 7.28399964269631e-17 
1.24959487797069e+00 1.33053087643191e-14 6.85453786818617e-17 
1.25114620618667e+00 1.25351730874658e-14 6.45039585056918e-17 
1.25269753440265e+00 1.18095974620029e-14 6.07008090711984e-17 
1.25424886261863e+00 1.11260046915364e-14 5.71218834647484e-17 
1.25580019083461e+00 1.04819665702188e-14 5.37539628221314e-17 
1.25735151905059e+00 9.87519527352858e-15 5.05846075209690e-17 
1.25890284726657e+00 9.30353524626645e-15 4.76021112496198e-17 
1.26045417548254e+00 8.76495555906809e-15 4.47954577830768e-17 
1.26200550369852e+00 8.25754270638905e-15 4.21542803063448e-17 
1.26355683191450e+00 7.77949382047709e-15 3.96688231351803e-17 
1.26510816013048e+00 7.32911027731776e-15 3.73299056929189e-17 
1.26665948834646e+00 6.90479167192463e-15 3.51288886104434e-17 
1.26821081656244e+00 6.50503014165082e-15 3.30576418241761e-17 
1.26976214477842e+00 6.12840501742919e-15 3.11085145543507e-17 
1.27131347299439e+00 5.77357778400752e-15 2.92743070527565e-17 
1.27286480121037e+00 5.43928733133793e-15 2.75482440156805e-17 
1.27441612942635e+00 5.12434548030893e-15 2.59239495639079e-17 
1.27596745764233e+00 4.82763276697891e-15 2.43954236974347e-17 
1.27751878585831e+00 4.54809447038392e-15 2.29570201379807e-17 
1.27907011407429e+00 4.28473686985416e-15 2.16034254775142e-17 
1.28062144229027e+00 4.03662371858528e-15 2.03296395558193e-17 
1.28217277050624e+00 3.80287292097566e-15 1.91309569946727e-17 
1.28372409872222e+00 3.58265340196152e-15 1.80029498204627e-17 
1.28527542693820e+00 3.37518215726127e-15 1.69414511111027e-17 
1.28682675515418e+00 3.17972147408015e-15 1.59425396068711e-17 
1.28837808337016e+00 2.99557631242974e-15 1.50025252283648e-17 
1.28992941158614e+00 2.82209183778515e-15 1.41179354481038e-17 
1.29148073980211e+00 2.65865109633812e-15 1.32855024654737e-17 
1.29303206801809e+00 2.50467282460912e-15 1.25021511376579e-17 
1.29458339623407e+00 2.35960938565709e-15 1.17649876220025e-17 
1.29613472445005e+00 2.22294482457333e-15 1.10712886878815e-17 
1.29768605266603e+00 2.09419303636859e-15 1.04184916586007e-17 
1.29923738088201e+00 1.97289603976017e-15 9.80418494620721e-18 
1.30078870909799e+00 1.85862235074067e-15 9.22609914425585e-18 
1.30234003731396e+00 1.75096545016356e-15 8.68209864564601e-18 
1.30389136552994e+00 1.64954233991333e-15 8.17017375458008e-18 
1.30544269374592e+00 1.55399218254206e-15 7.68843326351824e-18 
1.30699402196190e+00 1.46397501954937e-15 7.23509746772099e-18 
1.30854535017788e+00 1.37917056376168e-15 6.80849159158660e-18 
1.31009667839386e+00 1.29927706152879e-15 6.40703960250993e-18 
1.31164800660984e+00 1.22401022070339e-15 6.02925838942058e-18 
1.31319933482581e+00 1.15310220060196e-15 5.67375228450430e-18 
1.31475066304179e+00 1.08630066036499e-15 5.33920790787803e-18 
1.31630199125777e+00 1.02336786234177e-15 5.02438931618196e-18 
1.31785331947375e+00 9.64079827319332e-16 4.72813343717392e-18 
1.31940464768973e+00 9.08225538599513e-16 4.44934577346646e-18 
1.32095597590571e+00 8.55606192100509e-16 4.18699635954193e-18 
1.32250730412169e+00 8.06034489822995e-16 3.94011595711517e-18 
1.32405863233766e+00 7.59333974174154e-16 3.70779247479342e-18 
1.32560996055364e+00 7.15338400787969e-16 3.48916759881174e-18 
1.32716128876962e+00 6.73891147616502e-16 3.28343362240101e-18 
1.32871261698560e+00 6.34844658195486e-16 3.08983046207922e-18 
1.33026394520158e+00 5.98059917108683e-16 2.90764284984715e-18 
1.33181527341756e+00 5.63405955789598e-16 2.73619769091849e-18 
1.33336660163353e+00 5.30759386906730e-16 2.57486157722641e-18 
1.33491792984951e+00 5.00003965679839e-16 2.42303844752315e-18 
1.33646925806549e+00 4.71030176570236e-16 2.28016738543081e-18 
1.33802058628147e+00 4.43734843878067e-16 2.14572054731110e-18 
1.33957191449745e+00 4.18020764864323e-16 2.01920121230057e-18 
1.34112324271343e+00 3.93796364095220e-16 1.90014194730969e-18 
1.34267457092941e+00 3.70975367781836e-16 1.78810288020831e-18 
1.34422589914538e+00 3.49476496958834e-16 1.68267007481939e-18 
1.34577722736136e+00 3.29223178412893e-16 1.58345400171928e-18 
1.34732855557734e+00 3.10143272334466e-16 1.49008809919622e-18 
1.34887988379332e+00 2.92168815725789e-16 1.40222741905206e-18 
1.35043121200930e+00 2.75235780653962e-16 1.31954735224510e-18 
1.35198254022528e+00 2.59283846490610e-16 1.24174242966723e-18 
1.35353386844126e+00 2.44256185329231e-16 1.16852519362580e-18 
1.35508519665723e+00 2.30099259818127e-16 1.09962513586168e-18 
1.35663652487321e+00 2.16762632690843e-16 1.03478769818095e-18 
1.35818785308919e+00 2.04198787317567e-16 9.73773332008845e-19 
1.35973918130517e+00 1.92362958640060e-16 9.16356613391907e-19 
1.36129050952115e+00 1.81212973889514e-16 8.62325410179543e-19 
1.36284183773713e+00 1.70709102521496e-16 8.11480098308540e-19 
1.36439316595311e+00 1.60813914834804e-16 7.63632824295634e-19 
1.36594449416908e+00 1.51492148771950e-16 7.18606811213788e-19 
1.36749582238506e+00 1.42710584427959e-16 6.76235705588545e-19 
1.36904715060104e+00 1.34437925821595e-16 6.36362962801861e-19 
1.37059847881702e+00 1.26644689508877e-16 5.98841268733142e-19 
1.37214980703300e+00 1.19303099643064e-16 5.63531995500941e-19 
1.37370113524898e+00 1.12386989108147e-16 5.30304689294848e-19 
1.37525246346495e+00 1.05871706374492e-16 4.99036588405572e-19 
1.37680379168093e+00 9.97340277455626e-17 4.69612169672740e-19 
1.37835511989691e+00 9.39520746838179e-17 4.41922721674935e-19 
1.37990644811289e+00 8.85052359219158e-17 4.15865943085297e-19 
1.38145777632887e+00 8.33740940823390e-17 3.91345564708906e-19 
1.38300910454485e+00 7.85403565445860e-17 3.68270993805683e-19 
1.38456043276083e+00 7.39867903141501e-17 3.46556979384865e-19 
1.38611176097680e+00 6.96971606617282e-17 3.26123297234557e-19 
1.38766308919278e+00 6.56561733144916e-17 3.06894453522781e-19 
1.38921441740876e+00 6.18494199938740e-17 2.88799405875028e-19 
1.39076574562474e+00 5.82633271062187e-17 2.71771300897890e-19 
1.39231707384072e+00 5.48851074038300e-17 2.55747227179099e-19 
1.39386840205670e+00 5.17027144445289e-17 2.40667982851459e-19 
1.39541973027268e+00 4.87047996877564e-17 2.26477856861975e-19 
1.39697105848865e+00 4.58806720746374e-17 2.13124423138090e-19 
1.39852238670463e+00 4.32202599482458e-17 2.00558346890602e-19 
1.40007371492061e+00 4.07140751786274e-17 1.88733202337659e-19 
1.40162504313659e+00 3.83531793649739e-17 1.77605301176425e-19 
1.40317637135257e+00 3.61291519947251e-17 1.67133531168704e-19 
1.40472769956855e+00 3.40340604463288e-17 1.57279204244193e-19 
1.40627902778452e+00 3.20604317289458e-17 1.48005913560162e-19 
1.40783035600050e+00 3.02012258585591e-17 1.39279398989493e-19 
1.40938168421648e+00 2.84498107757645e-17 1.31067420540093e-19 
1.41093301243246e+00 2.67999387160011e-17 1.23339639238043e-19 
1.41248434064844e+00 2.52457239481434e-17 1.16067505034391e-19 
1.41403566886442e+00 2.37816218022438e-17 1.09224151321450e-19 
1.41558699708040e+00 2.24024089117940e-17 1.02784295668894e-19 
1.41713832529637e+00 2.11031646001989e-17 9.67241464129012e-20 
1.41868965351235e+00 1.98792533452185e-17 9.10213147532303e-20 
1.42024098172833e+00 1.87263082589717e-17 8.56547320334696e-20 
1.42179230994431e+00 1.76402155247058e-17 8.06045718988310e-20 
1.42334363816029e+00 1.66170997349381e-17 7.58521770438913e-20 
1.42489496637627e+00 1.56533100787829e-17 7.13799902796448e-20 
1.42644629459225e+00 1.47454073292956e-17 6.71714896651800e-20 
1.42799762280822e+00 1.38901515845150e-17 6.32111274643108e-20 
1.42954895102420e+00 1.30844907185616e-17 5.94842727016309e-20 
1.43110027924018e+00 1.23255495016785e-17 5.59771571057522e-20 
1.43265160745616e+00 1.16106193504807e-17 5.26768242400008e-20 
1.43420293567214e+00 1.09371486719207e-17 4.95710816326304e-20 
1.43575426388812e+00 1.03027337665894e-17 4.66484557296826e-20 
1.43730559210410e+00 9.70511025896392e-18 4.38981495040578e-20 
1.43885692032007e+00 9.14214502408593e-18 4.13100025641771e-20 
1.44040824853605e+00 8.61182858192396e-18 3.88744536148445e-20 
1.44195957675203e+00 8.11226793233396e-18 3.65825051316128e-20 
1.44351090496801e+00 7.64167980510285e-18 3.44256901181348e-20 
1.44506223318399e+00 7.19838430103590e-18 3.23960408236764e-20 
1.44661356139997e+00 6.78079890144061e-18 3.04860593052094e-20 
1.44816488961594e+00 6.38743282467115e-18 2.86886897253200e-20 
1.44971621783192e+00 6.01688170963259e-18 2.69972922835781e-20 
1.45126754604790e+00 5.66782260730780e-18 2.54056186850520e-20 
1.45281887426388e+00 5.33900926246670e-18 2.39077890553295e-20 
1.45437020247986e+00 5.02926766875011e-18 2.24982702167510e-20 
1.45592153069584e+00 4.73749188129393e-18 2.11718552455914e-20 
1.45747285891182e+00 4.46264007197619e-18 1.99236442346585e-20 
1.45902418712779e+00 4.20373081323307e-18 1.87490261902302e-20 
1.46057551534377e+00 3.95983957720410e-18 1.76436619964437e-20 
1.46212684355975e+00 3.73009543773336e-18 1.66034683841933e-20 
1.46367817177573e+00 3.51367796347542e-18 1.56246028453065e-20 
1.46522949999171e+00 3.30981429103599e-18 1.47034494362583e-20 
1.46678082820769e+00 3.11777636771748e-18 1.38366054189733e-20 
1.46833215642367e+00 2.93687835404446e-18 1.30208686893536e-20 
1.46988348463964e+00 2.76647417681237e-18 1.22532259470869e-20 
1.47143481285562e+00 2.60595522393936e-18 1.15308415630220e-20 
1.47298614107160e+00 2.45474817290593e-18 1.08510471029809e-20 
1.47453746928758e+00 2.31231294504290e-18 1.02113314692999e-20 
1.47608879750356e+00 2.17814077837653e-18 9.60933162367448e-21 
1.47764012571954e+00 2.05175241216195e-18 9.04282385703164e-21 
1.47919145393552e+00 1.93269637663363e-18 8.50971557417352e-21 
1.48074278215149e+00 1.82054738187690e-18 8.00803756283820e-21 
1.48229411036747e+00 1.71490480007714e-18 7.53593671861452e-21 
1.48384543858345e+00 1.61539123573636e-18 7.09166919883072e-21 
1.48539676679943e+00 1.52165117875993e-18 6.67359398012201e-21 
1.48694809501541e+00 1.43334973561170e-18 6.28016679587424e-21 
1.48849942323139e+00 1.35017143401388e-18 5.90993443114401e-21 
1.49005075144736e+00 1.27181909692994e-18 5.56152935397642e-21 
1.49160207966334e+00 1.19801278181588e-18 5.23366466328444e-21 
1.49315340787932e+00 1.12848878135761e-18 4.92512933462373e-21 
1.49470473609530e+00 1.06299868213146e-18 4.63478374629763e-21 
1.49625606431128e+00 1.00130847783107e-18 4.36155546926218e-21 
1.49780739252726e+00 9.43197733898487e-19 4.10443530527634e-21 
1.49935872074324e+00 8.88458800580560e-19 3.86246098798625e-21 
1.50091004895921e+00 8.36896069006449e-19 3.63461646920015e-21 
1.50246137717519e+00 7.88325252810349e-19 3.42009623327712e-21 
1.50401270539117e+00 7.42572783199325e-19 3.21823833236700e-21 
1.50556403360715e+00 6.99475158300226e-19 3.02829529704853e-21 
1.50711536182313e+00 6.58878359422539e-19 2.84956378497261e-21 
1.50866669003911e+00 6.20637301160939e-19 2.68138197562983e-21 
1.51021801825509e+00 5.84615313376340e-19 2.52312711893875e-21 
1.51176934647106e+00 5.50683653207933e-19 2.37421322857226e-21 
1.51332067468704e+00 5.18721045375673e-19 2.23408891147602e-21 
1.51487200290302e+00 4.88613249133590e-19 2.10223532553721e-21 
1.51642333111900e+00 4.60252650329257e-19 1.97816425783697e-21 
1.51797465933498e+00 4.33537877114261e-19 1.86141631636647e-21 
1.51952598755096e+00 4.08373437934840e-19 1.75155922850737e-21 
1.52107731576694e+00 3.84669380511293e-19 1.64818623997248e-21 
1.52262864398291e+00 3.62340970589576e-19 1.55091460827507e-21 
1.52417997219889e+00 3.41308389319009e-19 1.45938418514542e-21 
1.52573130041487e+00 3.21496448176439e-19 1.37325608264274e-21 
1.52728262863085e+00 3.02834320419743e-19 1.29221141802070e-21 
1.52883395684683e+00 2.85255288112534e-19 1.21595013269658e-21 
1.53038528506281e+00 2.68696503817413e-19 1.14418988094878e-21 
1.53193661327878e+00 2.53098766107460e-19 1.07666498422561e-21 
1.53348794149476e+00 2.38406308094913e-19 1.01312544719138e-21 
1.53503926971074e+00 2.24566598222418e-19 9.53336031864645e-22 
1.53659059792672e+00 2.11530152605962e-19 8.97075386418713e-22 
1.53814192614270e+00 1.99250358259790e-19 8.44135225416909e-22 
1.53969325435868e+00 1.87683306572463e-19 7.94319558445786e-22 
1.54124458257466e+00 1.76787636439710e-19 7.47443964288718e-22 
1.54279591079063e+00 1.66524386494247e-19 7.03334907951110e-22 
1.54434723900661e+00 1.56856855905116e-19 6.61829098007110e-22 
1.54589856722259e+00 1.47750473249734e-19 6.22772881887206e-22 
1.54744989543857e+00 1.39172672990575e-19 5.86021676866599e-22 
1.54900122365455e+00 1.31092779115595e-19 5.51439434646532e-22 
1.55055255187053e+00 1.23481895527020e-19 5.34408612225849e-22 
