Energy(eV)           EEDF(eV^-(3/2))      Anisotropy(eV^-(3/2))
2.73207443880970e-02 5.65749908136530e-02 7.92167360174643e-04 
8.19622331642910e-02 5.65469809535656e-02 2.27750153603677e-03 
1.36603721940485e-01 5.65376751097310e-02 2.38168298155173e-03 
1.91245210716679e-01 5.65340539182130e-02 2.51468941603227e-03 
2.45886699492873e-01 5.65319339704786e-02 2.66092548694673e-03 
3.00528188269067e-01 5.65292825426766e-02 2.79072129684480e-03 
3.55169677045261e-01 5.65247928100726e-02 2.90606815771398e-03 
4.09811165821455e-01 5.65178847882454e-02 3.01819647480391e-03 
4.64452654597649e-01 5.65083405289623e-02 3.12832418424113e-03 
5.19094143373843e-01 5.64960385662872e-02 3.23586301210038e-03 
5.73735632150037e-01 5.64808844332614e-02 3.34070107660097e-03 
6.28377120926231e-01 5.64627453364370e-02 3.44279445119517e-03 
6.83018609702425e-01 5.64414843479711e-02 3.54204371441389e-03 
7.37660098478619e-01 5.64169767411040e-02 3.63831149116762e-03 
7.92301587254813e-01 5.63891215171311e-02 3.73160504904249e-03 
8.46943076031007e-01 5.63578041521818e-02 3.82193608440329e-03 
9.01584564807201e-01 5.63229163453411e-02 3.90936189124454e-03 
9.56226053583395e-01 5.62843555864387e-02 3.99399221975746e-03 
1.01086754235959e+00 5.62420241787398e-02 4.07572967600621e-03 
1.06550903113578e+00 5.61962359023105e-02 4.15481359315688e-03 
1.12015051991198e+00 5.61471001500769e-02 4.23110511453282e-03 
1.17479200868817e+00 5.60945601294443e-02 4.30457538945858e-03 
1.22943349746436e+00 5.60385486866657e-02 4.37561629875218e-03 
1.28407498624056e+00 5.59786519856958e-02 4.44438480928249e-03 
1.33871647501675e+00 5.59148827527872e-02 4.51107613158548e-03 
1.39335796379295e+00 5.58474866889703e-02 4.57575641258909e-03 
1.44799945256914e+00 5.57764184921420e-02 4.63835267117214e-03 
1.50264094134533e+00 5.57016355856198e-02 4.69905027026801e-03 
1.55728243012153e+00 5.56235302230647e-02 4.75829223101704e-03 
1.61192391889772e+00 5.55424319246033e-02 4.81611643584194e-03 
1.66656540767392e+00 5.54583187159964e-02 4.87225379696967e-03 
1.72120689645011e+00 5.53711738878778e-02 4.92654551937496e-03 
1.77584838522630e+00 5.52809854697175e-02 4.97887098274114e-03 
1.83048987400250e+00 5.51877458861483e-02 5.02912912926905e-03 
1.88513136277869e+00 5.50914519710414e-02 5.07728131677603e-03 
1.93977285155489e+00 5.49918580502768e-02 5.12332622364193e-03 
1.99441434033108e+00 5.48881226261481e-02 5.16702800209670e-03 
2.04905582910727e+00 5.47802366278612e-02 5.20838340490986e-03 
2.10369731788347e+00 5.46681971698791e-02 5.24727077552595e-03 
2.15833880665966e+00 5.45526397233565e-02 5.28372431821309e-03 
2.21298029543586e+00 5.44340657918163e-02 5.31777421273736e-03 
2.26762178421205e+00 5.43119473937099e-02 5.34927421347023e-03 
2.32226327298824e+00 5.41861109351044e-02 5.37823625948141e-03 
2.37690476176444e+00 5.40565824787544e-02 5.40472358516132e-03 
2.43154625054063e+00 5.39233908333885e-02 5.42870892261262e-03 
2.48618773931683e+00 5.37865717969785e-02 5.44997128767745e-03 
2.54082922809302e+00 5.36459838183912e-02 5.46825723263214e-03 
2.59547071686921e+00 5.35011024739671e-02 5.48349015383529e-03 
2.65011220564541e+00 5.33519854721104e-02 5.49580539571795e-03 
2.70475369442160e+00 5.31986926255611e-02 5.50535000736146e-03 
2.75939518319780e+00 5.30412856915813e-02 5.51227351320099e-03 
2.81403667197399e+00 5.28798275589752e-02 5.51671672576037e-03 
2.86867816075018e+00 5.27146772576065e-02 5.51880809766123e-03 
2.92331964952638e+00 5.25459953527966e-02 5.51866621904316e-03 
2.97796113830257e+00 5.23738484503933e-02 5.51641619726455e-03 
3.03260262707877e+00 5.21983407477822e-02 5.51217589634457e-03 
3.08724411585496e+00 5.20198904372485e-02 5.50604238007460e-03 
3.14188560463115e+00 5.18385640547192e-02 5.49810934337128e-03 
3.19652709340735e+00 5.16544284830319e-02 5.48844941404441e-03 
3.25116858218354e+00 5.14675514416187e-02 5.47711797030308e-03 
3.30581007095974e+00 5.12780018545104e-02 5.46416873448716e-03 
3.36045155973593e+00 5.10858493480288e-02 5.44966430818092e-03 
3.41509304851212e+00 5.08911638803094e-02 5.43366770000698e-03 
3.46973453728832e+00 5.06940157998484e-02 5.41621409712043e-03 
3.52437602606451e+00 5.04944775401984e-02 5.39730075114994e-03 
3.57901751484071e+00 5.02926245876494e-02 5.37694872480565e-03 
3.63365900361690e+00 5.00885547251944e-02 5.35523852220665e-03 
3.68830049239309e+00 4.98825088349538e-02 5.33226311211347e-03 
3.74294198116929e+00 4.96745578094912e-02 5.30812814596273e-03 
3.79758346994548e+00 4.94647705962626e-02 5.28292743949884e-03 
3.85222495872168e+00 4.92532142865169e-02 5.25674427702316e-03 
3.90686644749787e+00 4.90399544804788e-02 5.22965280364614e-03 
3.96150793627406e+00 4.88250553179660e-02 5.20172623390451e-03 
4.01614942505026e+00 4.86085792111758e-02 5.17303627538809e-03 
4.07079091382645e+00 4.83903256729217e-02 5.14366629468234e-03 
4.12543240260264e+00 4.81702901405195e-02 5.11366273290230e-03 
4.18007389137884e+00 4.79485343543015e-02 5.08307327602284e-03 
4.23471538015503e+00 4.77251189678480e-02 5.05194302776798e-03 
4.28935686893123e+00 4.75001038013122e-02 5.02031451330477e-03 
4.34399835770742e+00 4.72735476062445e-02 4.98823345571400e-03 
4.39863984648361e+00 4.70455078077625e-02 4.95574657534292e-03 
4.45328133525981e+00 4.68160404535906e-02 4.92289921753937e-03 
4.50792282403600e+00 4.65852001721373e-02 4.88973008345042e-03 
4.56256431281220e+00 4.63533075801523e-02 4.85625285553930e-03 
4.61720580158839e+00 4.61205575788314e-02 4.82251391422084e-03 
4.67184729036458e+00 4.58869954870565e-02 4.78856607429285e-03 
4.72648877914078e+00 4.56526649143830e-02 4.75444966113362e-03 
4.78113026791697e+00 4.54176078355813e-02 4.72020149884438e-03 
4.83577175669317e+00 4.51818647014831e-02 4.68585548117217e-03 
4.89041324546936e+00 4.49454744737777e-02 4.65144374958928e-03 
4.94505473424555e+00 4.47084746308421e-02 4.61699508556918e-03 
4.99969622302175e+00 4.44709013766909e-02 4.58253416660419e-03 
5.05433771179794e+00 4.42325979581525e-02 4.54809967465044e-03 
5.10897920057414e+00 4.39934062635544e-02 4.51371789597009e-03 
5.16362068935033e+00 4.37533643044749e-02 4.47939979581176e-03 
5.21826217812652e+00 4.35125087008340e-02 4.44516711769898e-03 
5.27290366690272e+00 4.32708748781822e-02 4.41103863387377e-03 
5.32754515567891e+00 4.30284970933727e-02 4.37703304871521e-03 
5.38218664445511e+00 4.27854083274286e-02 4.34316903484260e-03 
5.43682813323130e+00 4.25416403075711e-02 4.30946428816943e-03 
5.49146962200749e+00 4.22972235073199e-02 4.27593488980587e-03 
5.54611111078369e+00 4.20521872473496e-02 4.24259468613239e-03 
5.60075259955988e+00 4.18065597768532e-02 4.20945592229982e-03 
5.65539408833608e+00 4.15603683136216e-02 4.17653022346148e-03 
5.71003557711227e+00 4.13136390190879e-02 4.14382909574351e-03 
5.76467706588846e+00 4.10663969823615e-02 4.11136293688304e-03 
5.81931855466466e+00 4.08186663150878e-02 4.07914084974734e-03 
5.87396004344085e+00 4.05704701647221e-02 4.04717161152022e-03 
5.92860153221705e+00 4.03218306980819e-02 4.01546336272780e-03 
5.98324302099324e+00 4.00727691550944e-02 3.98402342630853e-03 
6.03788450976943e+00 3.98232732617113e-02 3.95286198316782e-03 
6.09252599854563e+00 3.95732278345727e-02 3.92199093458531e-03 
6.14716748732182e+00 3.93226540943737e-02 3.89140539218384e-03 
6.20180897609802e+00 3.90715723946149e-02 3.86110982820163e-03 
6.25645046487421e+00 3.88200022866060e-02 3.83110776184292e-03 
6.31109195365040e+00 3.85679625570216e-02 3.80140236329546e-03 
6.36573344242660e+00 3.83154712187880e-02 3.77199668876077e-03 
6.42037493120279e+00 3.80625455193629e-02 3.74289341490619e-03 
6.47501641997899e+00 3.78092019682642e-02 3.71409480374877e-03 
6.52965790875518e+00 3.75554563525534e-02 3.68560276633019e-03 
6.58429939753137e+00 3.73013237582225e-02 3.65741870704179e-03 
6.63894088630757e+00 3.70468186095558e-02 3.62954345543665e-03 
6.69358237508376e+00 3.67919547033017e-02 3.60197739060356e-03 
6.74822386385996e+00 3.65367452340715e-02 3.57472039393932e-03 
6.80286535263615e+00 3.62812028381194e-02 3.54777189145949e-03 
6.85750684141234e+00 3.60253396158009e-02 3.52113111219367e-03 
6.91214833018854e+00 3.57691671406687e-02 3.49479708072177e-03 
6.96678981896473e+00 3.55126964842765e-02 3.46876847003716e-03 
7.02143130774093e+00 3.52559382483430e-02 3.44306645179457e-03 
7.07607279651712e+00 3.49981191233172e-02 3.41773056082938e-03 
7.13071428529331e+00 3.47391661968744e-02 3.39270162000776e-03 
7.18535577406951e+00 3.44791012522222e-02 3.36797007865127e-03 
7.23999726284570e+00 3.42179454525551e-02 3.34353356210541e-03 
7.29463875162190e+00 3.39557193670958e-02 3.31938953887844e-03 
7.34928024039809e+00 3.36924429867618e-02 3.29553542259685e-03 
7.40392172917428e+00 3.34281357352787e-02 3.27196854828442e-03 
7.45856321795048e+00 3.31628164891747e-02 3.24868613632244e-03 
7.51320470672667e+00 3.28965035954900e-02 3.22568532614874e-03 
7.56784619550286e+00 3.26292148872157e-02 3.20296317287101e-03 
7.62248768427906e+00 3.23609677022892e-02 3.18051661823394e-03 
7.67712917305525e+00 3.20917789046884e-02 3.15834250676761e-03 
7.73177066183145e+00 3.18216649016774e-02 3.13643760437070e-03 
7.78641215060764e+00 3.15506416625584e-02 3.11479860606577e-03 
7.84105363938384e+00 3.12787247352646e-02 3.09342216301155e-03 
7.89569512816003e+00 3.10059292609860e-02 3.07230489642517e-03 
7.95033661693622e+00 3.07322699886751e-02 3.05144339034698e-03 
8.00497810571242e+00 3.04577612912393e-02 3.03082003956576e-03 
8.05961959448861e+00 3.01827609387104e-02 3.01040918318954e-03 
8.11426108326481e+00 2.99075142703442e-02 2.99022609372477e-03 
8.16890257204100e+00 2.96320270226086e-02 2.97028598726792e-03 
8.22354406081719e+00 2.93563047390221e-02 2.95058543050927e-03 
8.27818554959339e+00 2.90803527800363e-02 2.93112099498599e-03 
8.33282703836958e+00 2.88041763314173e-02 2.91188927644091e-03 
8.38746852714577e+00 2.85277804104212e-02 2.89288689286332e-03 
8.44211001592197e+00 2.82511698743800e-02 2.87411047129767e-03 
8.49675150469816e+00 2.79743494292626e-02 2.85555665479947e-03 
8.55139299347436e+00 2.76973236368490e-02 2.83722210702903e-03 
8.60603448225055e+00 2.74200969222808e-02 2.81910350862145e-03 
8.66067597102674e+00 2.71426735818066e-02 2.80119756151705e-03 
8.71531745980294e+00 2.68650577893565e-02 2.78350099414525e-03 
8.76995894857913e+00 2.65872536031033e-02 2.76601056268675e-03 
8.82460043735533e+00 2.63092649715990e-02 2.74872305372237e-03 
8.87924192613152e+00 2.60310957396068e-02 2.73163528612225e-03 
8.93388341490772e+00 2.57527496536395e-02 2.71474411248936e-03 
8.98852490368391e+00 2.54742303672707e-02 2.69804642150805e-03 
9.04316639246010e+00 2.51955414459529e-02 2.68153913910654e-03 
9.09780788123630e+00 2.49166863718341e-02 2.66521922772742e-03 
9.15244937001249e+00 2.46376685484694e-02 2.64908368592222e-03 
9.20709085878868e+00 2.43584913054682e-02 2.63312954948044e-03 
9.26173234756488e+00 2.40791579027135e-02 2.61735389355268e-03 
9.31637383634107e+00 2.37996715342965e-02 2.60175383498941e-03 
9.37101532511727e+00 2.35200353319582e-02 2.58632653252059e-03 
9.42565681389346e+00 2.32402523686939e-02 2.57106918426865e-03 
9.48029830266965e+00 2.29603256624443e-02 2.55597902759993e-03 
9.53493979144585e+00 2.26802581794569e-02 2.54105334018980e-03 
9.58958128022204e+00 2.24000528374686e-02 2.52628943911984e-03 
9.64422276899824e+00 2.21197125089860e-02 2.51168468040392e-03 
9.69886425777443e+00 2.18392400242985e-02 2.49723645963160e-03 
9.75350574655062e+00 2.15586381743426e-02 2.48294221235686e-03 
9.80814723532682e+00 2.12779097133505e-02 2.46879941385842e-03 
9.86278872410301e+00 2.09970573614897e-02 2.45480557820905e-03 
9.91743021287921e+00 2.07160838074477e-02 2.44095825804815e-03 
9.97207170165540e+00 2.04349917108529e-02 2.42725504520569e-03 
1.00267131904316e+01 2.01537837044454e-02 2.41359847926464e-03 
1.00813546792078e+01 1.98744037697460e-02 2.39994246799420e-03 
1.01359961679840e+01 1.95968540315955e-02 2.38642967109216e-03 
1.01906376567602e+01 1.93211149592431e-02 2.37305953259296e-03 
1.02452791455364e+01 1.90471673177820e-02 2.35982991003203e-03 
1.02999206343126e+01 1.87749921628863e-02 2.34673869855489e-03 
1.03545621230888e+01 1.85045708355633e-02 2.33378383064206e-03 
1.04092036118650e+01 1.82358849569945e-02 2.32096327507934e-03 
1.04638451006411e+01 1.79689164235645e-02 2.30827503594951e-03 
1.05184865894173e+01 1.77036474019730e-02 2.29571715245029e-03 
1.05731280781935e+01 1.74400603243431e-02 2.28328769831036e-03 
1.06277695669697e+01 1.71781378835051e-02 2.27098478082170e-03 
1.06824110557459e+01 1.69178630283636e-02 2.25880654042595e-03 
1.07370525445221e+01 1.66592189593117e-02 2.24675115046524e-03 
1.07916940332983e+01 1.64021891236910e-02 2.23481681665704e-03 
1.08463355220745e+01 1.61467572113603e-02 2.22300177639156e-03 
1.09009770108507e+01 1.58929071503515e-02 2.21130429822373e-03 
1.09556184996269e+01 1.56406231025877e-02 2.19972268159833e-03 
1.10102599884031e+01 1.53898894596350e-02 2.18825525636869e-03 
1.10649014771793e+01 1.51406908385637e-02 2.17690038203481e-03 
1.11195429659555e+01 1.48930120779053e-02 2.16565644706050e-03 
1.11741844547317e+01 1.46468382337018e-02 2.15452186840643e-03 
1.12288259435079e+01 1.44021545755991e-02 2.14349509113005e-03 
1.12834674322841e+01 1.41589465830176e-02 2.13257458798762e-03 
1.13381089210602e+01 1.39171999413664e-02 2.12175885912026e-03 
1.13927504098364e+01 1.36769005383138e-02 2.11104643143110e-03 
1.14473918986126e+01 1.34380344601720e-02 2.10043585782899e-03 
1.15020333873888e+01 1.32005879883680e-02 2.08992571684513e-03 
1.15566748761650e+01 1.29645475959422e-02 2.07945419338019e-03 
1.16113163649412e+01 1.27299006925810e-02 2.06885638848382e-03 
1.16659578537174e+01 1.24966611213433e-02 2.05794930129411e-03 
1.17205993424936e+01 1.22648620860424e-02 2.04662196912528e-03 
1.17752408312698e+01 1.20345519055036e-02 2.03484630799117e-03 
1.18298823200460e+01 1.18057777081105e-02 2.02260910962216e-03 
1.18845238088222e+01 1.15785855953457e-02 2.00985985268311e-03 
1.19391652975984e+01 1.13530298723576e-02 1.99655870357081e-03 
1.19938067863746e+01 1.11291711819391e-02 1.98271376046500e-03 
1.20484482751508e+01 1.09070721091870e-02 1.96835426029583e-03 
1.21030897639270e+01 1.06867948483329e-02 1.95350944764869e-03 
1.21577312527032e+01 1.04683895098966e-02 1.93820850045422e-03 
1.22123727414794e+01 1.02519028971004e-02 1.92247949032696e-03 
1.22670142302555e+01 1.00373785765674e-02 1.90634994823117e-03 
1.23216557190317e+01 9.82485694928227e-03 1.88984686035514e-03 
1.23762972078079e+01 9.61437532171738e-03 1.87299666480445e-03 
1.24309386965841e+01 9.40596797703490e-03 1.85582524910342e-03 
1.24855801853603e+01 9.19966624627017e-03 1.83835794858550e-03 
1.25402216741365e+01 8.99549857938896e-03 1.82061954557797e-03 
1.25948631629127e+01 8.79349061614770e-03 1.80263426928162e-03 
1.26495046516889e+01 8.59366525667151e-03 1.78442579642827e-03 
1.27041461404651e+01 8.39604273166192e-03 1.76601725267903e-03 
1.27587876292413e+01 8.20064067215820e-03 1.74743121468109e-03 
1.28134291180175e+01 8.00747417878352e-03 1.72868971276949e-03 
1.28680706067937e+01 7.81655589040371e-03 1.70981423429605e-03 
1.29227120955699e+01 7.62789605213449e-03 1.69081917815101e-03 
1.29773535843461e+01 7.44150210947615e-03 1.67170459405341e-03 
1.30319950731223e+01 7.25738192380314e-03 1.65240487553670e-03 
1.30866365618985e+01 7.07553979449526e-03 1.63280124038880e-03 
1.31412780506747e+01 6.89600979881231e-03 1.61282933825417e-03 
1.31959195394508e+01 6.71882592451045e-03 1.59248611743941e-03 
1.32505610282270e+01 6.54402508625326e-03 1.57178975406608e-03 
1.33052025170032e+01 6.37164137211239e-03 1.55076647300649e-03 
1.33598440057794e+01 6.20170411182746e-03 1.52943591647222e-03 
1.34144854945556e+01 6.03424253746628e-03 1.50782406057062e-03 
1.34691269833318e+01 5.86928279352978e-03 1.48596457161731e-03 
1.35237684721080e+01 5.70684669498897e-03 1.46388665018240e-03 
1.35784099608842e+01 5.54695254356707e-03 1.44161676039091e-03 
1.36330514496604e+01 5.38961689367064e-03 1.41918619311495e-03 
1.36876929384366e+01 5.23485244306950e-03 1.39662909735002e-03 
1.37423344272128e+01 5.08266817514410e-03 1.37397841996833e-03 
1.37969759159890e+01 4.93306949932983e-03 1.35126591929174e-03 
1.38516174047652e+01 4.78605838956410e-03 1.32850163150495e-03 
1.39062588935414e+01 4.64163051598290e-03 1.30565518170961e-03 
1.39609003823176e+01 4.49978680678746e-03 1.28268144186442e-03 
1.40155418710938e+01 4.36053445136376e-03 1.25955052684322e-03 
1.40701833598699e+01 4.22388429579499e-03 1.23625599127293e-03 
1.41248248486461e+01 4.08984998794625e-03 1.21281051236137e-03 
1.41794663374223e+01 3.95844192488496e-03 1.18923165227159e-03 
1.42341078261985e+01 3.82966951028288e-03 1.16553276880635e-03 
1.42887493149747e+01 3.70353922356761e-03 1.14172622344483e-03 
1.43433908037509e+01 3.58005843117559e-03 1.11783185469367e-03 
1.43980322925271e+01 3.45923204569327e-03 1.09388009419372e-03 
1.44526737813033e+01 3.34106278075809e-03 1.06990722490595e-03 
1.45073152700795e+01 3.22554878988663e-03 1.04594289001310e-03 
1.45619567588557e+01 3.11268304761958e-03 1.02200367208574e-03 
1.46165982476319e+01 3.00245822040709e-03 9.98108643463853e-04 
1.46712397364081e+01 2.89486665278775e-03 9.74287708333281e-04 
1.47258812251843e+01 2.78989647635484e-03 9.50570615919685e-04 
1.47805227139605e+01 2.68753221833874e-03 9.26982550116321e-04 
1.48351642027367e+01 2.58775656369600e-03 9.03549093611476e-04 
1.48898056915129e+01 2.49054946143921e-03 8.80297594329596e-04 
1.49444471802891e+01 2.39588827966204e-03 8.57255880375128e-04 
1.49990886690652e+01 2.30374740837404e-03 8.34458619807427e-04 
1.50537301578414e+01 2.21428229280294e-03 8.11919280800460e-04 
1.51083716466176e+01 2.12764284087274e-03 7.89657850407271e-04 
1.51630131353938e+01 2.04377407259567e-03 7.67712859440453e-04 
1.52176546241700e+01 1.96261965383522e-03 7.46100311676098e-04 
1.52722961129462e+01 1.88412210321085e-03 7.24834616729805e-04 
1.53269376017224e+01 1.80822298701248e-03 7.03928665115191e-04 
1.53815790904986e+01 1.73486310243923e-03 6.83393902330612e-04 
1.54362205792748e+01 1.66398264949096e-03 6.63240401815290e-04 
1.54908620680510e+01 1.59552139185373e-03 6.43476936634169e-04 
1.55455035568272e+01 1.52941880712979e-03 6.24111049767649e-04 
1.56001450456034e+01 1.46561422676989e-03 6.05149122896795e-04 
1.56547865343796e+01 1.40404696607205e-03 5.86596443589637e-04 
1.57094280231558e+01 1.34465644461367e-03 5.68457270809083e-04 
1.57640695119320e+01 1.28738229748646e-03 5.50734005124651e-04 
1.58187110007082e+01 1.23215336814486e-03 5.33298839332659e-04 
1.58733524894843e+01 1.17892945936553e-03 5.16159302517507e-04 
1.59279939782605e+01 1.12765113198526e-03 4.99333090500705e-04 
1.59826354670367e+01 1.07828378532069e-03 4.82825717824192e-04 
1.60372769558129e+01 1.03076830698845e-03 4.66657466955917e-04 
1.60919184445891e+01 9.85069391325668e-04 4.50839341988645e-04 
1.61465599333653e+01 9.41125791812548e-04 4.35384636593995e-04 
1.62012014221415e+01 8.98897900307525e-04 4.20292755203071e-04 
1.62558429109177e+01 8.58325584500398e-04 4.05570571731336e-04 
1.63104843996939e+01 8.19368883576891e-04 3.91215175515393e-04 
1.63651258884701e+01 7.81969247422398e-04 3.77231552786736e-04 
1.64197673772463e+01 7.46086752698099e-04 3.63615135906766e-04 
1.64744088660225e+01 7.11664752228982e-04 3.50368799877856e-04 
1.65290503547987e+01 6.78663586691251e-04 3.37477309808506e-04 
1.65836918435749e+01 6.47024964262684e-04 3.24925948340319e-04 
1.66383333323511e+01 6.16713824917322e-04 3.12703438965741e-04 
1.66929748211273e+01 5.87680727310196e-04 3.00811577787030e-04 
1.67476163099035e+01 5.59891140389170e-04 2.89246953887194e-04 
1.68022577986796e+01 5.33297137118279e-04 2.78010246663249e-04 
1.68568992874558e+01 5.07864923294389e-04 2.67096391592259e-04 
1.69115407762320e+01 4.83548380971243e-04 2.56504972016936e-04 
1.69661822650082e+01 4.60314645596214e-04 2.46229676821742e-04 
1.70208237537844e+01 4.38119614919524e-04 2.36260211670921e-04 
1.70754652425606e+01 4.16865298467762e-04 2.26599912110596e-04 
1.71301067313368e+01 3.96507332936144e-04 2.17237544616027e-04 
1.71847482201130e+01 3.77021872832898e-04 2.08166792322296e-04 
1.72393897088892e+01 3.58375072258602e-04 1.99386415115494e-04 
1.72940311976654e+01 3.40543512243718e-04 1.90890736122170e-04 
1.73486726864416e+01 3.23494582985319e-04 1.82677739795762e-04 
1.74033141752178e+01 3.07205428248344e-04 1.74741020323136e-04 
1.74579556639940e+01 2.91644799331705e-04 1.67077884236239e-04 
1.75125971527702e+01 2.76790519458444e-04 1.59681388591953e-04 
1.75672386415464e+01 2.62612789532866e-04 1.52548262530269e-04 
1.76218801303226e+01 2.49090209254615e-04 1.45671186545566e-04 
1.76765216190988e+01 2.36194487263869e-04 1.39046411025745e-04 
1.77311631078749e+01 2.23905077708902e-04 1.32666374807603e-04 
1.77858045966511e+01 2.12195229762804e-04 1.26526943209882e-04 
1.78404460854273e+01 2.01045312138554e-04 1.20620426707283e-04 
1.78950875742035e+01 1.90430126246221e-04 1.14942392412078e-04 
1.79497290629797e+01 1.80330999122678e-04 1.09485117204136e-04 
1.80043705517559e+01 1.70724278653050e-04 1.04246353253252e-04 
1.80590120405321e+01 1.61593613134546e-04 9.92235438297171e-05 
1.81136535293083e+01 1.52916921100680e-04 9.44158316758026e-05 
1.81682950180845e+01 1.44676142510346e-04 8.98158920245012e-05 
1.82229365068607e+01 1.36849412256406e-04 8.54174570757509e-05 
1.82775779956369e+01 1.29419968425174e-04 8.12119071526333e-05 
1.83322194844131e+01 1.22367656239143e-04 7.71932269761043e-05 
1.83868609731893e+01 1.15676950560723e-04 7.33532556681549e-05 
1.84415024619655e+01 1.09329307866716e-04 6.96862418137385e-05 
1.84961439507417e+01 1.03310377332525e-04 6.61844841394969e-05 
1.85507854395179e+01 9.76031286185763e-05 6.28425027615129e-05 
1.86054269282940e+01 9.21943223185475e-05 5.96530519017073e-05 
1.86600684170702e+01 8.70683450871323e-05 5.66109275094386e-05 
1.87147099058464e+01 8.22130062194830e-05 5.37093311963202e-05 
1.87693513946226e+01 7.76140157530649e-05 5.09433360243084e-05 
1.88239928833988e+01 7.32601696809890e-05 4.83065796740203e-05 
1.88786343721750e+01 6.91384109341540e-05 4.57944109252743e-05 
1.89332758609512e+01 6.52384613753661e-05 4.34008896575876e-05 
1.89879173497274e+01 6.15484098772173e-05 4.11219996059465e-05 
1.90425588385036e+01 5.80590660135649e-05 3.89535815277601e-05 
1.90972003272798e+01 5.47599940269760e-05 3.68929484344443e-05 
1.91518418160560e+01 5.16421597423476e-05 3.49353948035043e-05 
1.92064833048322e+01 4.86953173798645e-05 3.30766222765883e-05 
1.92611247936084e+01 4.59112814752843e-05 3.13114593985320e-05 
1.93157662823846e+01 4.32808001585269e-05 2.96359552314989e-05 
1.93704077711608e+01 4.07964642730074e-05 2.80453795511569e-05 
1.94250492599370e+01 3.84499271763014e-05 2.65361050812146e-05 
1.94796907487131e+01 3.62344889635755e-05 2.51038100768305e-05 
1.95343322374893e+01 3.41426265223978e-05 2.37451682271956e-05 
1.95889737262655e+01 3.21682872041297e-05 2.24562352561702e-05 
1.96436152150417e+01 3.03046962936096e-05 2.12339642007682e-05 
1.96982567038179e+01 2.85463911792809e-05 2.00747589856870e-05 
1.97528981925941e+01 2.68872765631197e-05 1.89758314620337e-05 
1.98075396813703e+01 2.53224271488857e-05 1.79339062128067e-05 
1.98621811701465e+01 2.38463638263198e-05 1.69464344496608e-05 
1.99168226589227e+01 2.24546501173654e-05 1.60104355631199e-05 
1.99714641476989e+01 2.11423652322260e-05 1.51235817398534e-05 
2.00261056364751e+01 1.99055169735694e-05 1.42833854780507e-05 
2.00807471252513e+01 1.87392149923593e-05 1.34884061832853e-05 
2.01353886140275e+01 1.76398196667976e-05 1.27362899056635e-05 
2.01900301028037e+01 1.66033375817810e-05 1.20250049248605e-05 
2.02446715915799e+01 1.56265144085169e-05 1.13522248917454e-05 
2.02993130803561e+01 1.47057790978313e-05 1.07161091575938e-05 
2.03539545691323e+01 1.38382160878393e-05 1.01145615178343e-05 
2.04085960579084e+01 1.30206336592493e-05 9.54591914149076e-06 
2.04632375466846e+01 1.22504212022515e-05 9.00829428641719e-06 
2.05178790354608e+01 1.15247274785450e-05 8.50018571114774e-06 
2.05725205242370e+01 1.08412162175579e-05 8.01989436207192e-06 
2.06271620130132e+01 1.01973416177060e-05 7.56606572181565e-06 
2.06818035017894e+01 9.59101405544124e-06 7.13717140737266e-06 
2.07364449905656e+01 9.01996157568333e-06 6.73199002195768e-06 
2.07910864793418e+01 8.48231617110318e-06 6.34914744908829e-06 
2.08457279681180e+01 7.97605127610276e-06 5.98754297584583e-06 
2.09003694568942e+01 7.49949789170149e-06 5.64594182967884e-06 
2.09550109456704e+01 7.05084922458579e-06 5.32335262209491e-06 
2.10096524344466e+01 6.62861488008047e-06 5.01868649071657e-06 
2.10642939232228e+01 6.23119871536191e-06 4.73108436462763e-06 
2.11189354119990e+01 5.85726991054054e-06 4.45957443952576e-06 
2.11735769007752e+01 5.50538525687419e-06 4.20335208293441e-06 
2.12282183895514e+01 5.17435013456518e-06 3.96151392665621e-06 
2.12828598783276e+01 4.86288086019975e-06 3.73332918976562e-06 
2.13375013671037e+01 4.56991337179726e-06 3.51798902780100e-06 
2.13921428558799e+01 4.29430633104193e-06 3.31483789205053e-06 
2.14467843446561e+01 4.03511237113677e-06 3.12315186909965e-06 
2.15014258334323e+01 3.79131711529670e-06 2.94234315590733e-06 
2.15560673222085e+01 3.56207745455952e-06 2.77176411095192e-06 
2.16107088109847e+01 3.34649220608426e-06 2.61088789977154e-06 
2.16653502997609e+01 3.14381136653949e-06 2.45913534069420e-06 
2.17199917885371e+01 2.95323463207777e-06 2.31603443676407e-06 
2.17746332773133e+01 2.77409511086047e-06 2.18106742220737e-06 
2.18292747660895e+01 2.60568236815931e-06 2.05381159423487e-06 
2.18839162548657e+01 2.44740367241866e-06 1.93380425492881e-06 
2.19385577436419e+01 2.29862862003025e-06 1.82066698655861e-06 
2.19931992324181e+01 2.15883062720836e-06 1.71399957091518e-06 
2.20478407211943e+01 2.02746003882424e-06 1.61349923885486e-06 
2.21024822099705e+01 1.90405968523668e-06 1.51882841232689e-06 
2.21571236987467e+01 1.78812312431547e-06 1.42969287062075e-06 
2.22117651875229e+01 1.67922578903649e-06 1.34575043033842e-06 
2.22664066762990e+01 1.57692024830188e-06 1.26671999573989e-06 
2.23210481650752e+01 1.48083094095707e-06 1.19229782026866e-06 
2.23756896538514e+01 1.39056262268074e-06 1.12223398877397e-06 
2.24303311426276e+01 1.30578313398076e-06 1.05625891010579e-06 
2.24849726314038e+01 1.22614337542903e-06 9.94150429087806e-07 
2.25396141201800e+01 1.15134961888601e-06 9.35669300666904e-07 
2.25942556089562e+01 1.08109356151715e-06 8.80618079051472e-07 
2.26488970977324e+01 1.01511549938415e-06 8.28784476621910e-07 
2.27035385865086e+01 9.53143192703756e-07 7.79993037054963e-07 
2.27581800752848e+01 8.94947054774465e-07 7.34055416209128e-07 
2.28128215640610e+01 8.40286720112287e-07 6.90815722728000e-07 
2.28674630528372e+01 7.88959256435248e-07 6.50106875714956e-07 
2.29221045416134e+01 7.40752466505686e-07 6.11790388114702e-07 
2.29767460303896e+01 6.95487003934820e-07 5.75718112772947e-07 
2.30313875191658e+01 6.52975601643612e-07 5.41767727107040e-07 
2.30860290079420e+01 6.13060235625353e-07 5.09808511450944e-07 
2.31406704967181e+01 5.75575369342504e-07 4.79731605322502e-07 
2.31953119854943e+01 5.40380790867570e-07 4.51420195128572e-07 
2.32499534742705e+01 5.07330441337536e-07 4.24777055396691e-07 
2.33045949630467e+01 4.76300481077295e-07 3.99698637790589e-07 
2.33592364518229e+01 4.47162050079760e-07 3.76098648369046e-07 
2.34138779405991e+01 4.19805782353547e-07 3.53885306336892e-07 
2.34685194293753e+01 3.94118002875116e-07 3.32982029169812e-07 
2.35231609181515e+01 3.70002139259857e-07 3.13307473662761e-07 
2.35778024069277e+01 3.47357921985204e-07 2.94793683363372e-07 
2.36324438957039e+01 3.26100085797791e-07 2.77368571834474e-07 
2.36870853844801e+01 3.06140194520520e-07 2.60971843402184e-07 
2.37417268732563e+01 2.87402975070558e-07 2.45539620117868e-07 
2.37963683620325e+01 2.69810435823175e-07 2.31018408709989e-07 
2.38510098508087e+01 2.53296132825827e-07 2.17351609218205e-07 
2.39056513395849e+01 2.37791292358401e-07 2.04491767592230e-07 
2.39602928283611e+01 2.23237271099985e-07 1.92388736002512e-07 
2.40149343171373e+01 2.09573429951382e-07 1.81001049292405e-07 
2.40695758059134e+01 1.96748506224575e-07 1.70285100754929e-07 
2.41242172946896e+01 1.84708976551975e-07 1.60204149755615e-07 
2.41788587834658e+01 1.73408946352013e-07 1.50718703058745e-07 
2.42335002722420e+01 1.62801091565942e-07 1.41795390225839e-07 
2.42881417610182e+01 1.52844947183669e-07 1.33399100863230e-07 
2.43427832497944e+01 1.43498826399492e-07 1.25500272772478e-07 
2.43974247385706e+01 1.34727054108346e-07 1.18067837388839e-07 
2.44520662273468e+01 1.26492911327580e-07 1.11075606567758e-07 
2.45067077161230e+01 1.18764948393515e-07 1.04496088183348e-07 
2.45613492048992e+01 1.11510824128223e-07 9.83060831167196e-08 
2.46159906936754e+01 1.04702816265212e-07 9.24812636078224e-08 
2.46706321824516e+01 9.83124414507931e-08 8.70010781456485e-08 
2.47252736712278e+01 9.23152654288235e-08 8.18439984794656e-08 
2.47799151600040e+01 8.66862044568894e-08 7.69918179705455e-08 
2.48345566487802e+01 8.14037247012882e-08 7.24254848296954e-08 
2.48891981375564e+01 7.64457382895969e-08 6.81288688593786e-08 
2.49438396263325e+01 7.17932699626083e-08 6.40851086994559e-08 
2.49984811151087e+01 6.74268720128949e-08 6.02794202707391e-08 
2.50531226038849e+01 6.33272798791313e-08 5.66976498355169e-08 
2.51077640926611e+01 5.94749807426256e-08 5.33279599166307e-08 
2.51624055814373e+01 5.58558012976090e-08 5.01567062001290e-08 
2.52170470702135e+01 5.24551550224854e-08 4.71728534979876e-08 
2.52716885589897e+01 4.92604986517941e-08 4.43648913141089e-08 
2.53263300477659e+01 4.62589356227759e-08 4.17230215976101e-08 
2.53809715365421e+01 4.34393669672801e-08 3.92370357562080e-08 
2.54356130253183e+01 4.07903918973109e-08 3.68982355104686e-08 
2.54902545140945e+01 3.83021909643487e-08 3.46975681454215e-08 
2.55448960028707e+01 3.59646870984095e-08 3.26273128628097e-08 
2.55995374916469e+01 3.37691942185304e-08 3.06794430141798e-08 
2.56541789804231e+01 3.17068065465588e-08 2.88471064327583e-08 
2.57088204691993e+01 2.97698417609726e-08 2.71231871585197e-08 
2.57634619579755e+01 2.79504303620585e-08 2.55016047868771e-08 
2.58181034467517e+01 2.62417788719410e-08 2.39760515115665e-08 
2.58727449355278e+01 2.46369344991158e-08 2.25411324973885e-08 
2.59273864243040e+01 2.31298907391976e-08 2.11912569841949e-08 
2.59820279130802e+01 2.17145056329143e-08 1.99216655595157e-08 
2.60366694018564e+01 2.03854910932594e-08 1.87275490055611e-08 
2.60913108906326e+01 1.91375133181210e-08 1.76047958598399e-08 
2.61459523794088e+01 1.79658353278462e-08 1.65490824248509e-08 
2.62005938681850e+01 1.68656284315591e-08 1.55565927670446e-08 
2.62552353569612e+01 1.58327113454030e-08 1.46233892471141e-08 
2.63098768457374e+01 1.48628252799147e-08 1.37460941616173e-08 
2.63645183345136e+01 1.39522797131855e-08 1.29212253585153e-08 
2.64191598232898e+01 1.30973187089510e-08 1.21457932558726e-08 
2.64738013120660e+01 1.22946851274793e-08 1.14167186788561e-08 
2.65284428008422e+01 1.15410666977147e-08 1.07313557598207e-08 
2.65830842896184e+01 1.08335889619580e-08 1.00869818219340e-08 
2.66377257783946e+01 1.01693310686959e-08 9.48125536093324e-09 
2.66923672671708e+01 9.54575644795732e-09 8.91176905984369e-09 
2.67470087559470e+01 8.96028955326587e-09 8.37645091063259e-09 
2.68016502447231e+01 8.41069212926928e-09 7.87317254785388e-09 
2.68562917334993e+01 7.89469323440161e-09 7.40010056818554e-09 
2.69109332222755e+01 7.41031797031119e-09 6.95535333758828e-09 
2.69655747110517e+01 6.95556408126141e-09 6.53730869067341e-09 
2.70202161998279e+01 6.52868914796150e-09 6.14430321303865e-09 
2.70748576886041e+01 6.12792790291283e-09 5.77490173513017e-09 
2.71294991773803e+01 5.75174313368743e-09 5.42763383364434e-09 
2.71841406661565e+01 5.39857859058853e-09 5.10122986252262e-09 
2.72387821549327e+01 5.06707818242919e-09 4.79439006766661e-09 
2.72934236437089e+01 4.75586999735111e-09 4.50599130908758e-09 
2.73480651324851e+01 4.46375779567689e-09 4.23488475306217e-09 
2.74027066212613e+01 4.18953222817156e-09 3.98007692390717e-09 
2.74573481100375e+01 3.93213812504297e-09 3.74055243705349e-09 
2.75119895988137e+01 3.69050948852502e-09 3.51543256734949e-09 
2.75666310875899e+01 3.46371563537664e-09 3.30381992409792e-09 
2.76212725763661e+01 3.25081697132006e-09 3.10493732726711e-09 
2.76759140651422e+01 3.05099265839639e-09 2.91799170895907e-09 
2.77305555539184e+01 2.86341455529342e-09 2.74229574246884e-09 
2.77851970426946e+01 2.68735874362549e-09 2.57714859063559e-09 
2.78398385314708e+01 2.52209534734118e-09 2.42194242924547e-09 
2.78944800202470e+01 2.36698595726439e-09 2.27605795713100e-09 
2.79491215090232e+01 2.22138733053481e-09 2.13895768962498e-09 
2.80037629977994e+01 2.08473649520758e-09 2.01009224673926e-09 
2.80584044865756e+01 1.95646473715827e-09 1.88898289924586e-09 
2.81130459753518e+01 1.83607495620082e-09 1.77514339520843e-09 
2.81676874641280e+01 1.72306861493451e-09 1.66815327196055e-09 
2.82223289529042e+01 1.61700888124073e-09 1.56758661551080e-09 
2.82769704416804e+01 1.51745632191420e-09 1.47307297049682e-09 
2.83316119304566e+01 1.42402567498302e-09 1.38423588691304e-09 
2.83862534192328e+01 1.33632962818817e-09 1.30074771610306e-09 
2.84408949080090e+01 1.25402842518377e-09 1.22227574696843e-09 
2.84955363967852e+01 1.17678071355467e-09 1.14853021045165e-09 
2.85501778855614e+01 1.10428688836231e-09 1.07921706916712e-09 
2.86048193743375e+01 1.03624612169758e-09 1.01408007090664e-09 
2.86594608631137e+01 9.72394233325428e-10 9.52859370947326e-10 
2.87141023518899e+01 9.12466125137256e-10 8.95328371218074e-10 
2.87687438406661e+01 8.56228869225803e-10 8.41257455668292e-10 
2.88233853294423e+01 8.03448868020435e-10 7.90446260653361e-10 
2.88780268182185e+01 7.53920763200923e-10 7.42691892436756e-10 
2.89326683069947e+01 7.07438727514147e-10 6.97817194519998e-10 
2.89873097957709e+01 6.63821721942238e-10 6.55642894125994e-10 
2.90419512845471e+01 6.22888399736411e-10 6.16012362219351e-10 
2.90965927733233e+01 5.84479172820184e-10 5.78767204022767e-10 
2.91512342620995e+01 5.48434273770913e-10 5.43768946134909e-10 
2.92058757508757e+01 5.14613034362525e-10 5.10877645940572e-10 
2.92605172396519e+01 4.82874708246538e-10 4.79970886469347e-10 
2.93151587284281e+01 4.53095313771605e-10 4.50925032006587e-10 
2.93698002172043e+01 4.25150869986028e-10 4.23631864212612e-10 
2.94244417059805e+01 3.98932111495506e-10 3.97982157230455e-10 
2.94790831947566e+01 3.74329834023385e-10 3.73880247282772e-10 
2.95337246835328e+01 3.51247750280605e-10 3.51229640898568e-10 
2.95883661723090e+01 3.29589679461154e-10 3.29945774004874e-10 
2.96430076610852e+01 3.09270779197324e-10 3.09943402254760e-10 
2.96976491498614e+01 2.90206346721178e-10 2.91147773903302e-10 
2.97522906386376e+01 2.72321632349953e-10 2.73483582224549e-10 
2.98069321274138e+01 2.55542049209224e-10 2.56884748653726e-10 
2.98615736161900e+01 2.39801747800772e-10 2.41284744467698e-10 
2.99162151049662e+01 2.25035056684003e-10 2.26625156303506e-10 
2.99708565937424e+01 2.11183975052419e-10 2.12847208115525e-10 
3.00254980825186e+01 1.98190689065454e-10 1.99898034313539e-10 
3.00801395712948e+01 1.85993915324763e-10 1.87733277835581e-10 
3.01347810600710e+01 1.74543367696365e-10 1.76305758469437e-10 
3.01894225488472e+01 1.63794921115415e-10 1.65569598633708e-10 
3.02440640376234e+01 1.53704532647850e-10 1.55484490093344e-10 
3.02987055263996e+01 1.44233253036133e-10 1.46009951035916e-10 
3.03533470151757e+01 1.35342228852488e-10 1.37110347006493e-10 
3.04079885039519e+01 1.26997082818121e-10 1.28749914078852e-10 
3.04626299927281e+01 1.19163542565830e-10 1.20897152739991e-10 
3.05172714815043e+01 1.11811269013574e-10 1.13520469941275e-10 
3.05719129702805e+01 1.04910033381656e-10 1.06592024024736e-10 
3.06265544590567e+01 9.84330629717553e-11 1.00083908895385e-10 
3.06811959478329e+01 9.23536978563603e-11 9.39715183823033e-11 
3.07358374366091e+01 8.66483147249061e-11 8.82302052695119e-11 
3.07904789253853e+01 8.12934032198589e-11 8.28382249872569e-11 
3.08451204141615e+01 7.62681209079395e-11 7.77738105630250e-11 
3.08997619029377e+01 7.15517367291034e-11 7.30177480938383e-11 
3.09544033917139e+01 6.71258634976340e-11 6.85508159755517e-11 
3.10090448804901e+01 6.29722224894478e-11 6.43560380852647e-11 
3.10636863692663e+01 5.90745940566095e-11 6.04164420424889e-11 
3.11183278580425e+01 5.54168631207289e-11 5.67170303178226e-11 
3.11729693468187e+01 5.19847233914331e-11 5.32428178849845e-11 
3.12276108355949e+01 4.87639685605848e-11 4.99805564676296e-11 
3.12822523243711e+01 4.57419811595927e-11 4.69170168539656e-11 
3.13368938131472e+01 4.29062386496642e-11 4.40404971103377e-11 
3.13915353019234e+01 4.02456140549979e-11 4.13393191355694e-11 
3.14461767906996e+01 3.77490699961663e-11 3.88031478308472e-11 
3.15008182794758e+01 3.54067948265683e-11 3.64216752439419e-11 
3.15554597682520e+01 3.32090610275394e-11 3.41857743225921e-11 
3.16101012570282e+01 3.11472175929748e-11 3.20863473050687e-11 
3.16647427458044e+01 2.92126921556412e-11 3.01153347396357e-11 
3.17193842345806e+01 2.73978577562411e-11 2.82647076750811e-11 
3.17740257233568e+01 2.56951606529890e-11 2.65273500501819e-11 
3.18286672121330e+01 2.40978773298476e-11 2.48961767763565e-11 
3.18833087009092e+01 2.25993522015828e-11 2.33649053430053e-11 
3.19379501896854e+01 2.11936587205586e-11 2.19272841086246e-11 
3.19925916784616e+01 1.98749331673497e-11 2.05777669906873e-11 
3.20472331672378e+01 1.86379519705391e-11 1.93108382302210e-11 
3.21018746560140e+01 1.74775495037058e-11 1.81216023036968e-11 
3.21565161447902e+01 1.63891222067914e-11 1.70051931332637e-11 
3.22111576335663e+01 1.53681198246915e-11 1.59572898424037e-11 
3.22657991223425e+01 1.44104855845215e-11 1.49735998795670e-11 
3.23204406111187e+01 1.35122116360910e-11 1.40503099123826e-11 
3.23750820998949e+01 1.26697233728037e-11 1.31836336425347e-11 
3.24297235886711e+01 1.18794909935978e-11 1.23702059716451e-11 
3.24843650774473e+01 1.11383650352574e-11 1.16066874328021e-11 
3.25390065662235e+01 1.04432369896377e-11 1.08901087443278e-11 
3.25936480549997e+01 9.79133222346811e-12 1.02175247885256e-11 
3.26482895437759e+01 9.17991347195017e-12 9.58631577941826e-12 
3.27029310325521e+01 8.60653654261299e-12 8.99388459965322e-12 
3.27575725213283e+01 8.06879128252791e-12 8.43792002918443e-12 
3.28122140101045e+01 7.56452478136360e-12 7.91613202230719e-12 
3.28668554988807e+01 7.09161508838044e-12 7.42648176235494e-12 
3.29214969876569e+01 6.64816603421552e-12 6.96695013608032e-12 
3.29761384764331e+01 6.23230956764965e-12 6.53573878264683e-12 
3.30307799652093e+01 5.84237579506086e-12 6.13106761389404e-12 
3.30854214539854e+01 5.47672032633339e-12 5.75135050363540e-12 
3.31400629427616e+01 5.13387267592946e-12 5.39501822014741e-12 
3.31947044315378e+01 4.81238546154125e-12 5.06067194475557e-12 
3.32493459203140e+01 4.51096391310315e-12 4.74692843628780e-12 
3.33039874090902e+01 4.22833416502235e-12 4.45255416801574e-12 
3.33586288978664e+01 3.96335627197773e-12 4.17632994079924e-12 
3.34132703866426e+01 3.71490918293425e-12 3.91716807753073e-12 
3.34679118754188e+01 3.48198935894413e-12 3.67399404927351e-12 
3.35225533641950e+01 3.26361032089634e-12 3.44584886020043e-12 
3.35771948529712e+01 3.05888869923550e-12 3.23178555532512e-12 
3.36318363417474e+01 2.86695651298266e-12 3.03095866107290e-12 
3.36864778305236e+01 2.68703624949463e-12 2.84253370960324e-12 
3.37411193192998e+01 2.51836426449526e-12 2.66576536582436e-12 
3.37957608080760e+01 2.36025628749420e-12 2.49991833650494e-12 
3.38504022968522e+01 2.21204053557310e-12 2.34433560955233e-12 
3.39050437856284e+01 2.07311486317987e-12 2.19836932024986e-12 
3.39596852744046e+01 1.94288835988063e-12 2.06144034930481e-12 
3.40143267631807e+01 1.82083120871865e-12 1.93299606911887e-12 
3.40689682519569e+01 1.70644021775512e-12 1.81254470896107e-12 
3.41236097407331e+01 1.59924896798336e-12 1.69959908550829e-12 
3.41782512295093e+01 1.49879444840990e-12 1.59370641997714e-12 
3.42328927182855e+01 1.40466138243984e-12 1.49441597202518e-12 
3.42875342070617e+01 1.31644336453865e-12 1.40132477612271e-12 
3.43421756958379e+01 1.23377576083824e-12 1.31403678941426e-12 
3.43968171846141e+01 1.15630184256853e-12 1.23219781112478e-12 
3.44514586733903e+01 1.08370143631501e-12 1.15545985106650e-12 
3.45061001621665e+01 1.01566141032294e-12 1.08351156696909e-12 
3.45607416509427e+01 9.51900624644994e-13 1.01604718475067e-12 
3.46153831397189e+01 8.92144209599241e-13 9.52793030492985e-13 
3.46700246284951e+01 8.36145294645431e-13 8.93480419502240e-13 
3.47246661172713e+01 7.83662590686020e-13 8.37868785273505e-13 
3.47793076060475e+01 7.34479314394806e-13 7.85722029211297e-13 
3.48339490948237e+01 6.88383649086725e-13 7.36828684167392e-13 
3.48885905835998e+01 6.45185227182023e-13 6.90981281900786e-13 
3.49432320723760e+01 6.04698099251341e-13 6.47993932382914e-13 
3.49978735611522e+01 5.66755090280560e-13 6.07683383170649e-13 
3.50525150499284e+01 5.31192094003266e-13 5.69884523995643e-13 
3.51071565387046e+01 4.97861618007319e-13 5.34435794054247e-13 
3.51617980274808e+01 4.66620860425465e-13 5.01193203100628e-13 
3.52164395162570e+01 4.37341340280092e-13 4.70016626868122e-13 
3.52710810050332e+01 4.09897622532007e-13 4.40780362189551e-13 
3.53257224938094e+01 3.84176815007376e-13 4.13361185266229e-13 
3.53803639825856e+01 3.60068737939543e-13 3.87648514488472e-13 
3.54350054713618e+01 3.37474197367207e-13 3.63533988608040e-13 
3.54896469601380e+01 3.16296413902001e-13 3.40920329332424e-13 
3.55442884489142e+01 2.96448230377244e-13 3.19712245719357e-13 
3.55989299376904e+01 2.77844638362751e-13 2.99824163067208e-13 
3.56535714264666e+01 2.60409057477866e-13 2.81172284561391e-13 
3.57082129152428e+01 2.44066818905669e-13 2.63681331633751e-13 
3.57628544040190e+01 2.28750636049648e-13 2.47277615445061e-13 
3.58174958927952e+01 2.14394922365697e-13 2.31894915277138e-13 
3.58721373815713e+01 2.00940557598406e-13 2.17468431236927e-13 
3.59267788703475e+01 1.88329932993877e-13 2.03939911023852e-13 
3.59814203591237e+01 1.76511103902960e-13 1.91252371641484e-13 
3.60360618478999e+01 1.65433469159603e-13 1.79354570742698e-13 
3.60907033366761e+01 1.55051389126540e-13 1.68196399441453e-13 
3.61453448254523e+01 1.45320417982896e-13 1.57732782112269e-13 
3.61999863142285e+01 1.36200456088305e-13 1.47919654874916e-13 
3.62546278030047e+01 1.27652464346472e-13 1.38717366979699e-13 
3.63092692917809e+01 1.19641210881022e-13 1.30087170425310e-13 
3.63639107805571e+01 1.12132405726208e-13 1.21994186694307e-13 
3.64185522693333e+01 1.05095094071745e-13 1.14404342462584e-13 
3.64731937581095e+01 9.84991574499637e-14 1.07286957283368e-13 
3.65278352468857e+01 9.23173990693242e-14 1.00612068633152e-13 
3.65824767356619e+01 8.65233645689063e-14 9.43526890233838e-14 
3.66371182244381e+01 8.10931590922687e-14 8.84824708571436e-14 
3.66917597132143e+01 7.60035466959362e-14 8.29776752410863e-14 
3.67464012019904e+01 7.12335337043648e-14 7.78151334345619e-14 
3.68010426907666e+01 6.67627111028653e-14 7.29739642231778e-14 
3.68556841795428e+01 6.25726342629298e-14 6.84337942452289e-14 
3.69103256683190e+01 5.86453772209636e-14 6.41762560704620e-14 
3.69649671570952e+01 5.49647349859556e-14 6.01834344902668e-14 
3.70196086458714e+01 5.15149625899301e-14 5.64391733318629e-14 
3.70742501346476e+01 4.82818228127527e-14 5.29277189882537e-14 
3.71288916234238e+01 4.52514863636677e-14 4.96348604116233e-14 
3.71835331122000e+01 4.24114449163648e-14 4.65467448146904e-14 
3.72381746009762e+01 3.97495518089652e-14 4.36508721599996e-14 
3.72928160897524e+01 3.72548177201164e-14 4.09350611541372e-14 
3.73474575785286e+01 3.49165739145216e-14 3.83883168230039e-14 
3.74020990673048e+01 3.27251656588196e-14 3.59999277038201e-14 
3.74567405560810e+01 3.06712223410603e-14 3.37602227189228e-14 
3.75113820448572e+01 2.87462617808414e-14 3.16597828994038e-14 
3.75660235336334e+01 2.69420535574504e-14 2.96901016968492e-14 
3.76206650224095e+01 2.52511456750411e-14 2.78428966920507e-14 
3.76753065111857e+01 2.36663091833472e-14 2.61106856763257e-14 
3.77299479999619e+01 2.21809971832599e-14 2.44861856484485e-14 
3.77845894887381e+01 2.07888603490587e-14 2.29628154207788e-14 
3.78392309775143e+01 1.94841469744457e-14 2.15341708217841e-14 
3.78938724662905e+01 1.82612803348891e-14 2.01944632075150e-14 
3.79485139550667e+01 1.71152073544586e-14 1.89380611958519e-14 
3.80031554438429e+01 1.60410299061978e-14 1.77598732650563e-14 
3.80577969326191e+01 1.50343087046346e-14 1.66549475753527e-14 
3.81124384213953e+01 1.40907416529348e-14 1.56188057908363e-14 
3.81670799101715e+01 1.32064287161308e-14 1.46470936170390e-14 
3.82217213989477e+01 1.23775913051983e-14 1.37358720707431e-14 
3.82763628877239e+01 1.16008031456640e-14 1.28813122987062e-14 
3.83310043765001e+01 1.08727454572814e-14 1.20799497247915e-14 
3.83856458652763e+01 1.01904081876327e-14 1.13284175324352e-14 
3.84402873540525e+01 9.55087641622998e-15 1.06236684250537e-14 
3.84949288428287e+01 8.95150576072776e-15 9.96274186828487e-15 
3.85495703316048e+01 8.38973601864658e-15 9.34295759481318e-15 
3.86042118203810e+01 7.86324406416632e-15 8.76171232515001e-15 
3.86588533091572e+01 7.36978125025223e-15 8.21664862053939e-15 
3.87134947979334e+01 6.90730668737509e-15 7.70547734460943e-15 
3.87681362867096e+01 6.47384537319875e-15 7.22612500793856e-15 
3.88227777754858e+01 6.06760437285675e-15 6.77657870738172e-15 
3.88774192642620e+01 5.68684903088557e-15 6.35501470460005e-15 
3.89320607530382e+01 5.33000424880421e-15 5.95966299408059e-15 
3.89867022418144e+01 4.99554647192618e-15 5.58891950788374e-15 
3.90413437305906e+01 4.68209197778319e-15 5.24122782476212e-15 
3.90959852193668e+01 4.38830262519199e-15 4.91517708824581e-15 
3.91506267081430e+01 4.11296282114607e-15 4.60939868511919e-15 
3.92052681969192e+01 3.85489727653898e-15 4.32265169742664e-15 
3.92599096856954e+01 3.61303810489008e-15 4.05373265393323e-15 
3.93145511744716e+01 3.38635305330483e-15 3.80155010450519e-15 
3.93691926632478e+01 3.17390399968353e-15 3.56504578875422e-15 
3.94238341520240e+01 2.97478432301429e-15 3.34325971857989e-15 
3.94784756408001e+01 2.78816990301351e-15 3.13526131818981e-15 
3.95331171295763e+01 2.61326446437108e-15 2.94020622383438e-15 
3.95877586183525e+01 2.44934404099252e-15 2.75727613272845e-15 
3.96424001071287e+01 2.29570927754577e-15 2.58572837481501e-15 
3.96970415959049e+01 2.15172419692582e-15 2.42484336817741e-15 
3.97516830846811e+01 2.01677457217602e-15 2.27396788307292e-15 
3.98063245734573e+01 1.89030172814014e-15 2.13246914133724e-15 
3.98609660622335e+01 1.77176620996120e-15 1.99977257580010e-15 
3.99156075510097e+01 1.66067725604521e-15 1.87532173246465e-15 
3.99702490397859e+01 1.55656108809982e-15 1.75861122619808e-15 
4.00248905285621e+01 1.45898661073559e-15 1.64916566528126e-15 
4.00795320173383e+01 1.36755091822607e-15 1.54654991556770e-15 
4.01341735061145e+01 1.28187214739960e-15 1.45034322728434e-15 
4.01888149948907e+01 1.20158143585441e-15 1.36015011334504e-15 
4.02434564836669e+01 1.12634314093154e-15 1.27558755985990e-15 
4.02980979724431e+01 1.05583374496413e-15 1.19630773970067e-15 
4.03527394612193e+01 9.89758798365817e-16 1.12197440794609e-15 
4.04073809499954e+01 9.27834533205854e-16 1.05228213335908e-15 
4.04620224387716e+01 8.69802619059750e-16 9.86935707131285e-16 
4.05166639275478e+01 8.15414135613121e-16 9.25666907478623e-16 
4.05713054163240e+01 7.64442424833472e-16 8.68216534360907e-16 
4.06259469051002e+01 7.16669118653710e-16 8.14349024901678e-16 
4.06805883938764e+01 6.71895334122697e-16 7.63836778802834e-16 
4.07352298826526e+01 6.29929491423043e-16 7.16472900912653e-16 
4.07898713714288e+01 5.90597066611819e-16 6.72057523121453e-16 
4.08445128602050e+01 5.53729969572556e-16 6.30408915797533e-16 
4.08991543489812e+01 5.19175040969254e-16 5.91351550997519e-16 
4.09537958377574e+01 4.86784789479556e-16 5.54725792154981e-16 
4.10084373265336e+01 4.56424795375938e-16 5.20377475763628e-16 
4.10630788153098e+01 4.27965632326027e-16 4.88166362203445e-16 
4.11177203040860e+01 4.01289318902889e-16 4.57957041926687e-16 
4.11723617928622e+01 3.76282272784368e-16 4.29626306459524e-16 
4.12270032816384e+01 3.52840933162913e-16 4.03055209809106e-16 
4.12816447704145e+01 3.30865614822464e-16 3.78135498447797e-16 
4.13362862591907e+01 3.10265408443843e-16 3.54762680667871e-16 
4.13909277479669e+01 2.90952819105886e-16 3.32841635644010e-16 
4.14455692367431e+01 2.72848037680812e-16 3.12280562321527e-16 
4.15002107255193e+01 2.55874263166592e-16 2.92995873480191e-16 
4.15548522142955e+01 2.39961426215413e-16 2.74906911516512e-16 
4.16094937030717e+01 2.25042107717961e-16 2.57940218790914e-16 
4.16641351918479e+01 2.11054785050358e-16 2.42024923148636e-16 
4.17187766806241e+01 1.97940270542182e-16 2.27096464440388e-16 
4.17734181694003e+01 1.85644541889631e-16 2.13092564006372e-16 
4.18280596581765e+01 1.74115634019267e-16 1.99956477128620e-16 
4.18827011469527e+01 1.63306107148871e-16 1.87633472663102e-16 
4.19373426357289e+01 1.53170334051778e-16 1.76073671622614e-16 
4.19919841245051e+01 1.43666652381784e-16 1.65228971978374e-16 
4.20466256132813e+01 1.34754996806158e-16 1.55055526541882e-16 
4.21012671020575e+01 1.26398776158393e-16 1.45511056311859e-16 
4.21559085908336e+01 1.18562806402167e-16 1.36557013641998e-16 
4.22105500796098e+01 1.11214947948134e-16 1.28156234840932e-16 
4.22651915683860e+01 1.04324301056251e-16 1.20274828781357e-16 
4.23198330571622e+01 9.78626340953158e-17 1.12880125713717e-16 
4.23744745459384e+01 9.18028079126747e-17 1.05942326325391e-16 
4.24291160347146e+01 8.61200218480545e-17 9.94327092142175e-17 
4.24837575234908e+01 8.07904378875670e-17 9.33250709222300e-17 
4.25383990122670e+01 7.57922677897733e-17 8.75941592982220e-17 
4.25930405010432e+01 7.11045715770571e-17 8.22169311233145e-17 
4.26476819898194e+01 6.67082061250348e-17 7.71711827628513e-17 
4.27023234785956e+01 6.25847758001003e-17 7.24366485962073e-17 
4.27569649673718e+01 5.87174602451959e-17 6.79938039961012e-17 
4.28116064561480e+01 5.50900978096785e-17 6.38248248076901e-17 
4.28662479449242e+01 5.16879079846350e-17 5.99125406213994e-17 
4.29208894337004e+01 4.84966907711340e-17 5.62412734483876e-17 
4.29755309224766e+01 4.55034571790049e-17 5.27959227538988e-17 
4.30301724112528e+01 4.26957297814961e-17 4.95626972709929e-17 
4.30848139000289e+01 4.00620931232236e-17 4.65283151243021e-17 
4.31394553888051e+01 3.75915825950944e-17 4.36806438035955e-17 
4.31940968775813e+01 3.52741649167148e-17 4.10080005386057e-17 
4.32487383663575e+01 3.31002041412630e-17 3.84997112914144e-17 
4.33033798551337e+01 3.10608811607516e-17 3.61454989131544e-17 
4.33580213439099e+01 2.91477270576390e-17 3.39359717879619e-17 
4.34126628326861e+01 2.73529893941709e-17 3.18620886299307e-17 
4.34673043214623e+01 2.56692243823224e-17 2.99155855556858e-17 
4.35219458102385e+01 2.40896167390735e-17 2.80885079150834e-17 
4.35765872990147e+01 2.26076232268552e-17 2.63735835933087e-17 
4.36312287877909e+01 2.12172519878122e-17 2.47638134395214e-17 
4.36858702765671e+01 1.99127509542588e-17 2.32527976001088e-17 
4.37405117653433e+01 1.86888518186641e-17 2.18343771760576e-17 
4.37951532541195e+01 1.75404976399218e-17 2.05029195246500e-17 
4.38497947428957e+01 1.64630559466345e-17 1.92530047074461e-17 
4.39044362316719e+01 1.54520805857971e-17 1.80796749436990e-17 
4.39590777204481e+01 1.45034978824277e-17 1.69781602237534e-17 
4.40137192092242e+01 1.36133984060838e-17 1.59440964396349e-17 
4.40683606980004e+01 1.27781996090722e-17 1.49732852484660e-17 
4.41230021867766e+01 1.19944637348536e-17 1.40618848317327e-17 
4.41776436755528e+01 1.12590399204660e-17 1.32061997131436e-17 
4.42322851643290e+01 1.05689049495903e-17 1.24028475972399e-17 
4.42869266531052e+01 9.92128742417004e-18 1.16485753874250e-17 
4.43415681418814e+01 9.31352848266556e-18 1.09404051175198e-17 
4.43962096306576e+01 8.74319031394792e-18 1.02754728884673e-17 
4.44508511194338e+01 8.20793432585040e-18 9.65115652497708e-18 
4.45054926082100e+01 7.70561598498944e-18 9.06493456237276e-18 
4.45601340969862e+01 7.23417823893513e-18 8.51449792751749e-18 
4.46147755857624e+01 6.79173441320180e-18 7.99762646802575e-18 
4.46694170745386e+01 6.37647496812361e-18 7.51228666601291e-18 
4.47240585633148e+01 5.98673996411200e-18 7.05652351707264e-18 
4.47787000520910e+01 5.62093747680244e-18 6.62854603165230e-18 
4.48333415408672e+01 5.27760694965179e-18 6.22663254657914e-18 
4.48879830296434e+01 4.95534780262031e-18 5.84920554732222e-18 
4.49426245184195e+01 4.65287482367177e-18 5.49474873548919e-18 
4.49972660071957e+01 4.36895569109520e-18 5.16188070948978e-18 
4.50519074959719e+01 4.10246736182428e-18 4.84927988077323e-18 
4.51065489847481e+01 3.85233253192854e-18 4.55573289767272e-18 
4.51611904735243e+01 3.61755161857237e-18 4.28006684845518e-18 
4.52158319623005e+01 3.39716670853220e-18 4.02119760761737e-18 
4.52704734510767e+01 3.19029851871808e-18 3.77808383281144e-18 
4.53251149398529e+01 2.99610448081938e-18 3.54977098537413e-18 
4.53797564286291e+01 2.81381105340682e-18 3.33534227021381e-18 
4.54343979174053e+01 2.64267704655604e-18 3.13395715763362e-18 
4.54890394061815e+01 2.48202187366084e-18 2.94480841787734e-18 
4.55436808949577e+01 2.33119345700987e-18 2.76715583537970e-18 
4.55983223837339e+01 2.18959293259208e-18 2.60028857611064e-18 
4.56529638725101e+01 2.05664656097728e-18 2.44355469798798e-18 
4.57076053612863e+01 1.93182733312615e-18 2.29632818497864e-18 
4.57622468500625e+01 1.81463038369172e-18 2.15803478112915e-18 
4.58168883388386e+01 1.70459188892461e-18 2.02812310907799e-18 
4.58715298276148e+01 1.60126754302715e-18 1.90608728857447e-18 
4.59261713163910e+01 1.50424908959726e-18 1.79144163017160e-18 
4.59808128051672e+01 1.41314547711233e-18 1.68374044097512e-18 
4.60354542939434e+01 1.32759732204691e-18 1.58255584816621e-18 
4.60900957827196e+01 1.24726040797163e-18 1.48749514396930e-18 
4.61447372714958e+01 1.17181834069639e-18 1.39818134947211e-18 
4.61993787602720e+01 1.10096809773808e-18 1.31426840648222e-18 
4.62540202490482e+01 1.03443110287425e-18 1.23542414089187e-18 
4.63086617378244e+01 9.71940569645451e-19 1.16134357038812e-18 
4.63633032266006e+01 9.13251193936092e-19 1.09173396924438e-18 
4.64179447153768e+01 8.58128067416154e-19 1.02632652704233e-18 
4.64725862041530e+01 8.06355161658427e-19 9.64863254039911e-19 
4.65272276929292e+01 7.57725615584597e-19 9.07107196531691e-19 
4.65818691817054e+01 7.12049162713356e-19 8.52830954523422e-19 
4.66365106704816e+01 6.69143621276420e-19 8.01825633557027e-19 
4.66911521592577e+01 6.28841397061336e-19 7.53890774908323e-19 
4.67457936480339e+01 5.90982026356734e-19 7.08842201159177e-19 
4.68004351368101e+01 5.55417870151347e-19 6.66503184044863e-19 
4.68550766255863e+01 5.22007578849217e-19 6.26711321355669e-19 
4.69097181143625e+01 4.90621079002553e-19 5.89310789345352e-19 
4.69643596031387e+01 4.61133845150961e-19 5.54158371326747e-19 
4.70190010919149e+01 4.33431267530004e-19 5.21116660607373e-19 
4.70736425806911e+01 4.07403630734144e-19 4.90059346093762e-19 
4.71282840694673e+01 3.82949939719736e-19 4.60865248388534e-19 
4.71829255582435e+01 3.59973517531210e-19 4.33422954561645e-19 
4.72375670470197e+01 3.38385357201315e-19 4.07625584625996e-19 
4.72922085357959e+01 3.18100261742852e-19 3.83374856130879e-19 
4.73468500245721e+01 2.99039781061185e-19 3.60576490992879e-19 
4.74014915133483e+01 2.81128826998994e-19 3.39143780508507e-19 
4.74561330021245e+01 2.64298246960329e-19 3.18993553683048e-19 
4.75107744909007e+01 2.48481855177507e-19 3.00049304463100e-19 
4.75654159796768e+01 2.33618688266067e-19 2.82237652478455e-19 
4.76200574684530e+01 2.19650401213115e-19 2.65491086601773e-19 
4.76746989572292e+01 2.06523244419638e-19 2.49744857572442e-19 
4.77293404460054e+01 1.94185779320983e-19 2.34939385260790e-19 
4.77839819347816e+01 1.82590611523530e-19 2.21017530131086e-19 
4.78386234235578e+01 1.71692386576402e-19 2.07926705700084e-19 
4.78932649123340e+01 1.61449309483041e-19 1.95616482352430e-19 
4.79479064011102e+01 1.51821386049859e-19 1.84040441331934e-19 
4.80025478898864e+01 1.42771755270945e-19 1.73154070163370e-19 
4.80571893786626e+01 1.34265145972515e-19 1.62916390007018e-19 
4.81118308674388e+01 1.26269045261961e-19 1.53288106968271e-19 
4.81664723562150e+01 1.18752343943769e-19 1.44233040700818e-19 
4.82211138449912e+01 1.11686361332343e-19 1.35716500288674e-19 
4.82757553337674e+01 1.05043656202965e-19 1.27706538530252e-19 
4.83303968225436e+01 9.87989257387986e-20 1.20172524934477e-19 
4.83850383113198e+01 9.29279616583315e-20 1.13086247095106e-19 
4.84396798000960e+01 8.74084388549566e-20 1.06420656721594e-19 
4.84943212888722e+01 8.22189988615802e-20 1.00150836866497e-19 
4.85489627776483e+01 7.73399418062070e-20 9.42528998723557e-20 
4.86036042664245e+01 7.27524215799967e-20 8.87048368976587e-20 
4.86582457552007e+01 6.84390530394254e-20 8.34855492553190e-20 
4.87128872439769e+01 6.43832051753049e-20 7.85755946533164e-20 
4.87675287327531e+01 6.05695340109027e-20 7.39563356739800e-20 
4.88221702215293e+01 5.69833617606225e-20 6.96105953680477e-20 
4.88768117103055e+01 5.36111445773131e-20 6.55219086167792e-20 
4.89314531990817e+01 5.04399271704672e-20 6.16750981612880e-20 
4.89860946878579e+01 4.74577534215830e-20 5.80556163364480e-20 
4.90407361766341e+01 4.46531872291066e-20 5.46500512534287e-20 
4.90953776654103e+01 4.20156730178176e-20 5.14455479259059e-20 
4.91500191541865e+01 3.95351147142586e-20 4.84302531287137e-20 
4.92046606429627e+01 3.72021923069510e-20 4.55928062797848e-20 
4.92593021317389e+01 3.50079918517824e-20 4.29227304506589e-20 
4.93139436205151e+01 3.29442834789160e-20 4.04099845452196e-20 
4.93685851092913e+01 3.10031962000839e-20 3.80453070200637e-20 
4.94232265980675e+01 2.91774620917790e-20 3.58198219339532e-20 
4.94778680868436e+01 2.74601304409789e-20 3.37253411316521e-20 
4.95325095756198e+01 2.58447822507573e-20 3.17540176439852e-20 
4.95871510643960e+01 2.43252789310562e-20 2.98986113835900e-20 
4.96417925531722e+01 2.28959507618771e-20 2.81521841702600e-20 
4.96964340419484e+01 2.15513759230678e-20 2.65083333688240e-20 
4.97510755307246e+01 2.02865461026996e-20 2.49609235117833e-20 
4.98057170195008e+01 1.90966721747203e-20 2.35042917674185e-20 
4.98603585082770e+01 1.79773297480723e-20 2.21330117436461e-20 
4.99149999970532e+01 1.69242882524716e-20 2.08420741990326e-20 
4.99696414858294e+01 1.59336388803638e-20 1.96266791488193e-20 
5.00242829746056e+01 1.50016442368844e-20 1.84822028919139e-20 
5.00789244633818e+01 1.41242850466849e-20 1.74047253993364e-20 
5.01335659521580e+01 1.32982972796029e-20 1.63901579505678e-20 
5.01882074409342e+01 1.25206945356603e-20 1.54347786866723e-20 
5.02428489297104e+01 1.17886165736515e-20 1.45351595638458e-20 
5.02974904184866e+01 1.10994172198422e-20 1.36880132776698e-20 
5.03521319072627e+01 1.04505623134084e-20 1.28903009387274e-20 
5.04067733960389e+01 9.83970711240504e-21 1.21391086950600e-20 
5.04614148848151e+01 9.26460632798726e-21 1.14317425740488e-20 
5.05160563735913e+01 8.72318228497768e-21 1.07656196891252e-20 
5.05706978623675e+01 8.21344560983507e-21 1.01383517798346e-20 
5.06253393511437e+01 7.73355525240915e-21 9.54764927580189e-21 
5.06799808399199e+01 7.28174856326400e-21 8.99139488365340e-21 
5.07346223286961e+01 6.85639415058012e-21 8.46755898619323e-21 
5.07892638174723e+01 6.45593023274705e-21 7.97426446356913e-21 
5.08439053062485e+01 6.07891118767188e-21 7.50971208620276e-21 
5.08985467950247e+01 5.72395319895540e-21 7.07223761561412e-21 
5.09531882838009e+01 5.38977525217992e-21 6.66024600877194e-21 
5.10078297725771e+01 5.07515120961226e-21 6.27226171901571e-21 
5.10624712613533e+01 4.77894591768656e-21 5.90687066971045e-21 
5.11171127501295e+01 4.50007294791717e-21 5.56276456569008e-21 
5.11717542389057e+01 4.23752640028171e-21 5.23868971766326e-21 
5.12263957276818e+01 3.99034363853448e-21 4.93348607774793e-21 
5.12810372164580e+01 3.75763330422787e-21 4.64604210496710e-21 
5.13356787052342e+01 3.53854245435030e-21 4.37532915317625e-21 
5.13903201940104e+01 3.33228123915420e-21 4.12036166395354e-21 
5.14449616827866e+01 3.13809392028582e-21 3.88022746014810e-21 
5.14996031715628e+01 2.95528061140690e-21 3.65405263704923e-21 
5.15542446603390e+01 2.78317171686795e-21 3.44102824868233e-21 
5.16088861491152e+01 2.62114708643112e-21 3.24037934268916e-21 
5.16635276378914e+01 2.46861346905928e-21 3.05138846829356e-21 
5.17181691266676e+01 2.32502139109008e-21 2.87336836603449e-21 
5.17728106154438e+01 2.18984526774667e-21 2.70568267506827e-21 
5.18274521042200e+01 2.06259827719072e-21 2.54772184681933e-21 
5.18820935929962e+01 1.94281481467949e-21 2.39892138414660e-21 
5.19367350817724e+01 1.83006360243549e-21 2.25874059903919e-21 
5.19913765705486e+01 1.72393220865783e-21 2.12667867641836e-21 
5.20460180593248e+01 1.62403860455743e-21 2.00225594102340e-21 
5.21006595481009e+01 1.53001750327722e-21 1.88502800360143e-21 
5.21553010368771e+01 1.44153055028727e-21 1.77456924182161e-21 
5.22099425256533e+01 1.35825426620528e-21 1.67048525575426e-21 
5.22645840144295e+01 1.27988903461520e-21 1.57239830265256e-21 
5.23192255032057e+01 1.20614845827076e-21 1.47995826144049e-21 
5.23738669919819e+01 1.13676728893270e-21 1.39282979206856e-21 
5.24285084807581e+01 1.07149202889265e-21 1.31070198477550e-21 
5.24831499695343e+01 1.01008793030061e-21 1.23327704195082e-21 
5.25377914583105e+01 9.52330693723582e-22 1.16027876682029e-21 
5.25924329470867e+01 8.98012649377404e-22 1.09144258976669e-21 
5.26470744358629e+01 8.46935421851331e-22 1.02652303247211e-21 
5.27017159246391e+01 7.98915392420686e-22 9.65284921841439e-22 
5.27563574134153e+01 7.53777214404021e-22 9.07509949214172e-22 
5.28109989021915e+01 7.11358644099873e-22 8.52988933740460e-22 
5.28656403909677e+01 6.71504804742406e-22 8.01527581786106e-22 
5.29202818797439e+01 6.34072463387170e-22 7.52939678125082e-22 
5.29749233685201e+01 5.98924953310401e-22 7.07052137869954e-22 
5.30295648572963e+01 5.65935965198479e-22 6.63699018430541e-22 
5.30842063460724e+01 5.34985048285353e-22 6.22725945001342e-22 
5.31388478348486e+01 5.05960976332155e-22 5.83984849124519e-22 
5.31934893236248e+01 4.78757756983725e-22 5.47337838774468e-22 
5.32481308124010e+01 4.53277626130221e-22 5.12652580758919e-22 
5.33027723011772e+01 4.29427503034413e-22 4.79805677597457e-22 
5.33574137899534e+01 4.07121660633605e-22 4.48678621077695e-22 
5.34120552787296e+01 3.86278571073418e-22 4.19160730287361e-22 
5.34666967675058e+01 3.66823294237371e-22 3.91145612572687e-22 
5.35213382562820e+01 3.48684664533691e-22 3.64533710126920e-22 
5.35759797450582e+01 3.31797435345265e-22 3.39229212516143e-22 
5.36306212338344e+01 3.16099763353098e-22 3.15142253039435e-22 
5.36852627226106e+01 3.01535142605764e-22 2.92186224018232e-22 
5.37399042113868e+01 2.88050147413730e-22 2.70279658626009e-22 
5.37945457001630e+01 2.75596186279252e-22 2.49343906391530e-22 
5.38491871889392e+01 2.64127468536180e-22 2.29304731261062e-22 
5.39038286777154e+01 2.53602605401511e-22 2.10090310341606e-22 
5.39584701664915e+01 2.43982769132150e-22 1.91632574528051e-22 
5.40131116552677e+01 2.35233165908625e-22 1.73865498496970e-22 
5.40677531440439e+01 2.27321359391725e-22 1.56726206234689e-22 
5.41223946328201e+01 2.20218637984711e-22 1.40153524763288e-22 
5.41770361215963e+01 2.13898477349153e-22 1.24088873280618e-22 
5.42316776103725e+01 2.08337822777953e-22 1.08475057127133e-22 
5.42863190991487e+01 2.03515667514771e-22 9.32569559387002e-23 
5.43409605879249e+01 1.99414269475356e-22 7.83805380081773e-23 
5.43956020767011e+01 1.96017824146179e-22 6.37933598051649e-23 
5.44502435654773e+01 1.93313633690127e-22 4.94437842057984e-23 
5.45048850542535e+01 1.91290854809378e-22 3.52813009034925e-23 
5.45595265430297e+01 1.89941637342068e-22 2.12559350250225e-23 
5.46141680318059e+01 1.89259928789162e-22 1.42739280089868e-23 
