Energy(eV)           EEDF(eV^-(3/2))      Anisotropy(eV^-(3/2))
6.26196465934781e-02 4.03508278304006e-02 1.77586292330883e-03 
1.87858939780434e-01 4.03104807332929e-02 1.06504659352417e-02 
3.13098232967390e-01 4.02912273852956e-02 1.02833283047400e-02 
4.38337526154347e-01 4.02649872566503e-02 1.00966174533664e-02 
5.63576819341303e-01 4.02290644225528e-02 9.96587855256944e-03 
6.88816112528259e-01 4.01836193631361e-02 9.85054215698729e-03 
8.14055405715215e-01 4.01286204285869e-02 9.74276789161789e-03 
9.39294698902172e-01 4.00641568480683e-02 9.63911458049695e-03 
1.06453399208913e+00 3.99903437371296e-02 9.53878677711935e-03 
1.18977328527608e+00 3.99092687343208e-02 9.43971696049037e-03 
1.31501257846304e+00 3.98205273614458e-02 9.34285992860530e-03 
1.44025187165000e+00 3.97242763439697e-02 9.24844116934846e-03 
1.56549116483695e+00 3.96211226751960e-02 9.15676902493776e-03 
1.69073045802391e+00 3.95134262973081e-02 9.06654500293597e-03 
1.81596975121087e+00 3.94012548842102e-02 8.97787230471735e-03 
1.94120904439782e+00 3.92846817511363e-02 8.89007068109931e-03 
2.06644833758478e+00 3.91614613453217e-02 8.80387420470184e-03 
2.19168763077173e+00 3.90318876195965e-02 8.71883249036394e-03 
2.31692692395869e+00 3.88973983648436e-02 8.63458705980532e-03 
2.44216621714565e+00 3.87570543943918e-02 8.55228052794414e-03 
2.56740551033260e+00 3.86108813646659e-02 8.47190405121395e-03 
2.69264480351956e+00 3.84572577623700e-02 8.39380366158290e-03 
2.81788409670651e+00 3.82963061488797e-02 8.31754341413577e-03 
2.94312338989347e+00 3.81287101954040e-02 8.24282915422128e-03 
3.06836268308043e+00 3.79549301464729e-02 8.16956922374678e-03 
3.19360197626738e+00 3.77758897785738e-02 8.09748473144029e-03 
3.31884126945434e+00 3.75916793335732e-02 8.02696621247747e-03 
3.44408056264130e+00 3.74023695024240e-02 7.95888855119396e-03 
3.56931985582825e+00 3.72080013492080e-02 7.89379355233236e-03 
3.69455914901521e+00 3.70087132536649e-02 7.83150900055280e-03 
3.81979844220216e+00 3.68048461647815e-02 7.77162220334216e-03 
3.94503773538912e+00 3.65964329103673e-02 7.71382981680616e-03 
4.07027702857608e+00 3.63834651144960e-02 7.65780984448055e-03 
4.19551632176303e+00 3.61653023794870e-02 7.60339357987075e-03 
4.32075561494999e+00 3.59419977469429e-02 7.55030852201433e-03 
4.44599490813694e+00 3.57136068625754e-02 7.49838314251939e-03 
4.57123420132390e+00 3.54802519284915e-02 7.44787668938935e-03 
4.69647349451086e+00 3.52428433222675e-02 7.39920751527692e-03 
4.82171278769781e+00 3.50013858591932e-02 7.35248383326646e-03 
4.94695208088477e+00 3.47558903764583e-02 7.30740262575618e-03 
5.07219137407173e+00 3.45063028801665e-02 7.26360224886785e-03 
5.19743066725868e+00 3.42518037060219e-02 7.22058674837998e-03 
5.32266996044564e+00 3.39924545275363e-02 7.17770083774484e-03 
5.44790925363260e+00 3.37283341571963e-02 7.13467715927384e-03 
5.57314854681955e+00 3.34595236987435e-02 7.09146761785883e-03 
5.69838784000651e+00 3.31861065067575e-02 7.04803183394579e-03 
5.82362713319346e+00 3.29081679531900e-02 7.00433886089917e-03 
5.94886642638042e+00 3.26257951825011e-02 6.96036485280070e-03 
6.07410571956738e+00 3.23390365657018e-02 6.91609794082070e-03 
6.19934501275433e+00 3.20475848345229e-02 6.87161429879956e-03 
6.32458430594129e+00 3.17515318674115e-02 6.82695941865989e-03 
6.44982359912824e+00 3.14509680487913e-02 6.78214763691130e-03 
6.57506289231520e+00 3.11459850308029e-02 6.73716278426888e-03 
6.70030218550216e+00 3.08366756392691e-02 6.69199343141444e-03 
6.82554147868911e+00 3.05231336443360e-02 6.64663239865336e-03 
6.95078077187607e+00 3.02054536685195e-02 6.60106977793196e-03 
7.07602006506303e+00 2.98834632535309e-02 6.55525445962591e-03 
7.20125935824998e+00 2.95550448608992e-02 6.50926495068506e-03 
7.32649865143694e+00 2.92203366681149e-02 6.46292261755518e-03 
7.45173794462389e+00 2.88794807921966e-02 6.41622265673426e-03 
7.57697723781085e+00 2.85326187846238e-02 6.36920278023678e-03 
7.70221653099781e+00 2.81798915149805e-02 6.32190031864184e-03 
7.82745582418476e+00 2.78214389273102e-02 6.27435219024242e-03 
7.95269511737172e+00 2.74573999325093e-02 6.22659937663040e-03 
8.07793441055868e+00 2.70881286006746e-02 6.17869521464649e-03 
8.20317370374563e+00 2.67152993506749e-02 6.13058428233066e-03 
8.32841299693259e+00 2.63390195569932e-02 6.08236960183710e-03 
8.45365229011954e+00 2.59593949091302e-02 6.03408215748883e-03 
8.57889158330650e+00 2.55765295473088e-02 5.98573125964040e-03 
8.70413087649346e+00 2.51905284507022e-02 5.93731171943767e-03 
8.82937016968041e+00 2.48014968627196e-02 5.88883945183155e-03 
8.95460946286737e+00 2.44095381088103e-02 5.84034639722053e-03 
9.07984875605433e+00 2.40147534858005e-02 5.79186334059529e-03 
9.20508804924128e+00 2.36172422628455e-02 5.74341997237239e-03 
9.33032734242824e+00 2.32171015744236e-02 5.69504506830849e-03 
9.45556663561519e+00 2.28144264073944e-02 5.64676649371454e-03 
9.58080592880215e+00 2.24093095029777e-02 5.59861108169365e-03 
9.70604522198911e+00 2.20018413710271e-02 5.55060454850290e-03 
9.83128451517606e+00 2.15921102152795e-02 5.50277154245644e-03 
9.95652380836302e+00 2.11802019520178e-02 5.45514882094343e-03 
1.00817631015500e+01 2.07670165405913e-02 5.40778413349642e-03 
1.02070023947369e+01 2.03571062034787e-02 5.36047455179582e-03 
1.03322416879239e+01 1.99504574125467e-02 5.31342628645800e-03 
1.04574809811108e+01 1.95470553153240e-02 5.26665603518263e-03 
1.05827202742978e+01 1.91468837537627e-02 5.22017972666118e-03 
1.07079595674848e+01 1.87499253539376e-02 5.17401255932739e-03 
1.08331988606717e+01 1.83561615393906e-02 5.12814884182813e-03 
1.09584381538587e+01 1.79655757047068e-02 5.08255891254253e-03 
1.10836774470456e+01 1.75781537133956e-02 5.03723177038110e-03 
1.12089167402326e+01 1.71938805554228e-02 4.99218466532535e-03 
1.13341560334195e+01 1.68127393630919e-02 4.94744012815621e-03 
1.14593953266065e+01 1.64347115757635e-02 4.90293827655706e-03 
1.15846346197934e+01 1.60597575856235e-02 4.85817770656097e-03 
1.17098739129804e+01 1.56877887853361e-02 4.81241891826210e-03 
1.18351132061674e+01 1.53189157596733e-02 4.76539609105290e-03 
1.19603524993543e+01 1.49532407433169e-02 4.71722619766994e-03 
1.20855917925413e+01 1.45911127085740e-02 4.66802517950391e-03 
1.22108310857282e+01 1.42337350244400e-02 4.61783099064476e-03 
1.23360703789152e+01 1.38811564628650e-02 4.56679404775162e-03 
1.24613096721021e+01 1.35334179334375e-02 4.51500838173366e-03 
1.25865489652891e+01 1.31905528414814e-02 4.46256419426859e-03 
1.27117882584761e+01 1.28525874616490e-02 4.40950147807904e-03 
1.28370275516630e+01 1.25195273339688e-02 4.35578639931843e-03 
1.29622668448500e+01 1.21913897363988e-02 4.30140426381564e-03 
1.30875061380369e+01 1.18682034883359e-02 4.24641724314164e-03 
1.32127454312239e+01 1.15499900857738e-02 4.19091576715857e-03 
1.33379847244108e+01 1.12367640475545e-02 4.13498274674427e-03 
1.34632240175978e+01 1.09285338351282e-02 4.07869336619119e-03 
1.35884633107847e+01 1.06253022157656e-02 4.02212309473519e-03 
1.37137026039717e+01 1.03270659697262e-02 3.96530024132303e-03 
1.38389418971587e+01 1.00337988490131e-02 3.90818039184836e-03 
1.39641811903456e+01 9.74548955619729e-03 3.85074114982579e-03 
1.40894204835326e+01 9.46214036467016e-03 3.79303825945511e-03 
1.42146597767195e+01 9.18374707762757e-03 3.73515517739585e-03 
1.43398990699065e+01 8.91029936273804e-03 3.67717162650680e-03 
1.44651383630934e+01 8.64178108642838e-03 3.61916370908730e-03 
1.45903776562804e+01 8.37817062524694e-03 3.56120401886817e-03 
1.47156169494674e+01 8.11944117727149e-03 3.50326359901459e-03 
1.48408562426543e+01 7.86552044469367e-03 3.44517685432189e-03 
1.49660955358413e+01 7.61637608040362e-03 3.38683307298049e-03 
1.50913348290282e+01 7.37207486629677e-03 3.32827691265495e-03 
1.52165741222152e+01 7.13282392225717e-03 3.26958265349891e-03 
1.53418134154021e+01 6.89860089649010e-03 3.21085636120292e-03 
1.54670527085891e+01 6.66937702900470e-03 3.15218405427251e-03 
1.55922920017760e+01 6.44511755194987e-03 3.09364645460632e-03 
1.57175312949630e+01 6.22578221180904e-03 3.03531807443186e-03 
1.58427705881500e+01 6.01132578765692e-03 2.97725335119325e-03 
1.59680098813369e+01 5.80153709992747e-03 2.91830219970729e-03 
1.60932491745239e+01 5.59643819272122e-03 2.85834756068058e-03 
1.62184884677108e+01 5.39598921650487e-03 2.79741802512674e-03 
1.63437277608978e+01 5.20031665358477e-03 2.73565236928671e-03 
1.64689670540847e+01 5.00937809685106e-03 2.67327529685824e-03 
1.65942063472717e+01 4.82328329232663e-03 2.61052355706760e-03 
1.67194456404587e+01 4.64200021904453e-03 2.54771451584297e-03 
1.68446849336456e+01 4.46557443303161e-03 2.48499927174539e-03 
1.69699242268326e+01 4.29390628257890e-03 2.42250437675303e-03 
1.70951635200195e+01 4.12708503718402e-03 2.36019275949063e-03 
1.72204028132065e+01 3.96518182498540e-03 2.29800751612584e-03 
1.73456421063934e+01 3.80821770094235e-03 2.23600143383240e-03 
1.74708813995804e+01 3.65608208192313e-03 2.17429405890533e-03 
1.75961206927673e+01 3.50877615927642e-03 2.11294608647598e-03 
1.77213599859543e+01 3.36617200344274e-03 2.05204876487218e-03 
1.78465992791413e+01 3.22826352853672e-03 1.99165488389155e-03 
1.79718385723282e+01 3.09492638960661e-03 1.93187037046162e-03 
1.80970778655152e+01 2.96613820526331e-03 1.87273031177893e-03 
1.82223171587021e+01 2.84176418928774e-03 1.81431378105363e-03 
1.83475564518891e+01 2.72177570921630e-03 1.75665151443100e-03 
1.84727957450760e+01 2.60604203043614e-03 1.69983663084668e-03 
1.85980350382630e+01 2.49452885215307e-03 1.64392370358002e-03 
1.87232743314500e+01 2.38711274530861e-03 1.58901682213301e-03 
1.88485136246369e+01 2.28373973431423e-03 1.53514066396803e-03 
1.89737529178239e+01 2.18427036753907e-03 1.48234953294277e-03 
1.90989922110108e+01 2.08864513554030e-03 1.43064133638033e-03 
1.92242315041978e+01 1.99672655895634e-03 1.38006058124037e-03 
1.93494707973847e+01 1.90845101163938e-03 1.33059771765950e-03 
1.94747100905717e+01 1.82368402018687e-03 1.28228809794793e-03 
1.95999493837586e+01 1.74235912832339e-03 1.23511592933195e-03 
1.97251886769456e+01 1.66434570414670e-03 1.18910823319541e-03 
1.98504279701326e+01 1.58957559885650e-03 1.14424517254333e-03 
1.99756672633195e+01 1.51792350158272e-03 1.10054970569263e-03 
2.01009065565065e+01 1.44924871576362e-03 1.05802617713582e-03 
2.02261458496934e+01 1.38326144711248e-03 1.01675757205293e-03 
2.03513851428804e+01 1.31990624670378e-03 9.76693190406353e-04 
2.04766244360673e+01 1.25908000063785e-03 9.37838423578119e-04 
2.06018637292543e+01 1.20072681429519e-03 9.00161255784284e-04 
2.07271030224413e+01 1.14474788060887e-03 8.63662709012405e-04 
2.08523423156282e+01 1.09108740921758e-03 8.28309588412678e-04 
2.09775816088152e+01 1.03965103896943e-03 7.94099148118644e-04 
2.11028209020021e+01 9.90383555193085e-04 7.60997407762047e-04 
2.12280601951891e+01 9.43195130577748e-04 7.28998405942501e-04 
2.13532994883760e+01 8.98031525724025e-04 6.98067727082469e-04 
2.14785387815630e+01 8.54807489749430e-04 6.68196698130868e-04 
2.16037780747499e+01 8.13470092785469e-04 6.39350736763667e-04 
2.17290173679369e+01 7.73938668285928e-04 6.11518806887410e-04 
2.18542566611239e+01 7.36161884830892e-04 5.84666418688355e-04 
2.19794959543108e+01 7.00063634830102e-04 5.58784060151052e-04 
2.21047352474978e+01 6.65596871882787e-04 5.33847578808934e-04 
2.22299745406847e+01 6.32693791060488e-04 5.09864530380382e-04 
2.23552138338717e+01 6.01313520435176e-04 4.86822227397474e-04 
2.24804531270586e+01 5.71386572216891e-04 4.64715744818064e-04 
2.26056924202456e+01 5.42861425632088e-04 4.43508038186598e-04 
2.27309317134326e+01 5.15669915880188e-04 4.23175944502675e-04 
2.28561710066195e+01 4.89763841985630e-04 4.03680679892434e-04 
2.29814102998065e+01 4.65080302332620e-04 3.84999753698075e-04 
2.31066495929934e+01 4.41574295944921e-04 3.67096754223094e-04 
2.32318888861804e+01 4.19187847722089e-04 3.49949946008612e-04 
2.33571281793673e+01 3.97879028365255e-04 3.33525195326396e-04 
2.34823674725543e+01 3.77594467269896e-04 3.17801584336043e-04 
2.36076067657412e+01 3.58295172584509e-04 3.02747160917685e-04 
2.37328460589282e+01 3.39932070996205e-04 2.88342281466685e-04 
2.38580853521152e+01 3.22469297777193e-04 2.74558207131245e-04 
2.39833246453021e+01 3.05862223077691e-04 2.61376870717563e-04 
2.41085639384891e+01 2.90077022824305e-04 2.48770711968135e-04 
2.42338032316760e+01 2.75072103874511e-04 2.36721172676357e-04 
2.43590425248630e+01 2.60816212985795e-04 2.25201895477972e-04 
2.44842818180499e+01 2.47271278716318e-04 2.14195275559269e-04 
2.46095211112369e+01 2.34408473515112e-04 2.03676818551969e-04 
2.47347604044238e+01 2.22192988618515e-04 1.93632405031995e-04 
2.48599996976108e+01 2.10600338569752e-04 1.84042677365413e-04 
2.49852389907978e+01 1.99598612431363e-04 1.74893886986425e-04 
2.51104782839847e+01 1.89156409055723e-04 1.66167862285429e-04 
2.52357175771717e+01 1.79234932944298e-04 1.57854456685681e-04 
2.53609568703586e+01 1.69812212072981e-04 1.49932032164851e-04 
2.54861961635456e+01 1.60862234724275e-04 1.42385803004963e-04 
2.56114354567325e+01 1.52364845865583e-04 1.35196867126161e-04 
2.57366747499195e+01 1.44296354885442e-04 1.28351510568354e-04 
2.58619140431065e+01 1.36638291831757e-04 1.21832398025243e-04 
2.59871533362934e+01 1.29369094622463e-04 1.15626825821298e-04 
2.61123926294804e+01 1.22471854063493e-04 1.09718906214397e-04 
2.62376319226673e+01 1.15926958694843e-04 1.04096885803811e-04 
2.63628712158543e+01 1.09718943162735e-04 9.87462133969468e-05 
2.64881105090412e+01 1.03829982381331e-04 9.36560274923559e-05 
2.66133498022282e+01 9.82459451196922e-05 8.88130095774307e-05 
2.67385890954152e+01 9.29506411968812e-05 8.42071333547516e-05 
2.68638283886021e+01 8.79311707777593e-05 7.98262164211780e-05 
2.69890676817891e+01 8.31728389964173e-05 7.56616823390645e-05 
2.71143069749760e+01 7.86644413324945e-05 7.17039614019100e-05 
2.72395462681630e+01 7.43932227602886e-05 6.79458910230342e-05 
2.73647855613499e+01 7.03480556000178e-05 6.43776786699773e-05 
2.74900248545369e+01 6.65164967674690e-05 6.09909812307410e-05 
2.76152641477238e+01 6.28884648878868e-05 5.77760518654735e-05 
2.77405034409108e+01 5.94527332841198e-05 5.47252844298967e-05 
2.78657427340978e+01 5.62001735882946e-05 5.18298436604936e-05 
2.79909820272847e+01 5.31206609074637e-05 4.90827995131507e-05 
2.81162213204717e+01 5.02059343757478e-05 4.64761462879490e-05 
2.82414606136586e+01 4.74468666567227e-05 4.40035736928283e-05 
2.83666999068456e+01 4.48359860870758e-05 4.16578306107680e-05 
2.84919392000325e+01 4.23650681551747e-05 3.94331743922647e-05 
2.86171784932195e+01 4.00273587560047e-05 3.73230399775614e-05 
2.87424177864064e+01 3.78154501421652e-05 3.53222042342624e-05 
2.88676570795934e+01 3.57232402615691e-05 3.34247255950862e-05 
2.89928963727804e+01 3.37440599808766e-05 3.16258560124200e-05 
2.91181356659673e+01 3.18723994564463e-05 2.99202201881571e-05 
2.92433749591543e+01 3.01022572473207e-05 2.83035041389540e-05 
2.93686142523412e+01 2.84286610935218e-05 2.67708466418143e-05 
2.94938535455282e+01 2.68462129125248e-05 2.53183300285107e-05 
2.96190928387151e+01 2.53504282012255e-05 2.39415595330984e-05 
2.97443321319021e+01 2.39364539066041e-05 2.26369790463214e-05 
2.98695714250891e+01 2.26002478680164e-05 2.14006168202895e-05 
2.99948107182760e+01 2.13374492062498e-05 2.02294255347240e-05 
3.01200500114630e+01 2.01443401647299e-05 1.91203870767700e-05 
3.02452893046499e+01 1.90168828283396e-05 1.80710977784177e-05 
3.03705285978369e+01 1.79517265750787e-05 1.70783558685203e-05 
3.04957678910238e+01 1.69452926011528e-05 1.61393694946092e-05 
3.06210071842108e+01 1.59945745266104e-05 1.52510819157272e-05 
3.07462464773977e+01 1.50963695279329e-05 1.44109805827365e-05 
3.08714857705847e+01 1.42479808399138e-05 1.36163237126689e-05 
3.09967250637717e+01 1.34465426917666e-05 1.28648509569065e-05 
3.11219643569586e+01 1.26896366861684e-05 1.21541036022587e-05 
3.12472036501456e+01 1.19746991385816e-05 1.14820486584523e-05 
3.13724429433325e+01 1.12995618680370e-05 1.08464815561091e-05 
3.14976822365195e+01 1.06619319001410e-05 1.02455742587377e-05 
3.16229215297064e+01 1.00598659086953e-05 9.67735042107699e-06 
3.17481608228934e+01 9.49131346906062e-06 9.14016672709078e-06 
3.18734001160804e+01 8.95453326620834e-06 8.63225174017745e-06 
3.19986394092673e+01 8.44769215585390e-06 8.15212857536416e-06 
3.21238787024543e+01 7.96923026509387e-06 7.69820973475878e-06 
3.22491179956412e+01 7.51750905928586e-06 7.26916823747205e-06 
3.23743572888282e+01 7.09113159262409e-06 6.86358166656481e-06 
3.24995965820151e+01 6.68863360500160e-06 6.48026628293334e-06 
3.26248358752021e+01 6.30877157258762e-06 6.11796292646387e-06 
3.27500751683890e+01 5.95024187814107e-06 5.77561384401519e-06 
3.28753144615760e+01 5.61192094623710e-06 5.45207987383840e-06 
3.30005537547630e+01 5.29263660629969e-06 5.14642872931945e-06 
3.31257930479499e+01 4.99141345917886e-06 4.85769466967043e-06 
3.32510323411369e+01 4.70722330537411e-06 4.58506163461001e-06 
3.33762716343238e+01 4.43915084134271e-06 4.32761999190938e-06 
3.35015109275108e+01 4.18624748120605e-06 4.08457133745879e-06 
3.36267502206977e+01 3.94769691901757e-06 3.85507457199566e-06 
3.37519895138847e+01 3.72265449511824e-06 3.63841627100405e-06 
3.38772288070717e+01 3.51039226777995e-06 3.43384630548504e-06 
3.40024681002586e+01 3.31015816696676e-06 3.24072724844531e-06 
3.41277073934456e+01 3.12130311610979e-06 3.05839013705191e-06 
3.42529466866325e+01 2.94315753038295e-06 2.88626550150763e-06 
3.43781859798195e+01 2.77514271358213e-06 2.72375679394969e-06 
3.45034252730064e+01 2.61666256040874e-06 2.57035530530572e-06 
3.46286645661934e+01 2.46720117703925e-06 2.42552909157846e-06 
3.47539038593803e+01 2.32622791171717e-06 2.28882376386179e-06 
3.48791431525673e+01 2.19328290567644e-06 2.15976501014610e-06 
3.50043824457543e+01 2.06789380825753e-06 2.03795809975014e-06 
3.51296217389412e+01 1.94966047189295e-06 1.92299866921282e-06 
3.52548610321282e+01 1.83816745059035e-06 1.81453705872313e-06 
3.53801003253151e+01 1.73304192200761e-06 1.71218009583139e-06 
3.55053396185021e+01 1.63389199261516e-06 1.61558237276028e-06 
3.56305789116890e+01 1.54039308651695e-06 1.52439207328567e-06 
3.57558182048760e+01 1.45221313766399e-06 1.43832160624542e-06 
3.58810574980630e+01 1.36906285043884e-06 1.35707235809173e-06 
3.60062967912499e+01 1.29064667877465e-06 1.28038747745961e-06 
3.61315360844369e+01 1.21670680232544e-06 1.20800074194610e-06 
3.62567753776238e+01 1.14698019997938e-06 1.13968277631979e-06 
3.63820146708108e+01 1.08123712930386e-06 1.07519624810835e-06 
3.65072539639977e+01 1.01924353457712e-06 1.01433633784483e-06 
3.66324932571847e+01 9.60794718290659e-07 9.56891483875416e-07 
3.67577325503716e+01 9.05682418121322e-07 9.02678821548491e-07 
3.68829718435586e+01 8.53724272726967e-07 8.51509767323887e-07 
3.70082111367456e+01 8.04734987804923e-07 8.03221048829650e-07 
3.71334504299325e+01 7.58552123397697e-07 7.57644561453752e-07 
3.72586897231195e+01 7.15010837664879e-07 7.14634545771077e-07 
3.73839290163064e+01 6.73966455892517e-07 6.74041165694363e-07 
3.75091683094934e+01 6.35272346988512e-07 6.35739831694522e-07 
3.76344076026803e+01 5.98804562025719e-07 5.99605442631793e-07 
3.77596468958673e+01 5.64434631554449e-07 5.65528898431641e-07 
3.78848861890542e+01 5.32045476091423e-07 5.33391808077684e-07 
3.80101254822412e+01 5.01519044179863e-07 5.03087594346205e-07 
3.81353647754282e+01 4.72751361058983e-07 4.74507458469986e-07 
3.82606040686151e+01 4.45637701789760e-07 4.47556623822510e-07 
3.83858433618021e+01 4.20085727435546e-07 4.22138466626873e-07 
3.85110826549890e+01 3.96002530652413e-07 3.98168701262758e-07 
3.86363219481760e+01 3.73306104421137e-07 3.75561510618253e-07 
3.87615612413629e+01 3.51914021606921e-07 3.54241935460434e-07 
3.88868005345499e+01 3.31753449702388e-07 3.34133750208865e-07 
3.90120398277369e+01 3.12751256500024e-07 3.15170287124555e-07 
3.91372791209238e+01 2.94842756587005e-07 2.97283836337113e-07 
3.92625184141108e+01 2.77963061890918e-07 2.80415102660608e-07 
3.93877577072977e+01 2.62054721934473e-07 2.64503936323117e-07 
3.95129970004847e+01 2.47060161270914e-07 2.49497596913987e-07 
3.96382362936716e+01 2.32928354607216e-07 2.35342646530671e-07 
3.97634755868586e+01 2.19608213336859e-07 2.21992172466417e-07 
3.98887148800455e+01 2.07054418509902e-07 2.09398695907688e-07 
4.00139541732325e+01 1.95221636265608e-07 1.97521851897818e-07 
4.01391934664195e+01 1.84070833325039e-07 1.86321379914501e-07 
4.02644327596064e+01 1.73562148835349e-07 1.75761766890602e-07 
4.03896720527934e+01 1.63659292386373e-07 1.65805598116150e-07 
4.05149113459803e+01 1.54326092355702e-07 1.56419174805803e-07 
4.06401506391673e+01 1.45530374304228e-07 1.47568561467028e-07 
4.07653899323542e+01 1.37240094326880e-07 1.39223855966965e-07 
4.08906292255412e+01 1.29426723404130e-07 1.31354973169412e-07 
4.10158685187282e+01 1.22061870301086e-07 1.23935371910177e-07 
4.11411078119151e+01 1.15120235589630e-07 1.16938374761874e-07 
4.12663471051021e+01 1.08576661006613e-07 1.10340422812340e-07 
4.13915863982890e+01 1.02408708437709e-07 1.04117858372387e-07 
4.15168256914760e+01 9.65940813542607e-08 9.82497673158027e-08 
4.16420649846629e+01 9.11128769547495e-08 9.27151667739897e-08 
4.17673042778499e+01 8.59453322007412e-08 8.74954881685247e-08 
4.18925435710368e+01 8.10737910198005e-08 8.25721182816296e-08 
4.20177828642238e+01 7.64807335914376e-08 7.79286179935632e-08 
4.21430221574108e+01 7.21505391112425e-08 7.35485391331376e-08 
4.22682614505977e+01 6.80676845361063e-08 6.94172934639145e-08 
4.23935007437847e+01 6.42182518505334e-08 6.55202290413110e-08 
4.25187400369716e+01 6.05884510467717e-08 6.18443173104325e-08 
4.26439793301586e+01 5.71659327855472e-08 5.83765337755723e-08 
4.27692186233455e+01 5.39384691163898e-08 5.51053078494520e-08 
4.28944579165325e+01 5.08951011521396e-08 5.20190815979968e-08 
4.30196972097195e+01 4.80249844886065e-08 4.91075778928424e-08 
4.31449365029064e+01 4.53183928739954e-08 4.63605386823041e-08 
4.32701757960934e+01 4.27657075192693e-08 4.37688344999332e-08 
4.33954150892803e+01 4.03582950440770e-08 4.13233596169688e-08 
4.35206543824673e+01 3.80876225298684e-08 3.90160029986304e-08 
4.36458936756542e+01 3.59460256757846e-08 3.68386805857589e-08 
4.37711329688412e+01 3.39259337629417e-08 3.47841852238194e-08 
4.38963722620282e+01 3.20205419097196e-08 3.28453388388941e-08 
4.40216115552151e+01 3.02231321328766e-08 3.10157365828752e-08 
4.41468508484021e+01 2.85276618171738e-08 2.92890038631797e-08 
4.42720901415890e+01 2.69281688159973e-08 2.76594480607800e-08 
4.43973294347760e+01 2.54192866987173e-08 2.61214072860023e-08 
4.45225687279629e+01 2.39957233640995e-08 2.46698212806097e-08 
4.46478080211499e+01 2.26527122825999e-08 2.32996604320600e-08 
4.47730473143368e+01 2.13855554302907e-08 2.20064260040226e-08 
4.48982866075238e+01 2.01900185695541e-08 2.07856493947297e-08 
4.50235259007108e+01 1.90619304743243e-08 1.96333305513583e-08 
4.51487651938977e+01 1.79975292701120e-08 1.85454987232461e-08 
4.52740044870847e+01 1.69931109355280e-08 1.75185967923961e-08 
4.53992437802716e+01 1.60453328315360e-08 1.65490958756433e-08 
4.55244830734586e+01 1.51509053487698e-08 1.56338323245630e-08 
4.56497223666455e+01 1.43068579792698e-08 1.47696694931292e-08 
4.57749616598325e+01 1.35102687507968e-08 1.39537933067802e-08 
4.59002009530194e+01 1.27584975171997e-08 1.31834153519111e-08 
4.60254402462064e+01 1.20489484943341e-08 1.24560321695111e-08 
4.61506795393934e+01 1.13792748547339e-08 1.17691645558036e-08 
4.62759188325803e+01 1.07471702675277e-08 1.11205850865718e-08 
4.64011581257673e+01 1.01505483680310e-08 1.05080891581633e-08 
4.65263974189542e+01 9.58735971723307e-09 9.92969468208687e-09 
4.66516367121412e+01 9.05574926754787e-09 9.38344095439137e-09 
4.67768760053281e+01 8.55389560559772e-09 8.86756396566890e-09 
4.69021152985151e+01 8.08014914318837e-09 8.38031967491487e-09 
4.70273545917021e+01 7.63289089858001e-09 7.92013794842556e-09 
4.71525938848890e+01 7.21065379941957e-09 7.48546724069500e-09 
4.72778331780760e+01 6.81199859972039e-09 7.07490979878081e-09 
4.74030724712629e+01 6.43562038258573e-09 6.68708512547930e-09 
4.75283117644499e+01 6.08023950902970e-09 6.32074875652229e-09 
4.76535510576368e+01 5.74469514728849e-09 5.97467220705878e-09 
4.77787903508238e+01 5.42784941090591e-09 5.64774734143582e-09 
4.79040296440107e+01 5.12866951340153e-09 5.33888078887090e-09 
4.80292689371977e+01 4.84614348150463e-09 5.04707994406871e-09 
4.81545082303847e+01 4.57934709641116e-09 4.77136511155723e-09 
4.82797475235716e+01 4.32737989146884e-09 4.51085177429817e-09 
4.84049868167586e+01 4.08942582923130e-09 4.26467397483027e-09 
4.85302261099455e+01 3.86468576193902e-09 4.03205097353664e-09 
4.86554654031325e+01 3.65243320957136e-09 3.81221329586759e-09 
4.87807046963194e+01 3.45195700335281e-09 3.60446509228439e-09 
4.89059439895064e+01 3.26261032605635e-09 3.40812087281986e-09 
4.90311832826934e+01 3.08376023269417e-09 3.22256036335818e-09 
4.91564225758803e+01 2.91483077667476e-09 3.04717280214402e-09 
4.92816618690673e+01 2.75525857309362e-09 2.88140520468821e-09 
4.94069011622542e+01 2.60453073268733e-09 2.72471330874673e-09 
4.95321404554412e+01 2.46214573544011e-09 2.57660404788799e-09 
4.96573797486281e+01 2.32764680530986e-09 2.43659234316329e-09 
4.97826190418151e+01 2.20058745148166e-09 2.30423848707712e-09 
4.99078583350020e+01 2.08056083896310e-09 2.17911007806349e-09 
5.00330976281890e+01 1.96716943333473e-09 2.06080265383975e-09 
5.01583369213760e+01 1.86000230250510e-09 1.94895510002980e-09 
5.02835762145629e+01 1.75869643497160e-09 1.84321366859494e-09 
5.04088155077499e+01 1.66293509548456e-09 1.74323345239745e-09 
5.05340548009368e+01 1.57240845481896e-09 1.64870497681345e-09 
5.06592940941238e+01 1.48683372434453e-09 1.55932412480023e-09 
5.07845333873107e+01 1.40593438564867e-09 1.47481446874201e-09 
5.09097726804977e+01 1.32945794348420e-09 1.39490448783747e-09 
5.10350119736847e+01 1.25715759246267e-09 1.31934725840465e-09 
5.11602512668716e+01 1.18880787216855e-09 1.24790034607274e-09 
5.12854905600586e+01 1.12418848276570e-09 1.18034316947853e-09 
5.14107298532455e+01 1.06309809198947e-09 1.11645925063686e-09 
5.15359691464325e+01 1.00534004585548e-09 1.05605152911554e-09 
5.16612084396194e+01 9.50734547287831e-10 9.98926691749212e-10 
5.17864477328064e+01 8.99106038338708e-10 9.44908681119773e-10 
5.19116870259933e+01 8.50293943878046e-10 8.93824859019386e-10 
5.20369263191803e+01 8.04141528324864e-10 8.45516656930247e-10 
5.21621656123673e+01 7.60504208925974e-10 7.99828612661162e-10 
5.22874049055542e+01 7.19242073659783e-10 7.56619052026047e-10 
5.24126441987412e+01 6.80227378128499e-10 7.15750455951798e-10 
5.25378834919281e+01 6.43335484502272e-10 6.77097692417757e-10 
5.26631227851151e+01 6.08452247661557e-10 6.40538165040926e-10 
5.27883620783020e+01 5.75466336524003e-10 6.05960003053486e-10 
5.29136013714890e+01 5.44275753401444e-10 5.73253646710067e-10 
5.30388406646760e+01 5.14781048661722e-10 5.42319076573484e-10 
5.31640799578629e+01 4.86891075681291e-10 5.13058378067030e-10 
5.32893192510499e+01 4.60516994197374e-10 4.85382123497941e-10 
5.34145585442368e+01 4.35577351066887e-10 4.59202801027709e-10 
5.35397978374238e+01 4.11992780005684e-10 4.34440449376235e-10 
5.36650371306107e+01 3.89690487650858e-10 4.11016850024971e-10 
5.37902764237977e+01 3.68599568259177e-10 3.88860502672960e-10 
5.39155157169846e+01 3.48654965137232e-10 3.67901491419097e-10 
5.40407550101716e+01 3.29793328455918e-10 3.48075878589466e-10 
5.41659943033586e+01 3.11956513807176e-10 3.29321166159282e-10 
5.42912335965455e+01 2.95087919739791e-10 3.11580176368117e-10 
5.44164728897325e+01 2.79135577887063e-10 2.94797038908911e-10 
5.45417121829194e+01 2.64048914276936e-10 2.78920618643417e-10 
5.46669514761064e+01 2.49781479032754e-10 2.63900967253296e-10 
5.47921907692933e+01 2.36288082077228e-10 2.49692351229854e-10 
5.49174300624803e+01 2.23527204733818e-10 2.36250113883965e-10 
5.50426693556673e+01 2.11458466234186e-10 2.23534328076065e-10 
5.51679086488542e+01 2.00045656698779e-10 2.11505978231216e-10 
5.52931479420412e+01 1.89252613923342e-10 2.00129297326819e-10 
5.54183872352281e+01 1.79045906917307e-10 1.89368389804857e-10 
5.55436265284151e+01 1.69393061597158e-10 1.79190197619771e-10 
5.56688658216020e+01 1.60264219702881e-10 1.69562496168215e-10 
5.57941051147890e+01 1.51630384857899e-10 1.60455749404551e-10 
5.59193444079759e+01 1.43464887502701e-10 1.51841174437673e-10 
5.60445837011629e+01 1.35741834258282e-10 1.43692379768844e-10 
5.61698229943499e+01 1.28437401751171e-10 1.35983654322066e-10 
5.62950622875368e+01 1.21528465509523e-10 1.28691414380095e-10 
5.64203015807238e+01 1.14993742833614e-10 1.21792690788233e-10 
5.65455408739107e+01 1.08812580257471e-10 1.15266407121791e-10 
5.66707801670977e+01 1.02965963224984e-10 1.09092041903592e-10 
5.67960194602846e+01 9.74354436200912e-11 1.03250757858776e-10 
5.69212587534716e+01 9.22040319015079e-11 9.77242187173797e-11 
5.70464980466585e+01 8.72552483810454e-11 9.24955870558712e-11 
5.71717373398455e+01 8.25739116149225e-11 8.75484776622463e-11 
5.72969766330325e+01 7.81452990279813e-11 8.28678393893317e-11 
5.74222159262194e+01 7.39558437262346e-11 7.84390291799376e-11 
5.75474552194064e+01 6.99923917554894e-11 7.42485915306731e-11 
5.76726945125933e+01 6.62428180614368e-11 7.02834391431321e-11 
5.77979338057803e+01 6.26953691617284e-11 6.65315419887816e-11 
5.79231730989672e+01 5.93392077130707e-11 6.29812021990916e-11 
5.80484123921542e+01 5.61638306900275e-11 5.96216633057112e-11 
5.81736516853412e+01 5.31595509026191e-11 5.64424684343698e-11 
5.82988909785281e+01 5.03169819340823e-11 5.34339990469734e-11 
5.84241302717151e+01 4.76274639692730e-11 5.05869067843046e-11 
5.85493695649020e+01 4.50826077658129e-11 4.78925899829571e-11 
5.86746088580890e+01 4.26746712825282e-11 4.53426912052946e-11 
5.87998481512759e+01 4.03961558017995e-11 4.29295185134752e-11 
5.89250874444629e+01 3.82401391125133e-11 4.06455988731933e-11 
5.90503267376498e+01 3.61999179329424e-11 3.84840511623341e-11 
5.91755660308368e+01 3.42693026700330e-11 3.64381922723595e-11 
5.93008053240238e+01 3.24423006349278e-11 3.45018670077788e-11 
5.94260446172107e+01 3.07133768590280e-11 3.26690986471301e-11 
5.95512839103977e+01 2.90771734579324e-11 3.09343808805758e-11 
5.96765232035846e+01 2.75287404451444e-11 2.92923682422613e-11 
5.98017624967716e+01 2.60632870845490e-11 2.77381344913046e-11 
5.99270017899585e+01 2.46763861813394e-11 2.62668983264664e-11 
6.00522410831455e+01 2.33637537459260e-11 2.48742521004874e-11 
6.01774803763325e+01 2.21214298347781e-11 2.35559187607182e-11 
6.03027196695194e+01 2.09455832749396e-11 2.23079543318999e-11 
6.04279589627064e+01 1.98326717685815e-11 2.11265324968429e-11 
6.05531982558933e+01 1.87792688037372e-11 2.00081238816213e-11 
6.06784375490803e+01 1.77822054197292e-11 1.89493051057939e-11 
6.08036768422672e+01 1.68384167622136e-11 1.79469175500941e-11 
6.09289161354542e+01 1.59450676272583e-11 1.69978980725431e-11 
6.10541554286411e+01 1.50994164124775e-11 1.60994196264600e-11 
6.11793947218281e+01 1.42989263109831e-11 1.52487411628538e-11 
6.13046340150151e+01 1.35411446698619e-11 1.44433321910099e-11 
6.14298733082020e+01 1.28238014876039e-11 1.36807396738043e-11 
6.15551126013890e+01 1.21447024204458e-11 1.29586983798992e-11 
6.16803518945759e+01 1.15018160447800e-11 1.22750128315415e-11 
6.18055911877629e+01 1.08931789545030e-11 1.16276550826900e-11 
6.19308304809498e+01 1.03169730803068e-11 1.10146600023637e-11 
6.20560697741368e+01 9.77144150025850e-12 1.04342119234532e-11 
6.21813090673238e+01 9.25495695811401e-12 9.88455174221896e-12 
6.23065483605107e+01 8.76594716766793e-12 9.36405371514602e-12 
6.24317876536977e+01 8.30295553997216e-12 8.87114302980082e-12 
6.25570269468846e+01 7.86457490196357e-12 8.40436387925403e-12 
6.26822662400716e+01 7.44950132565140e-12 7.96230631387475e-12 
6.28075055332585e+01 7.05647530529845e-12 7.54366659226204e-12 
6.29327448264455e+01 6.68432947844565e-12 7.14718226005195e-12 
6.30579841196325e+01 6.33193641538153e-12 6.77168566093956e-12 
6.31832234128194e+01 5.99825093069724e-12 6.41604630928377e-12 
6.33084627060064e+01 5.68226373559721e-12 6.07921834287584e-12 
6.34337019991933e+01 5.38303895811245e-12 5.76018936289221e-12 
6.35589412923803e+01 5.09967299445417e-12 5.45802251999492e-12 
6.36841805855672e+01 4.83132778481275e-12 5.17181108904623e-12 
6.38094198787542e+01 4.57719427579408e-12 4.90071579735856e-12 
6.39346591719411e+01 4.33652193611772e-12 4.64392448785195e-12 
6.40598984651281e+01 4.10858630901634e-12 4.40068524088965e-12 
6.41851377583151e+01 3.89271519552175e-12 4.17027054877470e-12 
6.43103770515020e+01 3.68825983531846e-12 3.95200670034025e-12 
6.44356163446890e+01 3.49461813715351e-12 3.74524195878818e-12 
6.45608556378759e+01 3.31120907905524e-12 3.54937263703370e-12 
6.46860949310629e+01 3.13749332154542e-12 3.36381482773422e-12 
6.48113342242498e+01 2.97295046463710e-12 3.18802754514927e-12 
6.49365735174368e+01 2.81709734106294e-12 3.02148760748193e-12 
6.50618128106237e+01 2.66946780863882e-12 2.86371017799564e-12 
6.51870521038107e+01 2.52962898670057e-12 2.71422644518712e-12 
6.53122913969977e+01 2.39716329887910e-12 2.57260185784835e-12 
6.54375306901846e+01 2.27168288584156e-12 2.43841628878922e-12 
6.55627699833716e+01 2.15281364581299e-12 2.31128022486697e-12 
6.56880092765585e+01 2.04020803009058e-12 2.19081713557901e-12 
6.58132485697455e+01 1.93353085724745e-12 2.07667784929400e-12 
6.59384878629324e+01 1.83247067432735e-12 1.96852487956953e-12 
6.60637271561194e+01 1.73672714600250e-12 1.86604519245906e-12 
6.61889664493063e+01 1.64602114350483e-12 1.76893627134522e-12 
6.63142057424933e+01 1.56008353245798e-12 1.67691745686561e-12 
6.64394450356803e+01 1.47866413314576e-12 1.58971755580434e-12 
6.65646843288672e+01 1.40152175062993e-12 1.50708491452775e-12 
6.66899236220542e+01 1.32843213361969e-12 1.42877639940991e-12 
6.68151629152411e+01 1.25917910811556e-12 1.35456634638580e-12 
6.69404022084281e+01 1.19356164768002e-12 1.28423675982516e-12 
6.70656415016150e+01 1.13138598747317e-12 1.21758526462199e-12 
6.71908807948020e+01 1.07247190591778e-12 1.15441638766079e-12 
6.73161200879890e+01 1.01664570984390e-12 1.09454862452549e-12 
6.74413593811759e+01 9.63745816200200e-13 1.03780668297652e-12 
6.75665986743629e+01 9.13616511305448e-13 9.84027763665204e-13 
6.76918379675498e+01 8.66112911213153e-13 9.33054658582920e-13 
6.78170772607368e+01 8.21095408957195e-13 8.84741333919916e-13 
6.79423165539237e+01 7.78434083279024e-13 8.38946788456735e-13 
6.80675558471107e+01 7.38003757411948e-13 7.95540016742955e-13 
6.81927951402976e+01 6.99687917997338e-13 7.54394543051099e-13 
6.83180344334846e+01 6.63374317517471e-13 7.15392834222597e-13 
6.84432737266716e+01 6.28958458242854e-13 6.78421434251293e-13 
6.85685130198585e+01 5.96339678021586e-13 6.43374888320712e-13 
6.86937523130455e+01 5.65424247910692e-13 6.10151411464464e-13 
6.88189916062324e+01 5.36121887770876e-13 5.78656378385630e-13 
6.89442308994194e+01 5.08348520749467e-13 5.48798467076574e-13 
6.90694701926063e+01 4.82023171110619e-13 5.20492762865538e-13 
6.91947094857933e+01 4.57070413875419e-13 4.93657324475950e-13 
6.93199487789803e+01 4.33417612625417e-13 4.68215945297265e-13 
6.94451880721672e+01 4.10997098295216e-13 4.44095095218979e-13 
6.95704273653542e+01 3.89743709398085e-13 4.21226377292267e-13 
6.96956666585411e+01 3.69596730144877e-13 3.99543803870891e-13 
6.98209059517281e+01 3.50497699722070e-13 3.78985982546857e-13 
6.99461452449150e+01 3.32392136522237e-13 3.59493636951603e-13 
7.00713845381020e+01 3.15227537123646e-13 3.41010953679109e-13 
7.01966238312889e+01 2.98954395575747e-13 3.23484253512556e-13 
7.03218631244759e+01 2.83525808821524e-13 3.06863603171454e-13 
7.04471024176629e+01 2.68898045525913e-13 2.91101504861295e-13 
7.05723417108498e+01 2.55028998869561e-13 2.76153735885024e-13 
7.06975810040368e+01 2.41879403079309e-13 2.61977635167437e-13 
7.08228202972237e+01 2.29411454657422e-13 2.48533476077333e-13 
7.09480595904107e+01 2.17589895165386e-13 2.35782939155650e-13 
7.10732988835976e+01 2.06380782424149e-13 2.23690334392970e-13 
7.11985381767846e+01 1.95752454354271e-13 2.12221239782050e-13 
7.13237774699716e+01 1.85674433720883e-13 2.01343589672821e-13 
7.14490167631585e+01 1.76118286183974e-13 1.91026461016576e-13 
7.15742560563455e+01 1.67056643973383e-13 1.81241042572462e-13 
7.16994953495324e+01 1.58463969838733e-13 1.71959552707733e-13 
7.18247346427194e+01 1.50315686650186e-13 1.63156102588550e-13 
7.19499739359063e+01 1.42588857637367e-13 1.54805731176244e-13 
7.20752132290933e+01 1.35261410343307e-13 1.46885174077649e-13 
7.22004525222802e+01 1.28312742387132e-13 1.39372002956132e-13 
7.23256918154672e+01 1.21723029471600e-13 1.32245310421900e-13 
7.24509311086542e+01 1.15473764878912e-13 1.25484942480555e-13 
7.25761704018411e+01 1.09547142364229e-13 1.19072108693650e-13 
7.27014096950281e+01 1.03926536683190e-13 1.12988697536173e-13 
7.28266489882150e+01 9.85959532104708e-14 1.07217820035778e-13 
7.29518882814020e+01 9.35404559885492e-14 1.01743199021217e-13 
7.30771275745889e+01 8.87456768057409e-14 9.65496535407266e-14 
7.32023668677759e+01 8.41981965369955e-14 9.16225539714393e-14 
7.33276061609629e+01 7.98851072122844e-14 8.69482537105151e-14 
7.34528454541498e+01 7.57943517816041e-14 8.25136029945430e-14 
7.35780847473368e+01 7.19143334131170e-14 7.83063336399708e-14 
7.37033240405237e+01 6.82342182470833e-14 7.43146252035925e-14 
7.38285633337107e+01 6.47435867935274e-14 7.05274479114330e-14 
7.39538026268976e+01 6.14327037355442e-14 6.69341754873961e-14 
7.40790419200846e+01 5.82922068571633e-14 6.35248908431973e-14 
7.42042812132716e+01 5.53133475082946e-14 6.02900405216188e-14 
7.43295205064585e+01 5.24877129926026e-14 5.72207072163763e-14 
7.44547597996455e+01 4.98074409079889e-14 5.43083013277290e-14 
7.45799990928324e+01 4.72649713685116e-14 5.15448039333031e-14 
7.47052383860194e+01 4.48532380801825e-14 4.89224914445477e-14 
7.48304776792063e+01 4.25654471663532e-14 4.64341522512912e-14 
7.49557169723933e+01 4.03952475237846e-14 4.40728224738457e-14 
7.50809562655802e+01 3.83364615945333e-14 4.18319567318485e-14 
7.52061955587672e+01 3.63829907466802e-14 3.97055266005394e-14 
7.53314348519542e+01 3.45293930887313e-14 3.76875957779432e-14 
7.54566741451411e+01 3.27705784472694e-14 3.57725684839720e-14 
7.55819134383281e+01 3.11016512431849e-14 3.39552162759227e-14 
7.57071527315150e+01 2.95180317322981e-14 3.22305038420565e-14 
7.58323920247020e+01 2.80153156204113e-14 3.05937257652903e-14 
7.59576313178889e+01 2.65893822419771e-14 2.90403508747710e-14 
7.60828706110759e+01 2.52362691213889e-14 2.75661442855304e-14 
7.62081099042629e+01 2.39522685038362e-14 2.61670283203998e-14 
7.63333491974498e+01 2.27338152632420e-14 2.48391914188684e-14 
7.64585884906368e+01 2.15775730455816e-14 2.35789638557392e-14 
7.65838277838237e+01 2.04803340959787e-14 2.23829149391432e-14 
7.67090670770107e+01 1.94390961377292e-14 2.12477419432152e-14 
7.68343063701976e+01 1.84509728445503e-14 2.01703568608741e-14 
7.69595456633846e+01 1.75132624564898e-14 1.91477871380155e-14 
7.70847849565715e+01 1.66233677602186e-14 1.81772531091943e-14 
7.72100242497585e+01 1.57788573342744e-14 1.72560792726419e-14 
7.73352635429455e+01 1.49773940223921e-14 1.63817634145159e-14 
7.74605028361324e+01 1.42167896036699e-14 1.55518972994554e-14 
7.75857421293194e+01 1.34949408528553e-14 1.47642283799629e-14 
7.77109814225063e+01 1.28098783447237e-14 1.40165888979943e-14 
7.78362207156933e+01 1.21597092924105e-14 1.33069509788361e-14 
7.79614600088802e+01 1.15426611184013e-14 1.26333632469700e-14 
7.80866993020672e+01 1.09570303486962e-14 1.19940000171908e-14 
7.82119385952542e+01 1.04012215142982e-14 1.13871046241104e-14 
7.83371778884411e+01 9.87370145635048e-15 1.08110333460856e-14 
7.84624171816281e+01 9.37303406095553e-15 1.02642047334927e-14 
7.85876564748150e+01 8.89783939945084e-15 9.74513883225393e-15 
7.87128957680020e+01 8.44682474498185e-15 9.25241187254222e-15 
7.88381350611889e+01 8.01874803367947e-15 8.78469129739836e-15 
7.89633743543759e+01 7.61244556291513e-15 8.34069524181493e-15 
7.90886136475628e+01 7.22679931411818e-15 7.91922381730181e-15 
7.92138529407498e+01 6.86076168941744e-15 7.51912287224335e-15 
7.93390922339368e+01 6.51332628590287e-15 7.13931193457023e-15 
7.94643315271237e+01 6.18354998882865e-15 6.77875179867877e-15 
7.95895708203107e+01 5.87052683092002e-15 6.43646948495409e-15 
7.97148101134976e+01 5.57340772596599e-15 6.11152924709104e-15 
7.98400494066846e+01 5.29137708586831e-15 5.80305486851191e-15 
7.99652886998715e+01 5.02367044783048e-15 5.51020372726776e-15 
8.00905279930585e+01 4.76955355674857e-15 5.23218671488720e-15 
8.02157672862455e+01 4.52833811190154e-15 4.96824503472690e-15 
8.03410065794324e+01 4.29936305344520e-15 4.71766799802176e-15 
8.04662458726194e+01 4.08200863016529e-15 4.47977226609503e-15 
8.05914851658063e+01 3.87567965665893e-15 4.25391775094435e-15 
8.07167244589933e+01 3.67981808200460e-15 4.03948904256371e-15 
8.08419637521802e+01 3.49388800906010e-15 3.83590961693428e-15 
8.09672030453672e+01 3.31738692454494e-15 3.64262521724906e-15 
8.10924423385541e+01 3.14983229407056e-15 3.45911655035791e-15 
8.12176816317411e+01 2.99077159686589e-15 3.28488441527865e-15 
8.13429209249281e+01 2.83977032996979e-15 3.11946104968385e-15 
8.14681602181150e+01 2.69642097543201e-15 2.96239682104481e-15 
8.15933995113020e+01 2.56033226479497e-15 2.81327036738952e-15 
8.17186388044889e+01 2.43113719286710e-15 2.67167668604192e-15 
8.18438780976759e+01 2.30848340942825e-15 2.53723619739531e-15 
8.19691173908628e+01 2.19204038142023e-15 2.40958408372998e-15 
8.20943566840498e+01 2.08149079293033e-15 2.28837839093262e-15 
8.22195959772368e+01 1.97653694671353e-15 2.17329048552704e-15 
8.23448352704237e+01 1.87689306612300e-15 2.06401229694515e-15 
8.24700745636107e+01 1.78229101712676e-15 1.96024777488724e-15 
8.25953138567976e+01 1.69247341712363e-15 1.86171936375397e-15 
8.27205531499846e+01 1.60719874991659e-15 1.76816035494422e-15 
8.28457924431715e+01 1.52623519642180e-15 1.67932067524552e-15 
8.29710317363585e+01 1.44936520729730e-15 1.59496003983848e-15 
8.30962710295454e+01 1.37637997955008e-15 1.51485312768692e-15 
8.32215103227324e+01 1.30708354459089e-15 1.43878345099086e-15 
8.33467496159194e+01 1.24128782278431e-15 1.36654798280361e-15 
8.34719889091063e+01 1.17881627851801e-15 1.29795166758716e-15 
8.35972282022933e+01 1.11949949192577e-15 1.23281155930941e-15 
8.37224674954802e+01 1.06317842704186e-15 1.17095190572022e-15 
8.38477067886672e+01 1.00970046634865e-15 1.11220784895718e-15 
8.39729460818541e+01 9.58922333161805e-16 1.05642102327878e-15 
8.40981853750411e+01 9.10706540393683e-16 1.00344286465083e-15 
8.42234246682280e+01 8.64924003919407e-16 9.53130668083220e-16 
8.43486639614150e+01 8.21450862073094e-16 9.05350547789543e-16 
8.44739032546020e+01 7.80170812813173e-16 8.59973905794761e-16 
8.45991425477889e+01 7.40972265065976e-16 8.16880079494237e-16 
8.47243818409759e+01 7.03750429029690e-16 7.75953178457316e-16 
8.48496211341628e+01 6.68404764574653e-16 7.37084452793321e-16 
8.49748604273498e+01 6.34840850871889e-16 7.00169459624155e-16 
8.51000997205367e+01 6.02968100719705e-16 6.65110181756983e-16 
8.52253390137237e+01 5.72701432899832e-16 6.31812489262027e-16 
8.53505783069106e+01 5.43959224581450e-16 6.00188034900398e-16 
8.54758176000976e+01 5.16664807314612e-16 5.70151979919583e-16 
8.56010568932846e+01 4.90744632593545e-16 5.41624689870016e-16 
8.57262961864715e+01 4.66129610170569e-16 5.14529696979900e-16 
8.58515354796585e+01 4.42753464481267e-16 4.88795217480368e-16 
8.59767747728454e+01 4.20553931973843e-16 4.64352325826871e-16 
8.61020140660324e+01 3.99471288442508e-16 4.41136312407637e-16 
8.62272533592193e+01 3.79449420291502e-16 4.19085047477465e-16 
8.63524926524063e+01 3.60434504919242e-16 3.98140196118836e-16 
8.64777319455933e+01 3.42375969250243e-16 3.78245752078144e-16 
8.66029712387802e+01 3.25225307187488e-16 3.59349125057589e-16 
8.67282105319672e+01 3.08936937328876e-16 3.41399826722771e-16 
8.68534498251541e+01 2.93467143182346e-16 3.24350443803285e-16 
8.69786891183411e+01 2.78774840718087e-16 3.08155460400285e-16 
8.71039284115280e+01 2.64820628541191e-16 2.92772128944208e-16 
8.72291677047150e+01 2.51567474800434e-16 2.78159414594468e-16 
8.73544069979019e+01 2.38979865855377e-16 2.64278774825547e-16 
8.74796462910889e+01 2.27024421052644e-16 2.51093213199381e-16 
8.76048855842759e+01 2.15669129625156e-16 2.38567977209885e-16 
8.77301248774628e+01 2.04883900944550e-16 2.26669710040238e-16 
8.78553641706498e+01 1.94639880464627e-16 2.15367075276220e-16 
8.79806034638367e+01 1.84909942252355e-16 2.04629996452160e-16 
8.81058427570237e+01 1.75668075748973e-16 1.94430216332249e-16 
8.82310820502106e+01 1.66889826661649e-16 1.84740615115176e-16 
8.83563213433976e+01 1.58551747175955e-16 1.75535711168228e-16 
8.84815606365846e+01 1.50631790646501e-16 1.66791049714832e-16 
8.86067999297715e+01 1.43108818664395e-16 1.58483652295627e-16 
8.87320392229585e+01 1.35962954306465e-16 1.50591469417939e-16 
8.88572785161454e+01 1.29175140076423e-16 1.43093779614286e-16 
8.89825178093324e+01 1.22727454387383e-16 1.35970696125287e-16 
8.91077571025193e+01 1.16602715323518e-16 1.29203527714053e-16 
8.92329963957063e+01 1.10784763901054e-16 1.22774338843165e-16 
8.93582356888932e+01 1.05258108656212e-16 1.16666271619877e-16 
8.94834749820802e+01 1.00008179285206e-16 1.10863150444446e-16 
8.96087142752672e+01 9.50210079063544e-17 1.05349770343320e-16 
8.97339535684541e+01 9.02834561903528e-17 1.00111542374311e-16 
8.98591928616411e+01 8.57829294944200e-17 9.51347518730120e-17 
8.99844321548280e+01 8.15075802658728e-17 9.04062403928891e-17 
9.01096714480150e+01 7.74460516422087e-17 8.59136370187454e-17 
9.02349107412019e+01 7.35876596175382e-17 8.16450730592732e-17 
9.03601500343889e+01 6.99221630571134e-17 7.75893892492606e-17 
9.04853893275759e+01 6.64399268537870e-17 7.37358798056519e-17 
9.06106286207628e+01 6.31317156229998e-17 7.00744780432183e-17 
9.07358679139498e+01 5.99888398418299e-17 6.65955267575330e-17 
9.08611072071367e+01 5.70029707747648e-17 6.32899445132459e-17 
9.09863465003237e+01 5.41662713781221e-17 6.01490196329281e-17 
9.11115857935106e+01 5.14712302615378e-17 5.71645591795816e-17 
9.12368250866976e+01 4.89107789529415e-17 5.43287041129036e-17 
9.13620643798845e+01 4.64781429287103e-17 5.16340627752312e-17 
9.14873036730715e+01 4.41669466666141e-17 4.90735450298809e-17 
9.16125429662585e+01 4.19710799818031e-17 4.66404818697270e-17 
9.17377822594454e+01 3.98847921450928e-17 4.43284765789793e-17 
9.18630215526324e+01 3.79025719448713e-17 4.21315119136328e-17 
9.19882608458193e+01 3.60192320138908e-17 4.00438165311199e-17 
9.21135001390063e+01 3.42298012010273e-17 3.80599610398351e-17 
9.22387394321932e+01 3.25296001297054e-17 3.61747381230080e-17 
9.23639787253802e+01 3.09141446102181e-17 3.43832486184998e-17 
9.24892180185672e+01 2.93792133455326e-17 3.26807939262194e-17 
9.26144573117541e+01 2.79207612463680e-17 3.10629531576881e-17 
9.27396966049411e+01 2.65349801040695e-17 2.95254865623430e-17 
9.28649358981280e+01 2.52182207884472e-17 2.80644046774992e-17 
9.29901751913150e+01 2.39670476214678e-17 2.66758816397004e-17 
9.31154144845019e+01 2.27781685434072e-17 2.53563171682864e-17 
9.32406537776889e+01 2.16484838442200e-17 2.41022587451864e-17 
9.33658930708758e+01 2.05750234781356e-17 2.29104571781192e-17 
9.34911323640628e+01 1.95549907407704e-17 2.17777967372747e-17 
9.36163716572498e+01 1.85857059970457e-17 2.07013449661619e-17 
9.37416109504367e+01 1.76646458305482e-17 1.96782899577653e-17 
9.38668502436237e+01 1.67893925255963e-17 1.87059850112389e-17 
9.39920895368106e+01 1.59576691602687e-17 1.77818923144978e-17 
9.41173288299976e+01 1.51672942515092e-17 1.69036229824668e-17 
9.42425681231845e+01 1.44162132139457e-17 1.60688864886884e-17 
9.43678074163715e+01 1.37024576379287e-17 1.52755265649019e-17 
9.44930467095585e+01 1.30241734921426e-17 1.45214757920340e-17 
9.46182860027454e+01 1.23795845591513e-17 1.38047877908216e-17 
9.47435252959324e+01 1.17670177203163e-17 1.31235964433106e-17 
9.48687645891193e+01 1.11848701224352e-17 1.24761447594167e-17 
9.49940038823063e+01 1.06316318481372e-17 1.18607482545321e-17 
9.51192431754932e+01 1.01058564311350e-17 1.12758208367950e-17 
9.52444824686802e+01 9.60618118362989e-18 1.07198419152356e-17 
9.53697217618672e+01 9.13130071708803e-18 1.01913796166060e-17 
9.54949610550541e+01 8.67998516986434e-18 9.68906124227974e-18 
9.56202003482411e+01 8.25105642572557e-18 9.21159409133136e-18 
9.57454396414280e+01 7.84340445954916e-18 8.75773892366111e-18 
9.58706789346150e+01 7.45596597747714e-18 8.32632863721566e-18 
9.59959182278019e+01 7.08773907584525e-18 7.91624443001121e-18 
9.61211575209889e+01 6.73776405524140e-18 7.52643255360046e-18 
9.62463968141758e+01 6.40513656749636e-18 7.15588289823324e-18 
9.63716361073628e+01 6.08899038137721e-18 6.80364402158210e-18 
9.64968754005498e+01 5.78850917427264e-18 6.46880390958960e-18 
9.66221146937367e+01 5.50291105008065e-18 6.15050345878326e-18 
9.67473539869237e+01 5.23145911592593e-18 5.84791919074820e-18 
9.68725932801106e+01 4.97344757327412e-18 5.56027534784007e-18 
9.69978325732976e+01 4.72821120542602e-18 5.28682836199338e-18 
9.71230718664845e+01 4.49511288125261e-18 5.02687770705078e-18 
9.72483111596715e+01 4.27355206614222e-18 4.77975194304399e-18 
9.73735504528585e+01 4.06295359421954e-18 4.54481845349732e-18 
9.74987897460454e+01 3.86277530371761e-18 4.32147090464062e-18 
9.76240290392324e+01 3.67249794831649e-18 4.10913798273372e-18 
9.77492683324193e+01 3.49163204742893e-18 3.90727212410729e-18 
9.78745076256063e+01 3.31970882054571e-18 3.71535735562919e-18 
9.79997469187932e+01 3.15628633353398e-18 3.53289916621665e-18 
9.81249862119802e+01 3.00094135176396e-18 3.35943154288150e-18 
9.82502255051671e+01 2.85327485510801e-18 3.19450786755000e-18 
9.83754647983541e+01 2.71290471629139e-18 3.03770723151498e-18 
9.85007040915411e+01 2.57947064974893e-18 2.88862625338152e-18 
9.86259433847280e+01 2.45262763120425e-18 2.74688474628716e-18 
9.87511826779150e+01 2.33205033878422e-18 2.61211836333243e-18 
9.88764219711019e+01 2.21742723841975e-18 2.48398368413430e-18 
9.90016612642889e+01 2.10846456957422e-18 2.36215160369702e-18 
9.91269005574758e+01 2.00488102876228e-18 2.24631189801396e-18 
9.92521398506628e+01 1.90641134683036e-18 2.13616728091302e-18 
9.93773791438498e+01 1.81280150980250e-18 2.03143750224957e-18 
9.95026184370367e+01 1.72381196979641e-18 1.93185400495944e-18 
9.96278577302237e+01 1.63921334860876e-18 1.83716360385421e-18 
9.97530970234106e+01 1.55878932000016e-18 1.74712368202509e-18 
9.98783363165976e+01 1.48233274699944e-18 1.66150549329297e-18 
1.00003575609785e+02 1.40964826939313e-18 1.58009403144522e-18 
1.00128814902971e+02 1.34055139282696e-18 1.50269054233949e-18 
1.00254054196158e+02 1.27486703766693e-18 1.42910356599470e-18 
1.00379293489345e+02 1.21242483852282e-18 1.35914754642466e-18 
1.00504532782532e+02 1.15306416027033e-18 1.29264132576686e-18 
1.00629772075719e+02 1.09663128030272e-18 1.22941417890004e-18 
1.00755011368906e+02 1.04298124452403e-18 1.16930263058579e-18 
1.00880250662093e+02 9.91975336462330e-19 1.11215260750956e-18 
1.01005489955280e+02 9.43482742111748e-19 1.05781657949851e-18 
1.01130729248467e+02 8.97378276487571e-19 1.00615549003747e-18 
1.01255968541654e+02 8.53543877148138e-19 9.57036188319395e-19 
1.01381207834841e+02 8.11866561811261e-19 9.10333161208249e-19 
1.01506447128028e+02 7.72239768314878e-19 8.65926226313698e-19 
1.01631686421215e+02 7.34561519637224e-19 8.23702085973294e-19 
1.01756925714402e+02 6.98735626200986e-19 7.83552254620649e-19 
1.01882165007589e+02 6.64670037079590e-19 7.45374453212272e-19 
1.02007404300776e+02 6.32277918890403e-19 7.09070746916082e-19 
1.02132643593963e+02 6.01476174155947e-19 6.74548796486785e-19 
1.02257882887150e+02 5.72186409546831e-19 6.41720184772625e-19 
1.02383122180337e+02 5.44333604326230e-19 6.10501539823608e-19 
1.02508361473524e+02 5.17846979374239e-19 5.80813030928910e-19 
1.02633600766711e+02 4.92658800400254e-19 5.52579377193503e-19 
1.02758840059898e+02 4.68705157947236e-19 5.25728495803889e-19 
1.02884079353085e+02 4.45924891630997e-19 5.00192406472630e-19 
1.03009318646271e+02 4.24260290388545e-19 4.75906016414135e-19 
1.03134557939458e+02 4.03656125413915e-19 4.52807932762229e-19 
1.03259797232645e+02 3.84060278830422e-19 4.30839370320912e-19 
1.03385036525832e+02 3.65422874258630e-19 4.09944880991059e-19 
1.03510275819019e+02 3.47696841282652e-19 3.90071371796903e-19 
1.03635515112206e+02 3.30837133720365e-19 3.71168759862924e-19 
1.03760754405393e+02 3.14801236489488e-19 3.53189089498748e-19 
1.03885993698580e+02 2.99548462667512e-19 3.36087120381808e-19 
1.04011232991767e+02 2.85040408678702e-19 3.19819533632829e-19 
1.04136472284954e+02 2.71240322143583e-19 3.04345460066825e-19 
1.04261711578141e+02 2.58113510694924e-19 2.89625766222182e-19 
1.04386950871328e+02 2.45626773434887e-19 2.75623528832297e-19 
1.04512190164515e+02 2.33748768138873e-19 2.62303392695769e-19 
1.04637429457702e+02 2.22449499872452e-19 2.49631996884783e-19 
1.04762668750889e+02 2.11700650849997e-19 2.37577397173151e-19 
1.04887908044076e+02 2.01475120421929e-19 2.26109448927587e-19 
1.05013147337263e+02 1.91747321414354e-19 2.15199287554174e-19 
1.05138386630450e+02 1.82492766287859e-19 2.04819672508056e-19 
1.05263625923637e+02 1.73688333389484e-19 1.94944519886279e-19 
1.05388865216824e+02 1.65311894614311e-19 1.85549211533847e-19 
1.05514104510011e+02 1.57342554647270e-19 1.76610174509587e-19 
1.05639343803198e+02 1.49760315934338e-19 1.68105158856562e-19 
1.05764583096385e+02 1.42546293674593e-19 1.60012859204840e-19 
1.05889822389571e+02 1.35682414334621e-19 1.52313164406801e-19 
1.06015061682758e+02 1.29151608867059e-19 1.44986817022819e-19 
1.06140300975945e+02 1.22937541384835e-19 1.38015637692652e-19 
1.06265540269132e+02 1.17024782827726e-19 1.31382218682703e-19 
1.06390779562319e+02 1.11398566756841e-19 1.25070125569532e-19 
1.06516018855506e+02 1.06044945462421e-19 1.19063621415686e-19 
1.06641258148693e+02 1.00950570147571e-19 1.13347848076724e-19 
1.06766497441880e+02 9.61028312658247e-20 1.07908577921207e-19 
1.06891736735067e+02 9.14896606401999e-20 1.02732376835388e-19 
1.07016976028254e+02 8.70996576355383e-20 9.78063807158800e-20 
1.07142215321441e+02 8.29219110076776e-20 9.31184420334416e-20 
1.07267454614628e+02 7.89461123510429e-20 8.86569286077922e-20 
1.07392693907815e+02 7.51623956960651e-20 8.44108554011823e-20 
1.07517933201002e+02 7.15614395249479e-20 8.03697033370820e-20 
1.07643172494189e+02 6.81343223360181e-20 7.65235378231601e-20 
1.07768411787376e+02 6.48726143882643e-20 7.28628456021055e-20 
1.07893651080563e+02 6.17682476314138e-20 6.93786413502141e-20 
1.08018890373750e+02 5.88135982211598e-20 6.60623207520305e-20 
1.08144129666937e+02 5.60013693755240e-20 6.29057563831332e-20 
1.08269368960124e+02 5.33246655962331e-20 5.99011653829937e-20 
1.08394608253311e+02 5.07768871572295e-20 5.70411957070984e-20 
1.08519847546498e+02 4.83517968721619e-20 5.43188069365390e-20 
1.08645086839685e+02 4.60434250514332e-20 5.17273478738629e-20 
1.08770326132871e+02 4.38461295700979e-20 4.92604491753326e-20 
1.08895565426058e+02 4.17545102470983e-20 4.69120931655266e-20 
1.09020804719245e+02 3.97634628909957e-20 4.46765171106509e-20 
1.09146044012432e+02 3.78681021604061e-20 4.25482760377508e-20 
1.09271283305619e+02 3.60638101960184e-20 4.05221555864647e-20 
1.09396522598806e+02 3.43461671159102e-20 3.85932285386745e-20 
1.09521761891993e+02 3.27109947804146e-20 3.67568115640483e-20 
1.09647001185180e+02 3.11542910982165e-20 3.50084808761515e-20 
1.09772240478367e+02 2.96722724787055e-20 3.33439663129427e-20 
1.09897479771554e+02 2.82613173772198e-20 3.17592325187427e-20 
1.10022719064741e+02 2.69180017362660e-20 3.02504151719782e-20 
1.10147958357928e+02 2.56390481035860e-20 2.88138622010615e-20 
1.10273197651115e+02 2.44213575346913e-20 2.74460763077348e-20 
1.10398436944302e+02 2.32619637293470e-20 2.61437520712160e-20 
1.10523676237489e+02 2.21580617514205e-20 2.49037241409316e-20 
1.10648915530676e+02 2.11069666849370e-20 2.37230006424152e-20 
1.10774154823863e+02 2.01061394911492e-20 2.25987164759678e-20 
1.10899394117050e+02 1.91531497352735e-20 2.15281633959314e-20 
1.11024633410237e+02 1.82456988682760e-20 2.05087479082313e-20 
1.11149872703424e+02 1.73815866203140e-20 1.95380183570520e-20 
1.11275111996611e+02 1.65587319656279e-20 1.86136269649400e-20 
1.11400351289798e+02 1.57751428191023e-20 1.77333542271543e-20 
1.11525590582984e+02 1.50289349165139e-20 1.68950746836171e-20 
1.11650829876171e+02 1.43183044869470e-20 1.60967788908944e-20 
1.11776069169358e+02 1.36415452571676e-20 1.53365425562983e-20 
1.11901308462545e+02 1.29970238052970e-20 1.46125463302262e-20 
1.12026547755732e+02 1.23831948769908e-20 1.39230479696026e-20 
1.12151787048919e+02 1.17985791551569e-20 1.32664001688538e-20 
1.12277026342106e+02 1.12417770566678e-20 1.26410254530546e-20 
1.12402265635293e+02 1.07114486793440e-20 1.20454322438431e-20 
1.12527504928480e+02 1.02063262308996e-20 1.14781922124828e-20 
1.12652744221667e+02 9.72519593819360e-21 1.09379547572925e-20 
1.12777983514854e+02 9.26690924480694e-21 1.04234265736765e-20 
1.12903222808041e+02 8.83036648895997e-21 9.93338470191783e-21 
1.13028462101228e+02 8.41452699236765e-21 9.46665809537884e-21 
1.13153701394415e+02 8.01839433247545e-21 9.02213938158294e-21 
1.13278940687602e+02 7.64102543287546e-21 8.59876823151667e-21 
1.13404179980789e+02 7.28151727284128e-21 8.19554196261608e-21 
1.13529419273976e+02 6.93901507847299e-21 7.81150053165033e-21 
1.13654658567163e+02 6.61270032810717e-21 7.44573609537834e-21 
1.13779897860350e+02 6.30179813336364e-21 7.09737946708423e-21 
1.13905137153537e+02 6.00556641304553e-21 6.76465596849720e-21 
1.14030376446724e+02 5.72338401123500e-21 6.44677603052558e-21 
1.14155615739911e+02 5.45457811438859e-21 6.14394238918950e-21 
1.14280855033098e+02 5.19851194218178e-21 5.85543452858292e-21 
1.14406094326284e+02 4.95457592504968e-21 5.58057072443750e-21 
1.14531333619471e+02 4.72219310594566e-21 5.31869806299888e-21 
1.14656572912658e+02 4.50081117680548e-21 5.06919873919066e-21 
1.14781812205845e+02 4.28990734870180e-21 4.83148104751481e-21 
1.14907051499032e+02 4.08898116291661e-21 4.60498506008645e-21 
1.15032290792219e+02 3.89755888229058e-21 4.38917449422290e-21 
1.15157530085406e+02 3.71518700092258e-21 4.18354183179621e-21 
1.15282769378593e+02 3.54143620423662e-21 3.98760097760189e-21 
1.15408008671780e+02 3.37589550883100e-21 3.80089187533330e-21 
1.15533247964967e+02 3.21817583404111e-21 3.62297387930934e-21 
1.15658487258154e+02 3.06790471021750e-21 3.45342991684929e-21 
1.15783726551341e+02 2.92472950029631e-21 3.29186050358250e-21 
1.15908965844528e+02 2.78831262087010e-21 3.13788749703325e-21 
1.16034205137715e+02 2.65833444844058e-21 2.99114869261875e-21 
1.16159444430902e+02 2.53448900312576e-21 2.85130120878288e-21 
1.16284683724089e+02 2.41648657081870e-21 2.71801660698942e-21 
1.16409923017276e+02 2.30404980430976e-21 2.59098394472138e-21 
1.16535162310463e+02 2.19691608947099e-21 2.46990536836117e-21 
1.16660401603650e+02 2.09483402301796e-21 2.35449886675327e-21 
1.16785640896837e+02 1.99756554804694e-21 2.24449429089467e-21 
1.16910880190024e+02 1.90488277166524e-21 2.13963583750167e-21 
1.17036119483211e+02 1.81656989269683e-21 2.03967845396673e-21 
1.17161358776398e+02 1.73242032601743e-21 1.94439007843931e-21 
1.17286598069584e+02 1.65223844298448e-21 1.85354839259024e-21 
1.17411837362771e+02 1.57583697256351e-21 1.76694284207776e-21 
1.17537076655958e+02 1.50303857300537e-21 1.68437170334117e-21 
1.17662315949145e+02 1.43367348277866e-21 1.60564390594832e-21 
1.17787555242332e+02 1.36758094018831e-21 1.53057638295784e-21 
1.17912794535519e+02 1.30460705976726e-21 1.45899571450541e-21 
1.18038033828706e+02 1.24460611488490e-21 1.39073573426427e-21 
1.18163273121893e+02 1.18743861762883e-21 1.32563901170161e-21 
1.18288512415080e+02 1.13297247797124e-21 1.26355468986268e-21 
1.18413751708267e+02 1.08108126731382e-21 1.20433982199421e-21 
1.18538991001454e+02 1.03164526644846e-21 1.14785741830757e-21 
1.18664230294641e+02 9.84549894868958e-22 1.09397765110337e-21 
1.18789469587828e+02 9.39686658564044e-22 1.04257609036088e-21 
1.18914708881015e+02 8.96951728939558e-22 9.93534790089833e-22 
1.19039948174202e+02 8.56246800403909e-22 9.46740694569670e-22 
1.19165187467389e+02 8.17477804312181e-22 9.02086617385510e-22 
1.19290426760576e+02 7.80555685334673e-22 8.59469801923574e-22 
1.19415666053763e+02 7.45395237247360e-22 8.18792803404193e-22 
1.19540905346950e+02 7.11915806202198e-22 7.79962188848092e-22 
1.19666144640137e+02 6.80040236461650e-22 7.42889331387634e-22 
1.19791383933324e+02 6.49695507905427e-22 7.07489236369809e-22 
1.19916623226511e+02 6.20811780954150e-22 6.73681256296179e-22 
1.20041862519698e+02 5.93322974942400e-22 6.41388031038322e-22 
1.20167101812884e+02 5.67165902510408e-22 6.10536130916953e-22 
1.20292341106071e+02 5.42280794839928e-22 5.81055100187895e-22 
1.20417580399258e+02 5.18610516724256e-22 5.52878035012607e-22 
1.20542819692445e+02 4.96101044094482e-22 5.25940720440404e-22 
1.20668058985632e+02 4.74700751817172e-22 5.00182149337481e-22 
1.20793298278819e+02 4.54360848427745e-22 4.75543744055560e-22 
1.20918537572006e+02 4.35034729460781e-22 4.51969821767286e-22 
1.21043776865193e+02 4.16678373848966e-22 4.29406892882835e-22 
1.21169016158380e+02 3.99249756271345e-22 4.07804077679403e-22 
1.21294255451567e+02 3.82709209265389e-22 3.87112474315001e-22 
1.21419494744754e+02 3.67018888690921e-22 3.67285531132618e-22 
1.21544734037941e+02 3.52143105234845e-22 3.48278477832776e-22 
1.21669973331128e+02 3.38047837639456e-22 3.30048657373377e-22 
1.21795212624315e+02 3.24701036950198e-22 3.12555014507099e-22 
1.21920451917502e+02 3.12072182652519e-22 2.95758390780973e-22 
1.22045691210689e+02 3.00132562719043e-22 2.79621065228303e-22 
1.22170930503876e+02 2.88854868244366e-22 2.64107015593107e-22 
1.22296169797063e+02 2.78213452085942e-22 2.49181506494997e-22 
1.22421409090250e+02 2.68183957986036e-22 2.34811319658870e-22 
1.22546648383437e+02 2.58743560367525e-22 2.20964385350652e-22 
1.22671887676624e+02 2.49870624290862e-22 2.07609984078285e-22 
1.22797126969811e+02 2.41544928759333e-22 1.94718417531449e-22 
1.22922366262998e+02 2.33747354180168e-22 1.82261183932672e-22 
1.23047605556184e+02 2.26460091351220e-22 1.70210685109658e-22 
1.23172844849371e+02 2.19666353382787e-22 1.58540377412229e-22 
1.23298084142558e+02 2.13350572377113e-22 1.47224511905822e-22 
1.23423323435745e+02 2.07498133024106e-22 1.36238262528174e-22 
1.23548562728932e+02 2.02095558844719e-22 1.25557496720599e-22 
1.23673802022119e+02 1.97130264902344e-22 1.15158882275442e-22 
1.23799041315306e+02 1.92590735359351e-22 1.05019686021321e-22 
1.23924280608493e+02 1.88466292948979e-22 9.51178606060090e-23 
1.24049519901680e+02 1.84747269489723e-22 8.54318691259711e-23 
1.24174759194867e+02 1.81424789942206e-22 7.59407528975198e-23 
1.24299998488054e+02 1.78490937437432e-22 6.66239801724483e-23 
1.24425237781241e+02 1.75938549901416e-22 5.74614957710380e-23 
1.24550477074428e+02 1.73761381079489e-22 4.84335922570125e-23 
1.24675716367615e+02 1.71953907850090e-22 3.95209421374989e-23 
1.24800955660802e+02 1.70511488667390e-22 3.07044900841265e-23 
1.24926194953989e+02 1.69430179806185e-22 2.19654682457285e-23 
1.25051434247176e+02 1.68706892598298e-22 1.32853083004296e-23 
1.25176673540363e+02 1.68339216954294e-22 8.95896500663322e-24 
