Energy(eV)           EEDF(eV^-(3/2))      Anisotropy(eV^-(3/2))
1.84917552017884e-02 6.08439778916968e-02 3.68592509214870e-04 
5.54752656053652e-02 6.08276142699987e-02 8.28095364101237e-04 
9.24587760089420e-02 6.08193379049962e-02 8.73500442093138e-04 
1.29442286412519e-01 6.08152317732677e-02 9.44787812014574e-04 
1.66425796816096e-01 6.08130190288096e-02 1.02186260337234e-03 
2.03409307219672e-01 6.08117169056942e-02 1.10434031531768e-03 
2.40392817623249e-01 6.08106789672233e-02 1.18745454391527e-03 
2.77376328026826e-01 6.08095248172428e-02 1.26939445165998e-03 
3.14359838430403e-01 6.08077540227784e-02 1.34345952808835e-03 
3.51343348833980e-01 6.08051398586372e-02 1.41584745755172e-03 
3.88326859237556e-01 6.08015149887313e-02 1.48709733780156e-03 
4.25310369641133e-01 6.07967432462735e-02 1.55695228616495e-03 
4.62293880044710e-01 6.07907827634399e-02 1.62577575097183e-03 
4.99277390448287e-01 6.07835544311706e-02 1.69323388012331e-03 
5.36260900851864e-01 6.07749959642896e-02 1.75929679029838e-03 
5.73244411255440e-01 6.07650506662279e-02 1.82394740740049e-03 
6.10227921659017e-01 6.07536499666871e-02 1.88713379670791e-03 
6.47211432062594e-01 6.07407279623711e-02 1.94884797228306e-03 
6.84194942466171e-01 6.07262214059875e-02 2.00908196411473e-03 
7.21178452869747e-01 6.07100705786415e-02 2.06782208142352e-03 
7.58161963273324e-01 6.06922286255269e-02 2.12508440170437e-03 
7.95145473676901e-01 6.06726409559220e-02 2.18085936200034e-03 
8.32128984080478e-01 6.06512555816438e-02 2.23515005192843e-03 
8.69112494484055e-01 6.06280230915923e-02 2.28796136652823e-03 
9.06096004887631e-01 6.06028966244351e-02 2.33929968676357e-03 
9.43079515291208e-01 6.05758318397001e-02 2.38917264808876e-03 
9.80063025694785e-01 6.05467868871861e-02 2.43758896811101e-03 
1.01704653609836e+00 6.05157223749514e-02 2.48445519174479e-03 
1.05403004650194e+00 6.04828736210081e-02 2.52997859774552e-03 
1.09101355690552e+00 6.04482270836796e-02 2.57407816601095e-03 
1.12799706730909e+00 6.04117602264578e-02 2.61676236879322e-03 
1.16498057771267e+00 6.03734523532886e-02 2.65804401007742e-03 
1.20196408811625e+00 6.03332845777931e-02 2.69796292904065e-03 
1.23894759851982e+00 6.02911378630615e-02 2.73661847703563e-03 
1.27593110892340e+00 6.02469068617950e-02 2.77428866236644e-03 
1.31291461932698e+00 6.02005635658794e-02 2.81116343768853e-03 
1.34989812973055e+00 6.01522428900221e-02 2.84730673559716e-03 
1.38688164013413e+00 6.01019525222371e-02 2.88264173061567e-03 
1.42386515053771e+00 6.00496736812226e-02 2.91711368711170e-03 
1.46084866094128e+00 5.99953896290521e-02 2.95068052438674e-03 
1.49783217134486e+00 5.99390856178427e-02 2.98327622336983e-03 
1.53481568174844e+00 5.98809284763580e-02 3.01488519988414e-03 
1.57179919215201e+00 5.98211407508691e-02 3.04552425545324e-03 
1.60878270255559e+00 5.97597215064885e-02 3.07514988583752e-03 
1.64576621295917e+00 5.96966711708140e-02 3.10374738245646e-03 
1.68274972336274e+00 5.96319914744212e-02 3.13130577378662e-03 
1.71973323376632e+00 5.95656853939056e-02 3.15781741216477e-03 
1.75671674416990e+00 5.94977570972804e-02 3.18327761061791e-03 
1.79370025457347e+00 5.94282118914425e-02 3.20768432255797e-03 
1.83068376497705e+00 5.93570561715901e-02 3.23103785809644e-03 
1.86766727538063e+00 5.92842973723800e-02 3.25334063214377e-03 
1.90465078578420e+00 5.92099439207521e-02 3.27463419293508e-03 
1.94163429618778e+00 5.91336563511076e-02 3.29489678806939e-03 
1.97861780659136e+00 5.90552308172693e-02 3.31412138168513e-03 
2.01560131699494e+00 5.89746721570047e-02 3.33232343031592e-03 
2.05258482739851e+00 5.88919865414087e-02 3.34951291124616e-03 
2.08956833780209e+00 5.88071814273559e-02 3.36569010890368e-03 
2.12655184820567e+00 5.87203903191258e-02 3.38084146786336e-03 
2.16353535860924e+00 5.86320740550739e-02 3.39501718065581e-03 
2.20051886901282e+00 5.85422483580313e-02 3.40824348257894e-03 
2.23750237941640e+00 5.84507308935791e-02 3.42057437538349e-03 
2.27448588981997e+00 5.83573465262060e-02 3.43211527267102e-03 
2.31146940022355e+00 5.82621044673124e-02 3.44296134853674e-03 
2.34845291062713e+00 5.81650134633007e-02 3.45313365263792e-03 
2.38543642103070e+00 5.80660834139806e-02 3.46262476770283e-03 
2.42241993143428e+00 5.79653253197691e-02 3.47142952184254e-03 
2.45940344183786e+00 5.78627512297742e-02 3.47954478713275e-03 
2.49638695224143e+00 5.77583741908318e-02 3.48697931686222e-03 
2.53337046264501e+00 5.76520491611352e-02 3.49374257127505e-03 
2.57035397304859e+00 5.75435536984386e-02 3.49982500610035e-03 
2.60733748345216e+00 5.74329022208595e-02 3.50522329741334e-03 
2.64432099385574e+00 5.73201101807920e-02 3.50994203103520e-03 
2.68130450425932e+00 5.72051940168011e-02 3.51398692850755e-03 
2.71828801466289e+00 5.70881711060489e-02 3.51736473454699e-03 
2.75527152506647e+00 5.69690597173316e-02 3.52008311306973e-03 
2.79225503547005e+00 5.68478789648262e-02 3.52214741781780e-03 
2.82923854587362e+00 5.67247067740096e-02 3.52355981422503e-03 
2.86622205627720e+00 5.65997055440857e-02 3.52433348276963e-03 
2.90320556668078e+00 5.64728967346415e-02 3.52448535402392e-03 
2.94018907708436e+00 5.63443023701148e-02 3.52402639119267e-03 
2.97717258748793e+00 5.62139450005435e-02 3.52296799718661e-03 
3.01415609789151e+00 5.60818476634863e-02 3.52131314184967e-03 
3.05113960829509e+00 5.59482100442572e-02 3.51907162285056e-03 
3.08812311869866e+00 5.58130792100628e-02 3.51626524616372e-03 
3.12510662910224e+00 5.56764791041829e-02 3.51290793445783e-03 
3.16209013950582e+00 5.55384339256391e-02 3.50901247113697e-03 
3.19907364990939e+00 5.53989681000400e-02 3.50459177518494e-03 
3.23605716031297e+00 5.52581062516926e-02 3.49968808499465e-03 
3.27304067071655e+00 5.51158708130931e-02 3.49439378254300e-03 
3.31002418112012e+00 5.49722801612660e-02 3.48878827416823e-03 
3.34700769152370e+00 5.48273512206409e-02 3.48289148285726e-03 
3.38399120192728e+00 5.46811015461706e-02 3.47669841690145e-03 
3.42097471233085e+00 5.45335492736544e-02 3.47020543895434e-03 
3.45795822273443e+00 5.43847130717779e-02 3.46341015541217e-03 
3.49494173313801e+00 5.42346120958657e-02 3.45631131268288e-03 
3.53192524354158e+00 5.40832659433507e-02 3.44890869990867e-03 
3.56890875394516e+00 5.39306946109485e-02 3.44120320567767e-03 
3.60589226434874e+00 5.37769184403675e-02 3.43319373761936e-03 
3.64287577475231e+00 5.36220222576861e-02 3.42488003908987e-03 
3.67985928515589e+00 5.34660597306809e-02 3.41626974871590e-03 
3.71684279555947e+00 5.33090514683498e-02 3.40736973109033e-03 
3.75382630596304e+00 5.31510182343741e-02 3.39818490543534e-03 
3.79080981636662e+00 5.29919809149938e-02 3.38872067842609e-03 
3.82779332677020e+00 5.28319604885701e-02 3.37898288731612e-03 
3.86477683717378e+00 5.26709779967994e-02 3.36897774683969e-03 
3.90176034757735e+00 5.25090545175420e-02 3.35871179966647e-03 
3.93874385798093e+00 5.23462111392271e-02 3.34819187020219e-03 
3.97572736838451e+00 5.21824689368004e-02 3.33742502153196e-03 
4.01271087878808e+00 5.20178489491716e-02 3.32642610888007e-03 
4.04969438919166e+00 5.18522287755560e-02 3.31520873863083e-03 
4.08667789959524e+00 5.16856037901294e-02 3.30376915739494e-03 
4.12366140999881e+00 5.15179959563289e-02 3.29211272693175e-03 
4.16064492040239e+00 5.13494271579545e-02 3.28024714722202e-03 
4.19762843080597e+00 5.11799191820166e-02 3.26818015494365e-03 
4.23461194120954e+00 5.10094937028527e-02 3.25591949798331e-03 
4.27159545161312e+00 5.08381722674761e-02 3.24347291175385e-03 
4.30857896201670e+00 5.06659762821478e-02 3.23084809699150e-03 
4.34556247242027e+00 5.04929270001569e-02 3.21805269930562e-03 
4.38254598282385e+00 5.03190455107615e-02 3.20509422663711e-03 
4.41952949322743e+00 5.01443527362075e-02 3.19198121114334e-03 
4.45651300363100e+00 4.99688692938582e-02 3.17873441915519e-03 
4.49349651403458e+00 4.97926142479325e-02 3.16537876700040e-03 
4.53048002443816e+00 4.96156753438103e-02 3.15191743068862e-03 
4.56746353484173e+00 4.94382150586770e-02 3.13835467571286e-03 
4.60444704524531e+00 4.92602492563699e-02 3.12470795832785e-03 
4.64143055564889e+00 4.90817937062120e-02 3.11098098699664e-03 
4.67841406605246e+00 4.89028640508525e-02 3.09717776384845e-03 
4.71539757645604e+00 4.87234757923896e-02 3.08330254344398e-03 
4.75238108685962e+00 4.85436442638207e-02 3.06935979969581e-03 
4.78936459726319e+00 4.83633846180196e-02 3.05535418885664e-03 
4.82634810766677e+00 4.81827118026680e-02 3.04129052142208e-03 
4.86333161807035e+00 4.80016405518324e-02 3.02717372933571e-03 
4.90031512847392e+00 4.78201853641962e-02 3.01300884225302e-03 
4.93729863887750e+00 4.76383604970049e-02 2.99880095877800e-03 
4.97428214928108e+00 4.74561799473925e-02 2.98455522661149e-03 
5.01126565968466e+00 4.72736574484718e-02 2.97028802159682e-03 
5.04824917008823e+00 4.70906431289329e-02 2.95600932652543e-03 
5.08523268049181e+00 4.69071127367444e-02 2.94170002965940e-03 
5.12221619089539e+00 4.67230821122510e-02 2.92735718283957e-03 
5.15919970129896e+00 4.65385667876920e-02 2.91298712576396e-03 
5.19618321170254e+00 4.63535818947432e-02 2.89859667293318e-03 
5.23316672210612e+00 4.61681421722404e-02 2.88419239610942e-03 
5.27015023250969e+00 4.59822619638484e-02 2.86978062767590e-03 
5.30713374291327e+00 4.57959552264999e-02 2.85536745847440e-03 
5.34411725331685e+00 4.56092355294824e-02 2.84095874204710e-03 
5.38110076372042e+00 4.54221160634644e-02 2.82656009365375e-03 
5.41808427412400e+00 4.52346096408385e-02 2.81217689522109e-03 
5.45506778452758e+00 4.50467287052172e-02 2.79781429536777e-03 
5.49205129493115e+00 4.48584853328790e-02 2.78347721490398e-03 
5.52903480533473e+00 4.46698912426267e-02 2.76917034770215e-03 
5.56601831573831e+00 4.44809577981951e-02 2.75489819141443e-03 
5.60300182614188e+00 4.42916960149688e-02 2.74066509767684e-03 
5.63998533654546e+00 4.41021165563813e-02 2.72647525712967e-03 
5.67696884694904e+00 4.39122297434098e-02 2.71233265731866e-03 
5.71395235735261e+00 4.37220455576371e-02 2.69824108769437e-03 
5.75093586775619e+00 4.35315736510049e-02 2.68420414176177e-03 
5.78791937815977e+00 4.33408233495096e-02 2.67022522256606e-03 
5.82490288856335e+00 4.31498036631010e-02 2.65630754533592e-03 
5.86188639896692e+00 4.29585232899009e-02 2.64245414330911e-03 
5.89886990937050e+00 4.27669906261485e-02 2.62866787076950e-03 
5.93585341977408e+00 4.25752137708401e-02 2.61495140909110e-03 
5.97283693017765e+00 4.23832005356355e-02 2.60130727007933e-03 
6.00982044058123e+00 4.21909584498248e-02 2.58774391749643e-03 
6.04680395098481e+00 4.19984267424625e-02 2.57426796886698e-03 
6.08378746138838e+00 4.18055923217728e-02 2.56087417496377e-03 
6.12077097179196e+00 4.16124627349925e-02 2.54756205387840e-03 
6.15775448219554e+00 4.14190452696806e-02 2.53433326837029e-03 
6.19473799259911e+00 4.12253469700552e-02 2.52118930136443e-03 
6.23172150300269e+00 4.10313746415482e-02 2.50813151382037e-03 
6.26870501340627e+00 4.08371348590998e-02 2.49516114765587e-03 
6.30568852380984e+00 4.06426339718769e-02 2.48227933072799e-03 
6.34267203421342e+00 4.04478781113913e-02 2.46948707986134e-03 
6.37965554461700e+00 4.02528731963205e-02 2.45678530576146e-03 
6.41663905502057e+00 4.00576249404093e-02 2.44417481610050e-03 
6.45362256542415e+00 3.98621388573368e-02 2.43165632031526e-03 
6.49060607582773e+00 3.96664202683693e-02 2.41923043270366e-03 
6.52758958623130e+00 3.94704743072256e-02 2.40689767707255e-03 
6.56457309663488e+00 3.92743059274564e-02 2.39465848967656e-03 
6.60155660703846e+00 3.90779199072873e-02 2.38251322353094e-03 
6.63854011744203e+00 3.88813208567321e-02 2.37046215199091e-03 
6.67552362784561e+00 3.86845132222644e-02 2.35850547354934e-03 
6.71250713824919e+00 3.84875012935350e-02 2.34664331467993e-03 
6.74949064865277e+00 3.82902892079464e-02 2.33487573380708e-03 
6.78647415905634e+00 3.80928809570649e-02 2.32320272405897e-03 
6.82345766945992e+00 3.78952803910730e-02 2.31162421703409e-03 
6.86044117986350e+00 3.76974912248690e-02 2.30014008544780e-03 
6.89742469026707e+00 3.74995170423770e-02 2.28875014668673e-03 
6.93440820067065e+00 3.73013613023305e-02 2.27745416533439e-03 
6.97139171107423e+00 3.71030273424236e-02 2.26625185650993e-03 
7.00837522147780e+00 3.69045183847786e-02 2.25518052650219e-03 
7.04535873188138e+00 3.67054978689372e-02 2.24426270520875e-03 
7.08234224228496e+00 3.65058446666009e-02 2.23345408882244e-03 
7.11932575268853e+00 3.63055660190611e-02 2.22273648587398e-03 
7.15630926309211e+00 3.61046690192835e-02 2.21210938755753e-03 
7.19329277349569e+00 3.59031606125859e-02 2.20157226740558e-03 
7.23027628389926e+00 3.57010476020940e-02 2.19112456213482e-03 
7.26725979430284e+00 3.54983366530848e-02 2.18076567453741e-03 
7.30424330470642e+00 3.52950342981649e-02 2.17049497570515e-03 
7.34122681510999e+00 3.50911469414384e-02 2.16031180765709e-03 
7.37821032551357e+00 3.48866808634145e-02 2.15021548536412e-03 
7.41519383591715e+00 3.46816422249957e-02 2.14020529913111e-03 
7.45217734632072e+00 3.44760370721220e-02 2.13028051643422e-03 
7.48916085672430e+00 3.42698713395786e-02 2.12044038407271e-03 
7.52614436712788e+00 3.40631508553836e-02 2.11068412983052e-03 
7.56312787753145e+00 3.38558813444173e-02 2.10101096441536e-03 
7.60011138793503e+00 3.36480684325618e-02 2.09142008295564e-03 
7.63709489833861e+00 3.34397176501542e-02 2.08191066674181e-03 
7.67407840874218e+00 3.32308344358876e-02 2.07248188457098e-03 
7.71106191914576e+00 3.30214241400918e-02 2.06313289430548e-03 
7.74804542954934e+00 3.28114920284064e-02 2.05386284407582e-03 
7.78502893995292e+00 3.26010432848926e-02 2.04467087367164e-03 
7.82201245035649e+00 3.23900830154896e-02 2.03555611561422e-03 
7.85899596076007e+00 3.21786162509628e-02 2.02651769639268e-03 
7.89597947116365e+00 3.19666479501530e-02 2.01755473741616e-03 
7.93296298156722e+00 3.17541830027684e-02 2.00866635610931e-03 
7.96994649197080e+00 3.15412262324375e-02 1.99985166675409e-03 
8.00693000237438e+00 3.13277823993492e-02 1.99108295589846e-03 
8.04391351277795e+00 3.11140706285092e-02 1.98234339123448e-03 
8.08089702318153e+00 3.09001908578480e-02 1.97366167865211e-03 
8.11788053358511e+00 3.06861450502750e-02 1.96505115179212e-03 
8.15486404398868e+00 3.04719351422936e-02 1.95651095303036e-03 
8.19184755439226e+00 3.02575630459106e-02 1.94804022618224e-03 
8.22883106479584e+00 3.00430306502454e-02 1.93963811715030e-03 
8.26581457519941e+00 2.98283398232880e-02 1.93130377440931e-03 
8.30279808560299e+00 2.96134924133885e-02 1.92303634956706e-03 
8.33978159600657e+00 2.93984902508754e-02 1.91483499778169e-03 
8.37676510641014e+00 2.91833351494342e-02 1.90669887824372e-03 
8.41374861681372e+00 2.89680289075965e-02 1.89862715453197e-03 
8.45073212721730e+00 2.87525733100157e-02 1.89061899051139e-03 
8.48771563762087e+00 2.85369701298666e-02 1.88267355128845e-03 
8.52469914802445e+00 2.83212211299009e-02 1.87479001283563e-03 
8.56168265842803e+00 2.81053280626236e-02 1.86696756143969e-03 
8.59866616883160e+00 2.78892926714155e-02 1.85920538787664e-03 
8.63564967923518e+00 2.76731166920066e-02 1.85150268781130e-03 
8.67263318963876e+00 2.74568018534794e-02 1.84385866342141e-03 
8.70961670004234e+00 2.72403498793342e-02 1.83627252354950e-03 
8.74660021044591e+00 2.70237624884202e-02 1.82874348388830e-03 
8.78358372084949e+00 2.68070413959193e-02 1.82127076709940e-03 
8.82056723125307e+00 2.65901883142111e-02 1.81385360296116e-03 
8.85755074165664e+00 2.63732049537822e-02 1.80649122845842e-03 
8.89453425206022e+00 2.61560930240297e-02 1.79918288789730e-03 
8.93151776246380e+00 2.59388542341024e-02 1.79192783296912e-03 
8.96850127286737e+00 2.57214902936482e-02 1.78472532283636e-03 
9.00548478327095e+00 2.55040029135932e-02 1.77757462417419e-03 
9.04246829367453e+00 2.52863938068368e-02 1.77047501123089e-03 
9.07945180407810e+00 2.50686646889737e-02 1.76342576584921e-03 
9.11643531448168e+00 2.48508172789421e-02 1.75642617750511e-03 
9.15341882488526e+00 2.46328532996933e-02 1.74947554331223e-03 
9.19040233528883e+00 2.44147744787959e-02 1.74257316804102e-03 
9.22738584569241e+00 2.41965825490582e-02 1.73571836410834e-03 
9.26436935609599e+00 2.39782792490921e-02 1.72891045158030e-03 
9.30135286649956e+00 2.37598663238921e-02 1.72214875814883e-03 
9.33833637690314e+00 2.35413455253623e-02 1.71543261912035e-03 
9.37531988730672e+00 2.33227186128558e-02 1.70876137738149e-03 
9.41230339771029e+00 2.31039873536677e-02 1.70213438337521e-03 
9.44928690811387e+00 2.28851535235382e-02 1.69555099505795e-03 
9.48627041851745e+00 2.26662189071149e-02 1.68901057786506e-03 
9.52325392892102e+00 2.24471852984226e-02 1.68251250465998e-03 
9.56023743932460e+00 2.22280545012965e-02 1.67605615569152e-03 
9.59722094972818e+00 2.20088283298225e-02 1.66964091853619e-03 
9.63420446013176e+00 2.17895086087440e-02 1.66326618804810e-03 
9.67118797053533e+00 2.15700971738740e-02 1.65693136629667e-03 
9.70817148093891e+00 2.13505958724782e-02 1.65063586251017e-03 
9.74515499134248e+00 2.11310065636617e-02 1.64437909300912e-03 
9.78213850174606e+00 2.09113311187297e-02 1.63816048114528e-03 
9.81912201214964e+00 2.06915714215512e-02 1.63197945723160e-03 
9.85610552255322e+00 2.04717293688990e-02 1.62583545847745e-03 
9.89308903295679e+00 2.02518068707919e-02 1.61972792891610e-03 
9.93007254336037e+00 2.00318058508161e-02 1.61365631933684e-03 
9.96705605376395e+00 1.98117282464481e-02 1.60762008721086e-03 
1.00040395641675e+01 1.95915760093579e-02 1.60155344757905e-03 
1.00410230745711e+01 1.93718862652096e-02 1.59540939666507e-03 
1.00780065849747e+01 1.91529985768699e-02 1.58925816666066e-03 
1.01149900953783e+01 1.89349078245177e-02 1.58314654740491e-03 
1.01519736057818e+01 1.87176089463799e-02 1.57707409468745e-03 
1.01889571161854e+01 1.85010969379493e-02 1.57104037034265e-03 
1.02259406265890e+01 1.82853668512061e-02 1.56504494217180e-03 
1.02629241369926e+01 1.80704137938558e-02 1.55908738386240e-03 
1.02999076473961e+01 1.78562329285716e-02 1.55316727491035e-03 
1.03368911577997e+01 1.76428194722514e-02 1.54728420053954e-03 
1.03738746682033e+01 1.74301686952804e-02 1.54143775162434e-03 
1.04108581786069e+01 1.72182759208088e-02 1.53562752460990e-03 
1.04478416890104e+01 1.70071365240342e-02 1.52985312143524e-03 
1.04848251994140e+01 1.67967459314983e-02 1.52411414945474e-03 
1.05218087098176e+01 1.65870996203905e-02 1.51841022136186e-03 
1.05587922202212e+01 1.63781931178633e-02 1.51274095511204e-03 
1.05957757306248e+01 1.61700220003555e-02 1.50710597384889e-03 
1.06327592410283e+01 1.59625818929268e-02 1.50150490582698e-03 
1.06697427514319e+01 1.57558684686008e-02 1.49593738433567e-03 
1.07067262618355e+01 1.55498774477192e-02 1.49040304762481e-03 
1.07437097722391e+01 1.53446045973034e-02 1.48490153871183e-03 
1.07806932826426e+01 1.51400457304607e-02 1.47943250529761e-03 
1.08176767930462e+01 1.49361967057683e-02 1.47399559995237e-03 
1.08546603034498e+01 1.47330534266259e-02 1.46859048009350e-03 
1.08916438138534e+01 1.45306118406448e-02 1.46321680777455e-03 
1.09286273242569e+01 1.43288679390581e-02 1.45787424957316e-03 
1.09656108346605e+01 1.41278177561381e-02 1.45256247652431e-03 
1.10025943450641e+01 1.39274573686244e-02 1.44728116405386e-03 
1.10395778554677e+01 1.37277828951586e-02 1.44202999191339e-03 
1.10765613658712e+01 1.35287904957287e-02 1.43680864411530e-03 
1.11135448762748e+01 1.33304763711206e-02 1.43161680886918e-03 
1.11505283866784e+01 1.31328367623787e-02 1.42645417851842e-03 
1.11875118970820e+01 1.29358679502742e-02 1.42132044947823e-03 
1.12244954074856e+01 1.27395662547812e-02 1.41621532217409e-03 
1.12614789178891e+01 1.25439280345612e-02 1.41113850098128e-03 
1.12984624282927e+01 1.23489496864545e-02 1.40608969416493e-03 
1.13354459386963e+01 1.21546276449800e-02 1.40106861382140e-03 
1.13724294490999e+01 1.19609583818424e-02 1.39607497581993e-03 
1.14094129595034e+01 1.17679384054464e-02 1.39110849974561e-03 
1.14463964699070e+01 1.15755642604189e-02 1.38616890884298e-03 
1.14833799803106e+01 1.13838325271376e-02 1.38124739600983e-03 
1.15203634907142e+01 1.11927408049162e-02 1.37616970888105e-03 
1.15573470011177e+01 1.10023081695862e-02 1.37062269979691e-03 
1.15943305115213e+01 1.08126207760870e-02 1.36447043238680e-03 
1.16313140219249e+01 1.06237614676153e-02 1.35773730149103e-03 
1.16682975323285e+01 1.04358098057084e-02 1.35044744234736e-03 
1.17052810427321e+01 1.02488421027286e-02 1.34262471424280e-03 
1.17422645531356e+01 1.00629314566135e-02 1.33429268514926e-03 
1.17792480635392e+01 9.87814778776308e-03 1.32547461732713e-03 
1.18162315739428e+01 9.69455787793309e-03 1.31619345387906e-03 
1.18532150843464e+01 9.51222541100905e-03 1.30647180623609e-03 
1.18901985947499e+01 9.33121101553563e-03 1.29633194255779e-03 
1.19271821051535e+01 9.15157230887916e-03 1.28579577702707e-03 
1.19641656155571e+01 8.97336394290360e-03 1.27488486002013e-03 
1.20011491259607e+01 8.79663765104216e-03 1.26361162278164e-03 
1.20381326363642e+01 8.62156546924374e-03 1.25198603687711e-03 
1.20751161467678e+01 8.44829875433410e-03 1.24003855280624e-03 
1.21120996571714e+01 8.27687613346748e-03 1.22780048577382e-03 
1.21490831675750e+01 8.10733340481494e-03 1.21529114831649e-03 
1.21860666779786e+01 7.93970360865385e-03 1.20252941259824e-03 
1.22230501883821e+01 7.77401709861336e-03 1.18953370756459e-03 
1.22600336987857e+01 7.61030161297418e-03 1.17632201679949e-03 
1.22970172091893e+01 7.44858234592532e-03 1.16291187705750e-03 
1.23340007195929e+01 7.28888201868518e-03 1.14932037744420e-03 
1.23709842299964e+01 7.13122095039834e-03 1.13556415921799e-03 
1.24079677404000e+01 6.97561712872389e-03 1.12165941618656e-03 
1.24449512508036e+01 6.82208628003533e-03 1.10762189567201e-03 
1.24819347612072e+01 6.67064193915605e-03 1.09346690001882e-03 
1.25189182716107e+01 6.52129551855850e-03 1.07920928861911e-03 
1.25559017820143e+01 6.37405637695927e-03 1.06486348043037e-03 
1.25928852924179e+01 6.22893188724580e-03 1.05044345696102e-03 
1.26298688028215e+01 6.08592750367453e-03 1.03596276569975e-03 
1.26668523132251e+01 5.94504682828397e-03 1.02143452396522e-03 
1.27038358236286e+01 5.80629167646939e-03 1.00686009424104e-03 
1.27408193340322e+01 5.66966263150854e-03 9.92222931002629e-04 
1.27778028444358e+01 5.53516441969509e-03 9.77511687174452e-04 
1.28147863548394e+01 5.40280339506745e-03 9.62733969900117e-04 
1.28517698652429e+01 5.27258386504634e-03 9.47904326959346e-04 
1.28887533756465e+01 5.14450816891224e-03 9.33036787788591e-04 
1.29257368860501e+01 5.01857675521176e-03 9.18144869165657e-04 
1.29627203964537e+01 4.89478825803114e-03 9.03241581361573e-04 
1.29997039068572e+01 4.77313957208016e-03 8.88339434728202e-04 
1.30366874172608e+01 4.65362592653448e-03 8.73450446691402e-04 
1.30736709276644e+01 4.53624095758834e-03 8.58586149120149e-04 
1.31106544380680e+01 4.42097677967438e-03 8.43757596042902e-04 
1.31476379484715e+01 4.30782405531125e-03 8.28975371683426e-04 
1.31846214588751e+01 4.19677206354349e-03 8.14249598789106e-04 
1.32216049692787e+01 4.08780876694247e-03 7.99589947225740e-04 
1.32585884796823e+01 3.98092087714041e-03 7.85005642813366e-04 
1.32955719900859e+01 3.87609391887349e-03 7.70505476379705e-04 
1.33325555004894e+01 3.77331229251287e-03 7.56097813007843e-04 
1.33695390108930e+01 3.67255933506624e-03 7.41790601454306e-04 
1.34065225212966e+01 3.57381737963570e-03 7.27591383716650e-04 
1.34435060317002e+01 3.47706781332019e-03 7.13507304730409e-04 
1.34804895421037e+01 3.38229113355413e-03 6.99545122175243e-04 
1.35174730525073e+01 3.28946700287617e-03 6.85711216371271e-04 
1.35544565629109e+01 3.19857430212484e-03 6.72011600247597e-04 
1.35914400733145e+01 3.10959118206011e-03 6.58451929365694e-04 
1.36284235837180e+01 3.02249511341229e-03 6.45037511981344e-04 
1.36654070941216e+01 2.93726293536193e-03 6.31773319129586e-04 
1.37023906045252e+01 2.85387090245612e-03 6.18657379919476e-04 
1.37393741149288e+01 2.77229460018116e-03 6.05676717068954e-04 
1.37763576253324e+01 2.69251254287319e-03 5.92820832952807e-04 
1.38133411357359e+01 2.61450523540839e-03 5.80090993296462e-04 
1.38503246461395e+01 2.53825240657517e-03 5.67493174799270e-04 
1.38873081565431e+01 2.46373306524273e-03 5.55032959573868e-04 
1.39242916669467e+01 2.39092555474021e-03 5.42715546814840e-04 
1.39612751773502e+01 2.31980760545143e-03 5.30545764484497e-04 
1.39982586877538e+01 2.25035638563261e-03 5.18528080996186e-04 
1.40352421981574e+01 2.18254855046333e-03 5.06666616876544e-04 
1.40722257085610e+01 2.11636028934313e-03 4.94965156389238e-04 
1.41092092189645e+01 2.05176737144855e-03 4.83427159103832e-04 
1.41461927293681e+01 1.98874518956720e-03 4.72055771394397e-04 
1.41831762397717e+01 1.92726880222768e-03 4.60853837853553e-04 
1.42201597501753e+01 1.86731297414557e-03 4.49823912608572e-04 
1.42571432605789e+01 1.80885221500768e-03 4.38968270527218e-04 
1.42941267709824e+01 1.75186081661796e-03 4.28288918301839e-04 
1.43311102813860e+01 1.69631288842989e-03 4.17787605401176e-04 
1.43680937917896e+01 1.64218239149146e-03 4.07465834880307e-04 
1.44050773021932e+01 1.58944317082980e-03 3.97324874039894e-04 
1.44420608125967e+01 1.53806898630367e-03 3.87365764926771e-04 
1.44790443230003e+01 1.48803354195267e-03 3.77589334668747e-04 
1.45160278334039e+01 1.43931051387295e-03 3.67996205637271e-04 
1.45530113438075e+01 1.39187357664975e-03 3.58586805432266e-04 
1.45899948542110e+01 1.34569642837760e-03 3.49361376684275e-04 
1.46269783646146e+01 1.30075281429965e-03 3.40319986669724e-04 
1.46639618750182e+01 1.25701654909758e-03 3.31462536735685e-04 
1.47009453854218e+01 1.21446153786424e-03 3.22782230856451e-04 
1.47379288958254e+01 1.17306121707073e-03 3.14261027040623e-04 
1.47749124062289e+01 1.13279248592052e-03 3.05882995824632e-04 
1.48118959166325e+01 1.09363552754313e-03 2.97644821967516e-04 
1.48488794270361e+01 1.05557025220947e-03 2.89548807855337e-04 
1.48858629374397e+01 1.01857633688632e-03 2.81596965179978e-04 
1.49228464478432e+01 9.82633262965541e-04 2.73791027717370e-04 
1.49598299582468e+01 9.47720352197422e-04 2.66132463935719e-04 
1.49968134686504e+01 9.13816800859393e-04 2.58622505418032e-04 
1.50337969790540e+01 8.80911168450818e-04 2.51261117178738e-04 
1.50707804894575e+01 8.48994967068005e-04 2.44048623794378e-04 
1.51077639998611e+01 8.18045945308583e-04 2.36986899851960e-04 
1.51447475102647e+01 7.88041908952889e-04 2.30076092679119e-04 
1.51817310206683e+01 7.58960746479806e-04 2.23316157898917e-04 
1.52187145310719e+01 7.30780452938252e-04 2.16706870609773e-04 
1.52556980414754e+01 7.03479152224106e-04 2.10247836278663e-04 
1.52926815518790e+01 6.77035117812442e-04 2.03938501344025e-04 
1.53296650622826e+01 6.51426791994959e-04 1.97778163525836e-04 
1.53666485726862e+01 6.26632803672354e-04 1.91765981841265e-04 
1.54036320830897e+01 6.02631984751112e-04 1.85900986325124e-04 
1.54406155934933e+01 5.79403385193838e-04 1.80182087455254e-04 
1.54775991038969e+01 5.56926286771778e-04 1.74608085283701e-04 
1.55145826143005e+01 5.35180215567612e-04 1.69177678275297e-04 
1.55515661247040e+01 5.14144953275957e-04 1.63889471855937e-04 
1.55885496351076e+01 4.93800547348279e-04 1.58741986673497e-04 
1.56255331455112e+01 4.74127320028093e-04 1.53733666574955e-04 
1.56625166559148e+01 4.55105876321496e-04 1.48862886303773e-04 
1.56995001663183e+01 4.36717110947086e-04 1.44127958922185e-04 
1.57364836767219e+01 4.18942214308381e-04 1.39527142963505e-04 
1.57734671871255e+01 4.01762677530769e-04 1.35058649319980e-04 
1.58104506975291e+01 3.85160296603954e-04 1.30720409782106e-04 
1.58474342079327e+01 3.69113734487653e-04 1.26473170962018e-04 
1.58844177183362e+01 3.53614128459578e-04 1.22316275558572e-04 
1.59214012287398e+01 3.38643977038223e-04 1.18248720304229e-04 
1.59583847391434e+01 3.24194264146328e-04 1.14263970109789e-04 
1.59953682495470e+01 3.10249482518261e-04 1.10361621159891e-04 
1.60323517599505e+01 2.96802138077151e-04 1.06540669549331e-04 
1.60693352703541e+01 2.83836775683450e-04 1.02802177026929e-04 
1.61063187807577e+01 2.71345926294189e-04 9.91459537384118e-05 
1.61433022911613e+01 2.59314552389544e-04 9.55742290055684e-05 
1.61802858015648e+01 2.47734705432899e-04 9.20868584706517e-05 
1.62172693119684e+01 2.36591456707639e-04 8.86856284855797e-05 
1.62542528223720e+01 2.25876490454516e-04 8.53699008618749e-05 
1.62912363327756e+01 2.15575109670015e-04 8.21410070096781e-05 
1.63282198431792e+01 2.05678745264191e-04 7.89979248555080e-05 
1.63652033535827e+01 1.96173026461613e-04 7.59415562505451e-05 
1.64021868639863e+01 1.87049237254991e-04 7.29705714282407e-05 
1.64391703743899e+01 1.78293407795237e-04 7.00854812043740e-05 
1.64761538847935e+01 1.69896771008395e-04 6.72847078846337e-05 
1.65131373951970e+01 1.61845817100025e-04 6.45697607159101e-05 
1.65501209056006e+01 1.54132169542744e-04 6.19413481212709e-05 
1.65871044160042e+01 1.46742247739732e-04 5.94006141452342e-05 
1.66240879264078e+01 1.39666748445566e-04 5.69453208674047e-05 
1.66610714368113e+01 1.32892601685432e-04 5.45745762098752e-05 
1.66980549472149e+01 1.26410801262470e-04 5.22858873021831e-05 
1.67350384576185e+01 1.20208961455856e-04 5.00782247718114e-05 
1.67720219680221e+01 1.14278402636189e-04 4.79490938055129e-05 
1.68090054784257e+01 1.08607418930430e-04 4.58973563263222e-05 
1.68459889888292e+01 1.03187679583801e-04 4.39205365687988e-05 
1.68829724992328e+01 9.80081489927022e-05 4.20174137559644e-05 
1.69199560096364e+01 9.30608610960306e-05 4.01855490799055e-05 
1.69569395200400e+01 8.83354366344060e-05 3.84236624781970e-05 
1.69939230304435e+01 8.38242842841299e-05 3.67290892086788e-05 
1.70309065408471e+01 7.95187381474570e-05 3.50991472333889e-05 
1.70678900512507e+01 7.54136850170990e-05 3.35299688023972e-05 
1.71048735616543e+01 7.15001460939534e-05 3.20200833901602e-05 
1.71418570720578e+01 6.77714516641449e-05 3.05676064108623e-05 
1.71788405824614e+01 6.42191566749602e-05 2.91713896545971e-05 
1.72158240928650e+01 6.08369465146848e-05 2.78295477977969e-05 
1.72528076032686e+01 5.76169039139758e-05 2.65409074934389e-05 
1.72897911136722e+01 5.45530698782208e-05 2.53036024097301e-05 
1.73267746240757e+01 5.16380442582041e-05 2.41164470088093e-05 
1.73637581344793e+01 4.88662210817649e-05 2.29776099012311e-05 
1.74007416448829e+01 4.62307029488790e-05 2.18859050478384e-05 
1.74377251552865e+01 4.37262315791507e-05 2.08395487510707e-05 
1.74747086656900e+01 4.13463950785751e-05 1.98373648083829e-05 
1.75116921760936e+01 3.90862751763763e-05 1.88775407114625e-05 
1.75486756864972e+01 3.69398940723942e-05 1.79587638554259e-05 
1.75856591969008e+01 3.49026963156395e-05 1.70792888264238e-05 
1.76226427073043e+01 3.29692244413371e-05 1.62380048242526e-05 
1.76596262177079e+01 3.11352479230013e-05 1.54333582067422e-05 
1.76966097281115e+01 2.93957229092647e-05 1.46642824570175e-05 
1.77335932385151e+01 2.77467170028341e-05 1.39292915472239e-05 
1.77705767489186e+01 2.61835792161658e-05 1.32273498516220e-05 
1.78075602593222e+01 2.47026635681120e-05 1.25570424836319e-05 
1.78445437697258e+01 2.32996906415005e-05 1.19173696563578e-05 
1.78815272801294e+01 2.19712882263481e-05 1.13069898184794e-05 
1.79185107905330e+01 2.07135269653209e-05 1.07249428797229e-05 
1.79554943009365e+01 1.95232951154985e-05 1.01699616879214e-05 
1.79924778113401e+01 1.83969919239139e-05 9.64111659819906e-06 
1.80294613217437e+01 1.73317473982063e-05 9.13717026959883e-06 
1.80664448321473e+01 1.63242621316987e-05 8.65719989736413e-06 
1.81034283425508e+01 1.53719209587384e-05 8.20007618628246e-06 
1.81404118529544e+01 1.44717314133634e-05 7.76498479227165e-06 
1.81773953633580e+01 1.36212937836898e-05 7.35089372993907e-06 
1.82143788737616e+01 1.28178785098202e-05 6.95703241194665e-06 
1.82513623841651e+01 1.20592881776205e-05 6.58243608469819e-06 
1.82883458945687e+01 1.13430375965177e-05 6.22637827038834e-06 
1.83253294049723e+01 1.06671186513524e-05 5.88795969724279e-06 
1.83623129153759e+01 1.00292726548663e-05 5.56649783772918e-06 
1.83992964257795e+01 9.42766806239404e-06 5.26115675178169e-06 
1.84362799361830e+01 8.86025557607965e-06 4.97129727160950e-06 
1.84732634465866e+01 8.32536785552714e-06 4.69614433011140e-06 
1.85102469569902e+01 7.82114868894050e-06 4.43513265241849e-06 
1.85472304673938e+01 7.34609774347405e-06 4.18759984999078e-06 
1.85842139777973e+01 6.89852671954606e-06 3.95302225165025e-06 
1.86211974882009e+01 6.47704565542375e-06 3.73073107366465e-06 
1.86581809986045e+01 6.08012529429446e-06 3.52019618591482e-06 
1.86951645090081e+01 5.70650931143864e-06 3.32079584784237e-06 
1.87321480194116e+01 5.35482108360233e-06 3.13204140443402e-06 
1.87691315298152e+01 5.02392672829327e-06 2.95336363720122e-06 
1.88061150402188e+01 4.71258865051123e-06 2.78431307716848e-06 
1.88430985506224e+01 4.41978492571391e-06 2.62436953024397e-06 
1.88800820610260e+01 4.14440437074936e-06 2.47312041082130e-06 
1.89170655714295e+01 3.88552723334978e-06 2.33009115041274e-06 
1.89540490818331e+01 3.64215707506599e-06 2.19490375736367e-06 
1.89910325922367e+01 3.41346721121966e-06 2.06712600870643e-06 
1.90280161026403e+01 3.19856518682229e-06 1.94641225285572e-06 
1.90649996130438e+01 2.99670893894724e-06 1.83236946597831e-06 
1.91019831234474e+01 2.80710009484363e-06 1.72468213638460e-06 
1.91389666338510e+01 2.62907340070695e-06 1.62299343750878e-06 
1.91759501442546e+01 2.46191547741303e-06 1.52701586560193e-06 
1.92129336546581e+01 2.30503067262911e-06 1.43642594126997e-06 
1.92499171650617e+01 2.15778227677327e-06 1.35096211623863e-06 
1.92869006754653e+01 2.01963760627889e-06 1.27033156418572e-06 
1.93238841858689e+01 1.89002901348301e-06 1.19429672776593e-06 
1.93608676962725e+01 1.76848069465775e-06 1.12259289730340e-06 
1.93978512066760e+01 1.65448712542465e-06 1.05500463572098e-06 
1.94348347170796e+01 1.54762380501763e-06 9.91292970797547e-07 
1.94718182274832e+01 1.44744101627920e-06 9.31262812789184e-07 
1.95088017378868e+01 1.35356046476883e-06 8.74698702791439e-07 
1.95457852482903e+01 1.26558250205847e-06 8.21424225215491e-07 
1.95827687586939e+01 1.18317039214159e-06 7.71245361800412e-07 
1.96197522690975e+01 1.10596935110106e-06 7.24002798195200e-07 
1.96567357795011e+01 1.03367997135839e-06 6.79522030867699e-07 
1.96937192899046e+01 9.65987622171195e-07 6.37659373280327e-07 
1.97307028003082e+01 9.02626382304035e-07 5.98258051900661e-07 
1.97676863107118e+01 8.43317516400881e-07 5.61188632259132e-07 
1.98046698211154e+01 7.87825106536413e-07 5.26310421057667e-07 
1.98416533315190e+01 7.35902471316736e-07 4.93506955168518e-07 
1.98786368419225e+01 6.87340544524776e-07 4.62652100039857e-07 
1.99156203523261e+01 6.41921238688368e-07 4.33643366288809e-07 
1.99526038627297e+01 5.99460774257634e-07 4.06370798556647e-07 
1.99895873731333e+01 5.59765749234623e-07 3.80740812955763e-07 
2.00265708835368e+01 5.22659244846707e-07 3.56653134075145e-07 
2.00635543939404e+01 4.87930212020294e-07 3.34039011746688e-07 
2.01005379043440e+01 4.55439091264174e-07 3.12801532805661e-07 
2.01375214147476e+01 4.25040465903734e-07 2.92865387134991e-07 
2.01745049251511e+01 3.96610652687231e-07 2.74150167508652e-07 
2.02114884355547e+01 3.70021079521962e-07 2.56588512474230e-07 
2.02484719459583e+01 3.45162233642058e-07 2.40108725157893e-07 
2.02854554563619e+01 3.21920533110737e-07 2.24650618963497e-07 
2.03224389667654e+01 3.00199099590928e-07 2.10150326433391e-07 
2.03594224771690e+01 2.79897677985356e-07 1.96554128673388e-07 
2.03964059875726e+01 2.60930642967461e-07 1.83805187546999e-07 
2.04333894979762e+01 2.43209576114972e-07 1.71855606787552e-07 
2.04703730083798e+01 2.26658864363642e-07 1.60654851991025e-07 
2.05073565187833e+01 2.11200592453014e-07 1.50160262098340e-07 
2.05443400291869e+01 1.96768046579557e-07 1.40326949372078e-07 
2.05813235395905e+01 1.83292622652014e-07 1.31116953941465e-07 
2.06183070499941e+01 1.70715508946527e-07 1.22490440562016e-07 
2.06552905603976e+01 1.58976348221704e-07 1.14413665866885e-07 
2.06922740708012e+01 1.48023338493851e-07 1.06851310542687e-07 
2.07292575812048e+01 1.37803420076628e-07 9.97734085111142e-08 
2.07662410916084e+01 1.28271003144549e-07 9.31486725040282e-08 
2.08032246020119e+01 1.19379479763121e-07 8.69505163262955e-08 
2.08402081124155e+01 1.11088760199020e-07 8.11512489452299e-08 
2.08771916228191e+01 1.03357935461006e-07 7.57273050051346e-08 
2.09141751332227e+01 9.61517809058405e-08 7.06541977003578e-08 
2.09511586436263e+01 8.94344171336550e-08 6.59110585951767e-08 
2.09881421540298e+01 8.31749189389078e-08 6.14762529421124e-08 
2.10251256644334e+01 7.73418419657794e-08 5.73313174018865e-08 
2.10621091748370e+01 7.19080571162879e-08 5.34571532933506e-08 
2.10990926852406e+01 6.68460274997154e-08 4.98374398226688e-08 
2.11360761956441e+01 6.21319727278145e-08 4.64553311824511e-08 
2.11730597060477e+01 5.77417956782347e-08 4.32964132216525e-08 
2.12100432164513e+01 5.36546674070106e-08 4.03458395053705e-08 
2.12470267268549e+01 4.98495163473217e-08 3.75908908391005e-08 
2.12840102372584e+01 4.63081126110283e-08 3.50184934969409e-08 
2.13209937476620e+01 4.30120436891091e-08 3.26174335234353e-08 
2.13579772580656e+01 3.99453664837404e-08 3.03762074615480e-08 
2.13949607684692e+01 3.70920035672649e-08 2.82849367741472e-08 
2.14319442788728e+01 3.44380221959695e-08 2.63335076656629e-08 
2.14689277892763e+01 3.19693938987693e-08 2.45132251879174e-08 
2.15059112996799e+01 2.96739518073706e-08 2.28152042503581e-08 
2.15428948100835e+01 2.75394639413987e-08 2.12317979075297e-08 
2.15798783204871e+01 2.55553133006944e-08 1.97552064808547e-08 
2.16168618308906e+01 2.37108418291508e-08 1.83787100840303e-08 
2.16538453412942e+01 2.19967917246329e-08 1.70954670134017e-08 
2.16908288516978e+01 2.04038828215759e-08 1.58995766787190e-08 
2.17278123621014e+01 1.89240483691004e-08 1.47850421293541e-08 
2.17647958725049e+01 1.75492135800592e-08 1.37466861552639e-08 
2.18017793829085e+01 1.62723546087495e-08 1.27792560649204e-08 
2.18387628933121e+01 1.50864503661919e-08 1.18782127465600e-08 
2.18757464037157e+01 1.39853895079688e-08 1.10389586559685e-08 
2.19127299141193e+01 1.29630713952002e-08 1.02575170293865e-08 
2.19497134245228e+01 1.20141825037629e-08 9.52986652417864e-09 
2.19866969349264e+01 1.11334256906488e-08 8.85253715849175e-09 
2.20236804453300e+01 1.03161924752936e-08 8.22209254620224e-09 
2.20606639557336e+01 9.55792756361128e-09 7.63556691015374e-09 
2.20976474661371e+01 8.85459261697763e-09 7.08992142097212e-09 
2.21346309765407e+01 8.20217686089517e-09 6.58246107654904e-09 
2.21716144869443e+01 7.59718101506610e-09 6.11047655652258e-09 
2.22085979973479e+01 7.03613396435040e-09 5.67168891334014e-09 
2.22455815077514e+01 6.51605481514499e-09 5.26384026072129e-09 
2.22825650181550e+01 6.03392986707472e-09 4.88494949196689e-09 
2.23195485285586e+01 5.58710301610163e-09 4.53294686160714e-09 
2.23565320389622e+01 5.17295051532780e-09 4.20601245210879e-09 
2.23935155493657e+01 4.78917990839456e-09 3.90233010446380e-09 
2.24304990597693e+01 4.43352872419667e-09 3.62032153944448e-09 
2.24674825701729e+01 4.10401910615173e-09 3.35841341073558e-09 
2.25044660805765e+01 3.79870081113545e-09 3.11523754237096e-09 
2.25414495909801e+01 3.51586803991805e-09 2.88943145615254e-09 
2.25784331013836e+01 3.25384028456114e-09 2.67980957994859e-09 
2.26154166117872e+01 3.01114691960908e-09 2.48519248629066e-09 
2.26524001221908e+01 2.78634037379128e-09 2.30455323814416e-09 
2.26893836325944e+01 2.57815323187152e-09 2.13687124620766e-09 
2.27263671429979e+01 2.38533900505723e-09 1.98125732709684e-09 
2.27633506534015e+01 2.20680580040618e-09 1.83682866414216e-09 
2.28003341638051e+01 2.04148064864680e-09 1.70281564431784e-09 
2.28373176742087e+01 1.88842320509336e-09 1.57845490408422e-09 
2.28743011846122e+01 1.74671017979777e-09 1.46308057432631e-09 
2.29112846950158e+01 1.61553202674581e-09 1.35603282011516e-09 
2.29482682054194e+01 1.49409452329742e-09 1.25673574745258e-09 
2.29852517158230e+01 1.38170097075901e-09 1.16461921331896e-09 
2.30222352262266e+01 1.27766839988348e-09 1.07918532557554e-09 
2.30592187366301e+01 1.18139743520142e-09 9.99941615603942e-10 
2.30962022470337e+01 1.09230097122379e-09 9.26457785895488e-10 
2.31331857574373e+01 1.00986353612481e-09 8.58308609119281e-10 
2.31701692678409e+01 9.33580598051325e-10 7.95122340350538e-10 
2.32071527782444e+01 8.63008993124140e-10 7.36531939698811e-10 
2.32441362886480e+01 7.97715290495743e-10 6.82216362295243e-10 
2.32811197990516e+01 7.37318618518694e-10 6.31858901993673e-10 
2.33181033094552e+01 6.81446747423868e-10 5.85182397412534e-10 
2.33550868198587e+01 6.29772450187399e-10 5.41913666280076e-10 
2.33920703302623e+01 5.81976158517747e-10 5.01813515929310e-10 
2.34290538406659e+01 5.37776826545185e-10 4.64646385552844e-10 
2.34660373510695e+01 4.96900184008060e-10 4.30205921065072e-10 
2.35030208614731e+01 4.59104927198949e-10 3.98289069274068e-10 
2.35400043718766e+01 4.24155736946562e-10 3.68717866929474e-10 
2.35769878822802e+01 3.91845498689889e-10 3.41317339548248e-10 
2.36139713926838e+01 3.61972375594065e-10 3.15934060156857e-10 
2.36509549030874e+01 3.34358655113313e-10 2.92417298756798e-10 
2.36879384134909e+01 3.08831272384753e-10 2.70634825507131e-10 
2.37249219238945e+01 2.85237791550641e-10 2.50456836764814e-10 
2.37619054342981e+01 2.63429864038797e-10 2.31769802957131e-10 
2.37988889447017e+01 2.43277074350837e-10 2.14462435174051e-10 
2.38358724551052e+01 2.24652208099909e-10 1.98436916923611e-10 
2.38728559655088e+01 2.07443055443495e-10 1.83596941924650e-10 
2.39098394759124e+01 1.91540582525209e-10 1.69857851210665e-10 
2.39468229863160e+01 1.76848652736971e-10 1.57136745637954e-10 
2.39838064967196e+01 1.63273910371899e-10 1.45360784335638e-10 
2.40207900071231e+01 1.50734013077332e-10 1.34458692538840e-10 
2.40577735175267e+01 1.39149050850839e-10 1.24367816131320e-10 
2.40947570279303e+01 1.28448516203788e-10 1.15026891996073e-10 
2.41317405383339e+01 1.18564026957679e-10 1.06382043748239e-10 
2.41687240487374e+01 1.09435226424007e-10 9.83806282336218e-11 
2.42057075591410e+01 1.01003613131188e-10 9.09763302143933e-11 
2.42426910695446e+01 9.32175342413718e-11 8.41239259552420e-11 
2.42796745799482e+01 8.60269548569454e-11 7.77836112920304e-11 
2.43166580903517e+01 7.93876831763253e-11 7.19165465856167e-11 
2.43536416007553e+01 7.32569371534419e-11 6.64885326930037e-11 
2.43906251111589e+01 6.75969188922632e-11 6.14662215122277e-11 
2.44276086215625e+01 6.23710578116590e-11 5.68202373891125e-11 
2.44645921319661e+01 5.75470339384240e-11 5.25219545132961e-11 
2.45015756423696e+01 5.30935949173339e-11 4.85461468056043e-11 
2.45385591527732e+01 4.89831127125554e-11 4.48682479754612e-11 
2.45755426631768e+01 4.51888872711684e-11 4.14666005796502e-11 
2.46125261735804e+01 4.16873082808279e-11 3.83201269750627e-11 
2.46495096839839e+01 3.84555714477212e-11 3.54102377074008e-11 
2.46864931943875e+01 3.54735060416172e-11 3.27188908144802e-11 
2.47234767047911e+01 3.27216713226154e-11 3.02303973201910e-11 
2.47604602151947e+01 3.01830063197629e-11 2.79294783109363e-11 
2.47974437255982e+01 2.78407926743082e-11 2.58025595559168e-11 
2.48344272360018e+01 2.56802396621981e-11 2.38362298727529e-11 
2.48714107464054e+01 2.36870957851802e-11 2.20186518068883e-11 
2.49083942568090e+01 2.18487499912505e-11 2.03383452938002e-11 
2.49453777672125e+01 2.01530565765644e-11 1.87851733537292e-11 
2.49823612776161e+01 1.85892658188290e-11 1.73493050867239e-11 
2.50193447880197e+01 1.71469970738217e-11 1.60219027158804e-11 
2.50563282984233e+01 1.58158280940759e-11 1.47953573410671e-11 
2.50933118088269e+01 1.45871062760399e-11 1.36619996185826e-11 
2.51302953192304e+01 1.34531649786344e-11 1.26146645957451e-11 
2.51672788296340e+01 1.24066132982648e-11 1.16470161070006e-11 
2.52042623400376e+01 1.14409007241366e-11 1.07529192974077e-11 
2.52412458504412e+01 1.05497156148364e-11 9.92694723043308e-12 
2.52782293608447e+01 9.72746249430456e-12 9.16384837267166e-12 
2.53152128712483e+01 8.96875269274287e-12 8.45897573957530e-12 
2.53521963816519e+01 8.26880771406881e-12 7.80783505983275e-12 
2.53891798920555e+01 7.62302800421855e-12 7.20644822614661e-12 
2.54261634024590e+01 7.02733376936625e-12 6.65096999173821e-12 
2.54631469128626e+01 6.47779995938395e-12 6.13799571774495e-12 
2.55001304232662e+01 5.97094417585490e-12 5.66423627158616e-12 
2.55371139336698e+01 5.50341776358585e-12 5.22677855307642e-12 
2.55740974440734e+01 5.07224897156502e-12 4.82280981159129e-12 
2.56110809544769e+01 4.67458157874459e-12 4.44983814999616e-12 
2.56480644648805e+01 4.30788021970242e-12 4.10545879454063e-12 
2.56850479752841e+01 3.96970927308581e-12 3.78754068543856e-12 
2.57220314856877e+01 3.65790620291840e-12 3.49402835424138e-12 
2.57590149960912e+01 3.37039454373786e-12 3.22309978362866e-12 
2.57959985064948e+01 3.10533020941944e-12 2.97299850065682e-12 
2.58329820168984e+01 2.86094334762197e-12 2.74216710154182e-12 
2.58699655273020e+01 2.63566180618132e-12 2.52910498043974e-12 
2.59069490377055e+01 2.42797742607902e-12 2.33248124685543e-12 
2.59439325481091e+01 2.23655021008071e-12 2.15101419959344e-12 
2.59809160585127e+01 2.06009529940052e-12 1.98356679715035e-12 
2.60178995689163e+01 1.89747084264303e-12 1.82904457318944e-12 
2.60548830793199e+01 1.74758247480764e-12 1.68647633874550e-12 
2.60918665897234e+01 1.60945742172576e-12 1.55492773437700e-12 
2.61288501001270e+01 1.48216378647219e-12 1.43356943435978e-12 
2.61658336105306e+01 1.36487303262571e-12 1.32160395464237e-12 
2.62028171209342e+01 1.25679179565888e-12 1.21832328247468e-12 
2.62398006313377e+01 1.15721455667018e-12 1.12304691958726e-12 
2.62767841417413e+01 1.06546604607102e-12 1.03517056657526e-12 
2.63137676521449e+01 9.80945638759315e-13 9.54113686841284e-13 
2.63507511625485e+01 9.03078713900377e-13 8.79360625606415e-13 
2.63877346729520e+01 8.31354065044549e-13 8.10416240192399e-13 
2.64247181833556e+01 7.65282831069286e-13 7.46840622020538e-13 
2.64617016937592e+01 7.04430013878464e-13 6.88211559653761e-13 
2.64986852041628e+01 6.48379808486773e-13 6.34153852839913e-13 
2.65356687145663e+01 5.96762151070746e-13 5.84307562256850e-13 
2.65726522249699e+01 5.49223456551880e-13 5.38352752687624e-13 
2.66096357353735e+01 5.05448976147418e-13 4.95982642607408e-13 
2.66466192457771e+01 4.65138103587168e-13 4.56924484805052e-13 
2.66836027561807e+01 4.28023199906892e-13 4.20916864071083e-13 
2.67205862665842e+01 3.93848758811540e-13 3.87727314485823e-13 
2.67575697769878e+01 3.62387253851645e-13 3.57133128130808e-13 
2.67945532873914e+01 3.33421562984571e-13 3.28936215860613e-13 
2.68315367977950e+01 3.06758306581614e-13 3.02946887243632e-13 
2.68685203081985e+01 2.82213023962012e-13 2.78996383385580e-13 
2.69055038186021e+01 2.59621397444875e-13 2.56923170827594e-13 
2.69424873290057e+01 2.38826752103391e-13 2.36583508739921e-13 
2.69794708394093e+01 2.19689499225664e-13 2.17839869491958e-13 
2.70164543498128e+01 2.02076596935105e-13 2.00571934624662e-13 
2.70534378602164e+01 1.85871226658924e-13 1.84664386761492e-13 
2.70904213706200e+01 1.70959765179964e-13 1.70014273958891e-13 
2.71274048810236e+01 1.57240864198467e-13 1.56521111188098e-13 
2.71643883914272e+01 1.44618086241399e-13 1.44095372205371e-13 
2.72013719018307e+01 1.33005504918533e-13 1.32651609326602e-13 
2.72383554122343e+01 1.22321381513955e-13 1.22113771402506e-13 
2.72753389226379e+01 1.12492874072139e-13 1.12409294891924e-13 
2.73123224330415e+01 1.03450710882653e-13 1.03473583912004e-13 
2.73493059434450e+01 9.51331497812803e-14 9.52450241522287e-14 
2.73862894538486e+01 8.74814918087521e-14 8.76687566186164e-14 
2.74232729642522e+01 8.04434097505334e-14 8.06924706804133e-14 
2.74602564746558e+01 7.39691698163523e-14 7.42695825186941e-14 
2.74972399850593e+01 6.80144296062617e-14 6.83556859093917e-14 
2.75342234954629e+01 6.25370563844461e-14 6.29112289943496e-14 
2.75712070058665e+01 5.74994787946104e-14 5.78985202626975e-14 
2.76081905162701e+01 5.28660077871793e-14 5.32839825861525e-14 
2.76451740266737e+01 4.86048130467086e-14 4.90356277985215e-14 
2.76821575370772e+01 4.46856673814141e-14 4.51249545540894e-14 
2.77191410474808e+01 4.10816075751472e-14 4.15248183731125e-14 
2.77561245578844e+01 3.77670354889422e-14 3.82110294353367e-14 
2.77931080682880e+01 3.47191135779241e-14 3.51605563392404e-14 
2.78300915786915e+01 3.19161664466300e-14 3.23528711303400e-14 
2.78670750890951e+01 2.93388532969311e-14 2.97684346364026e-14 
2.79040585994987e+01 2.69688225265834e-14 2.73898285973761e-14 
2.79410421099023e+01 2.47896966617364e-14 2.52004785608440e-14 
2.79780256203058e+01 2.27859400484350e-14 2.31856067118897e-14 
2.80150091307094e+01 2.09436861735412e-14 2.13311551736608e-14 
2.80519926411130e+01 1.92497847886609e-14 1.96245878494690e-14 
2.80889761515166e+01 1.76924967685884e-14 1.80539827677738e-14 
2.81259596619202e+01 1.62606923094768e-14 1.66087067918285e-14 
2.81629431723237e+01 1.49444344728900e-14 1.52786505418648e-14 
2.81999266827273e+01 1.37343045695193e-14 1.40547960700319e-14 
2.82369101931309e+01 1.26218921704970e-14 1.29285720247188e-14 
2.82738937035345e+01 1.15992275550251e-14 1.18923312209871e-14 
2.83108772139380e+01 1.06591931384308e-14 1.09388072008999e-14 
2.83478607243416e+01 9.79504603677854e-15 1.00615159597737e-14 
2.83848442347452e+01 9.00076347871144e-15 9.25429800190359e-15 
2.84218277451488e+01 8.27064121534204e-15 8.51165623281782e-15 
2.84588112555523e+01 7.59958347902582e-15 7.82837009628811e-15 
2.84957947659559e+01 6.98276522092565e-15 7.19977974658094e-15 
2.85327782763595e+01 6.41587549454684e-15 6.62146095143391e-15 
2.85697617867631e+01 5.89483340244357e-15 6.08946406056256e-15 
2.86067452971667e+01 5.41599236511782e-15 5.60004013064270e-15 
2.86437288075702e+01 4.97590125813990e-15 5.14984186022294e-15 
2.86807123179738e+01 4.57147583536006e-15 4.73569288760888e-15 
2.87176958283774e+01 4.19979788527613e-15 4.35475672834460e-15 
2.87546793387810e+01 3.85825907563219e-15 4.00434245828237e-15 
2.87916628491845e+01 3.54439209284226e-15 3.68204673460982e-15 
2.88286463595881e+01 3.25599133282392e-15 3.38559014066354e-15 
2.88656298699917e+01 2.99097094311910e-15 3.11293656698855e-15 
2.89026133803953e+01 2.74746607686855e-15 2.86215539232795e-15 
2.89395968907988e+01 2.52371356215547e-15 2.63152182370520e-15 
2.89765804012024e+01 2.31813684102391e-15 2.41940084543723e-15 
2.90135639116060e+01 2.12924566827907e-15 2.22433154674393e-15 
2.90505474220096e+01 1.95570735742546e-15 2.04492940949637e-15 
2.90875309324131e+01 1.79626248172779e-15 1.87995717153068e-15 
2.91245144428167e+01 1.64978462877850e-15 1.72824256266038e-15 
2.91614979532203e+01 1.51520955694529e-15 1.58873784749766e-15 
2.91984814636239e+01 1.39158530725541e-15 1.46045057365127e-15 
2.92354649740275e+01 1.27801267266519e-15 1.34249359746388e-15 
2.92724484844310e+01 1.17368721937280e-15 1.23402679147500e-15 
2.93094319948346e+01 1.07784926663729e-15 1.13429906997528e-15 
2.93464155052382e+01 9.89819120503717e-16 1.04259932587462e-15 
2.93833990156418e+01 9.08955048282810e-16 9.58291731847240e-16 
2.94203825260453e+01 8.34682818423959e-16 8.80774449107716e-16 
2.94573660364489e+01 7.66460394758165e-16 8.09509277007836e-16 
2.94943495468525e+01 7.03802700521105e-16 7.43986905822430e-16 
2.95313330572561e+01 6.46251960235900e-16 6.83751816920767e-16 
2.95683165676596e+01 5.93398458318805e-16 6.28373045196044e-16 
2.96053000780632e+01 5.44855627078400e-16 5.77465088283104e-16 
2.96422835884668e+01 5.00277446430661e-16 5.30663307380981e-16 
2.96792670988704e+01 4.59337520008052e-16 4.87641483138881e-16 
2.97162506092740e+01 4.21743658486263e-16 4.48091121088566e-16 
2.97532341196775e+01 3.87220306517439e-16 4.11736190161956e-16 
2.97902176300811e+01 3.55520764848304e-16 3.78315714792414e-16 
2.98272011404847e+01 3.26412432326543e-16 3.47596146519436e-16 
2.98641846508883e+01 2.99687048697100e-16 3.19356722428928e-16 
2.99011681612918e+01 2.75148301319374e-16 2.93399848382805e-16 
2.99381516716954e+01 2.52620409019606e-16 2.69538785711311e-16 
2.99751351820990e+01 2.31937714958216e-16 2.47606364121717e-16 
3.00121186925026e+01 2.12951880304543e-16 2.27444879189504e-16 
3.00491022029061e+01 1.95516233311068e-16 2.08920184537883e-16 
3.00860857133097e+01 1.79504821131088e-16 1.91899196763526e-16 
3.01230692237133e+01 1.64800292029769e-16 1.76261643851488e-16 
3.01600527341169e+01 1.51297515476699e-16 1.61894055986171e-16 
3.01970362445205e+01 1.38897427664276e-16 1.48694841146687e-16 
3.02340197549240e+01 1.27511271403527e-16 1.36568126240317e-16 
3.02710032653276e+01 1.17055428561264e-16 1.25428063484390e-16 
3.03079867757312e+01 1.07454972268920e-16 1.15193655177619e-16 
3.03449702861348e+01 9.86393283325525e-17 1.05792364670265e-16 
3.03819537965383e+01 9.05452510451159e-17 9.71557679907619e-17 
3.04189373069419e+01 8.31131808504288e-17 8.92225814501692e-17 
3.04559208173455e+01 7.62897370791658e-17 8.19350082807282e-17 
3.04929043277491e+01 7.00246603537942e-17 7.52412769081994e-17 
3.05298878381526e+01 6.42729004935570e-17 6.90925717392184e-17 
3.05668713485562e+01 5.89920499718065e-17 6.34451610118270e-17 
3.06038548589598e+01 5.41440925899911e-17 5.82578185169010e-17 
3.06408383693634e+01 4.96932492798738e-17 5.34936072406617e-17 
3.06778218797670e+01 4.56074425402911e-17 4.91177136500954e-17 
3.07148053901705e+01 4.18564884671036e-17 4.50989426829300e-17 
3.07517889005741e+01 3.84133230512234e-17 4.14078987123523e-17 
3.07887724109777e+01 3.52524848995426e-17 3.80182384934187e-17 
3.08257559213813e+01 3.23511420330326e-17 3.49051434227077e-17 
3.08627394317848e+01 2.96878186525653e-17 3.20463695410732e-17 
3.08997229421884e+01 2.72432548206199e-17 2.94209645341118e-17 
3.09367064525920e+01 2.49993380961546e-17 2.70101475891426e-17 
3.09736899629956e+01 2.29398232385856e-17 2.47962320076002e-17 
3.10106734733991e+01 2.10494358121712e-17 2.27633624255562e-17 
3.10476569838027e+01 1.93144746536120e-17 2.08966101524730e-17 
3.10846404942063e+01 1.77220598192068e-17 1.91825908268485e-17 
3.11216240046099e+01 1.62606368710147e-17 1.76087048449374e-17 
3.11586075150135e+01 1.49193459694579e-17 1.61636547996356e-17 
3.11955910254170e+01 1.36884439428092e-17 1.48368077757667e-17 
3.12325745358206e+01 1.25587750485825e-17 1.36186287964216e-17 
3.12695580462242e+01 1.15221242009485e-17 1.25001454711545e-17 
3.13065415566278e+01 1.05707730493412e-17 1.14733110533321e-17 
3.13435250670313e+01 9.69779556753765e-18 1.05305550459223e-17 
3.13805085774349e+01 8.89668572257000e-18 9.66508727509817e-18 
3.14174920878385e+01 8.16160480990447e-18 8.87052067932966e-18 
3.14544755982421e+01 7.48706918995150e-18 8.14112596062052e-18 
3.14914591086456e+01 6.86815722924508e-18 7.47151498547170e-18 
3.15284426190492e+01 6.30024743280903e-18 6.85685402868506e-18 
3.15654261294528e+01 5.77919157381397e-18 6.29259806604378e-18 
3.16024096398564e+01 5.30109510428255e-18 5.77466932872743e-18 
3.16393931502599e+01 4.86246198542609e-18 5.29923432324587e-18 
3.16763766606635e+01 4.46001056413162e-18 4.86285332699676e-18 
3.17133601710671e+01 4.09079471953692e-18 4.46229327819608e-18 
3.17503436814707e+01 3.75204948833472e-18 4.09465293124436e-18 
3.17873271918743e+01 3.44129239202901e-18 3.75720585772754e-18 
3.18243107022778e+01 3.15619401383985e-18 3.44750521573767e-18 
3.18612942126814e+01 2.89466274192890e-18 3.16325202578090e-18 
3.18982777230850e+01 2.65473627275920e-18 2.90238286726622e-18 
3.19352612334886e+01 2.43465247862522e-18 2.66295936836097e-18 
3.19722447438921e+01 2.23275846037993e-18 2.44324160558449e-18 
3.20092282542957e+01 2.04756980628927e-18 2.24159539784411e-18 
3.20462117646993e+01 1.87769436096316e-18 2.05655373472296e-18 
3.20831952751029e+01 1.72188177299092e-18 1.88673901190953e-18 
3.21201787855064e+01 1.57895960340306e-18 1.73091443631746e-18 
3.21571622959100e+01 1.44787475009236e-18 1.58791879953346e-18 
3.21941458063136e+01 1.32763990221628e-18 1.45670949157862e-18 
3.22311293167172e+01 1.21736817031338e-18 1.33630779483340e-18 
3.22681128271208e+01 1.11622821451243e-18 1.22583487316938e-18 
3.23050963375243e+01 1.02347319233927e-18 1.12446589282716e-18 
3.23420798479279e+01 9.38403158322889e-19 1.03146013152959e-18 
3.23790633583315e+01 8.60389259902393e-19 9.46122504872905e-19 
3.24160468687351e+01 7.88842232320538e-19 8.67828753930658e-19 
3.24530303791386e+01 7.23232621043380e-19 7.95993184177084e-19 
3.24900138895422e+01 6.63064385685223e-19 7.30089951895476e-19 
3.25269973999458e+01 6.07891993296505e-19 6.69626378672466e-19 
3.25639809103494e+01 5.57298433977354e-19 6.14159723500839e-19 
3.26009644207529e+01 5.10908201648573e-19 5.63274517537444e-19 
3.26379479311565e+01 4.68369638626585e-19 5.16596910915844e-19 
3.26749314415601e+01 4.29366725936056e-19 4.73776365132782e-19 
3.27119149519637e+01 3.93603562325784e-19 4.34497979749559e-19 
3.27488984623673e+01 3.60814213795428e-19 3.98466538340728e-19 
3.27858819727708e+01 3.30749715381176e-19 3.65416814326527e-19 
3.28228654831744e+01 3.03186298823237e-19 3.35100200447305e-19 
3.28598489935780e+01 2.77914507688197e-19 3.07293324346960e-19 
3.28968325039816e+01 2.54746069803575e-19 2.81786843932770e-19 
3.29338160143851e+01 2.33504782618067e-19 2.58392649330442e-19 
3.29707995247887e+01 2.14032253291346e-19 2.36934473900539e-19 
3.30077830351923e+01 1.96180266796768e-19 2.17254933317252e-19 
3.30447665455959e+01 1.79816488067050e-19 1.99206610580131e-19 
3.30817500559994e+01 1.64816232915646e-19 1.82656927929639e-19 
3.31187335664030e+01 1.51066987436354e-19 1.67480707958039e-19 
3.31557170768066e+01 1.38463546662448e-19 1.53565112672703e-19 
3.31927005872102e+01 1.26911346144029e-19 1.40804517859794e-19 
3.32296840976137e+01 1.16321974076008e-19 1.29104017022763e-19 
3.32666676080173e+01 1.06615953801862e-19 1.18374781265099e-19 
3.33036511184209e+01 9.77189877544157e-20 1.08536987877099e-19 
3.33406346288245e+01 8.95642813409328e-20 9.95159343252081e-20 
3.33776181392281e+01 8.20893993931358e-20 9.12444859227051e-20 
3.34146016496316e+01 7.52382069930710e-20 8.36598213984232e-20 
3.34515851600352e+01 6.89582385734355e-20 7.67054785929575e-20 
3.34885686704388e+01 6.32023188000461e-20 7.03286289829818e-20 
3.35255521808424e+01 5.79263607397778e-20 6.44817873916445e-20 
3.35625356912459e+01 5.30907195203056e-20 5.91205295157685e-20 
3.35995192016495e+01 4.86583496069559e-20 5.42049208106562e-20 
3.36365027120531e+01 4.45959352766035e-20 4.96976050310050e-20 
3.36734862224567e+01 4.08723484485688e-20 4.55649983980878e-20 
3.37104697328602e+01 3.74595927555106e-20 4.17756888608400e-20 
3.37474532432638e+01 3.43315129188770e-20 3.83014340860799e-20 
3.37844367536674e+01 3.14645831400340e-20 3.51158209421959e-20 
3.38214202640710e+01 2.88368270004899e-20 3.21950995272279e-20 
3.38584037744746e+01 2.64284758347446e-20 2.95170605823752e-20 
3.38953872848781e+01 2.42210648230287e-20 2.70617324847823e-20 
3.39323707952817e+01 2.21979827792007e-20 2.48104411701006e-20 
3.39693543056853e+01 2.03437157012536e-20 2.27463925965027e-20 
3.40063378160889e+01 1.86443058758042e-20 2.08538855112009e-20 
3.40433213264924e+01 1.70867188367393e-20 1.91187981972414e-20 
3.40803048368960e+01 1.56592267377865e-20 1.75279292395172e-20 
3.41172883472996e+01 1.43508785910848e-20 1.60694042772925e-20 
3.41542718577032e+01 1.31518203952201e-20 1.47321239627105e-20 
3.41912553681067e+01 1.20528518076667e-20 1.35061038602935e-20 
3.42282388785103e+01 1.10456934575036e-20 1.23820121724435e-20 
3.42652223889139e+01 1.01226159527647e-20 1.13514537692016e-20 
3.43022058993175e+01 9.27666308797361e-21 1.04065830873179e-20 
3.43391894097211e+01 8.50134138667083e-21 9.54034146981115e-21 
3.43761729201246e+01 7.79080647807352e-21 8.74613301709306e-21 
3.44131564305282e+01 7.13960329941496e-21 8.01802290822287e-21 
3.44501399409318e+01 6.54282171680172e-21 7.35046596906382e-21 
3.44871234513354e+01 5.99587912260251e-21 6.73847238699097e-21 
3.45241069617389e+01 5.49465037397111e-21 6.17738042474544e-21 
3.45610904721425e+01 5.03528586850626e-21 5.66299488711030e-21 
3.45980739825461e+01 4.61432003737757e-21 5.19139680245433e-21 
3.46350574929497e+01 4.22851911065517e-21 4.75905911958311e-21 
3.46720410033532e+01 3.87497170332585e-21 4.36268734585611e-21 
3.47090245137568e+01 3.55096142589348e-21 3.99931621666347e-21 
3.47460080241604e+01 3.25404251808807e-21 3.66617625624820e-21 
3.47829915345640e+01 2.98193325055837e-21 3.36077454732539e-21 
3.48199750449675e+01 2.73257907378351e-21 3.08078299915959e-21 
3.48569585553711e+01 2.50406341802177e-21 2.82410583089784e-21 
3.48939420657747e+01 2.29466041798344e-21 2.58878601685086e-21 
3.49309255761783e+01 2.10276027167711e-21 2.37306166757283e-21 
3.49679090865819e+01 1.92691326155479e-21 2.17528769629016e-21 
3.50048925969854e+01 1.76576729609602e-21 1.99398939556206e-21 
3.50418761073890e+01 1.61811049653289e-21 1.82779099572643e-21 
3.50788596177926e+01 1.48280810563145e-21 1.67545293764331e-21 
3.51158431281962e+01 1.35883421772779e-21 1.53581188138104e-21 
3.51528266385997e+01 1.24523252923829e-21 1.40781722157532e-21 
3.51898101490033e+01 1.14114185406657e-21 1.29048864918220e-21 
3.52267936594069e+01 1.04575949267634e-21 1.18294361403977e-21 
3.52637771698105e+01 9.58362525079186e-22 1.08435867406744e-21 
3.53007606802140e+01 8.78277178677677e-22 9.93989606368161e-22 
3.53377441906176e+01 8.04894053122254e-22 9.11140747067636e-22 
3.53747277010212e+01 7.37646433922829e-22 8.35186307035032e-22 
3.54117112114248e+01 6.76026559641790e-22 7.65545102852076e-22 
3.54486947218284e+01 6.19561099125136e-22 7.01695886165794e-22 
3.54856782322319e+01 5.67823575679731e-22 6.43152181729658e-22 
3.55226617426355e+01 5.20416482610896e-22 5.89475672061079e-22 
3.55596452530391e+01 4.76981653067029e-22 5.40257308732065e-22 
3.55966287634427e+01 4.37185297074850e-22 4.95128483278983e-22 
3.56336122738462e+01 4.00726657955874e-22 4.53745219977014e-22 
3.56705957842498e+01 3.67325492768274e-22 4.15797497349372e-22 
3.57075792946534e+01 3.36729299904953e-22 3.80996020931156e-22 
3.57445628050570e+01 3.08702842899790e-22 3.49079999486256e-22 
3.57815463154605e+01 2.83034186860107e-22 3.19806078064243e-22 
3.58185298258641e+01 2.59525930874287e-22 2.92954822694373e-22 
3.58555133362677e+01 2.38000251772423e-22 2.68321462534342e-22 
3.58924968466713e+01 2.18291564965163e-22 2.45721294735520e-22 
3.59294803570749e+01 2.00250741380832e-22 2.24981941844236e-22 
3.59664638674784e+01 1.83738962214288e-22 2.05947853352790e-22 
3.60034473778820e+01 1.68631247685656e-22 1.88473832559361e-22 
3.60404308882856e+01 1.54811309340168e-22 1.72428781891592e-22 
3.60774143986892e+01 1.42174506619904e-22 1.57690293682192e-22 
3.61143979090927e+01 1.30623532249502e-22 1.44147761719186e-22 
3.61513814194963e+01 1.20070893763989e-22 1.31697864125772e-22 
3.61883649298999e+01 1.10435294159435e-22 1.20247142952874e-22 
3.62253484403035e+01 1.01643719857740e-22 1.09708235632252e-22 
3.62623319507070e+01 9.36284010468853e-23 1.00002007111939e-22 
3.62993154611106e+01 8.63285745723766e-23 9.10544100767113e-23 
3.63362989715142e+01 7.96879269496151e-23 8.27982395726949e-23 
3.63732824819178e+01 7.36560899239341e-23 7.51705221103745e-23 
3.64102659923214e+01 6.81864846010879e-23 6.81139504584865e-23 
3.64472495027249e+01 6.32375985591828e-23 6.15747184924105e-23 
3.64842330131285e+01 5.87711624070826e-23 5.55036834614344e-23 
3.65212165235321e+01 5.47532500694634e-23 4.98545775496109e-23 
3.65582000339357e+01 5.11527297589537e-23 4.45849360983274e-23 
3.65951835443392e+01 4.79422231495774e-23 3.96546287535578e-23 
3.66321670547428e+01 4.50967815789266e-23 3.50265845720252e-23 
3.66691505651464e+01 4.25947350791009e-23 3.06655957144246e-23 
3.67061340755500e+01 4.04165518937121e-23 2.65388638346199e-23 
3.67431175859535e+01 3.85456045904290e-23 2.26150378610965e-23 
3.67801010963571e+01 3.69671769180956e-23 1.88646003546531e-23 
3.68170846067607e+01 3.56691713548936e-23 1.52591082703866e-23 
3.68540681171643e+01 3.46412321351816e-23 1.17714328873336e-23 
3.68910516275679e+01 3.38754164939918e-23 8.37517879161131e-24 
3.69280351379714e+01 3.33654065173288e-23 5.04478636974450e-24 
3.69650186483750e+01 3.31071649539581e-23 3.39259558900193e-24 
