Energy(eV)           EEDF(eV^-(3/2))      Anisotropy(eV^-(3/2))
1.03946408970568e-03 9.06688333037489e+00 8.27775252060379e-03 
3.11839226911705e-03 8.94997872723683e+00 1.09899489770894e-02 
5.19732044852842e-03 8.78091408305319e+00 1.53672913229007e-02 
7.27624862793979e-03 8.59185764886410e+00 1.84108910299521e-02 
9.35517680735116e-03 8.39682796468482e+00 2.05920811754594e-02 
1.14341049867625e-02 8.20755041625240e+00 2.23136880286592e-02 
1.35130331661739e-02 8.01991087118524e+00 2.37151809078772e-02 
1.55919613455853e-02 7.83945951042485e+00 2.48668383970258e-02 
1.76708895249966e-02 7.66251700211569e+00 2.58926427373699e-02 
1.97498177044080e-02 7.48976789985374e+00 2.67320603038379e-02 
2.18287458838194e-02 7.32201556071611e+00 2.74371104044930e-02 
2.39076740632307e-02 7.15858936001438e+00 2.80060486359467e-02 
2.59866022426421e-02 7.00090209506919e+00 2.84010239140299e-02 
2.80655304220535e-02 6.85011838447618e+00 2.86351905923365e-02 
3.01444586014648e-02 6.70720057245332e+00 2.88145614878649e-02 
3.22233867808762e-02 6.57001412614503e+00 2.90393721232797e-02 
3.43023149602876e-02 6.43695696352048e+00 2.92346728040348e-02 
3.63812431396990e-02 6.30855817437914e+00 2.93329862851006e-02 
3.84601713191103e-02 6.18526257077137e+00 2.93405390946631e-02 
4.05390994985217e-02 6.06744252492730e+00 2.93385269608753e-02 
4.26180276779331e-02 5.95363898381427e+00 2.93644638096780e-02 
4.46969558573444e-02 5.84355941874038e+00 2.93500252899590e-02 
4.67758840367558e-02 5.73743715541722e+00 2.92741202411263e-02 
4.88548122161672e-02 5.63546834535300e+00 2.91400120467449e-02 
5.09337403955785e-02 5.53781639066747e+00 2.89689779814972e-02 
5.30126685749899e-02 5.44427047908658e+00 2.87660017084015e-02 
5.50915967544013e-02 5.35492673370253e+00 2.85141690207709e-02 
5.71705249338126e-02 5.26987778591604e+00 2.82134602977145e-02 
5.92494531132240e-02 5.18919630389486e+00 2.78643236955128e-02 
6.13283812926354e-02 5.11293693441481e+00 2.74666378325287e-02 
6.34073094720467e-02 5.04113786463062e+00 2.70197233487635e-02 
6.54862376514581e-02 4.97382201571713e+00 2.65223538225645e-02 
6.75651658308695e-02 4.91099787636810e+00 2.59727673587842e-02 
6.96440940102809e-02 4.85265998087353e+00 2.54317092225031e-02 
7.17230221896922e-02 4.79810579610024e+00 2.50422780825913e-02 
7.38019503691036e-02 4.74594330536676e+00 2.47571040417543e-02 
7.58808785485150e-02 4.69619672549874e+00 2.44406222296130e-02 
7.79598067279263e-02 4.64888341114255e+00 2.40927630757731e-02 
8.00387349073377e-02 4.60401421669155e+00 2.37132704679921e-02 
8.21176630867491e-02 4.56159378064925e+00 2.33017069468500e-02 
8.41965912661604e-02 4.52162073384788e+00 2.28574594362489e-02 
8.62755194455718e-02 4.48408783280967e+00 2.23797457343790e-02 
8.83544476249832e-02 4.44898201948434e+00 2.18676220187688e-02 
9.04333758043945e-02 4.41628440863618e+00 2.13199916500423e-02 
9.25123039838059e-02 4.38597020430300e+00 2.07356155920718e-02 
9.45912321632173e-02 4.35800854702669e+00 2.01131248016278e-02 
9.66701603426287e-02 4.33236229397836e+00 1.94510349794864e-02 
9.87490885220400e-02 4.30898773469031e+00 1.87477641192971e-02 
1.00828016701451e-01 4.28783424588035e+00 1.82133658493581e-02 
1.02906944880863e-01 4.26781123537562e+00 1.79004524003013e-02 
1.04985873060274e-01 4.24879841451983e+00 1.75927232770687e-02 
1.07064801239685e-01 4.23079376906627e+00 1.72647651778833e-02 
1.09143729419097e-01 4.21379319524265e+00 1.69163379560607e-02 
1.11222657598508e-01 4.19779049976457e+00 1.65471670213227e-02 
1.13301585777920e-01 4.18277739081856e+00 1.61569458748223e-02 
1.15380513957331e-01 4.16874346032918e+00 1.57453389284045e-02 
1.17459442136742e-01 4.15567615787131e+00 1.53119846396341e-02 
1.19538370316154e-01 4.14356075664259e+00 1.48931681448420e-02 
1.21617298495565e-01 4.13225885336229e+00 1.45908304522951e-02 
1.23696226674976e-01 4.12144813404137e+00 1.43761260934245e-02 
1.25775154854388e-01 4.11112833123458e+00 1.41486078422044e-02 
1.27854083033799e-01 4.10129834560658e+00 1.39082074731314e-02 
1.29933011213211e-01 4.09195624771294e+00 1.36548459908076e-02 
1.32011939392622e-01 4.08309927810677e+00 1.33884342812862e-02 
1.34090867572033e-01 4.07472384582155e+00 1.31088738204117e-02 
1.36169795751445e-01 4.06682552528719e+00 1.28160574431472e-02 
1.38248723930856e-01 4.05939905174365e+00 1.25098701784615e-02 
1.40327652110267e-01 4.05243831522326e+00 1.21901901549582e-02 
1.42406580289679e-01 4.04593635318116e+00 1.18568895833885e-02 
1.44485508469090e-01 4.03988534186144e+00 1.15098358233918e-02 
1.46564436648501e-01 4.03427658649524e+00 1.11488925434841e-02 
1.48643364827913e-01 4.02910051043676e+00 1.07739209858977e-02 
1.50722293007324e-01 4.02434664335258e+00 1.04673666258067e-02 
1.52801221186736e-01 4.01985379905596e+00 1.02529228266448e-02 
1.54880149366147e-01 4.01559231111418e+00 1.00456010553047e-02 
1.56959077545558e-01 4.01155991863635e+00 9.82971335625381e-03 
1.59038005724970e-01 4.00775401405304e+00 9.60522035665339e-03 
1.61116933904381e-01 4.00417164170587e+00 9.37208082319542e-03 
1.63195862083792e-01 4.00080949619297e+00 9.13025195582685e-03 
1.65274790263204e-01 3.99766392048672e+00 8.87968970384461e-03 
1.67353718442615e-01 3.99473090384175e+00 8.62034910701464e-03 
1.69432646622027e-01 3.99200607951243e+00 8.37073981705609e-03 
1.71511574801438e-01 3.98946080816556e+00 8.19722832680269e-03 
1.73590502980849e-01 3.98701163620255e+00 8.08550767934340e-03 
1.75669431160261e-01 3.98465827618216e+00 7.96905095008370e-03 
1.77748359339672e-01 3.98240033374735e+00 7.84785142321421e-03 
1.79827287519083e-01 3.98023730761955e+00 7.72190172079150e-03 
1.81906215698495e-01 3.97816858955578e+00 7.59119384447912e-03 
1.83985143877906e-01 3.97619346427001e+00 7.45571921998030e-03 
1.86064072057318e-01 3.97431110931976e+00 7.31546874431146e-03 
1.88143000236729e-01 3.97252059495962e+00 7.17043283614832e-03 
1.90221928416140e-01 3.97082088396289e+00 7.02060148940820e-03 
1.92300856595552e-01 3.96921083141313e+00 6.86596433040676e-03 
1.94379784774963e-01 3.96768918446728e+00 6.70651067891749e-03 
1.96458712954374e-01 3.96625458209211e+00 6.54222961357678e-03 
1.98537641133786e-01 3.96490555477603e+00 6.37311004223892e-03 
2.00616569313197e-01 3.96364052421820e+00 6.28087535057699e-03 
2.02695497492608e-01 3.96239205380448e+00 6.29190458132657e-03 
2.04774425672020e-01 3.96114334623237e+00 6.32344834977335e-03 
2.06853353851431e-01 3.95989459056818e+00 6.35434578741304e-03 
2.08932282030843e-01 3.95864597382170e+00 6.38459780990086e-03 
2.11011210210254e-01 3.95739768094976e+00 6.41420533263699e-03 
2.13090138389665e-01 3.95614989485984e+00 6.44316927041162e-03 
2.15169066569077e-01 3.95490279641377e+00 6.47149053708182e-03 
2.17247994748488e-01 3.95365656443147e+00 6.49917004526883e-03 
2.19326922927899e-01 3.95241137569476e+00 6.52620870602053e-03 
2.21405851107311e-01 3.95116740495125e+00 6.55260742851379e-03 
2.23484779286722e-01 3.94992482491816e+00 6.57836711975369e-03 
2.25563707466134e-01 3.94868380628635e+00 6.60348868427405e-03 
2.27642635645545e-01 3.94744451772429e+00 6.62797302384518e-03 
2.29721563824956e-01 3.94620712588208e+00 6.65182103716912e-03 
2.31800492004368e-01 3.94497179539557e+00 6.67503361962396e-03 
2.33879420183779e-01 3.94373868889041e+00 6.69761166296040e-03 
2.35958348363190e-01 3.94250796698627e+00 6.71955605502986e-03 
2.38037276542602e-01 3.94127978830095e+00 6.74086767951982e-03 
2.40116204722013e-01 3.94005430945465e+00 6.76154741568557e-03 
2.42195132901424e-01 3.93883168507417e+00 6.78159613809672e-03 
2.44274061080836e-01 3.93761206779716e+00 6.80101471638176e-03 
2.46352989260247e-01 3.93639560827642e+00 6.81980401496795e-03 
2.48431917439659e-01 3.93518245518420e+00 6.83796489284784e-03 
2.50510845619070e-01 3.93397275521652e+00 6.94262188508329e-03 
2.52589773798481e-01 3.93270506720141e+00 7.16352169240485e-03 
2.54668701977893e-01 3.93135580103908e+00 7.41548793353441e-03 
2.56747630157304e-01 3.92992194009361e+00 7.67012496227002e-03 
2.58826558336715e-01 3.92840043459798e+00 7.92739514169289e-03 
2.60905486516127e-01 3.92678820270249e+00 8.18725926160419e-03 
2.62984414695538e-01 3.92508213156887e+00 8.44967650606052e-03 
2.65063342874950e-01 3.92327907851083e+00 8.71460442167423e-03 
2.67142271054361e-01 3.92137587218189e+00 8.98199888667906e-03 
2.69221199233772e-01 3.91936931381121e+00 9.25181408083243e-03 
2.71300127413184e-01 3.91725617848827e+00 9.52400245618163e-03 
2.73379055592595e-01 3.91503321649686e+00 9.79851470876668e-03 
2.75457983772006e-01 3.91269715469926e+00 1.00752997512496e-02 
2.77536911951418e-01 3.91024469797105e+00 1.03543046865747e-02 
2.79615840130829e-01 3.90767253068718e+00 1.06354747827330e-02 
2.81694768310240e-01 3.90497731825974e+00 1.09187534486130e-02 
2.83773696489652e-01 3.90215570872790e+00 1.12040822110783e-02 
2.85852624669063e-01 3.89920433440048e+00 1.14914006932893e-02 
2.87931552848475e-01 3.89611981355128e+00 1.17806465943459e-02 
2.90010481027886e-01 3.89289875216772e+00 1.20717556703280e-02 
2.92089409207297e-01 3.88953774575269e+00 1.23646617167809e-02 
2.94168337386709e-01 3.88603338117998e+00 1.26592965527052e-02 
2.96247265566120e-01 3.88238223860321e+00 1.29555900061733e-02 
2.98326193745531e-01 3.87858089341831e+00 1.32534699015892e-02 
3.00405121924943e-01 3.87462591827938e+00 1.35782648434254e-02 
3.02484050104354e-01 3.87048355285495e+00 1.39401768990460e-02 
3.04562978283766e-01 3.86613531393705e+00 1.43144593636325e-02 
3.06641906463177e-01 3.86157573751940e+00 1.46903508039544e-02 
3.08720834642588e-01 3.85679936863324e+00 1.50677176959427e-02 
3.10799762822000e-01 3.85180076607949e+00 1.54464226973646e-02 
3.12878691001411e-01 3.84657450728512e+00 1.58263246563485e-02 
3.14957619180822e-01 3.84111519328189e+00 1.62072786257721e-02 
3.17036547360234e-01 3.83541745380471e+00 1.65891358837368e-02 
3.19115475539645e-01 3.82947595250683e+00 1.69717439602827e-02 
3.21194403719056e-01 3.82328539228868e+00 1.73549466705027e-02 
3.23273331898468e-01 3.81684052073669e+00 1.77385841542618e-02 
3.25352260077879e-01 3.81013613566821e+00 1.81224929226366e-02 
3.27431188257291e-01 3.80316709077831e+00 1.85065059112584e-02 
3.29510116436702e-01 3.79592830138357e+00 1.88904525406973e-02 
3.31589044616113e-01 3.78841475025809e+00 1.92741587840087e-02 
3.33667972795525e-01 3.78062149355598e+00 1.96574472415749e-02 
3.35746900974936e-01 3.77254366681484e+00 2.00401372233588e-02 
3.37825829154347e-01 3.76417649103371e+00 2.04220448386751e-02 
3.39904757333759e-01 3.75551527881917e+00 2.08029830935516e-02 
3.41983685513170e-01 3.74655544059243e+00 2.11827619957713e-02 
3.44062613692582e-01 3.73729249085016e+00 2.15611886676351e-02 
3.46141541871993e-01 3.72772205447134e+00 2.19380674665168e-02 
3.48220470051404e-01 3.71783987306185e+00 2.23132001132286e-02 
3.50299398230816e-01 3.70764181132861e+00 2.27021946016628e-02 
3.52378326410227e-01 3.69709410580379e+00 2.31129241655685e-02 
3.54457254589638e-01 3.68617532374736e+00 2.35293704770582e-02 
3.56536182769050e-01 3.67488044963204e+00 2.39427705352510e-02 
3.58615110948461e-01 3.66320466455615e+00 2.43528547812796e-02 
3.60694039127873e-01 3.65114335570929e+00 2.47593512543667e-02 
3.62772967307284e-01 3.63869212579945e+00 2.51619858704069e-02 
3.64851895486695e-01 3.62584680242252e+00 2.55604827125815e-02 
3.66930823666107e-01 3.61260344735539e+00 2.59545643337215e-02 
3.69009751845518e-01 3.59895836575263e+00 2.63439520701118e-02 
3.71088680024929e-01 3.58490811522679e+00 2.67283663663715e-02 
3.73167608204341e-01 3.57044951479180e+00 2.71075271110175e-02 
3.75246536383752e-01 3.55557965364846e+00 2.74811539822625e-02 
3.77325464563163e-01 3.54029589979103e+00 2.78489668035700e-02 
3.79404392742575e-01 3.52459590841325e+00 2.82106859084270e-02 
3.81483320921986e-01 3.50847763009231e+00 2.85660325137529e-02 
3.83562249101398e-01 3.49193931872905e+00 2.89147291013630e-02 
3.85641177280809e-01 3.47497953922227e+00 2.92564998067993e-02 
3.87720105460220e-01 3.45759717485565e+00 2.95910708148473e-02 
3.89799033639632e-01 3.43979143437509e+00 2.99181707610008e-02 
3.91877961819043e-01 3.42156185873515e+00 3.02375311380969e-02 
3.93956889998454e-01 3.40290832749273e+00 3.05488867073143e-02 
3.96035818177866e-01 3.38383106482697e+00 3.08519759126821e-02 
3.98114746357277e-01 3.36433064516443e+00 3.11465412982201e-02 
4.00193674536689e-01 3.34440799838895e+00 3.14273391870163e-02 
4.02272602716100e-01 3.32407832171534e+00 3.16909861581825e-02 
4.04351530895511e-01 3.30335294965646e+00 3.19424465492464e-02 
4.06430459074923e-01 3.28223401432514e+00 3.21849257232748e-02 
4.08509387254334e-01 3.26072398167407e+00 3.24182153486601e-02 
4.10588315433745e-01 3.23882565373679e+00 3.26421130483529e-02 
4.12667243613157e-01 3.21654217041895e+00 3.28564227505293e-02 
4.14746171792568e-01 3.19387701082757e+00 3.30609550346859e-02 
4.16825099971979e-01 3.17083399412632e+00 3.32555274723008e-02 
4.18904028151391e-01 3.14741727990633e+00 3.34399649611566e-02 
4.20982956330802e-01 3.12363136806227e+00 3.36141000524830e-02 
4.23061884510214e-01 3.09948109816506e+00 3.37777732700356e-02 
4.25140812689625e-01 3.07497164832306e+00 3.39308334202216e-02 
4.27219740869036e-01 3.05010853352505e+00 3.40731378924356e-02 
4.29298669048448e-01 3.02489760345919e+00 3.42045529487476e-02 
4.31377597227859e-01 2.99934503980329e+00 3.43249540020871e-02 
4.33456525407270e-01 2.97345735298316e+00 3.44342258821203e-02 
4.35535453586682e-01 2.94724137839672e+00 3.45322630880125e-02 
4.37614381766093e-01 2.92070427210294e+00 3.46189700272898e-02 
4.39693309945505e-01 2.89385350597609e+00 3.46942612400515e-02 
4.41772238124916e-01 2.86669686232678e+00 3.47580616078056e-02 
4.43851166304327e-01 2.83924242799294e+00 3.48103065462332e-02 
4.45930094483739e-01 2.81149858790492e+00 3.48509421812195e-02 
4.48009022663150e-01 2.78347401813053e+00 3.48799255075347e-02 
4.50087950842561e-01 2.75517767840685e+00 3.48972245295774e-02 
4.52166879021973e-01 2.72661880416737e+00 3.49028183836438e-02 
4.54245807201384e-01 2.69780689807416e+00 3.48966974412267e-02 
4.56324735380795e-01 2.66875172106598e+00 3.48788633928971e-02 
4.58403663560207e-01 2.63946328293503e+00 3.48493293123733e-02 
4.60482591739618e-01 2.60995183244577e+00 3.48081197004268e-02 
4.62561519919030e-01 2.58022784701102e+00 3.47552705083401e-02 
4.64640448098441e-01 2.55030202194155e+00 3.46908291406700e-02 
4.66719376277852e-01 2.52018525928657e+00 3.46148544371414e-02 
4.68798304457264e-01 2.48988865628398e+00 3.45274166335489e-02 
4.70877232636675e-01 2.45942349344007e+00 3.44285973015991e-02 
4.72956160816086e-01 2.42880122225964e+00 3.43184892676876e-02 
4.75035088995498e-01 2.39803345264858e+00 3.41971965106718e-02 
4.77114017174909e-01 2.36713194001180e+00 3.40648340387521e-02 
4.79192945354320e-01 2.33610857207049e+00 3.39215277456337e-02 
4.81271873533732e-01 2.30497535542341e+00 3.37674142462138e-02 
4.83350801713143e-01 2.27374440187781e+00 3.36026406920848e-02 
4.85429729892555e-01 2.24242791457640e+00 3.34273645672132e-02 
4.87508658071966e-01 2.21103817394699e+00 3.32417534642056e-02 
4.89587586251377e-01 2.17958752350283e+00 3.30459848416340e-02 
4.91666514430789e-01 2.14808835552113e+00 3.28402457629537e-02 
4.93745442610200e-01 2.11655309662868e+00 3.26247326175860e-02 
4.95824370789611e-01 2.08499419332302e+00 3.23996508248092e-02 
4.97903298969023e-01 2.05342409745831e+00 3.21652145211400e-02 
4.99982227148434e-01 2.02185525172505e+00 3.19207028062808e-02 
5.02061155327846e-01 1.99030510228582e+00 3.16654773407782e-02 
5.04140083507257e-01 1.95879097152235e+00 3.14008947235712e-02 
5.06219011686668e-01 1.92732477717644e+00 3.11282433951326e-02 
5.08297939866080e-01 1.89591836372682e+00 3.08477697848695e-02 
5.10376868045491e-01 1.86458348918572e+00 3.05597263431466e-02 
5.12455796224902e-01 1.83333181206550e+00 3.02643711581384e-02 
5.14534724404314e-01 1.80217487854061e+00 2.99619675642687e-02 
5.16613652583725e-01 1.77112410982958e+00 2.96527837431700e-02 
5.18692580763137e-01 1.74019078982101e+00 2.93370923181097e-02 
5.20771508942548e-01 1.70938605296711e+00 2.90151699428410e-02 
5.22850437121959e-01 1.67872087246753e+00 2.86872968858573e-02 
5.24929365301371e-01 1.64820604876520e+00 2.83537566110284e-02 
5.27008293480782e-01 1.61785219837542e+00 2.80148353556024e-02 
5.29087221660193e-01 1.58766974306828e+00 2.76708217065610e-02 
5.31166149839605e-01 1.55766889942344e+00 2.73220061763097e-02 
5.33245078019016e-01 1.52785966877573e+00 2.69686807786808e-02 
5.35324006198427e-01 1.49825182756824e+00 2.66111386062209e-02 
5.37402934377839e-01 1.46885491812928e+00 2.62496734097171e-02 
5.39481862557250e-01 1.43967823988767e+00 2.58845791809061e-02 
5.41560790736662e-01 1.41073084104022e+00 2.55161497392885e-02 
5.43639718916073e-01 1.38202151068376e+00 2.51446783239492e-02 
5.45718647095484e-01 1.35355877142279e+00 2.47704571912688e-02 
5.47797575274896e-01 1.32535087246285e+00 2.43937772193765e-02 
5.49876503454307e-01 1.29740578319801e+00 2.40149275201642e-02 
5.51955431633718e-01 1.26973118730002e+00 2.36341950596601e-02 
5.54034359813130e-01 1.24233447731502e+00 2.32518642875193e-02 
5.56113287992541e-01 1.21522274977260e+00 2.28682167763530e-02 
5.58192216171953e-01 1.18840280081058e+00 2.24835308715846e-02 
5.60271144351364e-01 1.16188112231775e+00 2.20980813524781e-02 
5.62350072530775e-01 1.13566389859525e+00 2.17121391049448e-02 
5.64429000710187e-01 1.10975700353632e+00 2.13259708066929e-02 
5.66507928889598e-01 1.08416599832268e+00 2.09398386252392e-02 
5.68586857069009e-01 1.05889612963453e+00 2.05539999292609e-02 
5.70665785248421e-01 1.03395232837026e+00 2.01687070137162e-02 
5.72744713427832e-01 1.00933920887039e+00 1.97842068391189e-02 
5.74823641607244e-01 9.85061068639425e-01 1.94007407853079e-02 
5.76902569786655e-01 9.61121888558058e-01 1.90185444200022e-02 
5.78981497966066e-01 9.37525333577148e-01 1.86378472823876e-02 
5.81060426145478e-01 9.14274753883852e-01 1.82588726819353e-02 
5.83139354324889e-01 8.91373186529354e-01 1.78818375126039e-02 
5.85218282504300e-01 8.68823357506669e-01 1.75069520825344e-02 
5.87297210683712e-01 8.46627684266183e-01 1.71344199593001e-02 
5.89376138863123e-01 8.24788278655703e-01 1.67644378307289e-02 
5.91455067042534e-01 8.03306950271090e-01 1.63971953812732e-02 
5.93533995221946e-01 7.82185210202809e-01 1.60328751838620e-02 
5.95612923401357e-01 7.61424275163065e-01 1.56716526071242e-02 
5.97691851580769e-01 7.41025071977645e-01 1.53136957378364e-02 
5.99770779760180e-01 7.20988242425996e-01 1.49591653184101e-02 
6.01849707939591e-01 7.01314148412655e-01 1.46082146991924e-02 
6.03928636119003e-01 6.82002877452668e-01 1.42609898053254e-02 
6.06007564298414e-01 6.63054248453337e-01 1.39176291178711e-02 
6.08086492477825e-01 6.44467817774301e-01 1.35782636688806e-02 
6.10165420657237e-01 6.26242885547724e-01 1.32430170500539e-02 
6.12244348836648e-01 6.08378502240200e-01 1.29120054346126e-02 
6.14323277016059e-01 5.90873475437854e-01 1.25853376119775e-02 
6.16402205195471e-01 5.73726376836031e-01 1.22631150348251e-02 
6.18481133374882e-01 5.56935549414997e-01 1.19454318780711e-02 
6.20560061554294e-01 5.40499114783074e-01 1.16323751093112e-02 
6.22638989733705e-01 5.24414980668753e-01 1.13240245702329e-02 
6.24717917913116e-01 5.08680848543460e-01 1.10204530684952e-02 
6.26796846092528e-01 4.93294221356843e-01 1.07217264795621e-02 
6.28875774271939e-01 4.78252411366691e-01 1.04279038579618e-02 
6.30954702451350e-01 4.63552548045871e-01 1.01390375574383e-02 
6.33033630630762e-01 4.49191586048984e-01 9.85517335945109e-03 
6.35112558810173e-01 4.35166313221830e-01 9.57635060947622e-03 
6.37191486989585e-01 4.21473358637142e-01 9.30260236055824e-03 
6.39270415168996e-01 4.08109200640486e-01 9.03395552356050e-03 
6.41349343348407e-01 3.95070174890713e-01 8.77043102356316e-03 
6.43428271527819e-01 3.82352482379804e-01 8.51204396185844e-03 
6.45507199707230e-01 3.69952197417506e-01 8.25880378299877e-03 
6.47586127886641e-01 3.57865275566679e-01 8.01071444635785e-03 
6.49665056066053e-01 3.46087561515840e-01 7.76777460167056e-03 
6.51743984245464e-01 3.34614796875984e-01 7.52997776802900e-03 
6.53822912424876e-01 3.23442627889363e-01 7.29731251581809e-03 
6.55901840604287e-01 3.12566613038503e-01 7.06976265108747e-03 
6.57980768783698e-01 3.01982230544379e-01 6.84730740186880e-03 
6.60059696963110e-01 2.91684885743292e-01 6.62992160595842e-03 
6.62138625142521e-01 2.81669918332651e-01 6.41757589970177e-03 
6.64217553321932e-01 2.71932609476472e-01 6.21023690733073e-03 
6.66296481501344e-01 2.62468188762090e-01 6.00786743041935e-03 
6.68375409680755e-01 2.53271841000204e-01 5.81042663704203e-03 
6.70454337860167e-01 2.44338712861019e-01 5.61787025023430e-03 
6.72533266039578e-01 2.35663919339900e-01 5.43015073537363e-03 
6.74612194218989e-01 2.27242550046567e-01 5.24721748611715e-03 
6.76691122398401e-01 2.19069675312511e-01 5.06901700855103e-03 
6.78770050577812e-01 2.11140352111886e-01 4.89549310322456e-03 
6.80848978757223e-01 2.03449629791792e-01 4.72658704476176e-03 
6.82927906936635e-01 1.95992555608385e-01 4.56223775876236e-03 
6.85006835116046e-01 1.88764180065897e-01 4.40238199572267e-03 
6.87085763295457e-01 1.81759562056154e-01 4.24695450172652e-03 
6.89164691474869e-01 1.74973773796763e-01 4.09588818567514e-03 
6.91243619654280e-01 1.68401905566636e-01 3.94911428284433e-03 
6.93322547833692e-01 1.62039070238058e-01 3.80656251457520e-03 
6.95401476013103e-01 1.55880407604975e-01 3.66816124392373e-03 
6.97480404192514e-01 1.49921088507649e-01 3.53383762711243e-03 
6.99559332371926e-01 1.44156318754285e-01 3.40351814198135e-03 
7.01638260551337e-01 1.38581407425704e-01 3.27712934192508e-03 
7.03717188730748e-01 1.33191786014269e-01 3.15459728672752e-03 
7.05796116910160e-01 1.27982760175356e-01 3.03584811020640e-03 
7.07875045089571e-01 1.22949686150103e-01 2.92080430132879e-03 
7.09953973268982e-01 1.18087973603531e-01 2.80938800958263e-03 
7.12032901448394e-01 1.13393088273443e-01 2.70152116177135e-03 
7.14111829627805e-01 1.08860554433343e-01 2.59712557398107e-03 
7.16190757807217e-01 1.04485957172885e-01 2.49612305871115e-03 
7.18269685986628e-01 1.00264944499614e-01 2.39843552717108e-03 
7.20348614166039e-01 9.61932292659663e-02 2.30398508675847e-03 
7.22427542345451e-01 9.22665909257193e-02 2.21269413374440e-03 
7.24506470524862e-01 8.84808771242314e-02 2.12448544120277e-03 
7.26585398704273e-01 8.48320051269990e-02 2.03928224223012e-03 
7.28664326883685e-01 8.13159630911852e-02 1.95700830851205e-03 
7.30743255063096e-01 7.79288111848997e-02 1.87758802430057e-03 
7.32822183242507e-01 7.46666825591164e-02 1.80094645587517e-03 
7.34901111421919e-01 7.15257841771969e-02 1.72700941656726e-03 
7.36980039601330e-01 6.85023975070637e-02 1.65570352743499e-03 
7.39058967780742e-01 6.55928790811145e-02 1.58695627368115e-03 
7.41137895960153e-01 6.27936609290124e-02 1.52069605691257e-03 
7.43216824139564e-01 6.01012508885046e-02 1.45685224334466e-03 
7.45295752318976e-01 5.75122327994357e-02 1.39535520805864e-03 
7.47374680498387e-01 5.50232665861130e-02 1.33613637542341e-03 
7.49453608677798e-01 5.26310882331674e-02 1.27912825579703e-03 
7.51532536857210e-01 5.03325096600209e-02 1.22426447862582e-03 
7.53611465036621e-01 4.81244184990326e-02 1.17147982206127e-03 
7.55690393216033e-01 4.60037777823445e-02 1.12071023921690e-03 
7.57769321395444e-01 4.39676255423852e-02 1.07189288118872e-03 
7.59848249574855e-01 4.20130743309207e-02 1.02496611696388e-03 
7.61927177754267e-01 4.01373106614623e-02 9.79869550342590e-04 
7.64006105933678e-01 3.83375943797560e-02 9.36544033998923e-04 
7.66085034113089e-01 3.66112579669828e-02 8.94931680805542e-04 
7.68163962292501e-01 3.49557057801993e-02 8.54975872547309e-04 
7.70242890471912e-01 3.33684132344450e-02 8.16621266147652e-04 
7.72321818651324e-01 3.18469259308284e-02 7.79813797530699e-04 
7.74400746830735e-01 3.03888587347895e-02 7.44500683240556e-04 
7.76479675010146e-01 2.89918948086194e-02 7.10630419937712e-04 
7.78558603189558e-01 2.76537846021913e-02 6.78152781890578e-04 
7.80637531368969e-01 2.63723448057343e-02 6.47018816578129e-04 
7.82716459548380e-01 2.51454572683522e-02 6.17180838517336e-04 
7.84795387727792e-01 2.39710678858605e-02 5.88592421426635e-04 
7.86874315907203e-01 2.28471854613834e-02 5.61208388834115e-04 
7.88953244086614e-01 2.17718805420198e-02 5.34984803236327e-04 
7.91032172266026e-01 2.07432842347576e-02 5.09878953910802e-04 
7.93111100445437e-01 1.97595870046789e-02 4.85849343482351e-04 
7.95190028624849e-01 1.88190374583704e-02 4.62855673340250e-04 
7.97268956804260e-01 1.79199411153188e-02 4.40858828000212e-04 
7.99347884983671e-01 1.70606591699427e-02 4.19820858501905e-04 
8.01426813163083e-01 1.62396072467806e-02 3.99704964929550e-04 
8.03505741342494e-01 1.54552541512291e-02 3.80475478139836e-04 
8.05584669521905e-01 1.47061206180985e-02 3.62097840778166e-04 
8.07663597701317e-01 1.39907780601282e-02 3.44538587660890e-04 
8.09742525880728e-01 1.33078473184832e-02 3.27765325597932e-04 
8.11821454060140e-01 1.26559974171357e-02 3.11746712726944e-04 
8.13900382239551e-01 1.20339443229150e-02 2.96452437426807e-04 
8.15979310418962e-01 1.14404497128986e-02 2.81853196875146e-04 
8.18058238598374e-01 1.08743197507059e-02 2.67920675311267e-04 
8.20137166777785e-01 1.03344038731457e-02 2.54627522062799e-04 
8.22216094957196e-01 9.81959358856787e-03 2.41947329391244e-04 
8.24295023136608e-01 9.32882128816393e-03 2.29854610208543e-04 
8.26373951316019e-01 8.86105907136628e-03 2.18324775713852e-04 
8.28452879495430e-01 8.41531758639920e-03 2.07334112996750e-04 
8.30531807674842e-01 7.99064488694388e-03 1.96859762650272e-04 
8.32610735854253e-01 7.58612530579164e-03 1.86879696434423e-04 
8.34689664033665e-01 7.20087834627471e-03 1.77372695028082e-04 
8.36768592213076e-01 6.83405759218300e-03 1.68318325904631e-04 
8.38847520392487e-01 6.48484963679746e-03 1.59696921364109e-04 
8.40926448571899e-01 6.15247303159614e-03 1.51489556752227e-04 
8.43005376751310e-01 5.83617725511843e-03 1.43678028894240e-04 
8.45084304930721e-01 5.53524170240514e-03 1.36244834769374e-04 
8.47163233110133e-01 5.24897469536795e-03 1.29173150449366e-04 
8.49242161289544e-01 4.97671251438070e-03 1.22446810322499e-04 
8.51321089468956e-01 4.71781845132723e-03 1.16050286622586e-04 
8.53400017648367e-01 4.47168188428591e-03 1.09968669280375e-04 
8.55478945827778e-01 4.23771737397925e-03 1.04187646113020e-04 
8.57557874007190e-01 4.01536378206879e-03 9.86934833655384e-05 
8.59636802186601e-01 3.80408341132941e-03 9.34730066164659e-05 
8.61715730366012e-01 3.60336116769499e-03 8.85135820583706e-05 
8.63794658545424e-01 3.41270374412682e-03 8.38030981623621e-05 
8.65873586724835e-01 3.23163882621941e-03 7.93299477343286e-05 
8.67952514904247e-01 3.05971431942333e-03 7.50830103692819e-05 
8.70031443083658e-01 2.89649759773274e-03 7.10516353089251e-05 
8.72110371263069e-01 2.74157477365547e-03 6.72256247063754e-05 
8.74189299442481e-01 2.59454998925625e-03 6.35952173008500e-05 
8.76268227621892e-01 2.45504472803838e-03 6.01510725040786e-05 
8.78347155801303e-01 2.32269714740650e-03 5.68842548992326e-05 
8.80426083980715e-01 2.19716143143180e-03 5.37862191522478e-05 
8.82505012160126e-01 2.07810716362251e-03 5.08487953345685e-05 
8.84583940339537e-01 1.96521871938524e-03 4.80641746555636e-05 
8.86662868518949e-01 1.85819467784764e-03 4.54248956021314e-05 
8.88741796698360e-01 1.75674725269940e-03 4.29238304823497e-05 
8.90820724877772e-01 1.66060174169656e-03 4.05541723694117e-05 
8.92899653057183e-01 1.56949599446409e-03 3.83094224415287e-05 
8.94978581236594e-01 1.48317989822260e-03 3.61833777129694e-05 
8.97057509416006e-01 1.40141488105767e-03 3.41701191509463e-05 
8.99136437595417e-01 1.32397343234426e-03 3.22640001726403e-05 
9.01215365774828e-01 1.25063863993344e-03 3.04596355162836e-05 
9.03294293954240e-01 1.18120374370539e-03 2.87518904798886e-05 
9.05373222133651e-01 1.11547170508937e-03 2.71358705209176e-05 
9.07452150313062e-01 1.05325479215020e-03 2.56069112099314e-05 
9.09531078492474e-01 9.94374179839746e-04 2.41605685310353e-05 
9.11610006671885e-01 9.38659565012224e-04 2.27926095217506e-05 
9.13688934851297e-01 8.85948795803106e-04 2.14990032447867e-05 
9.15767863030708e-01 8.36087514973026e-04 2.02759120840522e-05 
9.17846791210119e-01 7.88928816820706e-04 1.91196833571516e-05 
9.19925719389531e-01 7.44332917271840e-04 1.80268412365306e-05 
9.22004647568942e-01 7.02166836754648e-04 1.69940789713851e-05 
9.24083575748353e-01 6.62304095476972e-04 1.60182514024162e-05 
9.26162503927765e-01 6.24624420724484e-04 1.50963677615048e-05 
9.28241432107176e-01 5.89013465804746e-04 1.42255847483863e-05 
9.30320360286588e-01 5.55362540267381e-04 1.34031998764349e-05 
9.32399288465999e-01 5.23568351036517e-04 1.26266450797067e-05 
9.34478216645410e-01 4.93532754097897e-04 1.18934805734489e-05 
9.36557144824822e-01 4.65162516389523e-04 1.12013889603521e-05 
9.38636073004233e-01 4.38369087551468e-04 1.05481695749059e-05 
9.40715001183644e-01 4.13068381197428e-04 9.93173305831025e-06 
9.42793929363056e-01 3.89180565377731e-04 9.35009615650019e-06 
9.44872857542467e-01 3.66629861910791e-04 8.80137673395193e-06 
9.46951785721879e-01 3.45344354267413e-04 8.28378899606013e-06 
9.49030713901290e-01 3.25255803699856e-04 7.79563891300297e-06 
9.51109642080701e-01 3.06299473315124e-04 7.33531983814456e-06 
9.53188570260113e-01 2.88413959799598e-04 6.90130831416381e-06 
9.55267498439524e-01 2.71541032509762e-04 6.49216006024205e-06 
9.57346426618935e-01 2.55625479651430e-04 6.10650613378829e-06 
9.59425354798347e-01 2.40614961277564e-04 5.74304926033214e-06 
9.61504282977758e-01 2.26459868842362e-04 5.40056032536685e-06 
9.63583211157169e-01 2.13113191056906e-04 5.07787502207993e-06 
9.65662139336581e-01 2.00530385799184e-04 4.77389064906517e-06 
9.67741067515992e-01 1.88669257838766e-04 4.48756305226707e-06 
9.69819995695404e-01 1.77489842143784e-04 4.21790370556639e-06 
9.71898923874815e-01 1.66954292545187e-04 3.96397692457323e-06 
9.73977852054226e-01 1.57026775540408e-04 3.72489720835136e-06 
9.76056780233638e-01 1.47673369025690e-04 3.49982670395426e-06 
9.78135708413049e-01 1.38861965753270e-04 3.28797278880884e-06 
9.80214636592460e-01 1.30562181316490e-04 3.08858576613721e-06 
9.82293564771872e-01 1.22745266472607e-04 2.90095666875922e-06 
9.84372492951283e-01 1.15384023619672e-04 2.72441516676944e-06 
9.86451421130695e-01 1.08452727250306e-04 2.55832757473105e-06 
9.88530349310106e-01 1.01927048211489e-04 2.40209495417526e-06 
9.90609277489517e-01 9.57839816056698e-05 2.25515130733890e-06 
9.92688205668929e-01 9.00017781745155e-05 2.11696185821434e-06 
9.94767133848340e-01 8.45598790124719e-05 1.98702141712455e-06 
9.96846062027751e-01 7.94388534630634e-05 1.86485282517149e-06 
9.98924990207163e-01 7.46203400564013e-05 1.75000547503937e-06 
1.00100391838657e+00 7.00869903518053e-05 1.64229172633177e-06 
1.00308284656599e+00 6.58233101141147e-05 1.54126981174268e-06 
1.00516177474540e+00 6.18136601620970e-05 1.44633266297903e-06 
1.00724070292481e+00 5.80432667580239e-05 1.35711959390425e-06 
1.00931963110422e+00 5.44981912347420e-05 1.27329398359238e-06 
1.01139855928363e+00 5.11652843845994e-05 1.19453842972260e-06 
1.01347748746304e+00 4.80321432362267e-05 1.12055369004229e-06 
1.01555641564245e+00 4.50870701007911e-05 1.05105767957206e-06 
1.01763534382187e+00 4.23190337747924e-05 9.85784520784970e-07 
1.01971427200128e+00 3.97176327916929e-05 9.24483644118289e-07 
1.02179320018069e+00 3.72730606196841e-05 8.66918936297940e-07 
1.02387212836010e+00 3.49760727076883e-05 8.12867934072321e-07 
1.02595105653951e+00 3.28179552862905e-05 7.62121061064085e-07 
1.02802998471892e+00 3.07904958346983e-05 7.14480905555612e-07 
1.03010891289833e+00 2.88859551290383e-05 6.69761537126667e-07 
1.03218784107774e+00 2.70970407913316e-05 6.27787860161210e-07 
1.03426676925716e+00 2.54168822623459e-05 5.88395002334436e-07 
1.03634569743657e+00 2.38390071252122e-05 5.51427736281494e-07 
1.03842462561598e+00 2.23573187102218e-05 5.16739932735539e-07 
1.04050355379539e+00 2.09660749145877e-05 4.84194043505430e-07 
1.04258248197480e+00 1.96598681741792e-05 4.53660612742360e-07 
1.04466141015421e+00 1.84336065273164e-05 4.25017815020151e-07 
1.04674033833362e+00 1.72824957136459e-05 3.98151018826188e-07 
1.04881926651304e+00 1.62020222539320e-05 3.72952374128851e-07 
1.05089819469245e+00 1.51879374592720e-05 3.49320422753152e-07 
1.05297712287186e+00 1.42362423208008e-05 3.27159730359178e-07 
1.05505605105127e+00 1.33431732333919e-05 3.06380538877948e-07 
1.05713497923068e+00 1.25051885091835e-05 2.86898438316520e-07 
1.05921390741009e+00 1.17189556389809e-05 2.68634056898869e-07 
1.06129283558950e+00 1.09813392616972e-05 2.51512768561119e-07 
1.06337176376892e+00 1.02893898040119e-05 2.35464416869391e-07 
1.06545069194833e+00 9.64033275434560e-06 2.20423054475906e-07 
1.06752962012774e+00 9.03155853707920e-06 2.06326697274046e-07 
1.06960854830715e+00 8.46061295468795e-06 1.93117092456108e-07 
1.07168747648656e+00 7.92518816711818e-06 1.80739499718401e-07 
1.07376640466597e+00 7.42311417931504e-06 1.69142484897307e-07 
1.07584533284538e+00 6.95235080931125e-06 1.58277725357042e-07 
1.07792426102479e+00 6.51098011071713e-06 1.48099826485145e-07 
1.08000318920421e+00 6.09719922481207e-06 1.38566148685344e-07 
1.08208211738362e+00 5.70931363873133e-06 1.29636644289368e-07 
1.08416104556303e+00 5.34573082747197e-06 1.21273703839677e-07 
1.08623997374244e+00 5.00495425861133e-06 1.13442011223987e-07 
1.08831890192185e+00 4.68557773974230e-06 1.06108407169883e-07 
1.09039783010126e+00 4.38628008968642e-06 9.92417606339506e-08 
1.09247675828067e+00 4.10582011554867e-06 9.28128476446244e-08 
1.09455568646009e+00 3.84303187863104e-06 8.67942371814905e-08 
1.09663461463950e+00 3.59682023312711e-06 8.11601836961609e-08 
1.09871354281891e+00 3.36615662237905e-06 7.58865259010521e-08 
1.10079247099832e+00 3.15007511829430e-06 7.09505914725543e-08 
1.10287139917773e+00 2.94766869029339e-06 6.63311073341989e-08 
1.10495032735714e+00 2.75808569089495e-06 6.20081152035724e-08 
1.10702925553655e+00 2.58052654574102e-06 5.79628921039401e-08 
1.10910818371597e+00 2.41424063652699e-06 5.41778755578615e-08 
1.11118711189538e+00 2.25852336592709e-06 5.06365931955524e-08 
1.11326604007479e+00 2.11271339420148e-06 4.73235965254250e-08 
1.11534496825420e+00 1.97619003773390e-06 4.42243986281346e-08 
1.11742389643361e+00 1.84837082028350e-06 4.13254155486449e-08 
1.11950282461302e+00 1.72870916824054e-06 3.86139111733071e-08 
1.12158175279243e+00 1.61669224165519e-06 3.60779453907644e-08 
1.12366068097184e+00 1.51183889326328e-06 3.37063253467005e-08 
1.12573960915126e+00 1.41369774816292e-06 3.14885596130516e-08 
1.12781853733067e+00 1.32184539720372e-06 2.94148151023375e-08 
1.12989746551008e+00 1.23588469753610e-06 2.74758765672718e-08 
1.13197639368949e+00 1.15544317413355e-06 2.56631085347971e-08 
1.13405532186890e+00 1.08017151644622e-06 2.39684195322048e-08 
1.13613425004831e+00 1.00974216467192e-06 2.23842284710405e-08 
1.13821317822772e+00 9.43847980439654e-07 2.09034330621110e-08 
1.14029210640714e+00 8.82200996994098e-07 1.95193801421049e-08 
1.14237103458655e+00 8.24531244246323e-07 1.82258377991448e-08 
1.14444996276596e+00 7.70585644318059e-07 1.70169691910207e-08 
1.14652889094537e+00 7.20126973454599e-07 1.58873079559366e-08 
1.14860781912478e+00 6.72932886415653e-07 1.48317351213457e-08 
1.15068674730419e+00 6.28794999674840e-07 1.38454574218789e-08 
1.15276567548360e+00 5.87518029967829e-07 1.29239869425007e-08 
1.15484460366302e+00 5.48918984926833e-07 1.20631220078690e-08 
1.15692353184243e+00 5.12826402726039e-07 1.12589292434492e-08 
1.15900246002184e+00 4.79079637839067e-07 1.05077267382538e-08 
1.16108138820125e+00 4.47528190176265e-07 9.80606824315344e-09 
1.16316031638066e+00 4.18031075027109e-07 9.15072834255655e-09 
1.16523924456007e+00 3.90456231381688e-07 8.53868854088470e-09 
1.16731817273948e+00 3.64679966345598e-07 7.96712420869915e-09 
1.16939710091890e+00 3.40586433495128e-07 7.43339233656767e-09 
1.17147602909831e+00 3.18067143144683e-07 6.93502004781018e-09 
1.17355495727772e+00 2.97020502616451e-07 6.46969382413944e-09 
1.17563388545713e+00 2.77351384713702e-07 6.03524940092515e-09 
1.17771281363654e+00 2.58970722704214e-07 5.62966229136895e-09 
1.17979174181595e+00 2.41795130219454e-07 5.25103890128828e-09 
1.18187066999536e+00 2.25746544568654e-07 4.89760819848097e-09 
1.18394959817477e+00 2.10751892055136e-07 4.56771390278502e-09 
1.18602852635419e+00 1.96742773965360e-07 4.25980716496597e-09 
1.18810745453360e+00 1.83655171979620e-07 3.97243970446801e-09 
1.19018638271301e+00 1.71429171827211e-07 3.70425737785569e-09 
1.19226531089242e+00 1.60008704078552e-07 3.45399415146184e-09 
1.19434423907183e+00 1.49341301032448e-07 3.22046645334710e-09 
1.19642316725124e+00 1.39377868718527e-07 3.00256788117331e-09 
1.19850209543065e+00 1.30072473093205e-07 2.79926424400303e-09 
1.20058102361007e+00 1.21382139562458e-07 2.60940071597170e-09 
1.20265995178948e+00 1.13266237380558e-07 2.43206305139933e-09 
1.20473887996889e+00 1.05687136943942e-07 2.26660497113589e-09 
1.20681780814830e+00 9.86097620558940e-08 2.11228410757514e-09 
1.20889673632771e+00 9.20012972270207e-08 1.96835972229879e-09 
1.21097566450712e+00 8.58310442350391e-08 1.83413967958255e-09 
1.21305459268653e+00 8.00702876227848e-08 1.70897730648046e-09 
1.21513352086595e+00 7.46921685891135e-08 1.59226845215380e-09 
1.21721244904536e+00 6.96715667598063e-08 1.48344873406419e-09 
1.21929137722477e+00 6.49849893561646e-08 1.38199095940108e-09 
1.22137030540418e+00 6.06104673077884e-08 1.28740271081982e-09 
1.22344923358359e+00 5.65274578831666e-08 1.19922408623087e-09 
1.22552816176300e+00 5.27167534372673e-08 1.11702558300626e-09 
1.22760708994241e+00 4.91603958993883e-08 1.04040611755742e-09 
1.22968601812182e+00 4.58415966471911e-08 9.68991171792036e-10 
1.23176494630124e+00 4.27446614341854e-08 9.02431058478054e-10 
1.23384387448065e+00 3.98549200580180e-08 8.40399298032336e-10 
1.23592280266006e+00 3.71586604758301e-08 7.82591099711790e-10 
1.23800173083947e+00 3.46430670907445e-08 7.28721940617422e-10 
1.24008065901888e+00 3.22961629502891e-08 6.78526236328629e-10 
1.24215958719829e+00 3.01067556133229e-08 6.31756097367178e-10 
1.24423851537770e+00 2.80643864568504e-08 5.88180166049761e-10 
1.24631744355712e+00 2.61592832080601e-08 5.47582528625557e-10 
1.24839637173653e+00 2.43823155000330e-08 5.09761697912355e-10 
1.25047529991594e+00 2.27249532619036e-08 4.74529661942895e-10 
1.25255422809535e+00 2.11792277658541e-08 4.41710994412867e-10 
1.25463315627476e+00 1.97376951642252e-08 4.11142022984882e-10 
1.25671208445417e+00 1.83934023602784e-08 3.82670051749593e-10 
1.25879101263358e+00 1.71398550657816e-08 3.56152634376894e-10 
1.26086994081300e+00 1.59709879076445e-08 3.31456894707723e-10 
1.26294886899241e+00 1.48811364543418e-08 3.08458891741216e-10 
1.26502779717182e+00 1.38650110408599e-08 2.87043026163696e-10 
1.26710672535123e+00 1.29176722784143e-08 2.67101485745894e-10 
1.26918565353064e+00 1.20345081422460e-08 2.48533727103616e-10 
1.27126458171005e+00 1.12112125374346e-08 2.31245991475485e-10 
1.27334350988946e+00 1.04437652488909e-08 2.15150852319981e-10 
1.27542243806887e+00 9.72841318754487e-09 2.00166792673404e-10 
1.27750136624829e+00 9.06165285023019e-09 1.86217810341170e-10 
1.27958029442770e+00 8.44021391592904e-09 1.73233049117398e-10 
1.28165922260711e+00 7.86104390587639e-09 1.61146454342811e-10 
1.28373815078652e+00 7.32129383956973e-09 1.49896451218725e-10 
1.28581707896593e+00 6.81830482299462e-09 1.39425644395993e-10 
1.28789600714534e+00 6.34959550937881e-09 1.29680537452558e-10 
1.28997493532475e+00 5.91285037654456e-09 1.20611270962000e-10 
1.29205386350417e+00 5.50590876845310e-09 1.12171377938786e-10 
1.29413279168358e+00 5.12675465184206e-09 1.04317555523853e-10 
1.29621171986299e+00 4.77350704195920e-09 9.70094518473086e-11 
1.29829064804240e+00 4.44441105430561e-09 9.02094670734489e-11 
1.30036957622181e+00 4.13782954203120e-09 8.38877184849547e-11 
1.30244850440122e+00 3.85224475283611e-09 7.80127430584601e-11 
1.30452743258063e+00 3.58623419103940e-09 7.25484462825093e-11 
1.30660636076005e+00 3.33846637973960e-09 6.74643016114870e-11 
1.30868528893946e+00 3.10769965762733e-09 6.27340579373320e-11 
1.31076421711887e+00 2.89277617615181e-09 5.83332620901073e-11 
1.31284314529828e+00 2.69261629378721e-09 5.42391368110383e-11 
1.31492207347769e+00 2.50621334143023e-09 5.04304669242061e-11 
1.31700100165710e+00 2.33262873463623e-09 4.68874931622589e-11 
1.31907992983651e+00 2.17098740997133e-09 4.35918131372292e-11 
1.32115885801592e+00 2.02047356422756e-09 4.05262889809549e-11 
1.32323778619534e+00 1.88032667662437e-09 3.76749612108489e-11 
1.32531671437475e+00 1.74983779540785e-09 3.50229684059855e-11 
1.32739564255416e+00 1.62834607146526e-09 3.25564723058066e-11 
1.32947457073357e+00 1.51523552270106e-09 3.02625879692969e-11 
1.33155349891298e+00 1.40993201397718e-09 2.81293186563783e-11 
1.33363242709239e+00 1.31190043840914e-09 2.61454951156072e-11 
1.33571135527180e+00 1.22064208673491e-09 2.43007189831449e-11 
1.33779028345122e+00 1.13569219233926e-09 2.25853100174901e-11 
1.33986921163063e+00 1.05661764032656e-09 2.09902569127137e-11 
1.34194813981004e+00 9.83014829793130e-10 1.95071714499853e-11 
1.34402706798945e+00 9.14507679159157e-10 1.81282457631251e-11 
1.34610599616886e+00 8.50745765083918e-10 1.68462125088050e-11 
1.34818492434827e+00 7.91402586108445e-10 1.56543077459442e-11 
1.35026385252768e+00 7.36173942750294e-10 1.45462363418497e-11 
1.35234278070710e+00 6.84776426317946e-10 1.35161397347995e-11 
1.35442170888651e+00 6.36946009220162e-10 1.25585658941221e-11 
1.35650063706592e+00 5.92436730020344e-10 1.16684413294268e-11 
1.35857956524533e+00 5.51019466930019e-10 1.08410450105477e-11 
1.36065849342474e+00 5.12480793850663e-10 1.00719840690136e-11 
1.36273742160415e+00 4.76621913461249e-10 9.35717116050045e-12 
1.36481634978356e+00 4.43257662211797e-10 8.69280337579020e-12 
1.36689527796298e+00 4.12215582422415e-10 8.07534259529927e-12 
1.36897420614239e+00 3.83335057004466e-10 7.50149718927501e-12 
1.37105313432180e+00 3.56466502616891e-10 6.96820497233047e-12 
1.37313206250121e+00 3.31470617347760e-10 6.47261732712287e-12 
1.37521099068062e+00 3.08217679270076e-10 6.01208441770857e-12 
1.37728991886003e+00 2.86586892462801e-10 5.58414141845456e-12 
1.37936884703944e+00 2.66465777314228e-10 5.18649568937760e-12 
1.38144777521885e+00 2.47749602136087e-10 4.81701483344121e-12 
1.38352670339827e+00 2.30340853314220e-10 4.47371557568910e-12 
1.38560563157768e+00 2.14148741406114e-10 4.15475340815195e-12 
1.38768455975709e+00 1.99088740767889e-10 3.85841294825216e-12 
1.38976348793650e+00 1.85082160454341e-10 3.58309896196496e-12 
1.39184241611591e+00 1.72055744286020e-10 3.32732800629295e-12 
1.39392134429532e+00 1.59941298117768e-10 3.08972064868764e-12 
1.39600027247473e+00 1.48675342474380e-10 2.86899422392302e-12 
1.39807920065415e+00 1.38198788841535e-10 2.66395609160451e-12 
1.40015812883356e+00 1.28456638014629e-10 2.47349735999541e-12 
1.40223705701297e+00 1.19397699014972e-10 2.29658704417380e-12 
1.40431598519238e+00 1.10974327182605e-10 2.13226662870718e-12 
1.40639491337179e+00 1.03142180148204e-10 1.97964500705996e-12 
1.40847384155120e+00 9.58599904734777e-11 1.83789377184030e-12 
1.41055276973061e+00 8.90893538307510e-11 1.70624283175664e-12 
1.41263169791003e+00 8.27945316682179e-11 1.58397633279932e-12 
1.41471062608944e+00 7.69422673781455e-11 1.47042886269650e-12 
1.41678955426885e+00 7.15016150513966e-11 1.36498191912383e-12 
1.41886848244826e+00 6.64437799633118e-11 1.26706062348102e-12 
1.42094741062767e+00 6.17419699935633e-11 1.17613066329175e-12 
1.42302633880708e+00 5.73712572363238e-11 1.09169544744242e-12 
1.42510526698649e+00 5.33084491072391e-11 1.01329345955597e-12 
1.42718419516590e+00 4.95319683004873e-11 9.40495795804316e-13 
1.42926312334532e+00 4.60217409928778e-11 8.72903874401786e-13 
1.43134205152473e+00 4.27590927326889e-11 8.10147304897196e-13 
1.43342097970414e+00 3.97266514889618e-11 7.51881906197906e-13 
1.43549990788355e+00 3.69082573724444e-11 6.97787863019340e-13 
1.43757883606296e+00 3.42888785724691e-11 6.47568011161951e-13 
1.43965776424237e+00 3.18545330849251e-11 6.00946242677766e-13 
1.44173669242178e+00 2.95922158352878e-11 5.57666022603848e-13 
1.44381562060120e+00 2.74898308275331e-11 5.17489009513208e-13 
1.44589454878061e+00 2.55361279748240e-11 4.80193772667791e-13 
1.44797347696002e+00 2.37206442912336e-11 4.45574599055733e-13 
1.45005240513943e+00 2.20336491455644e-11 4.13440384058667e-13 
1.45213133331884e+00 2.04660932986610e-11 3.83613599926681e-13 
1.45421026149825e+00 1.90095614645671e-11 3.55929336640866e-13 
1.45628918967766e+00 1.76562281535650e-11 3.30234410118057e-13 
1.45836811785708e+00 1.63988165716195e-11 3.06386533061438e-13 
1.46044704603649e+00 1.52305603661227e-11 2.84253544085764e-13 
1.46252597421590e+00 1.41451680221703e-11 2.63712691048706e-13 
1.46460490239531e+00 1.31367897269647e-11 2.44649964801817e-13 
1.46668383057472e+00 1.21999865323986e-11 2.26959479837169e-13 
1.46876275875413e+00 1.13297016574893e-11 2.10542898550272e-13 
1.47084168693354e+00 1.05212337831610e-11 1.95308896067532e-13 
1.47292061511295e+00 9.77021220196695e-12 1.81172662798543e-13 
1.47499954329237e+00 9.07257369475060e-12 1.68055442070888e-13 
1.47707847147178e+00 8.42454101501423e-12 1.55884100388901e-13 
1.47915739965119e+00 7.82260286993797e-12 1.44590728028935e-13 
1.48123632783060e+00 7.26349529460796e-12 1.34112267842975e-13 
1.48331525601001e+00 6.74418432311234e-12 1.24390170290694e-13 
1.48539418418942e+00 6.26184986677905e-12 1.15370072858065e-13 
1.48747311236883e+00 5.81387071599417e-12 1.07001502149139e-13 
1.48955204054825e+00 5.39781058778398e-12 9.92375970571515e-14 
1.49163096872766e+00 5.01140514669661e-12 9.20348515324137e-14 
1.49370989690707e+00 4.65254993150604e-12 8.53528755680530e-14 
1.49578882508648e+00 4.31928912490791e-12 7.91541731210211e-14 
1.49786775326589e+00 4.00980510770539e-12 7.34039357755263e-14 
1.49994668144530e+00 3.72240874301627e-12 6.80753511885483e-14 
1.50202560962471e+00 3.45553761631177e-12 6.31428619392400e-14 
1.50410453780413e+00 3.20773890591270e-12 5.85717567372012e-14 
1.50618346598354e+00 2.97765413987934e-12 5.43305434082280e-14 
1.50826239416295e+00 2.76402126088061e-12 5.03954924085834e-14 
1.51034132234236e+00 2.56566780940647e-12 4.67445751013460e-14 
1.51242025052177e+00 2.38150458698879e-12 4.33573422939604e-14 
1.51449917870118e+00 2.21051976577754e-12 4.02148114147338e-14 
1.51657810688059e+00 2.05177341316742e-12 3.72993617164746e-14 
1.51865703506001e+00 1.90439240235562e-12 3.45946369385987e-14 
1.52073596323942e+00 1.76756568174476e-12 3.20854548991288e-14 
1.52281489141883e+00 1.64053987799748e-12 2.97577235253031e-14 
1.52489381959824e+00 1.52261520930968e-12 2.75983628661815e-14 
1.52697274777765e+00 1.41314168710784e-12 2.55952326628704e-14 
1.52905167595706e+00 1.31151558590002e-12 2.37370650819604e-14 
1.53113060413647e+00 1.21717616242833e-12 2.20134022456360e-14 
1.53320953231588e+00 1.12960260659022e-12 2.04145382178221e-14 
1.53528846049530e+00 1.04831120782340e-12 1.89314651298147e-14 
1.53736738867471e+00 9.72852721791114e-13 1.75558231512326e-14 
1.53944631685412e+00 9.02809923267199e-13 1.62798540329397e-14 
1.54152524503353e+00 8.37795332108293e-13 1.50963579679342e-14 
1.54360417321294e+00 7.77449100120250e-13 1.39986535341862e-14 
1.54568310139235e+00 7.21437047480849e-13 1.29805405001206e-14 
1.54776202957176e+00 6.69448838176458e-13 1.20362652889804e-14 
1.54984095775118e+00 6.21196284650255e-13 1.11604889127512e-14 
1.55191988593059e+00 5.76411772547863e-13 1.03482571997443e-14 
1.55399881411000e+00 5.34846797086400e-13 9.59497315241936e-15 
1.55607774228941e+00 4.96270603168336e-13 8.89637128361748e-15 
1.55815667046882e+00 4.60468921915320e-13 8.24849379015307e-15 
1.56023559864823e+00 4.27242796812107e-13 7.64766843272840e-15 
1.56231452682764e+00 3.96407493129718e-13 7.09048800044071e-15 
1.56439345500706e+00 3.67791484742334e-13 6.57379124680015e-15 
1.56647238318647e+00 3.41235512866701e-13 6.09464519221439e-15 
1.56855131136588e+00 3.16591711637980e-13 5.65032869536390e-15 
1.57063023954529e+00 2.93722795794187e-13 5.23831720283092e-15 
1.57270916772470e+00 2.72501306074451e-13 4.85626859279399e-15 
1.57478809590411e+00 2.52808908246038e-13 4.50201003459073e-15 
1.57686702408352e+00 2.34535741963048e-13 4.17352579151887e-15 
1.57894595226293e+00 2.17579815927506e-13 3.86894589941746e-15 
1.58102488044235e+00 2.01846446072479e-13 3.58653565837568e-15 
1.58310380862176e+00 1.87247733718390e-13 3.32468587938138e-15 
1.58518273680117e+00 1.73702080868857e-13 3.08190383186908e-15 
1.58726166498058e+00 1.61133740012519e-13 2.85680484198058e-15 
1.58934059315999e+00 1.49472395983289e-13 2.64810449493121e-15 
1.59141952133940e+00 1.38652777604435e-13 2.45461139819968e-15 
1.59349844951881e+00 1.28614297002650e-13 2.27522046534925e-15 
1.59557737769823e+00 1.19300714627697e-13 2.10890668315707e-15 
1.59765630587764e+00 1.10659828152175e-13 1.95471932739417e-15 
1.59973523405705e+00 1.02643183555081e-13 1.81177659507465e-15 
1.60181416223646e+00 9.52058068128749e-14 1.67926062329209e-15 
1.60389309041587e+00 8.83059547333416e-14 1.55641286689754e-15 
1.60597201859528e+00 8.19048835712811e-14 1.44252980925717e-15 
1.60805094677469e+00 7.59666341614204e-14 1.33695898217071e-15 
1.61012987495411e+00 7.04578323935717e-14 1.23909527274263e-15 
1.61220880313352e+00 6.53475039383211e-14 1.14837749658811e-15 
1.61428773131293e+00 6.06069022089379e-14 1.06428521823135e-15 
1.61636665949234e+00 5.62093486171200e-14 9.86335800925030e-16 
1.61844558767175e+00 5.21300842470474e-14 9.14081669392531e-16 
1.62052451585116e+00 4.83461321343382e-14 8.47107770176888e-16 
1.62260344403057e+00 4.48361693942398e-14 7.85029215378166e-16 
1.62468237220998e+00 4.15804084970390e-14 7.27489096580426e-16 
1.62676130038940e+00 3.85604870385345e-14 6.74156456715994e-16 
1.62884022856881e+00 3.57593653997460e-14 6.24724408493800e-16 
1.63091915674822e+00 3.31612317330842e-14 5.78908388834680e-16 
1.63299808492763e+00 3.07514137522124e-14 5.36444539514290e-16 
1.63507701310704e+00 2.85162968399992e-14 4.97088204917964e-16 
1.63715594128645e+00 2.64432480235016e-14 4.60612538465068e-16 
1.63923486946586e+00 2.45205453970061e-14 4.26807209866934e-16 
1.64131379764528e+00 2.27373126039744e-14 3.95477205945626e-16 
1.64339272582469e+00 2.10834580164385e-14 3.66441718263482e-16 
1.64547165400410e+00 1.95496182761299e-14 3.39533111298803e-16 
1.64755058218351e+00 1.81271058855390e-14 3.14595965353609e-16 
1.64962951036292e+00 1.68078605593111e-14 2.91486188797649e-16 
1.65170843854233e+00 1.55844040670300e-14 2.70070194641161e-16 
1.65378736672174e+00 1.44497983176040e-14 2.50224136789353e-16 
1.65586629490116e+00 1.33976064532858e-14 2.31833201666121e-16 
1.65794522308057e+00 1.24218567378997e-14 2.14790951205165e-16 
1.66002415125998e+00 1.15170090392178e-14 1.98998713494929e-16 
1.66210307943939e+00 1.06779237197058e-14 1.84365017631404e-16 
1.66418200761880e+00 9.89983276311824e-15 1.70805069581223e-16 
1.66626093579821e+00 9.17831297674036e-15 1.58240266088001e-16 
1.66833986397762e+00 8.50926112051807e-15 1.46597743868869e-16 
1.67041879215703e+00 7.88887082494134e-15 1.35809961546744e-16 
1.67249772033645e+00 7.31361116941886e-15 1.25814311948186e-16 
1.67457664851586e+00 6.78020680204901e-15 1.16552762567776e-16 
1.67665557669527e+00 6.28561949020642e-15 1.07971522158693e-16 
1.67873450487468e+00 5.82703099927205e-15 1.00020731556510e-16 
1.68081343305409e+00 5.40182720417818e-15 9.26541769799699e-17 
1.68289236123350e+00 5.00758334526127e-15 8.58290241793689e-17 
1.68497128941291e+00 4.64205034624940e-15 7.95055719209476e-17 
1.68705021759233e+00 4.30314211809377e-15 7.36470234049493e-17 
1.68912914577174e+00 3.98892377781657e-15 6.82192743164006e-17 
1.69120807395115e+00 3.69760071662019e-15 6.31907163017552e-17 
1.69328700213056e+00 3.42750845621392e-15 5.85320547518546e-17 
1.69536593030997e+00 3.17710323668822e-15 5.42161398526635e-17 
1.69744485848938e+00 2.94495328332895e-15 5.02178099404052e-17 
1.69952378666879e+00 2.72973070353549e-15 4.65137462674659e-17 
1.70160271484821e+00 2.53020396850887e-15 4.30823383501479e-17 
1.70368164302762e+00 2.34523093762800e-15 3.99035591293911e-17 
1.70576057120703e+00 2.17375238645115e-15 3.69588492312839e-17 
1.70783949938644e+00 2.01478600208355e-15 3.42310096658687e-17 
1.70991842756585e+00 1.86742081225450e-15 3.17041023506924e-17 
1.71199735574526e+00 1.73081201686418e-15 2.93633578900365e-17 
1.71407628392467e+00 1.60417619300372e-15 2.71950900820275e-17 
1.71615521210409e+00 1.48678684653531e-15 2.51866166641130e-17 
1.71823414028350e+00 1.37797028525283e-15 2.33261858429065e-17 
1.72031306846291e+00 1.27710179043855e-15 2.16029081873454e-17 
1.72239199664232e+00 1.18360206529864e-15 2.00066934946765e-17 
1.72447092482173e+00 1.09693394030670e-15 1.85281922671266e-17 
1.72654985300114e+00 1.01659931692158e-15 1.71587414634216e-17 
1.72862878118055e+00 9.42136332478472e-16 1.58903142137071e-17 
1.73070770935996e+00 8.73116730290167e-16 1.47154732090539e-17 
1.73278663753938e+00 8.09143420144420e-16 1.36273274977189e-17 
1.73486556571879e+00 7.49848215449482e-16 1.26194924398016e-17 
1.73694449389820e+00 6.94889734270017e-16 1.16860525899916e-17 
1.73902342207761e+00 6.43951452414366e-16 1.08215272948496e-17 
1.74110235025702e+00 5.96739897586990e-16 1.00208388066023e-17 
1.74318127843643e+00 5.52982974411522e-16 9.27928272983155e-18 
1.74526020661584e+00 5.12428410864590e-16 8.59250063080608e-18 
1.74733913479526e+00 4.74842317342508e-16 7.95645465159281e-18 
1.74941806297467e+00 4.40007850215836e-16 7.36740398257765e-18 
1.75149699115408e+00 4.07723972314223e-16 6.82188305768572e-18 
1.75357591933349e+00 3.77804303329114e-16 6.31668134647325e-18 
1.75565484751290e+00 3.50076053627870e-16 5.84882462643132e-18 
1.75773377569231e+00 3.24379035442377e-16 5.41555762734154e-18 
1.75981270387172e+00 3.00564745831000e-16 5.01432794740678e-18 
1.76189163205114e+00 2.78495516217145e-16 4.64277114818992e-18 
1.76397056023055e+00 2.58043723682931e-16 4.29869694217208e-18 
1.76604948840996e+00 2.39091059544785e-16 3.98007639302763e-18 
1.76812841658937e+00 2.21527851060900e-16 3.68503005454102e-18 
1.77020734476878e+00 2.05252432420403e-16 3.41181697949610e-18 
1.77228627294819e+00 1.90170561442360e-16 3.15882453487845e-18 
1.77436520112760e+00 1.76194878670951e-16 2.92455896437880e-18 
1.77644412930701e+00 1.63244405792762e-16 2.70763664349310e-18 
1.77852305748643e+00 1.51244080524466e-16 2.50677597650981e-18 
1.78060198566584e+00 1.40124325325440e-16 2.32078988837841e-18 
1.78268091384525e+00 1.29820647481291e-16 2.14857886788686e-18 
1.78475984202466e+00 1.20273268281846e-16 1.98912452175961e-18 
1.78683877020407e+00 1.11426779181940e-16 1.84148360223920e-18 
1.78891769838348e+00 1.03229822986217e-16 1.70478247345108e-18 
1.79099662656289e+00 9.56347982410130e-17 1.57821198438813e-18 
1.79307555474231e+00 8.85975851479587e-17 1.46102271870347e-18 
1.79515448292172e+00 8.20772914360712e-17 1.35252059368047e-18 
1.79723341110113e+00 7.60360167423348e-17 1.25206278277014e-18 
1.79931233928054e+00 7.04386341558843e-17 1.15905393796010e-18 
1.80139126745995e+00 6.52525876783734e-17 1.07294268997636e-18 
1.80347019563936e+00 6.04477044435617e-17 9.93218405929234e-19 
1.80554912381877e+00 5.59960206230451e-17 9.19408185507611e-19 
1.80762805199819e+00 5.18716200228908e-17 8.51074078209498e-19 
1.80970698017760e+00 4.80504844481337e-17 7.87810505379171e-19 
1.81178590835701e+00 4.45103549790702e-17 7.29241872010375e-19 
1.81386483653642e+00 4.12306033654090e-17 6.75020354376895e-19 
1.81594376471583e+00 3.81921128019735e-17 6.24823850573373e-19 
1.81802269289524e+00 3.53771674031039e-17 5.78354081996039e-19 
1.82010162107465e+00 3.27693497424950e-17 5.35334834670493e-19 
1.82218054925406e+00 3.03534458712014e-17 4.95510330147209e-19 
1.82425947743348e+00 2.81153572691993e-17 4.58643716439232e-19 
1.82633840561289e+00 2.60420192254686e-17 4.24515670175231e-19 
1.82841733379230e+00 2.41213251782597e-17 3.92923101788760e-19 
1.83049626197171e+00 2.23420565812498e-17 3.63677956164703e-19 
1.83257519015112e+00 2.06938178928683e-17 3.36606101720168e-19 
1.83465411833053e+00 1.91669763153530e-17 3.11546301412612e-19 
1.83673304650994e+00 1.77526059372585e-17 2.88349259645732e-19 
1.83881197468936e+00 1.64424359583267e-17 2.66876739486447e-19 
1.84089090286877e+00 1.52288026989894e-17 2.47000745016638e-19 
1.84296983104818e+00 1.41046051184393e-17 2.28602764023547e-19 
1.84504875922759e+00 1.30632635852974e-17 2.11573066585146e-19 
1.84712768740700e+00 1.20986816635374e-17 1.95810055433347e-19 
1.84920661558641e+00 1.12052106936099e-17 1.81219664280536e-19 
1.85128554376582e+00 1.03776169647318e-17 1.67714800575319e-19 
1.85336447194524e+00 9.61105128916976e-18 1.55214829413270e-19 
1.85544340012465e+00 8.90102080312363e-18 1.43645095569194e-19 
1.85752232830406e+00 8.24336283159962e-18 1.32936480840602e-19 
1.85960125648347e+00 7.63422066650910e-18 1.23024994098792e-19 
1.86168018466288e+00 7.07002111822008e-18 1.13851391635545e-19 
1.86375911284229e+00 6.54745371097707e-18 1.05360825570905e-19 
1.86583804102170e+00 6.06345140205335e-18 9.75025182520264e-20 
1.86791696920111e+00 5.61517271326114e-18 9.02294607254242e-20 
1.86999589738053e+00 5.19998517156824e-18 8.34981335061920e-20 
1.87207482555994e+00 4.81544996310237e-18 7.72682479985581e-20 
1.87415375373935e+00 4.45930771180842e-18 7.15025070433649e-20 
1.87623268191876e+00 4.12946530049939e-18 6.61663831803517e-20 
1.87831161009817e+00 3.82398365804602e-18 6.12279133171779e-20 
1.88039053827758e+00 3.54106644201665e-18 5.66575085935089e-20 
1.88246946645699e+00 3.27904955124049e-18 5.24277783177992e-20 
1.88454839463641e+00 3.03639140755250e-18 4.85133669371440e-20 
1.88662732281582e+00 2.81166395041467e-18 4.48908030772199e-20 
1.88870625099523e+00 2.60354429222197e-18 4.15383597603534e-20 
1.89078517917464e+00 2.41080698591416e-18 3.84359249755366e-20 
1.89286410735405e+00 2.23231686005047e-18 3.55648818351556e-20 
1.89494303553346e+00 2.06702237978149e-18 3.29079976096560e-20 
1.89702196371287e+00 1.91394949519112e-18 3.04493209836706e-20 
1.89910089189229e+00 1.77219594129825e-18 2.81737231810058e-20 
1.90117982007170e+00 1.64092564814128e-18 2.60629748643416e-20 
1.90325874825111e+00 1.51936060546136e-18 2.41058577108977e-20 
1.90533767643052e+00 1.40678469951616e-18 2.22954565177258e-20 
1.90741660460993e+00 1.30253454407787e-18 2.06207924062786e-20 
1.90949553278934e+00 1.20599560685029e-18 1.90717064850514e-20 
1.91157446096875e+00 1.11659861977146e-18 1.76387987317210e-20 
1.91365338914817e+00 1.03381625245023e-18 1.63133714207688e-20 
1.91573231732758e+00 9.57160029497472e-19 1.50873767593186e-20 
1.91781124550699e+00 8.86177473915651e-19 1.39533684188839e-20 
1.91989017368640e+00 8.20449460011414e-19 1.29044566738371e-20 
1.92196910186581e+00 7.59587760501889e-19 1.19342668788267e-20 
1.92404803004522e+00 7.03232773604060e-19 1.10369010371997e-20 
1.92612695822463e+00 6.51051416933651e-19 1.02069022308520e-20 
1.92820588640404e+00 6.02735176001589e-19 9.43922169894332e-21 
1.93028481458346e+00 5.57998295987814e-19 8.72918836865855e-21 
1.93236374276287e+00 5.16576106298906e-19 8.07248065579309e-21 
1.93444267094228e+00 4.78223468182531e-19 7.46510036644495e-21 
1.93652159912169e+00 4.42713336382411e-19 6.90334854360922e-21 
1.93860052730110e+00 4.09835426476422e-19 6.38380311405465e-21 
1.94067945548051e+00 3.79394980151307e-19 5.90329820159166e-21 
1.94275838365992e+00 3.51211621233873e-19 5.45890498277478e-21 
1.94483731183934e+00 3.25118295823581e-19 5.04791397028194e-21 
1.94691624001875e+00 3.00960290358234e-19 4.66781861773139e-21 
1.94899516819816e+00 2.78594321895711e-19 4.31630014758452e-21 
1.95107409637757e+00 2.57887695313055e-19 3.99121351108571e-21 
1.95315302455698e+00 2.38717522512035e-19 3.69057439595368e-21 
1.95523195273639e+00 2.20969999079773e-19 3.41254720379920e-21 
1.95731088091580e+00 2.04539734186334e-19 3.15543392504172e-21 
1.95938980909522e+00 1.89329129810045e-19 2.91766384446537e-21 
1.96146873727463e+00 1.75247805667704e-19 2.69778401552393e-21 
1.96354766545404e+00 1.62212066492237e-19 2.49445044610578e-21 
1.96562659363345e+00 1.50144408546429e-19 2.30641994273004e-21 
1.96770552181286e+00 1.38973062489385e-19 2.13254256408836e-21 
1.96978444999227e+00 1.28631569923767e-19 1.97175463849868e-21 
1.97186337817168e+00 1.19058391147782e-19 1.82307230321732e-21 
1.97394230635109e+00 1.10196541817476e-19 1.68558552668506e-21 
1.97602123453051e+00 1.01993256393208e-19 1.55845257768013e-21 
1.97810016270992e+00 9.43996764001691e-20 1.44089490803280e-21 
1.98017909088933e+00 8.73705616773930e-20 1.33219241803906e-21 
1.98225801906874e+00 8.08640229236893e-20 1.23167907600917e-21 
1.98433694724815e+00 7.48412739731232e-20 1.13873886551436e-21 
1.98641587542756e+00 6.92664023477496e-20 1.05280203586443e-21 
1.98849480360697e+00 6.41061567419701e-20 9.73341633172010e-22 
1.99057373178639e+00 5.93297501917245e-20 8.99870291046762e-22 
1.99265265996580e+00 5.49086777733341e-20 8.31937261524780e-22 
1.99473158814521e+00 5.08165477616965e-20 7.69125668284422e-22 
1.99681051632462e+00 4.70289252562014e-20 7.11049965537966e-22 
1.99888944450403e+00 4.35231873556311e-20 6.57353587227288e-22 
2.00096837268344e+00 4.02783890308618e-20 6.07706772298340e-22 
2.00304730086285e+00 3.72751389067762e-20 5.61804552890345e-22 
2.00512622904227e+00 3.44954842228039e-20 5.19364893257924e-22 
2.00720515722168e+00 3.19228042952494e-20 4.80126968153393e-22 
2.00928408540109e+00 2.95417118543735e-20 4.43849570237919e-22 
2.01136301358050e+00 2.73379616753382e-20 4.10309636868877e-22 
2.01344194175991e+00 2.52983659648820e-20 3.79300887331503e-22 
2.01552086993932e+00 2.34107160052144e-20 3.50632562249952e-22 
2.01759979811873e+00 2.16637095933202e-20 3.24128257530126e-22 
2.01967872629815e+00 2.00468838478817e-20 2.99624845757972e-22 
2.02175765447756e+00 1.85505529875328e-20 2.76971478505642e-22 
2.02383658265697e+00 1.71657507133587e-20 2.56028663487147e-22 
2.02591551083638e+00 1.58841768556027e-20 2.36667410957995e-22 
2.02799443901579e+00 1.46981479696036e-20 2.18768444172270e-22 
2.03007336719520e+00 1.36005515892025e-20 2.02221469098381e-22 
2.03215229537461e+00 1.25848038673731e-20 1.86924498953547e-22 
2.03423122355402e+00 1.16448103537503e-20 1.72783229449128e-22 
2.03631015173344e+00 1.07749296772014e-20 1.59710460946165e-22 
2.03838907991285e+00 9.96993991867976e-21 1.47625564004840e-22 
2.04046800809226e+00 9.22500747545039e-21 1.36453985074643e-22 
2.04254693627167e+00 8.53565823245172e-21 1.26126789315497e-22 
2.04462586445108e+00 7.89775087015523e-21 1.16580237765352e-22 
2.04670479263049e+00 7.30745215088071e-21 1.07755396278205e-22 
2.04878372080990e+00 6.76121403719223e-21 9.95977738493573e-23 
2.05086264898932e+00 6.25575250680815e-21 9.20569881231795e-23 
2.05294157716873e+00 5.78802793847057e-21 8.50864560437788e-23 
2.05502050534814e+00 5.35522695249303e-21 7.86431077617175e-23 
2.05709943352755e+00 4.95474559829636e-21 7.26871220512974e-23 
2.05917836170696e+00 4.58417378919878e-21 6.71816816237033e-23 
2.06125728988637e+00 4.24128089209744e-21 6.20927468422981e-23 
2.06333621806578e+00 3.92400238650476e-21 5.73888464583101e-23 
2.06541514624519e+00 3.63042751372645e-21 5.30408840887347e-23 
2.06749407442461e+00 3.35878784282465e-21 4.90219592540883e-23 
2.06957300260402e+00 3.10744668543433e-21 4.53072018823165e-23 
2.07165193078343e+00 2.87488929652503e-21 4.18736192671713e-23 
2.07373085896284e+00 2.65971380285376e-21 3.86999545452499e-23 
2.07580978714225e+00 2.46062280516431e-21 3.57665558260919e-23 
2.07788871532166e+00 2.27641560418024e-21 3.43389640807778e-23 
