Energy(eV)           EEDF(eV^-(3/2))      Anisotropy(eV^-(3/2))
4.71712909158373e-03 2.67700584986289e-01 1.09371127880468e-05 
1.41513872747512e-02 2.67691612137564e-01 1.64534157798260e-05 
2.35856454579187e-02 2.67682690350642e-01 2.13317763847130e-05 
3.30199036410861e-02 2.67674523451416e-01 2.42078951004255e-05 
4.24541618242536e-02 2.67667218995089e-01 2.60529324144503e-05 
5.18884200074211e-02 2.67660683732465e-01 2.69628396858596e-05 
6.13226781905885e-02 2.67655131447968e-01 2.65090336566147e-05 
7.07569363737560e-02 2.67650826353275e-01 2.51253687160773e-05 
8.01911945569235e-02 2.67647469801263e-01 2.36671299861914e-05 
8.96254527400910e-02 2.67644834709856e-01 2.17701145545626e-05 
9.90597109232584e-02 2.67642947178918e-01 1.93224597545703e-05 
1.08493969106426e-01 2.67641615219186e-01 1.72736742367781e-05 
1.17928227289593e-01 2.67640594202769e-01 1.56770248109980e-05 
1.27362485472761e-01 2.67639834267688e-01 1.42639409767758e-05 
1.36796743655928e-01 2.67639227374058e-01 1.30553460431772e-05 
1.46231001839096e-01 2.67638769922389e-01 1.15800117172856e-05 
1.55665260022263e-01 2.67638445701086e-01 1.02408529580282e-05 
1.65099518205431e-01 2.67638194266378e-01 9.17289328659659e-06 
1.74533776388598e-01 2.67638011086261e-01 8.26992942545451e-06 
1.83968034571766e-01 2.67637859099945e-01 7.68275141247188e-06 
1.93402292754933e-01 2.67637736851063e-01 7.00010760158695e-06 
2.02836550938101e-01 2.67637642791434e-01 6.58271137649933e-06 
2.12270809121268e-01 2.67637553961001e-01 6.63627214520849e-06 
2.21705067304436e-01 2.67637465202495e-01 6.77447357946012e-06 
2.31139325487603e-01 2.67637376776232e-01 6.89932362063533e-06 
2.40573583670770e-01 2.67637288930399e-01 7.01082249615487e-06 
2.50007841853938e-01 2.67637201901049e-01 7.39604148822999e-06 
2.59442100037105e-01 2.67637102008916e-01 8.37345031846374e-06 
2.68876358220273e-01 2.67636971882697e-01 9.65763511671671e-06 
2.78310616403440e-01 2.67636806496933e-01 1.10111605512939e-05 
2.87744874586608e-01 2.67636600502389e-01 1.24339365198906e-05 
2.97179132769775e-01 2.67636348226061e-01 1.39650326988282e-05 
3.06613390952943e-01 2.67636040689961e-01 1.57607645253889e-05 
3.16047649136110e-01 2.67635657563484e-01 1.77703304578535e-05 
3.25481907319278e-01 2.67635188428902e-01 1.98714539703740e-05 
3.34916165502445e-01 2.67634622302282e-01 2.20640591435294e-05 
3.44350423685613e-01 2.67633947633531e-01 2.43480889277668e-05 
3.53784681868780e-01 2.67633152306468e-01 2.68572104876334e-05 
3.63218940051948e-01 2.67632207073793e-01 2.95926431347077e-05 
3.72653198235115e-01 2.67631093556028e-01 3.24459895621419e-05 
3.82087456418282e-01 2.67629794265094e-01 3.54051567099838e-05 
3.91521714601450e-01 2.67628290953602e-01 3.84701024451683e-05 
4.00955972784617e-01 2.67626564615038e-01 4.16025409867528e-05 
4.10390230967785e-01 2.67624602034568e-01 4.47795839755081e-05 
4.19824489150952e-01 2.67622388351323e-01 4.80349477429580e-05 
4.29258747334120e-01 2.67619903999207e-01 5.13903817933456e-05 
4.38693005517287e-01 2.67617128731710e-01 5.48458583230603e-05 
4.48127263700455e-01 2.67614041622196e-01 5.84013486753394e-05 
4.57561521883622e-01 2.67610621064213e-01 6.20568229741022e-05 
4.66995780066790e-01 2.67606844771843e-01 6.58122498083402e-05 
4.76430038249957e-01 2.67602689780084e-01 6.96675959537652e-05 
4.85864296433125e-01 2.67598132445264e-01 7.36228261217206e-05 
4.95298554616292e-01 2.67593148445495e-01 7.76778388507839e-05 
5.04732812799460e-01 2.67587712797887e-01 8.17935795113229e-05 
5.14167070982627e-01 2.67581810389465e-01 8.59717852771988e-05 
5.23601329165794e-01 2.67575415942785e-01 9.02469358587631e-05 
5.33035587348962e-01 2.67568503541513e-01 9.46189846031565e-05 
5.42469845532129e-01 2.67561046631052e-01 9.90878817016236e-05 
5.51904103715297e-01 2.67553018019236e-01 1.03653574013751e-04 
5.61338361898464e-01 2.67544389877051e-01 1.08316004886286e-04 
5.70772620081632e-01 2.67535133739429e-01 1.13075113980630e-04 
5.80206878264799e-01 2.67525220506086e-01 1.17930837095962e-04 
5.89641136447967e-01 2.67514620442415e-01 1.22883105986895e-04 
5.99075394631134e-01 2.67503303180451e-01 1.27931848186306e-04 
6.08509652814302e-01 2.67491237719885e-01 1.33076986820321e-04 
6.17943910997469e-01 2.67478392429152e-01 1.38318440422230e-04 
6.27378169180637e-01 2.67464735046581e-01 1.43656122748332e-04 
6.36812427363804e-01 2.67450232681622e-01 1.49089942587937e-04 
6.46246685546972e-01 2.67434851816138e-01 1.54619803570023e-04 
6.55680943730139e-01 2.67418558305778e-01 1.60245603967854e-04 
6.65115201913307e-01 2.67401317381430e-01 1.65967236504175e-04 
6.74549460096474e-01 2.67383093650752e-01 1.71784588149531e-04 
6.83983718279641e-01 2.67363851099786e-01 1.77697539918407e-04 
6.93417976462809e-01 2.67343553094667e-01 1.83705966664953e-04 
7.02852234645976e-01 2.67322162383417e-01 1.89795459681000e-04 
7.12286492829144e-01 2.67299647602791e-01 1.95962665463898e-04 
7.21720751012311e-01 2.67275972344201e-01 2.02220723780585e-04 
7.31155009195479e-01 2.67251098046819e-01 2.08572782732339e-04 
7.40589267378646e-01 2.67224985551534e-01 2.15018685345282e-04 
7.50023525561814e-01 2.67197595103204e-01 2.21558267335750e-04 
7.59457783744981e-01 2.67168886353003e-01 2.28191356889108e-04 
7.68892041928149e-01 2.67138818360883e-01 2.34917774438876e-04 
7.78326300111316e-01 2.67107349598152e-01 2.41737332441160e-04 
7.87760558294484e-01 2.67074437950162e-01 2.48649835148188e-04 
7.97194816477651e-01 2.67040040719120e-01 2.55655078379625e-04 
8.06629074660819e-01 2.67004114627023e-01 2.62752849291147e-04 
8.16063332843986e-01 2.66966615818718e-01 2.69942926139161e-04 
8.25497591027153e-01 2.66927499865088e-01 2.77225078044241e-04 
8.34931849210321e-01 2.66886721766380e-01 2.84599064752614e-04 
8.44366107393488e-01 2.66844235955658e-01 2.92064636395561e-04 
8.53800365576656e-01 2.66799996302408e-01 2.99621533246363e-04 
8.63234623759823e-01 2.66753956116276e-01 3.07269485474512e-04 
8.72668881942991e-01 2.66706068150961e-01 3.15008212898518e-04 
8.82103140126158e-01 2.66656284608253e-01 3.22837424735163e-04 
8.91537398309326e-01 2.66604557142231e-01 3.30756819349722e-04 
9.00971656492493e-01 2.66550836863608e-01 3.38766084003272e-04 
9.10405914675661e-01 2.66495074344255e-01 3.46864894597196e-04 
9.19840172858828e-01 2.66437219621870e-01 3.55052915415651e-04 
9.29274431041996e-01 2.66377222204830e-01 3.63329798868649e-04 
9.38708689225163e-01 2.66315031077211e-01 3.71695185232764e-04 
9.48142947408331e-01 2.66250594703981e-01 3.80148702387918e-04 
9.57577205591498e-01 2.66183861036374e-01 3.88689965555819e-04 
9.67011463774666e-01 2.66114777517454e-01 3.97318577036774e-04 
9.76445721957833e-01 2.66043291087852e-01 4.06034125944863e-04 
9.85879980141000e-01 2.65969348191709e-01 4.14836187940236e-04 
9.95314238324168e-01 2.65892894782801e-01 4.23722679566341e-04 
1.00474849650734e+00 2.65813877527057e-01 4.32196117094175e-04 
1.01418275469050e+00 2.65732607169616e-01 4.40263978010881e-04 
1.02361701287367e+00 2.65649042548353e-01 4.48399611522961e-04 
1.03305127105684e+00 2.65563142211606e-01 4.56602640960741e-04 
1.04248552924001e+00 2.65474864422708e-01 4.64872679601532e-04 
1.05191978742317e+00 2.65384167164643e-01 4.73209330511428e-04 
1.06135404560634e+00 2.65291008144824e-01 4.81612186386021e-04 
1.07078830378951e+00 2.65195344799992e-01 4.90080829394894e-04 
1.08022256197268e+00 2.65097134301232e-01 4.98614831022809e-04 
1.08965682015584e+00 2.64996333559129e-01 5.07213751912243e-04 
1.09909107833901e+00 2.64892899229032e-01 5.15877141706476e-04 
1.10852533652218e+00 2.64786787716465e-01 5.24604538893614e-04 
1.11795959470534e+00 2.64677955182651e-01 5.33395470648951e-04 
1.12739385288851e+00 2.64566357550184e-01 5.42249452680009e-04 
1.13682811107168e+00 2.64451950508820e-01 5.51165989072264e-04 
1.14626236925485e+00 2.64334689521409e-01 5.60144572132509e-04 
1.15569662743801e+00 2.64214529829967e-01 5.69184682233997e-04 
1.16513088562118e+00 2.64091426461879e-01 5.78285787666121e-04 
1.17456514380435e+00 2.63965334236242e-01 5.87447344481712e-04 
1.18399940198752e+00 2.63836207770354e-01 5.96668796343106e-04 
1.19343366017068e+00 2.63704001486337e-01 6.05949574372086e-04 
1.20286791835385e+00 2.63568669617911e-01 6.15572979307421e-04 
1.21230217653702e+00 2.63429914995706e-01 6.25605115485504e-04 
1.22173643472019e+00 2.63287621522116e-01 6.35771090878909e-04 
1.23117069290335e+00 2.63141733179461e-01 6.46003065188353e-04 
1.24060495108652e+00 2.62992193718810e-01 6.56300286631542e-04 
1.25003920926969e+00 2.62838946669967e-01 6.66661986117057e-04 
1.25947346745286e+00 2.62681935351681e-01 6.77087377043473e-04 
1.26890772563602e+00 2.62521102882077e-01 6.87575655098911e-04 
1.27834198381919e+00 2.62356392189312e-01 6.98125998066107e-04 
1.28777624200236e+00 2.62187746022456e-01 7.08737565627368e-04 
1.29721050018553e+00 2.62015106962606e-01 7.19332329166612e-04 
1.30664475836869e+00 2.61838491991852e-01 7.29608028605700e-04 
1.31607901655186e+00 2.61658139957981e-01 7.39641458738408e-04 
1.32551327473503e+00 2.61474003222501e-01 7.49724168221532e-04 
1.33494753291820e+00 2.61286034078144e-01 7.59855368971481e-04 
1.34438179110136e+00 2.61094184758101e-01 7.70034258051463e-04 
1.35381604928453e+00 2.60898407445402e-01 7.80260017553665e-04 
1.36325030746770e+00 2.60698654282464e-01 7.90531814485017e-04 
1.37268456565087e+00 2.60494877380808e-01 8.00848800656801e-04 
1.38211882383403e+00 2.60287028830920e-01 8.11210112575782e-04 
1.39155308201720e+00 2.60075060712291e-01 8.21614871339016e-04 
1.40098734020037e+00 2.59858925103616e-01 8.32062182532176e-04 
1.41042159838354e+00 2.59638574093146e-01 8.42551136132156e-04 
1.41985585656670e+00 2.59413959789215e-01 8.53080806410859e-04 
1.42929011474987e+00 2.59185034330928e-01 8.63650251843921e-04 
1.43872437293304e+00 2.58951749899003e-01 8.74258515023966e-04 
1.44815863111621e+00 2.58714058726791e-01 8.84904622576015e-04 
1.45759288929937e+00 2.58471913111442e-01 8.95587585078521e-04 
1.46702714748254e+00 2.58225265425249e-01 9.06306396986950e-04 
1.47646140566571e+00 2.57974068127148e-01 9.17060036562197e-04 
1.48589566384888e+00 2.57718273774372e-01 9.27847465803919e-04 
1.49532992203204e+00 2.57457835034285e-01 9.38663390807730e-04 
1.50476418021521e+00 2.57192709432589e-01 9.48657449847780e-04 
1.51419843839838e+00 2.56923804892611e-01 9.57839481880748e-04 
1.52363269658155e+00 2.56651093555775e-01 9.67037766806948e-04 
1.53306695476471e+00 2.56374547712189e-01 9.76251556844408e-04 
1.54250121294788e+00 2.56094139806857e-01 9.85480095610245e-04 
1.55193547113105e+00 2.55809842445945e-01 9.94722618124123e-04 
1.56136972931422e+00 2.55521628403097e-01 1.00397835081381e-03 
1.57080398749738e+00 2.55229470625804e-01 1.01324651152321e-03 
1.58023824568055e+00 2.54933342241829e-01 1.02252630952286e-03 
1.58967250386372e+00 2.54633216565677e-01 1.03181694552191e-03 
1.59910676204689e+00 2.54329067105115e-01 1.04111761168378e-03 
1.60854102023005e+00 2.54020867567749e-01 1.05042749164411e-03 
1.61797527841322e+00 2.53708591867637e-01 1.05974576053120e-03 
1.62740953659639e+00 2.53392214131963e-01 1.06907158498811e-03 
1.63684379477956e+00 2.53071708707742e-01 1.07840412319872e-03 
1.64627805296272e+00 2.52747050168586e-01 1.08774252491657e-03 
1.65571231114589e+00 2.52418213321504e-01 1.09708593149427e-03 
1.66514656932906e+00 2.52085173213746e-01 1.10643347591708e-03 
1.67458082751223e+00 2.51747905139697e-01 1.11578428284062e-03 
1.68401508569539e+00 2.51406384647803e-01 1.12513746862950e-03 
1.69344934387856e+00 2.51060587547542e-01 1.13449214139895e-03 
1.70288360206173e+00 2.50710489916432e-01 1.14384740106016e-03 
1.71231786024490e+00 2.50356068107079e-01 1.15320233936761e-03 
1.72175211842806e+00 2.49997298754257e-01 1.16255603997013e-03 
1.73118637661123e+00 2.49634158782028e-01 1.17190757846520e-03 
1.74062063479440e+00 2.49266625410893e-01 1.18125602245508e-03 
1.75005489297757e+00 2.48894676164974e-01 1.19060043160633e-03 
1.75948915116073e+00 2.48518288879231e-01 1.19993985771391e-03 
1.76892340934390e+00 2.48137441706703e-01 1.20927334476631e-03 
1.77835766752707e+00 2.47752113125783e-01 1.21859992901467e-03 
1.78779192571024e+00 2.47362281947517e-01 1.22791863904626e-03 
1.79722618389340e+00 2.46967927322922e-01 1.23722849585957e-03 
1.80666044207657e+00 2.46569028750339e-01 1.24652851294254e-03 
1.81609470025974e+00 2.46165566082798e-01 1.25581769635541e-03 
1.82552895844291e+00 2.45757519535409e-01 1.26509504481611e-03 
1.83496321662607e+00 2.45344869692763e-01 1.27435954978893e-03 
1.84439747480924e+00 2.44927597516364e-01 1.28361019557678e-03 
1.85383173299241e+00 2.44505684352057e-01 1.29284595941687e-03 
1.86326599117557e+00 2.44079111937487e-01 1.30206581157960e-03 
1.87270024935874e+00 2.43647862409558e-01 1.31126871547042e-03 
1.88213450754191e+00 2.43211918311900e-01 1.32045362773705e-03 
1.89156876572508e+00 2.42771262602353e-01 1.32961949837746e-03 
1.90100302390824e+00 2.42325878660448e-01 1.33952714041720e-03 
1.91043728209141e+00 2.41874728340691e-01 1.35066444792344e-03 
1.91987154027458e+00 2.41417113616211e-01 1.36227275140768e-03 
1.92930579845775e+00 2.40952996866658e-01 1.37386141714855e-03 
1.93874005664091e+00 2.40482341201830e-01 1.38542860832917e-03 
1.94817431482408e+00 2.40005110481074e-01 1.39697247205617e-03 
1.95760857300725e+00 2.39521269332754e-01 1.40849113961081e-03 
1.96704283119042e+00 2.39030783173784e-01 1.41998272671105e-03 
1.97647708937358e+00 2.38533618229210e-01 1.43144533378495e-03 
1.98591134755675e+00 2.38029741551845e-01 1.44287704625615e-03 
1.99534560573992e+00 2.37519121041946e-01 1.45427593484046e-03 
2.00477986392309e+00 2.37001725466921e-01 1.46564005585368e-03 
2.01421412210625e+00 2.36477524481060e-01 1.47696745153162e-03 
2.02364838028942e+00 2.35946488645291e-01 1.48825615036187e-03 
2.03308263847259e+00 2.35408589446940e-01 1.49950416742701e-03 
2.04251689665576e+00 2.34863799319497e-01 1.51070950475933e-03 
2.05195115483892e+00 2.34312091662371e-01 1.52187015170874e-03 
2.06138541302209e+00 2.33753440860639e-01 1.53298408532214e-03 
2.07081967120526e+00 2.33187822304759e-01 1.54404927073439e-03 
2.08025392938843e+00 2.32615212410263e-01 1.55506366157195e-03 
2.08968818757159e+00 2.32035588637402e-01 1.56602520036848e-03 
2.09912244575476e+00 2.31448929510739e-01 1.57639643484852e-03 
2.10855670393793e+00 2.30856020095208e-01 1.58540179726951e-03 
2.11799096212110e+00 2.30258029094191e-01 1.59357899795315e-03 
2.12742522030426e+00 2.29654956239282e-01 1.60170146725076e-03 
2.13685947848743e+00 2.29046801921183e-01 1.60976800529454e-03 
2.14629373667060e+00 2.28433567196174e-01 1.61777741123702e-03 
2.15572799485377e+00 2.27815253792499e-01 1.62572848348902e-03 
2.16516225303693e+00 2.27191864116668e-01 1.63362001995945e-03 
2.17459651122010e+00 2.26563401259666e-01 1.64145081829946e-03 
2.18403076940327e+00 2.25929869003075e-01 1.64921967615040e-03 
2.19346502758644e+00 2.25291271825095e-01 1.65692539139443e-03 
2.20289928576960e+00 2.24647614906472e-01 1.66528462005347e-03 
2.21233354395277e+00 2.23997781412124e-01 1.67445872665414e-03 
2.22176780213594e+00 2.23341500856148e-01 1.68372962960588e-03 
2.23120206031911e+00 2.22678771224160e-01 1.69292497916156e-03 
2.24063631850227e+00 2.22009591591333e-01 1.70204296630152e-03 
2.25007057668544e+00 2.21333962135175e-01 1.71108178068554e-03 
2.25950483486861e+00 2.20651884148147e-01 1.72003961112909e-03 
2.26893909305178e+00 2.19963360050078e-01 1.72891464608663e-03 
2.27837335123494e+00 2.19268393400413e-01 1.73770507414283e-03 
2.28780760941811e+00 2.18566988910242e-01 1.74640908451193e-03 
2.29724186760128e+00 2.17859152454133e-01 1.75502486754464e-03 
2.30667612578445e+00 2.17144891081752e-01 1.76355061524169e-03 
2.31611038396761e+00 2.16424213029254e-01 1.77198452177594e-03 
2.32554464215078e+00 2.15697127730443e-01 1.78032478402174e-03 
2.33497890033395e+00 2.14963645827702e-01 1.78856960209020e-03 
2.34441315851712e+00 2.14223779182661e-01 1.79671717987304e-03 
2.35384741670028e+00 2.13477540886622e-01 1.80476572559236e-03 
2.36328167488345e+00 2.12724945270712e-01 1.81271345235698e-03 
2.37271593306662e+00 2.11966007915764e-01 1.82055857872641e-03 
2.38215019124979e+00 2.11200745661921e-01 1.82829932928034e-03 
2.39158444943295e+00 2.10429176617944e-01 1.83593393519452e-03 
2.40101870761612e+00 2.09651320170232e-01 1.84346063482266e-03 
2.41045296579929e+00 2.08867196991523e-01 1.85087767428451e-03 
2.41988722398246e+00 2.08076829049291e-01 1.85818330805963e-03 
2.42932148216562e+00 2.07280239613816e-01 1.86537579958633e-03 
2.43875574034879e+00 2.06477453265921e-01 1.87245342186626e-03 
2.44818999853196e+00 2.05668495904372e-01 1.87941445807367e-03 
2.45762425671513e+00 2.04853394752929e-01 1.88625720216958e-03 
2.46705851489829e+00 2.04032178367041e-01 1.89297995952143e-03 
2.47649277308146e+00 2.03204876640178e-01 1.89958104752601e-03 
2.48592703126463e+00 2.02371520809786e-01 1.90605879623671e-03 
2.49536128944780e+00 2.01532143462869e-01 1.91241895570592e-03 
2.50479554763096e+00 2.00686765331189e-01 1.91954295989299e-03 
2.51422980581413e+00 1.99833840109088e-01 1.92740516077390e-03 
2.52366406399730e+00 1.98973400396603e-01 1.93511808776803e-03 
2.53309832218047e+00 1.98105480790613e-01 1.94267937578129e-03 
2.54253258036363e+00 1.97230117896774e-01 1.95008667812945e-03 
2.55196683854680e+00 1.96347350340771e-01 1.95733766762878e-03 
2.56140109672997e+00 1.95457218778878e-01 1.96443003769430e-03 
2.57083535491314e+00 1.94559765907802e-01 1.97136150344517e-03 
2.58026961309630e+00 1.93655036473796e-01 1.97812980281679e-03 
2.58970387127947e+00 1.92743077281028e-01 1.98473269767901e-03 
2.59913812946264e+00 1.91823937199184e-01 1.99116797495991e-03 
2.60857238764580e+00 1.90897667170288e-01 1.99743344777426e-03 
2.61800664582897e+00 1.89964320214730e-01 2.00352695655653e-03 
2.62744090401214e+00 1.89023951436476e-01 2.00944637019737e-03 
2.63687516219531e+00 1.88076618027453e-01 2.01518958718308e-03 
2.64630942037847e+00 1.87122379271086e-01 2.02075453673710e-03 
2.65574367856164e+00 1.86161296544980e-01 2.02613917996314e-03 
2.66517793674481e+00 1.85193433322718e-01 2.03134151098979e-03 
2.67461219492798e+00 1.84218855174783e-01 2.03635955811451e-03 
2.68404645311114e+00 1.83237629768561e-01 2.04119138494731e-03 
2.69348071129431e+00 1.82249826867440e-01 2.04583509155364e-03 
2.70291496947748e+00 1.81255518328966e-01 2.05028881559452e-03 
2.71234922766065e+00 1.80254778102063e-01 2.05455073346373e-03 
2.72178348584381e+00 1.79247682223290e-01 2.05861906142181e-03 
2.73121774402698e+00 1.78234308812131e-01 2.06249205672593e-03 
2.74065200221015e+00 1.77214738065302e-01 2.06616801875353e-03 
2.75008626039332e+00 1.76189052250065e-01 2.06964529012062e-03 
2.75952051857648e+00 1.75157335696540e-01 2.07292225779292e-03 
2.76895477675965e+00 1.74119674788996e-01 2.07599735418924e-03 
2.77838903494282e+00 1.73076157956131e-01 2.07886905827667e-03 
2.78782329312599e+00 1.72026875660300e-01 2.08153589665566e-03 
2.79725755130915e+00 1.70971920385720e-01 2.08390962518196e-03 
2.80669180949232e+00 1.69911566473518e-01 2.08566432744587e-03 
2.81612606767549e+00 1.68846589310754e-01 2.08689492515050e-03 
2.82556032585866e+00 1.67777082753071e-01 2.08793208012547e-03 
2.83499458404182e+00 1.66703142215585e-01 2.08877491375452e-03 
2.84442884222499e+00 1.65624864655714e-01 2.08942259428470e-03 
2.85386310040816e+00 1.64542348555187e-01 2.08987433754618e-03 
2.86329735859133e+00 1.63455693901236e-01 2.09012940765724e-03 
2.87273161677449e+00 1.62365002166976e-01 2.09018711771398e-03 
2.88216587495766e+00 1.61270376290958e-01 2.09004683046441e-03 
2.89160013314083e+00 1.60171920655915e-01 2.08970795896580e-03 
2.90103439132400e+00 1.59069741066685e-01 2.08916996722488e-03 
2.91046864950716e+00 1.57963944727324e-01 2.08843237082042e-03 
2.91990290769033e+00 1.56854640217413e-01 2.08749473750733e-03 
2.92933716587350e+00 1.55741937467544e-01 2.08635668780167e-03 
2.93877142405667e+00 1.54625947734014e-01 2.08501789554614e-03 
2.94820568223983e+00 1.53506783572716e-01 2.08347808845521e-03 
2.95763994042300e+00 1.52384558812228e-01 2.08173704863967e-03 
2.96707419860617e+00 1.51259388526120e-01 2.07979461310942e-03 
2.97650845678934e+00 1.50131389004471e-01 2.07765067425430e-03 
2.98594271497250e+00 1.49000677724614e-01 2.07530518030244e-03 
2.99537697315567e+00 1.47867373321106e-01 2.07275436719916e-03 
3.00481123133884e+00 1.46731604027733e-01 2.06962642726703e-03 
3.01424548952201e+00 1.45594330063593e-01 2.06593592407402e-03 
3.02367974770517e+00 1.44455663497763e-01 2.06206443683275e-03 
3.03311400588834e+00 1.43315717083515e-01 2.05801240558905e-03 
3.04254826407151e+00 1.42174604228863e-01 2.05378031846630e-03 
3.05198252225468e+00 1.41032438966643e-01 2.04936871177918e-03 
3.06141678043784e+00 1.39889335924126e-01 2.04477817012644e-03 
3.07085103862101e+00 1.38745410292180e-01 2.04000932646187e-03 
3.08028529680418e+00 1.37600777793999e-01 2.03506286214394e-03 
3.08971955498735e+00 1.36455554653391e-01 2.02993950696336e-03 
3.09915381317051e+00 1.35309857562657e-01 2.02464003914848e-03 
3.10858807135368e+00 1.34163803650067e-01 2.01916528534853e-03 
3.11802232953685e+00 1.33017510446939e-01 2.01351612059391e-03 
3.12745658772002e+00 1.31871095854345e-01 2.00769346823404e-03 
3.13689084590318e+00 1.30724678109446e-01 2.00169829985180e-03 
3.14632510408635e+00 1.29578375751488e-01 1.99553163515499e-03 
3.15575936226952e+00 1.28432307587448e-01 1.98919454184491e-03 
3.16519362045269e+00 1.27286592657369e-01 1.98268813546059e-03 
3.17462787863585e+00 1.26141350199381e-01 1.97601357919983e-03 
3.18406213681902e+00 1.24996699614440e-01 1.96917208371682e-03 
3.19349639500219e+00 1.23852760430782e-01 1.96216490689526e-03 
3.20293065318536e+00 1.22709652268126e-01 1.95499335359823e-03 
3.21236491136852e+00 1.21567494801626e-01 1.94765877539365e-03 
3.22179916955169e+00 1.20426407725609e-01 1.94016257025569e-03 
3.23123342773486e+00 1.19286510717091e-01 1.93250618224239e-03 
3.24066768591803e+00 1.18147923399109e-01 1.92469110114890e-03 
3.25010194410119e+00 1.17010765303882e-01 1.91671886213659e-03 
3.25953620228436e+00 1.15875155835805e-01 1.90859104533852e-03 
3.26897046046753e+00 1.14741214234319e-01 1.90030927544028e-03 
3.27840471865070e+00 1.13609059536650e-01 1.89187522123709e-03 
3.28783897683386e+00 1.12478810540454e-01 1.88329059516707e-03 
3.29727323501703e+00 1.11350585766381e-01 1.87455715282058e-03 
3.30670749320020e+00 1.10224503420569e-01 1.86567669242574e-03 
3.31614175138336e+00 1.09100681357107e-01 1.85665105431028e-03 
3.32557600956653e+00 1.07979237040462e-01 1.84748212034006e-03 
3.33501026774970e+00 1.06860287507912e-01 1.83817181333437e-03 
3.34444452593287e+00 1.05743949331989e-01 1.82872209645777e-03 
3.35387878411604e+00 1.04630338582961e-01 1.81913497258921e-03 
3.36331304229920e+00 1.03519570791370e-01 1.80941248366844e-03 
3.37274730048237e+00 1.02411760910649e-01 1.79955671001982e-03 
3.38218155866554e+00 1.01307023279829e-01 1.78956976965405e-03 
3.39161581684870e+00 1.00205471586375e-01 1.77945381754770e-03 
3.40105007503187e+00 9.91072188291527e-02 1.76921104490122e-03 
3.41048433321504e+00 9.80123772815547e-02 1.75884367837570e-03 
3.41991859139821e+00 9.69210584548112e-02 1.74835397930852e-03 
3.42935284958137e+00 9.58333730614984e-02 1.73774424290816e-03 
3.43878710776454e+00 9.47494309792694e-02 1.72701679742897e-03 
3.44822136594771e+00 9.36693412148278e-02 1.71617400332573e-03 
3.45765562413088e+00 9.25932118681653e-02 1.70521825238886e-03 
3.46708988231404e+00 9.15211500970827e-02 1.69415196686068e-03 
3.47652414049721e+00 9.04532620820166e-02 1.68297759853268e-03 
3.48595839868038e+00 8.93896529911920e-02 1.67169762782468e-03 
3.49539265686355e+00 8.83304269461206e-02 1.66031456284644e-03 
3.50482691504671e+00 8.72756869874669e-02 1.64883093844190e-03 
3.51426117322988e+00 8.62255350413010e-02 1.63724931521654e-03 
3.52369543141305e+00 8.51800718857597e-02 1.62557227854870e-03 
3.53312968959622e+00 8.41393971181348e-02 1.61380243758537e-03 
3.54256394777938e+00 8.31036091224095e-02 1.60194242422262e-03 
3.55199820596255e+00 8.20728050372624e-02 1.58999489207155e-03 
3.56143246414572e+00 8.10470807245587e-02 1.57796251541034e-03 
3.57086672232889e+00 8.00265307383474e-02 1.56584798812288e-03 
3.58030098051205e+00 7.90112482943852e-02 1.55365402262478e-03 
3.58973523869522e+00 7.80013252402040e-02 1.54138334877712e-03 
3.59916949687839e+00 7.69968520257421e-02 1.52899280966903e-03 
3.60860375506156e+00 7.59980440433349e-02 1.51642241264127e-03 
3.61803801324472e+00 7.50051638755848e-02 1.50372625294029e-03 
3.62747227142789e+00 7.40182883372839e-02 1.49097550861278e-03 
3.63690652961106e+00 7.30374927391302e-02 1.47817286013694e-03 
3.64634078779423e+00 7.20628508664695e-02 1.46532099406768e-03 
3.65577504597739e+00 7.10944349586779e-02 1.45242260199101e-03 
3.66520930416056e+00 7.01323156891977e-02 1.43948037947515e-03 
3.67464356234373e+00 6.91765621462383e-02 1.42649702501873e-03 
3.68407782052690e+00 6.82272418141537e-02 1.41347523899685e-03 
3.69351207871006e+00 6.72844205555081e-02 1.40041772260562e-03 
3.70294633689323e+00 6.63481625938401e-02 1.38732717680598e-03 
3.71238059507640e+00 6.54185304971355e-02 1.37420630126720e-03 
3.72181485325957e+00 6.44955851620201e-02 1.36105779331093e-03 
3.73124911144273e+00 6.35793857986795e-02 1.34788434685637e-03 
3.74068336962590e+00 6.26699899165171e-02 1.33468865136702e-03 
3.75011762780907e+00 6.17674533105581e-02 1.32147339080015e-03 
3.75955188599224e+00 6.08718300486070e-02 1.30824124255935e-03 
3.76898614417540e+00 5.99831724591670e-02 1.29499487645076e-03 
3.77842040235857e+00 5.91015311201278e-02 1.28173695364376e-03 
3.78785466054174e+00 5.82269548482284e-02 1.26847012563675e-03 
3.79728891872491e+00 5.73594906893023e-02 1.25519703322881e-03 
3.80672317690807e+00 5.64991839093077e-02 1.24192030549764e-03 
3.81615743509124e+00 5.56460779861515e-02 1.22864255878464e-03 
3.82559169327441e+00 5.48002146023083e-02 1.21536639568779e-03 
3.83502595145758e+00 5.39616336382404e-02 1.20209440406277e-03 
3.84446020964074e+00 5.31303731666215e-02 1.18882915603317e-03 
3.85389446782391e+00 5.23064694473672e-02 1.17557320701035e-03 
3.86332872600708e+00 5.14899569234746e-02 1.16232909472364e-03 
3.87276298419025e+00 5.06808682176724e-02 1.14909933826138e-03 
3.88219724237341e+00 4.98792341298836e-02 1.13588643712348e-03 
3.89163150055658e+00 4.90850836355010e-02 1.12269287028615e-03 
3.90106575873975e+00 4.82984438844753e-02 1.10952109527945e-03 
3.91050001692292e+00 4.75193402012160e-02 1.09637354727801e-03 
3.91993427510608e+00 4.67477960853042e-02 1.08325263820580e-03 
3.92936853328925e+00 4.59838332130147e-02 1.07016075585532e-03 
3.93880279147242e+00 4.52274714396464e-02 1.05710026302189e-03 
3.94823704965559e+00 4.44787288026585e-02 1.04407349665348e-03 
3.95767130783875e+00 4.37376215256075e-02 1.03108276701677e-03 
3.96710556602192e+00 4.30041640228839e-02 1.01813035687979e-03 
3.97653982420509e+00 4.22783689052417e-02 1.00521852071181e-03 
3.98597408238826e+00 4.15602469861177e-02 9.92349483900845e-04 
3.99540834057142e+00 4.08498072887337e-02 9.79526939196326e-04 
4.00484259875459e+00 4.01470524286162e-02 9.66862265718629e-04 
4.01427685693776e+00 3.94516495041120e-02 9.54349719234411e-04 
4.02371111512092e+00 3.87636174650993e-02 9.41873276245661e-04 
4.03314537330409e+00 3.80829733006414e-02 9.29435362651532e-04 
4.04257963148726e+00 3.74097320442566e-02 9.17038373002176e-04 
4.05201388967043e+00 3.67439067801462e-02 9.04684669572137e-04 
4.06144814785359e+00 3.60855086503742e-02 8.92376581456042e-04 
4.07088240603676e+00 3.54345468629921e-02 8.80116403687321e-04 
4.08031666421993e+00 3.47910287011006e-02 8.67906396380532e-04 
4.08975092240310e+00 3.41549595328410e-02 8.55748783897829e-04 
4.09918518058627e+00 3.35263428223055e-02 8.43645754040124e-04 
4.10861943876943e+00 3.29051801413580e-02 8.31599457263506e-04 
4.11805369695260e+00 3.22914711823537e-02 8.19612005921584e-04 
4.12748795513577e+00 3.16852137717475e-02 8.07685473533994e-04 
4.13692221331894e+00 3.10864038845781e-02 7.95821894081668e-04 
4.14635647150210e+00 3.04950356598160e-02 7.84023261329375e-04 
4.15579072968527e+00 2.99111014165614e-02 7.72291528175836e-04 
4.16522498786844e+00 2.93345916710794e-02 7.60628606031847e-04 
4.17465924605160e+00 2.87654951546562e-02 7.49036364226841e-04 
4.18409350423477e+00 2.82037988322629e-02 7.37516629444223e-04 
4.19352776241794e+00 2.76494879220095e-02 7.26071185185646e-04 
4.20296202060111e+00 2.71025459153742e-02 7.14701771264739e-04 
4.21239627878427e+00 2.65629545981907e-02 7.03410083330457e-04 
4.22183053696744e+00 2.60306940723742e-02 6.92197772420204e-04 
4.23126479515061e+00 2.55057427783721e-02 6.81066444543092e-04 
4.24069905333378e+00 2.49880775183160e-02 6.70017660293465e-04 
4.25013331151694e+00 2.44776734798599e-02 6.59052934494754e-04 
4.25956756970011e+00 2.39745042606833e-02 6.48173735873931e-04 
4.26900182788328e+00 2.34785418936387e-02 6.37381486766561e-04 
4.27843608606645e+00 2.29897568725247e-02 6.26677562852545e-04 
4.28787034424961e+00 2.25081181784626e-02 6.16063292922666e-04 
4.29730460243278e+00 2.20335933068556e-02 6.05539958675821e-04 
4.30673886061595e+00 2.15661482949088e-02 5.95108794547013e-04 
4.31617311879912e+00 2.11057477496887e-02 5.84770987566077e-04 
4.32560737698228e+00 2.06523548766987e-02 5.74527677247002e-04 
4.33504163516545e+00 2.02059315089490e-02 5.64379955507795e-04 
4.34447589334862e+00 1.97664381364976e-02 5.54328866620771e-04 
4.35391015153179e+00 1.93338339364385e-02 5.44375407193040e-04 
4.36334440971495e+00 1.89080768033156e-02 5.34520526177106e-04 
4.37277866789812e+00 1.84891233799358e-02 5.24765124911316e-04 
4.38221292608129e+00 1.80769290885603e-02 5.15110057189955e-04 
4.39164718426446e+00 1.76714481624480e-02 5.05556129362674e-04 
4.40108144244762e+00 1.72726336777279e-02 4.96104100463001e-04 
4.41051570063079e+00 1.68804375855756e-02 4.86754682365644e-04 
4.41994995881396e+00 1.64948107446704e-02 4.77508539972191e-04 
4.42938421699713e+00 1.61157029539072e-02 4.68366291424898e-04 
4.43881847518029e+00 1.57430629853400e-02 4.59328508348132e-04 
4.44825273336346e+00 1.53768386173315e-02 4.50395716117099e-04 
4.45768699154663e+00 1.50169766678849e-02 4.41568394153397e-04 
4.46712124972980e+00 1.46634230281330e-02 4.32846976246945e-04 
4.47655550791296e+00 1.43161226959602e-02 4.24231850903821e-04 
4.48598976609613e+00 1.39750198097334e-02 4.15723361719489e-04 
4.49542402427930e+00 1.36400576821168e-02 4.07321029484188e-04 
4.50485828246247e+00 1.33111816401186e-02 3.98975150271790e-04 
4.51429254064563e+00 1.29885141236953e-02 3.90690732574525e-04 
4.52372679882880e+00 1.26719839181515e-02 3.82523999161061e-04 
4.53316105701197e+00 1.23615195108395e-02 3.74474643632455e-04 
4.54259531519514e+00 1.20570491212001e-02 3.66542325489441e-04 
4.55202957337830e+00 1.17585007305330e-02 3.58726670783310e-04 
4.56146383156147e+00 1.14658021114814e-02 3.51027272777654e-04 
4.57089808974464e+00 1.11788808572156e-02 3.43443692620408e-04 
4.58033234792781e+00 1.08976644103030e-02 3.35975460025567e-04 
4.58976660611097e+00 1.06220800912474e-02 3.28622073964006e-04 
4.59920086429414e+00 1.03520551266882e-02 3.21383003362779e-04 
4.60863512247731e+00 1.00875166772423e-02 3.14257687812304e-04 
4.61806938066048e+00 9.82839186497914e-03 3.07245538280835e-04 
4.62750363884364e+00 9.57460780051462e-03 3.00345937835624e-04 
4.63693789702681e+00 9.32609160971290e-03 2.93558242370169e-04 
4.64637215520998e+00 9.08277045998450e-03 2.86881781336941e-04 
4.65580641339315e+00 8.84457158616963e-03 2.80315858484993e-04 
4.66524067157631e+00 8.61142231599631e-03 2.73859752601872e-04 
4.67467492975948e+00 8.38325009510307e-03 2.67512718259238e-04 
4.68410918794265e+00 8.15998251161665e-03 2.61273986561581e-04 
4.69354344612582e+00 7.94154732027563e-03 2.55142765897470e-04 
4.70297770430898e+00 7.72787246609110e-03 2.49118242692775e-04 
4.71241196249215e+00 7.51888610753618e-03 2.43199582165232e-04 
4.72184622067532e+00 7.31451663925675e-03 2.37385929079845e-04 
4.73128047885849e+00 7.11469271429588e-03 2.31676408504526e-04 
4.74071473704165e+00 6.91934326582520e-03 2.26070126565427e-04 
4.75014899522482e+00 6.72839752837693e-03 2.20566171201419e-04 
4.75958325340799e+00 6.54178505857052e-03 2.15163612917178e-04 
4.76901751159116e+00 6.35943575532865e-03 2.09861505534357e-04 
4.77845176977432e+00 6.18127987957739e-03 2.04658886940294e-04 
4.78788602795749e+00 6.00724807342639e-03 1.99554779833768e-04 
4.79732028614066e+00 5.83727137882469e-03 1.94548192467301e-04 
4.80675454432382e+00 5.67128125568895e-03 1.89638119385483e-04 
4.81618880250699e+00 5.50920959950073e-03 1.84823542158873e-04 
4.82562306069016e+00 5.35098875837039e-03 1.80103430112979e-04 
4.83505731887333e+00 5.19655154956536e-03 1.75476741051861e-04 
4.84449157705649e+00 5.04583127550098e-03 1.70942421975919e-04 
4.85392583523966e+00 4.89876173919285e-03 1.66499409793410e-04 
4.86336009342283e+00 4.75527725916955e-03 1.62146632025273e-04 
4.87279435160600e+00 4.61531268384565e-03 1.57883007502851e-04 
4.88222860978916e+00 4.47880340535480e-03 1.53707447058114e-04 
4.89166286797233e+00 4.34568537284348e-03 1.49618854205977e-04 
4.90109712615550e+00 4.21589510522628e-03 1.45616125818362e-04 
4.91053138433867e+00 4.08936970340391e-03 1.41698152789609e-04 
4.91996564252183e+00 3.96604686194577e-03 1.37863820692920e-04 
4.92939990070500e+00 3.84586488023903e-03 1.34112010427482e-04 
4.93883415888817e+00 3.72876267310676e-03 1.30441598855948e-04 
4.94826841707134e+00 3.61467978089797e-03 1.26851459431975e-04 
4.95770267525450e+00 3.50355637905274e-03 1.23340462817521e-04 
4.96713693343767e+00 3.39533328714611e-03 1.19907477489622e-04 
4.97657119162084e+00 3.28995197741453e-03 1.16551370336380e-04 
4.98600544980401e+00 3.18735458276931e-03 1.13271007241923e-04 
4.99543970798717e+00 3.08748390430159e-03 1.10065452249028e-04 
5.00487396617034e+00 2.99028260101910e-03 1.06944928921682e-04 
5.01430822435351e+00 2.89564796126211e-03 1.03906919475982e-04 
5.02374248253668e+00 2.80352912947942e-03 1.00937041744385e-04 
5.03317674071984e+00 2.71387573024660e-03 9.80343571037583e-05 
5.04261099890301e+00 2.62663787960872e-03 9.51979220110415e-05 
5.05204525708618e+00 2.54176619589537e-03 9.24267886326009e-05 
5.06147951526935e+00 2.45921181001025e-03 8.97200054636338e-05 
5.07091377345251e+00 2.37892637519775e-03 8.70766179372736e-05 
5.08034803163568e+00 2.30086207628973e-03 8.44956690230655e-05 
5.08978228981885e+00 2.22497163843574e-03 8.19761998145039e-05 
5.09921654800202e+00 2.15120833532071e-03 7.95172501053350e-05 
5.10865080618518e+00 2.07952599687421e-03 7.71178589543451e-05 
5.11808506436835e+00 2.00987901647602e-03 7.47770652383738e-05 
5.12751932255152e+00 1.94222235766292e-03 7.24939081933068e-05 
5.13695358073469e+00 1.87651156034226e-03 7.02674279428199e-05 
5.14638783891785e+00 1.81270274651780e-03 6.80966660146698e-05 
5.15582209710102e+00 1.75075262553407e-03 6.59806658443310e-05 
5.16525635528419e+00 1.69061849884560e-03 6.39184732658095e-05 
5.17469061346736e+00 1.63225826431766e-03 6.19091369894709e-05 
5.18412487165052e+00 1.57563042006561e-03 5.99517090667392e-05 
5.19355912983369e+00 1.52069406784011e-03 5.80452453415424e-05 
5.20299338801686e+00 1.46740891596578e-03 5.61888058883984e-05 
5.21242764620003e+00 1.41573528184102e-03 5.43814554370454e-05 
5.22186190438319e+00 1.36563409400731e-03 5.26222637835363e-05 
5.23129616256636e+00 1.31706689379601e-03 5.09103061877449e-05 
5.24073042074953e+00 1.26999583656137e-03 4.92446637572346e-05 
5.25016467893270e+00 1.22438369250838e-03 4.76244238174589e-05 
5.25959893711586e+00 1.18019384712445e-03 4.60486802682767e-05 
5.26903319529903e+00 1.13739030122390e-03 4.45165339267912e-05 
5.27846745348220e+00 1.09593767061461e-03 4.30270928565214e-05 
5.28790171166537e+00 1.05580118539620e-03 4.15794726829339e-05 
5.29733596984853e+00 1.01694668889920e-03 4.01727968953832e-05 
5.30677022803170e+00 9.79340636275016e-04 3.88061971355118e-05 
5.31620448621487e+00 9.42950092746264e-04 3.74788134721852e-05 
5.32563874439804e+00 9.07742731527512e-04 3.61897946630422e-05 
5.33507300258120e+00 8.73686831426218e-04 3.49382984027537e-05 
5.34450726076437e+00 8.40751274133952e-04 3.37234915580995e-05 
5.35394151894754e+00 8.08905541217928e-04 3.25445503899830e-05 
5.36337577713071e+00 7.78119710822951e-04 3.14006607625117e-05 
5.37281003531387e+00 7.48364454093915e-04 3.02910183392858e-05 
5.38224429349704e+00 7.19611031328986e-04 2.92148287670464e-05 
5.39167855168021e+00 6.91831287873642e-04 2.81713078468440e-05 
5.40111280986338e+00 6.64997649765696e-04 2.71596816928976e-05 
5.41054706804654e+00 6.39083119141449e-04 2.61791868793293e-05 
5.41998132622971e+00 6.14061269413062e-04 2.52290705749559e-05 
5.42941558441288e+00 5.89906240227218e-04 2.43085906663398e-05 
5.43884984259605e+00 5.66592732215071e-04 2.34170158693029e-05 
5.44828410077921e+00 5.44096001543459e-04 2.25536258291135e-05 
5.45771835896238e+00 5.22391854277224e-04 2.17177112095690e-05 
5.46715261714555e+00 5.01456640562482e-04 2.09085737711968e-05 
5.47658687532872e+00 4.81267248640515e-04 2.01255264388052e-05 
5.48602113351188e+00 4.61801098701937e-04 1.93678933586223e-05 
5.49545539169505e+00 4.43036136590610e-04 1.86350099452656e-05 
5.50488964987822e+00 4.24950827366720e-04 1.79262229187861e-05 
5.51432390806139e+00 4.07524148738284e-04 1.72408903320411e-05 
5.52375816624455e+00 3.90735584370215e-04 1.65783815886481e-05 
5.53319242442772e+00 3.74565117079967e-04 1.59380774517797e-05 
5.54262668261089e+00 3.58993221928598e-04 1.53193700440592e-05 
5.55206094079406e+00 3.44000859215984e-04 1.47216628388202e-05 
5.56149519897722e+00 3.29569467388711e-04 1.41443706429977e-05 
5.57092945716039e+00 3.15680955869057e-04 1.35869195719163e-05 
5.58036371534356e+00 3.02317697813273e-04 1.30487470162449e-05 
5.58979797352672e+00 2.89462522807223e-04 1.25293016013869e-05 
5.59923223170989e+00 2.77098709507250e-04 1.20280431395774e-05 
5.60866648989306e+00 2.65209978233969e-04 1.15444425749564e-05 
5.61810074807623e+00 2.53780483526488e-04 1.10779819218889e-05 
5.62753500625939e+00 2.42794806664378e-04 1.06281541968017e-05 
5.63696926444256e+00 2.32237948164535e-04 1.01944633438046e-05 
5.64640352262573e+00 2.22095320259838e-04 9.77642415436581e-06 
5.65583778080890e+00 2.12352739366381e-04 9.37356218130590e-06 
5.66527203899206e+00 2.02996418545780e-04 8.98541364737492e-06 
5.67470629717523e+00 1.94012959968922e-04 8.61152534867574e-06 
5.68414055535840e+00 1.85389347387278e-04 8.25145455319273e-06 
5.69357481354157e+00 1.77112938617720e-04 7.90476889468394e-06 
5.70300907172473e+00 1.69171458046570e-04 7.57104626219024e-06 
5.71244332990790e+00 1.61552989158408e-04 7.24987468541266e-06 
5.72187758809107e+00 1.54245967094963e-04 6.94085221620670e-06 
5.73131184627424e+00 1.47239171249195e-04 6.64358680643696e-06 
5.74074610445740e+00 1.40521717899493e-04 6.35769618243249e-06 
5.75018036264057e+00 1.34083052888691e-04 6.08280771627991e-06 
5.75961462082374e+00 1.27912944352412e-04 5.81855829418583e-06 
5.76904887900691e+00 1.22001475501043e-04 5.56459418213643e-06 
5.77848313719007e+00 1.16339037459446e-04 5.32057088907803e-06 
5.78791739537324e+00 1.10916322168326e-04 5.08615302783670e-06 
5.79735165355641e+00 1.05724315350939e-04 4.86101417399074e-06 
5.80678591173958e+00 1.00754289548688e-04 4.64483672290475e-06 
5.81622016992274e+00 9.59977972289062e-05 4.43731174512943e-06 
5.82565442810591e+00 9.14466639679782e-05 4.23813884036515e-06 
5.83508868628908e+00 8.70929817127380e-05 4.04702599018284e-06 
5.84452294447225e+00 8.29291021229100e-05 3.86368940969017e-06 
5.85395720265541e+00 7.89476299971750e-05 3.68785339832534e-06 
5.86339146083858e+00 7.51414167852650e-05 3.51925018995553e-06 
5.87282571902175e+00 7.15035541883161e-05 3.35761980245184e-06 
5.88225997720492e+00 6.80273678495362e-05 3.20270988690623e-06 
5.89169423538808e+00 6.47064111370795e-05 3.05427557665106e-06 
5.90112849357125e+00 6.15344590208509e-05 2.91207933623586e-06 
5.91056275175442e+00 5.85055020448087e-05 2.77589081051056e-06 
5.91999700993759e+00 5.56137403961711e-05 2.64548667395832e-06 
5.92943126812075e+00 5.28535780727859e-05 2.52065048041622e-06 
5.93886552630392e+00 5.02196171497682e-05 2.40117251331585e-06 
5.94829978448709e+00 4.77066521463717e-05 2.28684963657037e-06 
5.95773404267026e+00 4.53096644939144e-05 2.17748514622929e-06 
5.96716830085342e+00 4.30238171054467e-05 2.07288862301658e-06 
5.97660255903659e+00 4.08444490477165e-05 1.97287578586219e-06 
5.98603681721976e+00 3.87670703158579e-05 1.87726834653163e-06 
5.99547107540293e+00 3.67873567111085e-05 1.78589516540901e-06 
6.00490533358609e+00 3.49011375129397e-05 1.69864979472346e-06 
6.01433959176926e+00 3.31040650808021e-05 1.61535949002277e-06 
6.02377384995243e+00 3.13923356695932e-05 1.53579013046935e-06 
6.03320810813560e+00 2.97622869803568e-05 1.45979450575223e-06 
6.04264236631876e+00 2.82103938951238e-05 1.38723029449272e-06 
6.05207662450193e+00 2.67332642957612e-05 1.31795994499176e-06 
6.06151088268510e+00 2.53276349671334e-05 1.25185055698276e-06 
6.07094514086827e+00 2.39903675847758e-05 1.18877376447283e-06 
6.08037939905143e+00 2.27184447871772e-05 1.12860561975004e-06 
6.08981365723460e+00 2.15089663326721e-05 1.07122647862992e-06 
6.09924791541777e+00 2.03591453408461e-05 1.01652088701011e-06 
6.10868217360094e+00 1.92663046182708e-05 9.64377468797126e-07 
6.11811643178410e+00 1.82278730682966e-05 9.14688815265103e-07 
6.12755068996727e+00 1.72413821845493e-05 8.67351375902068e-07 
6.13698494815044e+00 1.63044626276985e-05 8.22265350794952e-07 
6.14641920633361e+00 1.54148408849909e-05 7.79334584600545e-07 
6.15585346451677e+00 1.45703360119700e-05 7.38466462145564e-07 
6.16528772269994e+00 1.37688564557372e-05 6.99571805695064e-07 
6.17472198088311e+00 1.30083969590462e-05 6.62564773924635e-07 
6.18415623906627e+00 1.22870355444601e-05 6.27362762628132e-07 
6.19359049724944e+00 1.16029305777482e-05 5.93886307189129e-07 
6.20302475543261e+00 1.09543179096433e-05 5.62058986840753e-07 
6.21245901361578e+00 1.03395080950324e-05 5.31807330735228e-07 
6.22189327179895e+00 9.75688368860820e-06 5.03060725841218e-07 
6.23132752998211e+00 9.20489661596388e-06 4.75751326683866e-07 
6.24076178816528e+00 8.68206561907763e-06 4.49813966939487e-07 
6.25019604634845e+00 8.18697377509347e-06 4.25186072893889e-07 
6.25963030453162e+00 7.71826608727422e-06 4.01807578770546e-07 
6.26906456271478e+00 7.27464714697110e-06 3.79620843932170e-07 
6.27849882089795e+00 6.85487886542736e-06 3.58570571956640e-07 
6.28793307908112e+00 6.45777827420875e-06 3.38603731585818e-07 
6.29736733726429e+00 6.08221539303208e-06 3.19669479543423e-07 
6.30680159544745e+00 5.72711116374367e-06 3.01719085215947e-07 
6.31623585363062e+00 5.39143544918327e-06 2.84705857188444e-07 
6.32567011181379e+00 5.07420509565458e-06 2.68585071625025e-07 
6.33510436999696e+00 4.77448205771212e-06 2.53313902482022e-07 
6.34453862818012e+00 4.49137158396461e-06 2.38851353539952e-07 
6.35397288636329e+00 4.22402046258771e-06 2.25158192238746e-07 
6.36340714454646e+00 3.97161532523414e-06 2.12196885299143e-07 
6.37284140272962e+00 3.73338100802586e-06 1.99931536111620e-07 
6.38227566091279e+00 3.50857896831194e-06 1.88327823872891e-07 
6.39170991909596e+00 3.29650575587644e-06 1.77352944448672e-07 
6.40114417727913e+00 3.09649153728312e-06 1.66975552940265e-07 
6.41057843546229e+00 2.90789867204771e-06 1.57165707931371e-07 
6.42001269364546e+00 2.73012033933454e-06 1.47894817390545e-07 
6.42944695182863e+00 2.56257921388110e-06 1.39135586203778e-07 
6.43888121001180e+00 2.40472618986300e-06 1.30861965310843e-07 
6.44831546819496e+00 2.25603915142173e-06 1.23049102418293e-07 
6.45774972637813e+00 2.11602178858864e-06 1.15673294261290e-07 
6.46718398456130e+00 1.98420245735109e-06 1.08711940385876e-07 
6.47661824274447e+00 1.86013308262018e-06 1.02143498422733e-07 
6.48605250092763e+00 1.74338810287382e-06 9.59474408230272e-08 
6.49548675911080e+00 1.63356345526454e-06 9.01042130265475e-08 
6.50492101729397e+00 1.53027559999747e-06 8.45951930320109e-08 
6.51435527547714e+00 1.43316058280139e-06 7.94026523391449e-08 
6.52378953366030e+00 1.34187313433320e-06 7.45097182319520e-08 
6.53322379184347e+00 1.25608580537506e-06 6.99003373724185e-08 
6.54265805002664e+00 1.17548813670218e-06 6.55592406738304e-08 
6.55209230820981e+00 1.09978586251935e-06 6.14719094228226e-08 
6.56152656639297e+00 1.02870014638397e-06 5.76245426192967e-08 
6.57096082457614e+00 9.61966848554457e-07 5.40040255033967e-08 
6.58039508275931e+00 8.99335823723245e-07 5.05978992388326e-08 
6.58982934094248e+00 8.40570248115525e-07 4.73943317219881e-08 
6.59926359912564e+00 7.85445974955858e-07 4.43820894864239e-08 
6.60869785730881e+00 7.33750917326888e-07 4.15505106726109e-08 
6.61813211549198e+00 6.85284457466202e-07 3.88894790329816e-08 
6.62756637367515e+00 6.39856881569453e-07 3.63893989426713e-08 
6.63700063185831e+00 5.97288839190021e-07 3.40411713866396e-08 
6.64643489004148e+00 5.57410826347695e-07 3.18361708942027e-08 
6.65586914822465e+00 5.20062691481024e-07 2.97662233923839e-08 
6.66530340640782e+00 4.85093163400217e-07 2.78235849498740e-08 
6.67473766459098e+00 4.52359400419508e-07 2.60009213838178e-08 
6.68417192277415e+00 4.21726559869994e-07 2.42912887020729e-08 
6.69360618095732e+00 3.93067387215780e-07 2.26881143540414e-08 
6.70304043914049e+00 3.66261824018039e-07 2.11851792636465e-08 
6.71247469732365e+00 3.41196634013132e-07 1.97766006185074e-08 
6.72190895550682e+00 3.17765046592276e-07 1.84568153898650e-08 
6.73134321368999e+00 2.95866416991394e-07 1.72205645583171e-08 
6.74077747187316e+00 2.75405902520611e-07 1.60628780209404e-08 
6.75021173005632e+00 2.56294154183490e-07 1.49790601559026e-08 
6.75964598823949e+00 2.38447023056402e-07 1.39646760211990e-08 
6.76908024642266e+00 2.21785280818432e-07 1.30155381646881e-08 
6.77851450460583e+00 2.06234353841904e-07 1.21276940231402e-08 
6.78794876278899e+00 1.91724070272976e-07 1.12974138885610e-08 
6.79738302097216e+00 1.78188419550749e-07 1.05211794205961e-08 
6.80681727915533e+00 1.65565323832003e-07 9.79567268437179e-09 
6.81625153733850e+00 1.53796420806943e-07 9.11776569367337e-09 
6.82568579552166e+00 1.42826857409276e-07 8.48451043990988e-09 
6.83512005370483e+00 1.32605093941438e-07 7.89312938785529e-09 
6.84455431188800e+00 1.23082718152971e-07 7.34100641969916e-09 
6.85398857007117e+00 1.14214268826783e-07 6.82567820947521e-09 
6.86342282825433e+00 1.05957068444384e-07 6.34482601046902e-09 
6.87285708643750e+00 9.82710645171619e-08 5.89626783873283e-09 
6.88229134462067e+00 9.11186791862957e-08 5.47795103635666e-09 
6.89172560280384e+00 8.44646667091002e-08 5.08794519865930e-09 
6.90115986098700e+00 7.82759784643072e-08 4.72443544997068e-09 
6.91059411917017e+00 7.25216351231736e-08 4.38571605317720e-09 
6.92002837735334e+00 6.71726056472439e-08 4.07018433869319e-09 
6.92946263553651e+00 6.22016927871549e-08 3.77633493900649e-09 
6.93889689371967e+00 5.75834247700250e-08 3.50275431542039e-09 
6.94833115190284e+00 5.32939528757393e-08 3.24811556408104e-09 
6.95776541008601e+00 4.93109546148157e-08 3.01117348883570e-09 
6.96719966826918e+00 4.56135422325279e-08 2.79075992891479e-09 
6.97663392645234e+00 4.21821762755746e-08 2.58577932986857e-09 
6.98606818463551e+00 3.89985839688149e-08 2.39520454661616e-09 
6.99550244281868e+00 3.60456821604598e-08 2.21807971785541e-09 
7.00493670100184e+00 3.33074479514906e-08 2.05376579130069e-09 
7.01437095918501e+00 3.07667777714927e-08 1.90134308058438e-09 
7.02380521736818e+00 2.84102489396349e-08 1.75961884685043e-09 
7.03323947555135e+00 2.62252872125728e-08 1.62789016062586e-09 
7.04267373373451e+00 2.42001177926984e-08 1.50549668319058e-09 
7.05210799191768e+00 2.23237188426836e-08 1.39181834293299e-09 
7.06154225010085e+00 2.05857773994740e-08 1.28627312098502e-09 
7.07097650828402e+00 1.89766475840925e-08 1.18831494213440e-09 
7.08041076646718e+00 1.74873110067891e-08 1.09743166708687e-09 
7.08984502465035e+00 1.61093392702531e-08 1.01314318222861e-09 
7.09927928283352e+00 1.48348584767449e-08 9.34999583120296e-10 
7.10871354101669e+00 1.36565156481301e-08 8.62579448037949e-10 
7.11814779919986e+00 1.25674469708868e-08 7.95488197961781e-10 
7.12758205738302e+00 1.15612477812042e-08 7.33356539502114e-10 
7.13701631556619e+00 1.06319442083054e-08 6.75838987341177e-10 
7.14645057374936e+00 9.77396639708240e-09 6.22612462860307e-10 
7.15588483193253e+00 8.98212323405227e-09 5.73374965713873e-10 
7.16531909011569e+00 8.25157850349677e-09 5.27844315203753e-10 
7.17475334829886e+00 7.57782840345686e-09 4.85756958400933e-10 
7.18418760648203e+00 6.95668035399709e-09 4.46866842053824e-10 
7.19362186466519e+00 6.38423303284142e-09 4.10944345415634e-10 
7.20305612284836e+00 5.85685757610499e-09 3.77775271215707e-10 
7.21249038103153e+00 5.37117988440526e-09 3.47159892091649e-10 
7.22192463921470e+00 4.92406397713007e-09 3.18912049890257e-10 
7.23135889739786e+00 4.51259634006698e-09 2.92858305335610e-10 
7.24079315558103e+00 4.13407121395879e-09 2.68837135651846e-10 
7.25022741376420e+00 3.78597677384176e-09 2.46698177816178e-10 
7.25966167194737e+00 3.46598215124766e-09 2.26301515204370e-10 
7.26909593013053e+00 3.17192525350576e-09 2.07517005476050e-10 
7.27853018831370e+00 2.90180133646869e-09 1.90223647630824e-10 
7.28796444649687e+00 2.65375228900472e-09 1.74308986248150e-10 
7.29739870468004e+00 2.42605658955071e-09 1.59668551004018e-10 
7.30683296286320e+00 2.21711989690401e-09 1.46205329635919e-10 
7.31626722104637e+00 2.02546623924887e-09 1.33829272603985e-10 
7.32570147922954e+00 1.84972976716503e-09 1.22456827770762e-10 
7.33513573741271e+00 1.68864703805249e-09 1.12010503494573e-10 
7.34456999559587e+00 1.54104980102974e-09 1.02418458602008e-10 
7.35400425377904e+00 1.40585825292259e-09 9.36141177735539e-11 
7.36343851196221e+00 1.28207473745923e-09 8.55358109428044e-11 
7.37287277014538e+00 1.16877786122524e-09 7.81264353740946e-11 
7.38230702832854e+00 1.06511700131126e-09 7.13331391456857e-11 
7.39174128651171e+00 9.70307180907361e-10 6.51070248258814e-11 
7.40117554469488e+00 8.83624290363186e-10 5.94028721876274e-11 
7.41060980287805e+00 8.04400632443084e-10 5.41788788632889e-11 
7.42004406106121e+00 7.32020771662507e-10 4.93964178954112e-11 
7.42947831924438e+00 6.65917668696857e-10 4.50198111913753e-11 
7.43891257742755e+00 6.05569081908864e-10 4.10161179399914e-11 
7.44834683561072e+00 5.50494219046601e-10 3.73549370962550e-11 
7.45778109379388e+00 5.00250623123127e-10 3.40082230867681e-11 
7.46721535197705e+00 4.54431277401995e-10 3.09501139327141e-11 
7.47664961016022e+00 4.12661915282028e-10 2.81567710298371e-11 
7.48608386834339e+00 3.74598521701385e-10 2.56062298656323e-11 
7.49551812652655e+00 3.39925013466603e-10 2.32782609929573e-11 
7.50495238470972e+00 3.08351086658399e-10 2.11542406165716e-11 
7.51438664289289e+00 2.79610219974197e-10 1.92170301847356e-11 
7.52382090107606e+00 2.53457823539007e-10 1.74508644120160e-11 
7.53325515925922e+00 2.29669523352822e-10 1.58412471918810e-11 
7.54268941744239e+00 2.08039572145732e-10 1.43748548885895e-11 
7.55212367562556e+00 1.88379377982629e-10 1.30394465273210e-11 
7.56155793380873e+00 1.70516142499284e-10 1.18237804295104e-11 
7.57099219199189e+00 1.54291601161923e-10 1.07175368669976e-11 
7.58042645017506e+00 1.39560858424538e-10 9.71124633391085e-12 
7.58986070835823e+00 1.26191311113371e-10 8.79622305924220e-12 
7.59929496654140e+00 1.14061653797458e-10 7.96450340587199e-12 
7.60872922472456e+00 1.03060960309036e-10 7.20878882342058e-12 
7.61816348290773e+00 9.30878359592255e-11 6.52239304278516e-12 
7.62759774109090e+00 8.40496353537180e-11 5.89919321960920e-12 
7.63703199927407e+00 7.58617410513859e-11 5.33358475227583e-12 
7.64646625745723e+00 6.84468986268335e-11 4.82043951735733e-12 
7.65590051564040e+00 6.17346039968943e-11 4.35506728183615e-12 
7.66533477382357e+00 5.56605391519696e-11 3.93318006687990e-12 
7.67476903200674e+00 5.01660526968136e-11 3.55085925254449e-12 
7.68420329018990e+00 4.51976818528033e-11 3.20452522653769e-12 
7.69363754837307e+00 4.07067128057594e-11 2.89090939313683e-12 
7.70307180655624e+00 3.66487765008364e-11 2.60702837055932e-12 
7.71250606473941e+00 3.29834771896635e-11 2.35016021656822e-12 
7.72194032292257e+00 2.96740512255707e-11 2.11782253289323e-12 
7.73137458110574e+00 2.66870537810849e-11 1.90775230919519e-12 
7.74080883928891e+00 2.39920713286431e-11 1.71788737683127e-12 
7.75024309747208e+00 2.15614578812953e-11 1.54634935162198e-12 
7.75967735565524e+00 1.93700931356952e-11 1.39142795320923e-12 
7.76911161383841e+00 1.73951607955094e-11 1.25156659645743e-12 
7.77854587202158e+00 1.56159454800811e-11 1.12534915771470e-12 
7.78798013020474e+00 1.40136467413167e-11 1.01148782564659e-12 
7.79741438838791e+00 1.25712088218340e-11 9.08811952805352e-13 
7.80684864657108e+00 1.12731648899183e-11 8.16257830129791e-13 
7.81628290475425e+00 1.01054945822355e-11 7.32859312206530e-13 
7.82571716293741e+00 9.05549377400222e-12 6.57739226387512e-13 
7.83515142112058e+00 8.11165557882158e-12 5.90101503770767e-13 
7.84458567930375e+00 7.26356165705759e-12 5.29223974633722e-13 
7.85401993748692e+00 6.50178298282379e-12 4.74451775179804e-13 
7.86345419567008e+00 5.81778928574271e-12 4.25191316438537e-13 
7.87288845385325e+00 5.20386644493785e-12 3.80904769864589e-13 
7.88232271203642e+00 4.65304116955757e-12 3.41105027629189e-13 
7.89175697021959e+00 4.15901235279929e-12 3.05351098803851e-13 
7.90119122840275e+00 3.71608853518189e-12 2.73243905616793e-13 
7.91062548658592e+00 3.31913095796710e-12 2.44422446730957e-13 
7.92005974476909e+00 2.96350172940389e-12 2.18560297062878e-13 
7.92949400295226e+00 2.64501666509628e-12 1.95362416046500e-13 
7.93892826113542e+00 2.35990239949171e-12 1.74562238457650e-13 
7.94836251931859e+00 2.10475739846008e-12 1.55919023964530e-13 
7.95779677750176e+00 1.87651653337280e-12 1.39215443468182e-13 
7.96723103568493e+00 1.67241890517850e-12 1.24255382054522e-13 
7.97666529386809e+00 1.48997863287354e-12 1.10861940005723e-13 
7.98609955205126e+00 1.32695834464051e-12 9.88756148225691e-14 
7.99553381023443e+00 1.18134513192200e-12 8.81525579423377e-14 
8.00496806841760e+00 1.05133036159537e-12 7.85603637936034e-14 
8.01440232660076e+00 9.35338722062942e-13 6.99836433741732e-14 
8.02383658478393e+00 8.31889998005982e-13 6.23239313156829e-14 
8.03327084296710e+00 7.39656636107299e-13 5.54853528786518e-14 
8.04270510115027e+00 6.57448390202364e-13 4.93818181730068e-14 
8.05213935933343e+00 5.84198469235951e-13 4.39360493409420e-14 
8.06157361751660e+00 5.18951045285081e-13 3.90787017278607e-14 
8.07100787569977e+00 4.60849992023522e-13 3.47475702432725e-14 
8.08044213388294e+00 4.09128735956676e-13 3.08868729085520e-14 
8.08987639206610e+00 3.63101113647022e-13 2.74466043144739e-14 
8.09931065024927e+00 3.22153138069850e-13 2.43819523741442e-14 
8.10874490843244e+00 2.85735586269882e-13 2.16527723616147e-14 
8.11817916661561e+00 2.53357328708092e-13 1.92231127779652e-14 
8.12761342479877e+00 2.24579328164540e-13 1.70607880894327e-14 
8.13704768298194e+00 1.99009242861858e-13 1.51369938403750e-14 
8.14648194116511e+00 1.76296574654038e-13 1.34259600612610e-14 
8.15591619934828e+00 1.56128308740613e-13 1.19046392719660e-14 
8.16535045753144e+00 1.38224996466725e-13 1.05524257266096e-14 
8.17478471571461e+00 1.22337237400378e-13 9.35090286094717e-15 
8.18421897389778e+00 1.08242521081008e-13 8.28361618960729e-15 
8.19365323208095e+00 9.57423926464241e-14 7.33586916073497e-15 
8.20308749026411e+00 8.46599100029812e-14 6.49453971211732e-15 
8.21252174844728e+00 7.48373633384940e-14 5.74791548772173e-15 
8.22195600663045e+00 6.61342306178634e-14 5.08554586866982e-15 
8.23139026481362e+00 5.84253452743960e-14 4.49810914975030e-15 
8.24082452299678e+00 5.15992546395632e-14 3.97729335324041e-15 
8.25025878117995e+00 4.55567497626796e-14 3.51568931752201e-15 
8.25969303936312e+00 4.02095491799204e-14 3.10669483008252e-15 
8.26912729754629e+00 3.54791209176792e-14 2.74442869420843e-15 
8.27856155572945e+00 3.12956285753490e-14 2.42365372712656e-15 
8.28799581391262e+00 2.75969887424955e-14 2.13970778554926e-15 
8.29743007209579e+00 2.43280282790771e-14 1.88844200346689e-15 
8.30686433027896e+00 2.14397311375494e-14 1.66616550745537e-15 
8.31629858846212e+00 1.88885654439679e-14 1.46959594750582e-15 
8.32573284664529e+00 1.66358824920876e-14 1.29581524714624e-15 
8.33516710482846e+00 1.46473801495394e-14 1.14223003605634e-15 
8.34460136301163e+00 1.28926239371444e-14 1.00653628206603e-15 
8.35403562119479e+00 1.13446197292149e-14 8.86687687910302e-16 
8.36346987937796e+00 9.97943264147479e-15 7.80867461876773e-16 
8.37290413756113e+00 8.77584723053131e-15 6.87463110970838e-16 
8.38233839574429e+00 7.71506463056415e-15 6.05043940840400e-16 
8.39177265392746e+00 6.78043270443520e-15 5.32340978815284e-16 
8.40120691211063e+00 5.95720569263308e-15 4.68229065358487e-16 
8.41064117029380e+00 5.23233020876007e-15 4.11710885300759e-16 
8.42007542847696e+00 4.59425475864456e-15 3.61902733711602e-16 
8.42950968666013e+00 4.03276025523879e-15 3.18021832398073e-16 
8.43894394484330e+00 3.53880926651596e-15 2.79375032044478e-16 
8.44837820302647e+00 3.10441197157843e-15 2.45348752116330e-16 
8.45781246120963e+00 2.72250701381047e-15 2.15400026036980e-16 
8.46724671939280e+00 2.38685563157994e-15 1.89048532973724e-16 
8.47668097757597e+00 2.09194761890446e-15 1.65869509994691e-16 
8.48611523575914e+00 1.83291782262779e-15 1.45487449516616e-16 
8.49554949394230e+00 1.60547202078957e-15 1.27570496981793e-16 
8.50498375212547e+00 1.40582115062838e-15 1.11825472693256e-16 
8.51441801030864e+00 1.23062296549059e-15 9.79934498027716e-17 
8.52385226849181e+00 1.07693029913831e-15 8.58458276790592e-17 
8.53328652667497e+00 9.42145204741904e-16 7.51808463671889e-17 
8.54272078485814e+00 8.23978315272952e-16 6.58204936598282e-17 
8.55215504304131e+00 7.20412843042628e-16 5.76077615049008e-17 
8.56158930122448e+00 6.29672699623336e-16 5.04042131337149e-17 
8.57102355940764e+00 5.50194274126395e-16 4.40878264640594e-17 
8.58045781759081e+00 4.80601458486358e-16 3.85510830640797e-17 
8.58989207577398e+00 4.19683553652891e-16 3.36992752998899e-17 
8.59932633395715e+00 3.66375730980391e-16 2.94490072733690e-17 
8.60876059214032e+00 3.19741759142614e-16 2.57268678228886e-17 
8.61819485032348e+00 2.78958739041497e-16 2.24682562416554e-17 
8.62762910850665e+00 2.43303617836658e-16 1.96163434954406e-17 
8.63706336668982e+00 2.12141278762998e-16 1.71211536202637e-17 
8.64649762487299e+00 1.84914026158986e-16 1.49387516749614e-17 
8.65593188305615e+00 1.61132305393945e-16 1.30305261349440e-17 
8.66536614123932e+00 1.40366515424661e-16 1.13625549610801e-17 
8.67480039942249e+00 1.22239787768080e-16 9.90504577883623e-18 
8.68423465760566e+00 1.06421619960943e-16 8.63184167305473e-18 
8.69366891578882e+00 9.26222642799486e-17 7.51998505698128e-18 
8.70310317397199e+00 8.05877837884056e-17 6.54933292284601e-18 
8.71253743215516e+00 7.00956978101284e-17 5.70221753662861e-18 
8.72197169033833e+00 6.09511478455156e-17 4.96314731162551e-18 
8.73140594852149e+00 5.29835228604144e-17 4.31854319305546e-18 
8.74084020670466e+00 4.60434899049071e-17 3.75650641722131e-18 
8.75027446488783e+00 4.00003822541184e-17 3.26661398087840e-18 
8.75970872307099e+00 3.47399027936980e-17 2.83973857587339e-18 
8.76914298125416e+00 3.01621052765857e-17 2.46789011655859e-18 
8.77857723943733e+00 2.61796204244305e-17 2.14407631809513e-18 
8.78801149762050e+00 2.27160976985157e-17 1.86218007712281e-18 
8.79744575580366e+00 1.97048369764391e-17 1.61685166649495e-18 
8.80688001398683e+00 1.70875873913080e-17 1.40341398651129e-18 
8.81631427217000e+00 1.48134932636406e-17 1.21777931959805e-18 
8.82574853035317e+00 1.28381694215636e-17 1.05637621659214e-18 
8.83518278853633e+00 1.11228902969774e-17 9.16085303284935e-19 
8.84461704671950e+00 9.63387903505714e-18 7.94182937983658e-19 
8.85405130490267e+00 8.34168448925095e-18 6.88291776617592e-19 
8.86348556308584e+00 7.22063541827562e-18 5.96337413188782e-19 
8.87291982126900e+00 6.24836247723344e-18 5.16510361777088e-19 
8.88235407945217e+00 5.40537972117123e-18 4.47232733312618e-19 
8.89178833763534e+00 4.67471833333220e-18 3.87129037218514e-19 
8.90122259581851e+00 4.04160616722713e-18 3.35000605954664e-19 
8.91065685400167e+00 3.49318746498333e-18 2.89803200480796e-19 
8.92009111218484e+00 3.01827779620135e-18 2.50627407614340e-19 
8.92952537036801e+00 2.60714986238486e-18 2.16681486991426e-19 
8.93895962855118e+00 2.25134634132893e-18 1.87276366564913e-19 
8.94839388673434e+00 1.94351641200149e-18 1.61812521927222e-19 
8.95782814491751e+00 1.67727301082480e-18 1.39768506792005e-19 
8.96726240310068e+00 1.44706823140377e-18 1.20690930207570e-19 
8.97669666128385e+00 1.24808459744965e-18 1.04185700949672e-19 
8.98613091946701e+00 1.07614021803577e-18 8.99103814447881e-20 
8.99556517765018e+00 9.27606079930877e-19 7.75675128551608e-20 
9.00499943583335e+00 7.99333947591646e-19 6.68987899217457e-20 
9.01443369401652e+00 6.88593531002156e-19 5.76799790834922e-20 
9.02386795219968e+00 5.93017748052282e-19 4.97164865122194e-20 
9.03330221038285e+00 5.10555054312759e-19 4.28394942350899e-20 
9.04273646856602e+00 4.39427941330986e-19 3.69025926498973e-20 
9.05217072674919e+00 3.78096817090594e-19 3.17788466386956e-20 
9.06160498493235e+00 3.25228580948231e-19 2.73582402999218e-20 
9.07103924311552e+00 2.79669291856568e-19 2.35454521780684e-20 
9.08047350129869e+00 2.40420404479121e-19 2.02579188878756e-20 
9.08990775948186e+00 2.06618114199894e-19 1.74241503081653e-20 
9.09934201766502e+00 1.77515410174430e-19 1.49822641481111e-20 
9.10877627584819e+00 1.52466486466672e-19 1.28787117446484e-20 
9.11821053403136e+00 1.30913205855479e-19 1.10671705032478e-20 
9.12764479221453e+00 1.12373349856384e-19 9.50758150653296e-21 
9.13707905039769e+00 9.64304225748330e-20 8.16531354003365e-21 
9.14651330858086e+00 8.27248057902873e-20 7.01043716912124e-21 
9.15594756676403e+00 7.09460886966536e-20 6.01709458757084e-21 
9.16538182494719e+00 6.08264184596278e-20 5.16295278291229e-21 
9.17481608313036e+00 5.21347376048209e-20 4.42872915902799e-21 
9.18425034131353e+00 4.46717915813241e-20 3.79778015067949e-21 
9.19368459949670e+00 3.82658049688707e-20 3.25574458271044e-21 
9.20311885767986e+00 3.27687379895265e-20 2.79023459046186e-21 
9.21255311586303e+00 2.80530464893764e-20 2.39056784666034e-21 
9.22198737404620e+00 2.40088785845433e-20 2.04753565056274e-21 
9.23142163222937e+00 2.05416499053291e-20 1.75320214225787e-21 
9.24085589041253e+00 1.75699469854600e-20 1.50073052171167e-21 
9.25029014859570e+00 1.50237149731980e-20 1.28423268977424e-21 
9.25972440677887e+00 1.28426916124927e-20 1.09863919691387e-21 
9.26915866496204e+00 1.09750544647854e-20 9.39586793639799e-22 
9.27859292314520e+00 9.37625271124962e-21 8.03321232070370e-22 
9.28802718132837e+00 8.00799867480485e-21 6.86613277592728e-22 
9.29746143951154e+00 6.83739750431310e-21 5.86686158903716e-22 
9.30689569769471e+00 5.83619633384846e-21 5.01152919045173e-22 
9.31632995587787e+00 4.98013672361293e-21 4.27962333832606e-22 
9.32576421406104e+00 4.24839635468298e-21 3.65352241242376e-22 
9.33519847224421e+00 3.62310782982626e-21 3.11809279292706e-22 
9.34463273042738e+00 3.08894406422192e-21 2.66034163718633e-22 
9.35406698861054e+00 2.63276116540544e-21 2.26911752911633e-22 
9.36350124679371e+00 2.24329092934321e-21 1.93485248450323e-22 
9.37293550497688e+00 1.91087614380538e-21 1.64933967078119e-22 
9.38236976316005e+00 1.62724281256219e-21 1.40554195921459e-22 
9.39180402134321e+00 1.38530421302961e-21 1.19742708600705e-22 
9.40123827952638e+00 1.17899239206961e-21 1.01982576983093e-22 
9.41067253770955e+00 1.00311330383967e-21 8.68309628117244e-23 
9.42010679589272e+00 8.53222312176380e-22 7.39086163166699e-23 
9.42954105407588e+00 7.25517228679174e-22 6.79264304294450e-23 
