Energy(eV)           EEDF(eV^-(3/2))      Anisotropy(eV^-(3/2))
4.86027869705792e-01 2.32355590451725e-02 6.62015445489196e-03 
1.45808360911738e+00 2.27466451788612e-02 1.38904907063106e-02 
2.43013934852896e+00 2.22132016860202e-02 1.28060493780497e-02 
3.40219508794054e+00 2.15782240605514e-02 1.19770519923438e-02 
4.37425082735213e+00 2.08580640693105e-02 1.12178976987206e-02 
5.34630656676371e+00 2.00610061222067e-02 1.05333995682807e-02 
6.31836230617529e+00 1.91874321810165e-02 9.92570484755396e-03 
7.29041804558688e+00 1.82339218862527e-02 9.38170823023956e-03 
8.26247378499846e+00 1.71647014877284e-02 8.90514969710364e-03 
9.23452952441004e+00 1.60084780645493e-02 8.47790424653283e-03 
1.02065852638216e+01 1.47802651366032e-02 8.10074628735396e-03 
1.11786410032332e+01 1.35676720389244e-02 7.75698118553761e-03 
1.21506967426448e+01 1.23996509447514e-02 7.43766243012714e-03 
1.31227524820564e+01 1.12916068337082e-02 7.12810751176747e-03 
1.40948082214680e+01 1.02515381184444e-02 6.82082482483653e-03 
1.50668639608795e+01 9.27617589126248e-03 6.51349442101570e-03 
1.60389197002911e+01 8.36641381897980e-03 6.20101921230050e-03 
1.70109754397027e+01 7.51800323270646e-03 5.85947018676645e-03 
1.79830311791143e+01 6.74019312377856e-03 5.49327048615652e-03 
1.89550869185259e+01 6.03293373486339e-03 5.11083747584967e-03 
1.99271426579375e+01 5.39879261937852e-03 4.71864863493633e-03 
2.08991983973490e+01 4.82545718249873e-03 4.32909345673621e-03 
2.18712541367606e+01 4.30468554356969e-03 3.94896225922521e-03 
2.28433098761722e+01 3.83269081502235e-03 3.58596663500800e-03 
2.38153656155838e+01 3.41024878773774e-03 3.24186841591170e-03 
2.47874213549954e+01 3.03215311730488e-03 2.92139550081065e-03 
2.57594770944070e+01 2.69550268555181e-03 2.62358906793187e-03 
2.67315328338185e+01 2.39322725775497e-03 2.35169922676368e-03 
2.77035885732301e+01 2.12344614454437e-03 2.10333913573511e-03 
2.86756443126417e+01 1.88279910015139e-03 1.87854451231305e-03 
2.96477000520533e+01 1.66908752377152e-03 1.67487231726864e-03 
3.06197557914649e+01 1.47902312530214e-03 1.49173184655718e-03 
3.15918115308765e+01 1.31049826293514e-03 1.32727288387968e-03 
3.25638672702880e+01 1.16077978083773e-03 1.18052215550073e-03 
3.35359230096996e+01 1.02819487980816e-03 1.04934967488660e-03 
3.45079787491112e+01 9.10750718574991e-04 9.32710658092683e-04 
3.54800344885228e+01 8.06944952497732e-04 8.28847936779109e-04 
3.64520902279344e+01 7.15045457490439e-04 7.36606082134667e-04 
3.74241459673460e+01 6.33815848952239e-04 6.54478262941502e-04 
3.83962017067576e+01 5.61954499494635e-04 5.81630981614197e-04 
3.93682574461691e+01 4.98547947837771e-04 5.16934330013348e-04 
4.03403131855807e+01 4.42494927931164e-04 4.59710704198594e-04 
4.13123689249923e+01 3.93055036306263e-04 4.09004357464049e-04 
4.22844246644039e+01 3.49367092614400e-04 3.64206652399102e-04 
4.32564804038155e+01 3.10789201186863e-04 3.24524006574497e-04 
4.42285361432271e+01 2.76658320005603e-04 2.89413756577002e-04 
4.52005918826386e+01 2.46476403780258e-04 2.58262395760785e-04 
4.61726476220502e+01 2.19739900854643e-04 2.30645528612125e-04 
4.71447033614618e+01 1.96065477914008e-04 2.06099093040366e-04 
4.81167591008734e+01 1.75069728265085e-04 1.84292104766259e-04 
4.90888148402850e+01 1.56454723941505e-04 1.64868852136184e-04 
5.00608705796965e+01 1.39927349985405e-04 1.47562155782324e-04 
5.10329263191081e+01 1.25223336020588e-04 1.32119916847605e-04 
5.20049820585197e+01 1.12100423794614e-04 1.18352284318572e-04 
5.29770377979313e+01 1.00391695791856e-04 1.06048960371938e-04 
5.39490935373429e+01 8.99325617812654e-05 9.50582965543151e-05 
5.49211492767545e+01 8.05936207104006e-05 8.52276407408312e-05 
5.58932050161660e+01 7.22495520050658e-05 7.64449456869271e-05 
5.68652607555776e+01 6.47994759738607e-05 6.85928392276528e-05 
5.78373164949892e+01 5.81405960895576e-05 6.15783300600886e-05 
5.88093722344008e+01 5.21897167018509e-05 5.53035336135421e-05 
5.97814279738124e+01 4.68663258182568e-05 4.96924840230155e-05 
6.07534837132240e+01 4.21046988777430e-05 4.46693617453468e-05 
6.17255394526356e+01 3.78414818935961e-05 4.01739712721751e-05 
6.26975951920471e+01 3.40246841627927e-05 3.61460658698470e-05 
6.36696509314587e+01 3.06044720593099e-05 3.25376889421975e-05 
6.46417066708703e+01 2.75397026860706e-05 2.93015281964156e-05 
6.56137624102819e+01 2.47910848083491e-05 2.63995873655595e-05 
6.65858181496935e+01 2.23260034848011e-05 2.37945751871591e-05 
6.75578738891051e+01 2.01134166097138e-05 2.14563264620906e-05 
6.85299296285166e+01 1.81274267352244e-05 1.93554062474644e-05 
6.95019853679282e+01 1.63434560231959e-05 1.74678404138703e-05 
7.04740411073398e+01 1.47409045919268e-05 1.57698522921663e-05 
7.14460968467514e+01 1.32998591819697e-05 1.42420502999827e-05 
7.24181525861630e+01 1.20041038048479e-05 1.28657283975213e-05 
7.33902083255746e+01 1.08382988216228e-05 1.16259010423771e-05 
7.43622640649861e+01 9.78947250846535e-06 1.05080805562948e-05 
7.53343198043977e+01 8.84537792399015e-06 9.49988257207456e-06 
7.63063755438093e+01 7.99432629786906e-06 8.59049345516951e-06 
7.72784312832209e+01 7.22654362789586e-06 7.77010721763611e-06 
7.82504870226325e+01 6.53392096239688e-06 7.02949861842725e-06 
7.92225427620441e+01 5.90879909540056e-06 6.36097914513755e-06 
8.01945985014556e+01 5.34462585760366e-06 5.75717240795537e-06 
8.11666542408672e+01 4.83522518478078e-06 5.21185807169115e-06 
8.21387099802788e+01 4.37529827330673e-06 4.71908600010953e-06 
8.31107657196904e+01 3.95985985662586e-06 4.27381855307362e-06 
8.40828214591020e+01 3.58462123777725e-06 3.87125083978375e-06 
8.50548771985136e+01 3.24555426180315e-06 3.50730567687011e-06 
8.60269329379251e+01 2.93918386462049e-06 3.17811134994156e-06 
8.69989886773367e+01 2.66224970316582e-06 2.88036972578144e-06 
8.79710444167483e+01 2.41193184755597e-06 2.61094696181448e-06 
8.89431001561599e+01 2.18558855327964e-06 2.36716359442878e-06 
8.99151558955715e+01 1.98092955453521e-06 2.14649398578419e-06 
9.08872116349831e+01 1.79580953653179e-06 1.94678010935010e-06 
9.18592673743946e+01 1.62836310031525e-06 1.76596191786134e-06 
9.28313231138062e+01 1.47684784135527e-06 1.60225410599647e-06 
9.38033788532178e+01 1.33974772287288e-06 1.45397132810920e-06 
9.47754345926294e+01 1.21564822991384e-06 1.31965964054855e-06 
9.57474903320410e+01 1.10331644426725e-06 1.19794869713732e-06 
9.67195460714526e+01 1.00160317605388e-06 1.08765344506093e-06 
9.76916018108641e+01 9.09505126205085e-07 9.87658574394497e-07 
9.86636575502757e+01 8.26088006565548e-07 8.96997363841249e-07 
9.96357132896873e+01 7.50534902639512e-07 8.14768815423882e-07 
1.00607769029099e+02 6.82089759653485e-07 7.40239743161015e-07 
1.01579824768510e+02 6.20109722230698e-07 6.72719410470449e-07 
1.02551880507922e+02 5.63956460396957e-07 6.11582401804737e-07 
1.03523936247334e+02 5.13071583528544e-07 5.56195494155888e-07 
1.04495991986745e+02 4.66938519410633e-07 5.06008962307153e-07 
1.05468047726157e+02 4.25104620789680e-07 4.60510641298176e-07 
1.06440103465568e+02 3.87151250540088e-07 4.19255002004107e-07 
1.07412159204980e+02 3.52710979656099e-07 3.81827181944899e-07 
1.08384214944392e+02 3.21444059141987e-07 3.47865597706947e-07 
1.09356270683803e+02 2.93051831224855e-07 3.17033713631313e-07 
1.10328326423215e+02 2.67258183672740e-07 2.89037671759055e-07 
1.11300382162626e+02 2.43820032515041e-07 2.63604082055940e-07 
1.12272437902038e+02 2.22512672197945e-07 2.40493801471275e-07 
1.13244493641449e+02 2.03137988147208e-07 2.19484421496944e-07 
1.14216549380861e+02 1.85512859972403e-07 2.00381063440793e-07 
1.15188605120273e+02 1.69475610078612e-07 1.83002539047020e-07 
1.16160660859684e+02 1.54876804695230e-07 1.67189828140096e-07 
1.17132716599096e+02 1.41584328706392e-07 1.52795118051514e-07 
1.18104772338507e+02 1.29476073935040e-07 1.39688476710313e-07 
1.19076828077919e+02 1.18443941634429e-07 1.27749153486977e-07 
1.20048883817331e+02 1.08388019288407e-07 1.16870843879790e-07 
1.21020939556742e+02 9.92197441969243e-08 1.06954770708338e-07 
1.21992995296154e+02 9.08572567133977e-08 9.79138469877028e-08 
1.22965051035565e+02 8.32279061074294e-08 8.96671617794548e-08 
1.23937106774977e+02 7.62645354646571e-08 8.21432791556641e-08 
1.24909162514388e+02 6.99074707651675e-08 7.52758347130181e-08 
1.25881218253800e+02 6.41015450490935e-08 6.90061557610146e-08 
1.26853273993212e+02 5.87976805643756e-08 6.32797378886883e-08 
1.27825329732623e+02 5.39505006588345e-08 5.80483304075888e-08 
1.28797385472035e+02 4.95195908473103e-08 5.32671113720865e-08 
1.29769441211446e+02 4.54675788795257e-08 4.88963506880848e-08 
1.30741496950858e+02 4.17611419814138e-08 4.48991404801757e-08 
1.31713552690270e+02 3.83694606114909e-08 4.12427241103722e-08 
1.32685608429681e+02 3.52650246436456e-08 3.78966694808958e-08 
1.33657664169093e+02 3.24223859087291e-08 3.48339333560429e-08 
1.34629719908504e+02 2.98188047820028e-08 3.20293762851709e-08 
1.35601775647916e+02 2.74332439425133e-08 2.94606050213090e-08 
1.36573831387327e+02 2.52468898003253e-08 2.71067977198786e-08 
1.37545887126739e+02 2.32423358990218e-08 2.49494102064560e-08 
1.38517942866151e+02 2.14040001544686e-08 2.29712168580951e-08 
1.39489998605562e+02 1.97174620706762e-08 2.11569181215055e-08 
1.40462054344974e+02 1.81697909617477e-08 1.94923618022174e-08 
1.41434110084385e+02 1.67490073660591e-08 1.79648691794417e-08 
1.42406165823797e+02 1.54443651427711e-08 1.65625776801088e-08 
1.43378221563209e+02 1.42459165178085e-08 1.52748712610453e-08 
1.44350277302620e+02 1.31447317696794e-08 1.40918879325001e-08 
1.45322333042032e+02 1.21325417599769e-08 1.30048110812984e-08 
1.46294388781443e+02 1.12019162966421e-08 1.20054476947227e-08 
1.47266444520855e+02 1.03459724703879e-08 1.10864652017965e-08 
1.48238500260266e+02 9.55851972718309e-09 1.02410473882041e-08 
1.49210555999678e+02 8.83382151181159e-09 9.46308730099573e-09 
1.50182611739090e+02 8.16671347227119e-09 8.74645699918295e-09 
1.51154667478501e+02 7.55157026093552e-09 8.08604418394296e-09 
1.52126723217913e+02 6.98390573951781e-09 7.47688642652427e-09 
1.53098778957324e+02 6.45994491921434e-09 6.91477055482815e-09 
1.54070834696736e+02 5.97626868975318e-09 6.39594787593481e-09 
1.55042890436148e+02 5.52968665535191e-09 5.91703362972841e-09 
1.56014946175559e+02 5.11730727484386e-09 5.47486041984014e-09 
1.56987001914971e+02 4.73643244330930e-09 5.06656619526849e-09 
1.57959057654382e+02 4.38461521432542e-09 4.68947291613476e-09 
1.58931113393794e+02 4.05957232135889e-09 4.34115893729313e-09 
1.59903169133205e+02 3.75923173075595e-09 4.01935845856532e-09 
1.60875224872617e+02 3.48165997849811e-09 3.72202114117202e-09 
1.61847280612029e+02 3.22510138639240e-09 3.44722869572677e-09 
1.62819336351440e+02 2.98791764648155e-09 3.19324403671764e-09 
1.63791392090852e+02 2.76862019541898e-09 2.95844201659812e-09 
1.64763447830263e+02 2.56581993407298e-09 2.74134999771913e-09 
1.65735503569675e+02 2.37825398108669e-09 2.54059027546630e-09 
1.66707559309087e+02 2.20474378792536e-09 2.35491360163163e-09 
1.67679615048498e+02 2.04421726993298e-09 2.18315127638003e-09 
1.68651670787910e+02 1.89567388254332e-09 2.02424287655051e-09 
1.69623726527321e+02 1.75820294694511e-09 1.87719635362279e-09 
1.70595782266733e+02 1.63095450380767e-09 1.74111099247351e-09 
1.71567838006144e+02 1.51315450304976e-09 1.61514414539282e-09 
1.72539893745556e+02 1.40408045725829e-09 1.49853026133577e-09 
1.73511949484968e+02 1.30307404465477e-09 1.39055312595416e-09 
1.74484005224379e+02 1.20952075362287e-09 1.29056164999551e-09 
1.75456060963791e+02 1.12286034968693e-09 1.19794668258986e-09 
1.76428116703202e+02 1.04256984181127e-09 1.11215412461160e-09 
1.77400172442614e+02 9.68172183806216e-10 1.03266554420142e-09 
1.78372228182026e+02 8.99222007794179e-10 9.59009079153157e-10 
1.79344283921437e+02 8.35312864803254e-10 8.90743216248840e-10 
1.80316339660849e+02 7.76065265484303e-10 8.27465863921571e-10 
1.81288395400260e+02 7.21132710945527e-10 7.68800766912264e-10 
1.82260451139672e+02 6.70191658936535e-10 7.14405067098956e-10 
1.83232506879084e+02 6.22946551401782e-10 6.63957919450435e-10 
1.84204562618495e+02 5.79121388351521e-10 6.17166830129116e-10 
1.85176618357907e+02 5.38463918338267e-10 5.73758217204987e-10 
1.86148674097318e+02 5.00738541069014e-10 5.33482709284566e-10 
1.87120729836730e+02 4.65729801685983e-10 4.96106987444993e-10 
1.88092785576141e+02 4.33236436857675e-10 4.61418092067822e-10 
1.89064841315553e+02 4.03074306471623e-10 4.29216958283730e-10 
1.90036897054965e+02 3.75071343890743e-10 3.99322800409227e-10 
1.91008952794376e+02 3.49069913924007e-10 3.71566709986194e-10 
1.91981008533788e+02 3.24922652354774e-10 3.45793240911069e-10 
1.92953064273199e+02 3.02494626833846e-10 3.21856131256518e-10 
1.93925120012611e+02 2.81659770052306e-10 2.99621701683153e-10 
1.94897175752022e+02 2.62302597466704e-10 2.78964824356113e-10 
1.95869231491434e+02 2.44315197458683e-10 2.59771076833163e-10 
1.96841287230846e+02 2.27598673126500e-10 2.41933342933109e-10 
1.97813342970257e+02 2.12060600372960e-10 2.25353620582698e-10 
1.98785398709669e+02 1.97616239257018e-10 2.09940153197401e-10 
1.99757454449080e+02 1.84186385510211e-10 1.95608909255093e-10 
2.00729510188492e+02 1.71697607426129e-10 1.82281887929649e-10 
2.01701565927904e+02 1.60079872385319e-10 1.69889095415951e-10 
2.02673621667315e+02 1.49271081204047e-10 1.58362828324794e-10 
2.03645677406727e+02 1.39213156712237e-10 1.47641205826080e-10 
2.04617733146138e+02 1.29852768561290e-10 1.37666271930733e-10 
2.05589788885550e+02 1.21140033071729e-10 1.28384903497919e-10 
2.06561844624962e+02 1.13029123831322e-10 1.19747340752627e-10 
2.07533900364373e+02 1.05477169618306e-10 1.11707952125845e-10 
2.08505956103785e+02 9.84447692340988e-11 1.04223989755001e-10 
2.09478011843196e+02 9.18950566155674e-11 9.72562343003153e-11 
2.10450067582608e+02 8.57941352981903e-11 9.07679401565304e-11 
2.11422123322019e+02 8.01102847559457e-11 8.47253795584101e-11 
2.12394179061431e+02 7.48143273573940e-11 7.90969478893245e-11 
2.13366234800843e+02 6.98789540943583e-11 7.38536232068971e-11 
2.14338290540254e+02 6.52790347861615e-11 6.89682067635764e-11 
2.15310346279666e+02 6.09910448119112e-11 6.44157114376066e-11 
2.16282402019077e+02 5.69933275638415e-11 6.01727165381256e-11 
2.17254457758489e+02 5.32656066935371e-11 5.62176964246822e-11 
2.18226513497900e+02 4.97892083536224e-11 5.25304719834119e-11 
2.19198569237312e+02 4.65466458977741e-11 4.90924888841471e-11 
2.20170624976724e+02 4.35218082310275e-11 4.58863508917253e-11 
2.21142680716135e+02 4.06996059435264e-11 4.28960556805761e-11 
2.22114736455547e+02 3.80661310723011e-11 4.01065974749399e-11 
2.23086792194958e+02 3.56083553631324e-11 3.75041670648239e-11 
2.24058847934370e+02 3.33142658967557e-11 3.50758132246134e-11 
2.25030903673782e+02 3.11726076150597e-11 3.28096125086413e-11 
2.26002959413193e+02 2.91729985541079e-11 3.06943805406916e-11 
2.26975015152605e+02 2.73057099844176e-11 2.87198162766847e-11 
2.27947070892016e+02 2.55617643986213e-11 2.68762556389972e-11 
2.28919126631428e+02 2.39327476376991e-11 2.51547941885696e-11 
2.29891182370840e+02 2.24108922831838e-11 2.35470767403410e-11 
2.30863238110251e+02 2.09889170027776e-11 2.20454017631530e-11 
2.31835293849663e+02 1.96600975796782e-11 2.06425415914046e-11 
2.32807349589074e+02 1.84181294377659e-11 1.93318313482641e-11 
2.33779405328486e+02 1.72571881905602e-11 1.81070151935205e-11 
2.34751461067897e+02 1.61718119196538e-11 1.69623221270892e-11 
2.35723516807309e+02 1.51569528319252e-11 1.58923344087008e-11 
2.36695572546721e+02 1.42078763831504e-11 1.48920522305908e-11 
2.37667628286132e+02 1.33202053851774e-11 1.39567810318006e-11 
2.38639684025544e+02 1.24898335047668e-11 1.30821867197115e-11 
2.39611739764955e+02 1.17129629548042e-11 1.22641990976383e-11 
2.40583795504367e+02 1.09860302690637e-11 1.14990590548691e-11 
2.41555851243779e+02 1.03057385368052e-11 1.07832357454001e-11 
2.42527906983190e+02 9.66899366793270e-12 1.01134669473645e-11 
2.43499962722602e+02 9.07293198316271e-12 9.48668798530957e-12 
2.44472018462013e+02 8.51486544987719e-12 8.90006627565545e-12 
2.45444074201425e+02 7.99230531600832e-12 8.35094028504157e-12 
2.46416129940836e+02 7.50291502224747e-12 7.83684912317109e-12 
2.47388185680248e+02 7.04453046315663e-12 7.35548008398392e-12 
2.48360241419660e+02 6.61511947258271e-12 6.90469401625971e-12 
2.49332297159071e+02 6.21279920717054e-12 6.48248020988580e-12 
2.50304352898483e+02 5.83580126414116e-12 6.08697816402011e-12 
2.51276408637894e+02 5.48248660774796e-12 5.71643876353989e-12 
2.52248464377306e+02 5.15131551646407e-12 5.36924297114949e-12 
2.53220520116717e+02 4.84086040981762e-12 5.04386839428916e-12 
2.54192575856129e+02 4.54977993925182e-12 4.73890534859015e-12 
2.55164631595541e+02 4.27683001937500e-12 4.45302804735842e-12 
2.56136687334952e+02 4.02084147647257e-12 4.18500841694690e-12 
2.57108743074364e+02 3.78072954298497e-12 3.93369125300081e-12 
2.58080798813775e+02 3.55547456253389e-12 3.69800611172216e-12 
2.59052854553187e+02 3.34413016811441e-12 3.47694587239984e-12 
2.60024910292599e+02 3.14580661480262e-12 3.26957698057980e-12 
2.60996966032010e+02 2.95967782964050e-12 3.07502093755942e-12 
2.61969021771422e+02 2.78496700482338e-12 2.89246313079933e-12 
2.62941077510833e+02 2.62095267966256e-12 2.72113684019586e-12 
2.63913133250245e+02 2.46695627961828e-12 2.56033085654547e-12 
2.64885188989657e+02 2.32234736728492e-12 2.40937565333716e-12 
2.65857244729068e+02 2.18653285750106e-12 2.26764996474935e-12 
2.66829300468480e+02 2.05896155437526e-12 2.13456882196114e-12 
2.67801356207891e+02 1.93911481102325e-12 2.00958923721673e-12 
2.68773411947303e+02 1.82651045270053e-12 1.89219984654218e-12 
2.69745467686714e+02 1.72069468246558e-12 1.78192582517092e-12 
2.70717523426126e+02 1.62124547605625e-12 1.67831991510447e-12 
2.71689579165538e+02 1.52776556279367e-12 1.58096667898409e-12 
2.72661634904949e+02 1.43988536556251e-12 1.48947472218021e-12 
2.73633690644361e+02 1.35725691025269e-12 1.40348037690946e-12 
2.74605746383772e+02 1.27955637372635e-12 1.32264095559061e-12 
2.75577802123184e+02 1.20647879560061e-12 1.24663794445361e-12 
2.76549857862596e+02 1.13774028808008e-12 1.17517114823038e-12 
2.77521913602007e+02 1.07307344140612e-12 1.10796146025766e-12 
2.78493969341419e+02 1.01222924185734e-12 1.04474577600026e-12 
2.79466025080830e+02 9.54973077453748e-13 9.85279395713511e-13 
2.80438080820242e+02 9.01086404114212e-13 9.29331600682528e-13 
2.81410136559653e+02 8.50363271366575e-13 8.76687736908199e-13 
2.82382192299065e+02 8.02611771211535e-13 8.27145365457779e-13 
2.83354248038477e+02 7.57651014568018e-13 7.80516071628205e-13 
2.84326303777888e+02 7.15312392422990e-13 7.36622051874375e-13 
2.85298359517300e+02 6.75436950000247e-13 6.95297550050725e-13 
2.86270415256711e+02 6.37876500667713e-13 6.56385956796398e-13 
2.87242470996123e+02 6.02491336880463e-13 6.19741371723160e-13 
2.88214526735534e+02 5.69151181808083e-13 5.85226156055267e-13 
2.89186582474946e+02 5.37733183906942e-13 5.52712541363082e-13 
2.90158638214358e+02 5.08122700809998e-13 5.22080975815506e-13 
2.91130693953769e+02 4.80211487913925e-13 4.93220164154341e-13 
2.92102749693181e+02 4.53898487706527e-13 4.66023899201529e-13 
2.93074805432592e+02 4.29088375816389e-13 4.40392578872128e-13 
2.94046861172004e+02 4.05692190379915e-13 4.16232209863403e-13 
2.95018916911416e+02 3.83625994813709e-13 3.93455191993704e-13 
2.95990972650827e+02 3.62811428411930e-13 3.71978835719703e-13 
2.96963028390239e+02 3.43174537978376e-13 3.51726048483781e-13 
2.97935084129650e+02 3.24646259824430e-13 3.32624039778276e-13 
2.98907139869062e+02 3.07161398294878e-13 3.14604922149896e-13 
2.99879195608474e+02 2.90659047984269e-13 2.97602103813607e-13 
3.00851251347885e+02 2.75077238958790e-13 2.81552154714013e-13 
3.01823307087297e+02 2.60355948714892e-13 2.66397161164559e-13 
3.02795362826708e+02 2.46446216811599e-13 2.52082237347431e-13 
3.03767418566120e+02 2.33302180711604e-13 2.38559402288998e-13 
3.04739474305531e+02 2.20880410329056e-13 2.25783756740224e-13 
3.05711530044943e+02 2.09140214087791e-13 2.13712756694788e-13 
3.06683585784355e+02 1.98043053479696e-13 2.02306581069165e-13 
3.07655641523766e+02 1.87552811708582e-13 1.91527492928874e-13 
3.08627697263178e+02 1.77635278412751e-13 1.81340162138451e-13 
3.09599753002589e+02 1.68258385588714e-13 1.71711103455242e-13 
3.10571808742001e+02 1.59391753870394e-13 1.62608959809252e-13 
3.11543864481413e+02 1.51006899823462e-13 1.54004007794047e-13 
3.12515920220824e+02 1.43076836253207e-13 1.45868406507498e-13 
3.13487975960236e+02 1.35576254436187e-13 1.38175762162576e-13 
3.14460031699647e+02 1.28481171870120e-13 1.30901346787154e-13 
3.15432087439059e+02 1.21769092554140e-13 1.24021714717095e-13 
3.16404143178470e+02 1.15418696415153e-13 1.17514894903502e-13 
3.17376198917882e+02 1.09409980352121e-13 1.11360052956733e-13 
3.18348254657294e+02 1.03723984289840e-13 1.05537660331682e-13 
3.19320310396705e+02 9.83429153583277e-14 1.00029196381637e-13 
3.20292366136117e+02 9.32499061505588e-14 9.48172972767191e-14 
3.21264421875528e+02 8.84291241084006e-14 8.98854932159828e-14 
3.22236477614940e+02 8.38655581071931e-14 8.52183395726957e-14 
3.23208533354352e+02 7.95451148588080e-14 8.08011850149136e-14 
3.24180589093763e+02 7.54544304234018e-14 7.66202870566770e-14 
3.25152644833175e+02 7.15809552129203e-14 7.26626073628202e-14 
3.26124700572586e+02 6.79127874477115e-14 6.89159136111984e-14 
3.27096756311998e+02 6.44387481457612e-14 6.53685987166099e-14 
3.28068812051409e+02 6.11482339068584e-14 6.20097706704667e-14 
3.29040867790821e+02 5.80312831001722e-14 5.88290928199803e-14 
3.30012923530233e+02 5.50784456780172e-14 5.58168631436166e-14 
3.30984979269644e+02 5.22808416237506e-14 5.29638730725685e-14 
3.31957035009056e+02 4.96300457767213e-14 5.02614774788660e-14 
3.32929090748467e+02 4.71181394709969e-14 4.77014698330862e-14 
3.33901146487879e+02 4.47376085978656e-14 4.52761440236549e-14 
3.34873202227291e+02 4.24813892511059e-14 4.29781839133585e-14 
3.35845257966702e+02 4.03427774678530e-14 4.08007179701427e-14 
3.36817313706114e+02 3.83154695958369e-14 3.87372215201659e-14 
3.37789369445525e+02 3.63934823413675e-14 3.67815650496756e-14 
3.38761425184937e+02 3.45711884863119e-14 3.49279276583339e-14 
3.39733480924348e+02 3.28432460367377e-14 3.31708397862607e-14 
3.40705536663760e+02 3.12046298407505e-14 3.15051065518700e-14 
3.41677592403172e+02 2.96505687758776e-14 2.99258455659344e-14 
3.42649648142583e+02 2.81765737518265e-14 2.84284189964169e-14 
3.43621703881995e+02 2.67783820015315e-14 2.70084670507475e-14 
3.44593759621406e+02 2.54519818941982e-14 2.56618477489107e-14 
3.45565815360818e+02 2.41935635062834e-14 2.43846665845316e-14 
3.46537871100230e+02 2.29995406187907e-14 2.31732231092507e-14 
3.47509926839641e+02 2.18665068422481e-14 2.20240372214161e-14 
3.48481982579053e+02 2.07912551271858e-14 2.09338017716573e-14 
3.49454038318464e+02 1.97707388030962e-14 1.98994058738415e-14 
3.50426094057876e+02 1.88020888915522e-14 1.89178928356181e-14 
3.51398149797287e+02 1.78825794946574e-14 1.79864808388590e-14 
3.52370205536699e+02 1.70096431656470e-14 1.71025255813966e-14 
3.53342261276111e+02 1.61808401487423e-14 1.62635386325756e-14 
3.54314317015522e+02 1.53938720317083e-14 1.54671542448723e-14 
3.55286372754934e+02 1.46465543974440e-14 1.47111456537024e-14 
3.56258428494345e+02 1.39368289563113e-14 1.39933955813221e-14 
3.57230484233757e+02 1.32627392212038e-14 1.33119107180177e-14 
3.58202539973169e+02 1.26224412940511e-14 1.26647954967326e-14 
3.59174595712580e+02 1.20141822213697e-14 1.20502649646549e-14 
3.60146651451992e+02 1.14363095887779e-14 1.14666214563252e-14 
3.61118707191403e+02 1.08872522538959e-14 1.09122660399468e-14 
3.62090762930815e+02 1.03655288846281e-14 1.03856777601426e-14 
3.63062818670226e+02 9.86973080140216e-15 9.88542382161253e-15 
3.64034874409638e+02 9.39852957907681e-15 9.41014111093604e-15 
3.65006930149050e+02 8.95066176146894e-15 8.95854526112558e-15 
3.65978985888461e+02 8.52493563275747e-15 8.52941419555421e-15 
3.66951041627873e+02 8.12021759454798e-15 8.12159620017030e-15 
3.67923097367284e+02 7.73543820032989e-15 7.73399526231695e-15 
3.68895153106696e+02 7.36958000941144e-15 7.36557826260693e-15 
3.69867208846108e+02 7.02168296714522e-15 7.01536190757537e-15 
3.70839264585519e+02 6.69083357131885e-15 6.68241914021095e-15 
3.71811320324931e+02 6.37616967131190e-15 6.36586748847386e-15 
3.72783376064342e+02 6.07687080129050e-15 6.06487478202779e-15 
3.73755431803754e+02 5.79216246303908e-15 5.77864875902844e-15 
3.74727487543165e+02 5.52130749687843e-15 5.50644216650853e-15 
3.75699543282577e+02 5.26360990549129e-15 5.24754348583083e-15 
3.76671599021989e+02 5.01840714812457e-15 5.00128148528023e-15 
3.77643654761400e+02 4.78507355617773e-15 4.76701694045912e-15 
3.78615710500812e+02 4.56301344919111e-15 4.54414669979375e-15 
3.79587766240223e+02 4.35166418718491e-15 4.33209629018403e-15 
3.80559821979635e+02 4.15049001837810e-15 4.13032354920607e-15 
3.81531877719047e+02 3.95898480816128e-15 3.93831201873240e-15 
3.82503933458458e+02 3.77666653861241e-15 3.75557419149937e-15 
3.83475989197870e+02 3.60307974947705e-15 3.58164560638090e-15 
3.84448044937281e+02 3.43779061850416e-15 3.41608775158957e-15 
3.85420100676693e+02 3.28038914582159e-15 3.25848278498863e-15 
3.86392156416104e+02 3.13048475204404e-15 3.10843613142440e-15 
3.87364212155516e+02 2.98770823390770e-15 2.96557176004478e-15 
3.88336267894928e+02 2.85170782412421e-15 2.82953450904333e-15 
3.89308323634339e+02 2.72215094302096e-15 2.69998585955192e-15 
3.90280379373751e+02 2.59872067033554e-15 2.57660601734610e-15 
3.91252435113162e+02 2.48111731484952e-15 2.45909012960867e-15 
3.92224490852574e+02 2.36905525383090e-15 2.34715014984613e-15 
3.93196546591986e+02 2.26226434020666e-15 2.24051144978142e-15 
3.94168602331397e+02 2.16048707024867e-15 2.13891449080947e-15 
3.95140658070809e+02 2.06347984566664e-15 2.04211178856083e-15 
3.96112713810220e+02 1.97101043446819e-15 1.94986941163771e-15 
3.97084769549632e+02 1.88285910343672e-15 1.86196426107385e-15 
3.98056825289043e+02 1.79881634094268e-15 1.77818541480020e-15 
3.99028881028455e+02 1.71868387357113e-15 1.69833168838161e-15 
4.00000936767867e+02 1.64227262307548e-15 1.62221284162937e-15 
4.00972992507278e+02 1.56940361941201e-15 1.54964739068110e-15 
4.01945048246690e+02 1.49990616705863e-15 1.48046369137635e-15 
4.02917103986101e+02 1.43361866537615e-15 1.41449797601787e-15 
4.03889159725513e+02 1.37038696220737e-15 1.35159532652828e-15 
4.04861215464925e+02 1.31006509129733e-15 1.29160791213598e-15 
4.05833271204336e+02 1.25251379348086e-15 1.23439586391251e-15 
4.06805326943748e+02 1.19760117983957e-15 1.17982569220731e-15 
4.07777382683159e+02 1.14520140291278e-15 1.12777107290591e-15 
4.08749438422571e+02 1.09519525333216e-15 1.07811142573061e-15 
4.09721494161982e+02 1.04746896538245e-15 1.03073262144138e-15 
4.10693549901394e+02 1.00191475402181e-15 9.85525704157925e-16 
4.11665605640806e+02 9.58429740801199e-16 9.42387527730993e-16 
4.12637661380217e+02 9.16916437438041e-16 9.01219607054094e-16 
4.13609717119629e+02 8.77281779600490e-16 8.61928690949225e-16 
4.14581772859040e+02 8.39437562543133e-16 8.24425729049182e-16 
4.15553828598452e+02 8.03299571595294e-16 7.88626387755543e-16 
4.16525884337864e+02 7.68787974781294e-16 7.54450120707751e-16 
4.17497940077275e+02 7.35826540038938e-16 7.21820633671916e-16 
4.18469995816687e+02 7.04342989224821e-16 6.90665047890314e-16 
4.19442051556098e+02 6.74268293146690e-16 6.60914319137064e-16 
4.20414107295510e+02 6.45536990889280e-16 6.32502484379669e-16 
4.21386163034921e+02 6.18086554686727e-16 6.05367039683148e-16 
4.22358218774333e+02 5.91857678090053e-16 5.79448261628972e-16 
4.23330274513745e+02 5.66793703546056e-16 5.54689548255309e-16 
4.24302330253156e+02 5.42840882558144e-16 5.31036807582266e-16 
4.25274385992568e+02 5.19947859587519e-16 5.08438765335643e-16 
4.26246441731979e+02 4.98065907029611e-16 4.86846413732940e-16 
4.27218497471391e+02 4.77148459721927e-16 4.66213289345490e-16 
4.28190553210803e+02 4.57151327264380e-16 4.46494976018170e-16 
4.29162608950214e+02 4.38032274014891e-16 4.27649355874616e-16 
4.30134664689626e+02 4.19751211019514e-16 4.09636160884650e-16 
4.31106720429037e+02 4.02269816909625e-16 3.92417199704734e-16 
4.32078776168449e+02 3.85551711473420e-16 3.75955952979359e-16 
4.33050831907860e+02 3.69562113344357e-16 3.60217778429951e-16 
4.34022887647272e+02 3.54267997036281e-16 3.45169545487281e-16 
4.34994943386684e+02 3.39637783737899e-16 3.30779820792861e-16 
4.35966999126095e+02 3.25641483446708e-16 3.17018538215831e-16 
4.36939054865507e+02 3.12250415564256e-16 3.03857166708202e-16 
4.37911110604918e+02 2.99437337596786e-16 2.91268412167419e-16 
4.38883166344330e+02 2.87176192585748e-16 2.79226369387824e-16 
4.39855222083742e+02 2.75442225693458e-16 2.67706252594555e-16 
4.40827277823153e+02 2.64211755807202e-16 2.56684533055616e-16 
4.41799333562565e+02 2.53462281194311e-16 2.46138695438694e-16 
4.42771389301976e+02 2.43172272890062e-16 2.36047362489032e-16 
4.43743445041388e+02 2.33321270486739e-16 2.26390074652262e-16 
4.44715500780799e+02 2.23889695158859e-16 2.17147403080781e-16 
4.45687556520211e+02 2.14858936543446e-16 2.08300750226600e-16 
4.46659612259623e+02 2.06211183473989e-16 1.99832452311392e-16 
4.47631667999034e+02 1.97929502812993e-16 1.91725598826872e-16 
4.48603723738446e+02 1.89997686161204e-16 1.83964125489458e-16 
4.49575779477857e+02 1.82400321417305e-16 1.76532650794879e-16 
4.50547835217269e+02 1.75122653903777e-16 1.69416560376075e-16 
4.51519890956681e+02 1.68150651351307e-16 1.62601858946121e-16 
4.52491946696092e+02 1.61470878039355e-16 1.56075246886345e-16 
4.53464002435504e+02 1.55070553833490e-16 1.49823986079668e-16 
4.54436058174915e+02 1.48937440079204e-16 1.43835969473786e-16 
4.55408113914327e+02 1.43059893258154e-16 1.38099599457718e-16 
4.56380169653738e+02 1.37426761499730e-16 1.32603851071359e-16 
4.57352225393150e+02 1.32027433366266e-16 1.27338161713244e-16 
4.58324281132562e+02 1.26851743959883e-16 1.22292488601898e-16 
4.59296336871973e+02 1.21890019296477e-16 1.17457208724346e-16 
4.60268392611385e+02 1.17132991086723e-16 1.12823171095646e-16 
4.61240448350796e+02 1.12571837113464e-16 1.08381605966840e-16 
4.62212504090208e+02 1.08198103856736e-16 1.04124172376293e-16 
4.63184559829620e+02 1.04003743248482e-16 1.00042875733936e-16 
4.64156615569031e+02 9.99810423930960e-17 9.61301111107262e-17 
4.65128671308443e+02 9.61226570367486e-17 9.23785884042759e-17 
4.66100727047854e+02 9.24215477082107e-17 8.87813717701025e-17 
4.67072782787266e+02 8.88710102070419e-17 8.53318116527531e-17 
4.68044838526677e+02 8.54646175552803e-17 8.20235807238275e-17 
4.69016894266089e+02 8.21962477789897e-17 7.88506121331383e-17 
4.69988950005501e+02 7.90600311205638e-17 7.58071322819184e-17 
4.70961005744912e+02 7.60503753614645e-17 7.28876047064595e-17 
4.71933061484324e+02 7.31619177985441e-17 7.00867599752147e-17 
4.72905117223735e+02 7.03895483324445e-17 6.73995446705442e-17 
4.73877172963147e+02 6.77283657599426e-17 6.48211486721222e-17 
4.74849228702559e+02 6.51736988313137e-17 6.23469587599438e-17 
4.75821284441970e+02 6.27210664539925e-17 5.99725835332159e-17 
4.76793340181382e+02 6.03661969021713e-17 5.76938111960097e-17 
4.77765395920793e+02 5.81049915666892e-17 5.55066322708426e-17 
4.78737451660205e+02 5.59335424873713e-17 5.34072010766633e-17 
4.79709507399616e+02 5.38480993271875e-17 5.13918563112976e-17 
4.80681563139028e+02 5.18450853917319e-17 4.94570857257232e-17 
4.81653618878440e+02 4.99210675485123e-17 4.75995446352082e-17 
4.82625674617851e+02 4.80727708927472e-17 4.58160234204833e-17 
4.83597730357263e+02 4.62970513646645e-17 4.41034641131728e-17 
4.84569786096674e+02 4.45909092086188e-17 4.24589214995489e-17 
4.85541841836086e+02 4.29514647705215e-17 4.08795657792561e-17 
4.86513897575498e+02 4.13759718336098e-17 3.93626623823040e-17 
4.87485953314909e+02 3.98617950878386e-17 3.79056017295702e-17 
4.88458009054321e+02 3.84064212066185e-17 3.65058800147471e-17 
4.89430064793732e+02 3.70074379138401e-17 3.51611456706607e-17 
4.90402120533144e+02 3.56625415149088e-17 3.38691906476908e-17 
4.91374176272555e+02 3.43695167586893e-17 3.26278910683736e-17 
4.92346232011967e+02 3.31262490906941e-17 3.14351539365696e-17 
4.93318287751379e+02 3.19307087134293e-17 3.02889664297256e-17 
4.94290343490790e+02 3.07809590464158e-17 2.91873972120321e-17 
4.95262399230202e+02 2.96751407459917e-17 2.81286062199895e-17 
4.96234454969613e+02 2.86114794725236e-17 2.71108274894103e-17 
4.97206510709025e+02 2.75882713014449e-17 2.61323781446020e-17 
4.98178566448437e+02 2.66038898561889e-17 2.51916427226366e-17 
4.99150622187848e+02 2.56567729842331e-17 2.42870814335172e-17 
5.00122677927260e+02 2.47454293091796e-17 2.34169255244755e-17 
5.01094733666671e+02 2.38679147845066e-17 2.25795486301591e-17 
5.02066789406083e+02 2.30226278467688e-17 2.17733263560653e-17 
5.03038845145494e+02 2.22083447966153e-17 2.09968967276294e-17 
5.04010900884906e+02 2.14238935837356e-17 2.02491218605775e-17 
5.04982956624318e+02 2.06681441214971e-17 1.95289126331900e-17 
5.05955012363729e+02 1.99400139071750e-17 1.88352186545063e-17 
5.06927068103141e+02 1.92384591173452e-17 1.81670344390163e-17 
5.07899123842552e+02 1.85624797752475e-17 1.75233901872310e-17 
5.08871179581964e+02 1.79111115622902e-17 1.69033574606042e-17 
5.09843235321376e+02 1.72834305701276e-17 1.63060407068918e-17 
5.10815291060787e+02 1.66785457691197e-17 1.57305824769604e-17 
5.11787346800199e+02 1.60956033795018e-17 1.51761556331267e-17 
5.12759402539610e+02 1.55337799426524e-17 1.46419681459378e-17 
5.13731458279022e+02 1.49922863428070e-17 1.41272559289431e-17 
5.14703514018433e+02 1.44703614315660e-17 1.36312872502771e-17 
5.15675569757845e+02 1.39672757289337e-17 1.31533561421159e-17 
5.16647625497257e+02 1.34823255556781e-17 1.26927864589280e-17 
5.17619681236668e+02 1.30148364400401e-17 1.22489258142527e-17 
5.18591736976080e+02 1.25641577163756e-17 1.18211493147701e-17 
5.19563792715491e+02 1.21296656616544e-17 1.14088539810435e-17 
5.20535848454903e+02 1.17107585223061e-17 1.10114621840909e-17 
5.21507904194315e+02 1.13068594025957e-17 1.06284165103889e-17 
5.22479959933726e+02 1.09174116847839e-17 1.02591829253679e-17 
5.23452015673138e+02 1.05418816896102e-17 9.90324604631850e-18 
5.24424071412549e+02 1.01797544577952e-17 9.56011205517144e-18 
5.25396127151961e+02 9.83053620116481e-18 9.22930434599865e-18 
5.26368182891372e+02 9.49375041618877e-18 8.91036620755733e-18 
5.27340238630784e+02 9.16894014272963e-18 8.60285681486942e-18 
5.28312294370196e+02 8.85566438275025e-18 8.30635370028703e-18 
5.29284350109607e+02 8.55350018225402e-18 8.02044906118489e-18 
5.30256405849019e+02 8.26203933052499e-18 7.74475203673392e-18 
5.31228461588430e+02 7.98089027952978e-18 7.47888530607404e-18 
5.32200517327842e+02 7.70967510109521e-18 7.22248718654490e-18 
5.33172573067254e+02 7.44803125685746e-18 6.97520849883965e-18 
5.34144628806665e+02 7.19560879264962e-18 6.73671450112887e-18 
5.35116684546077e+02 6.95207197099979e-18 6.50668199964685e-18 
5.36088740285488e+02 6.71709668371064e-18 6.28480113194444e-18 
5.37060796024900e+02 6.49037195791618e-18 6.07077270314451e-18 
5.38032851764311e+02 6.27159756940068e-18 5.86430983046037e-18 
5.39004907503723e+02 6.06048543231630e-18 5.66513548699143e-18 
5.39976963243135e+02 5.85675739722158e-18 5.47298401863950e-18 
5.40949018982546e+02 5.66014653373155e-18 5.28759887881009e-18 
5.41921074721958e+02 5.47039509856855e-18 5.10873402793986e-18 
5.42893130461369e+02 5.28725571965570e-18 4.93615184383797e-18 
5.43865186200781e+02 5.11048952067516e-18 4.76962441319661e-18 
5.44837241940193e+02 4.93986721441950e-18 4.60893160356048e-18 
5.45809297679604e+02 4.77516737145388e-18 4.45386225542174e-18 
5.46781353419016e+02 4.61617742990195e-18 4.30421240295351e-18 
5.47753409158427e+02 4.46269209681797e-18 4.15978637458611e-18 
5.48725464897839e+02 4.31451428099935e-18 4.02039515069185e-18 
5.49697520637250e+02 4.17145361660004e-18 3.88585737989284e-18 
5.50669576376662e+02 4.03332732502634e-18 3.75599786284831e-18 
5.51641632116074e+02 3.89995885117087e-18 3.63064849095343e-18 
5.52613687855485e+02 3.77117865995768e-18 3.50964684626218e-18 
5.53585743594897e+02 3.64682297635383e-18 3.39283706869509e-18 
5.54557799334308e+02 3.52673452167981e-18 3.28006856294014e-18 
5.55529855073720e+02 3.41076134926906e-18 3.17119679979016e-18 
5.56501910813132e+02 3.29875752524717e-18 3.06608212160654e-18 
5.57473966552543e+02 3.19058205236397e-18 2.96459048295182e-18 
5.58446022291955e+02 3.08609949956660e-18 2.86659234688091e-18 
5.59418078031366e+02 2.98517900712901e-18 2.77196336961744e-18 
5.60390133770778e+02 2.88769486899703e-18 2.68058338056052e-18 
5.61362189510190e+02 2.79352561289092e-18 2.59233701537086e-18 
5.62334245249601e+02 2.70255453908211e-18 2.50711277315393e-18 
5.63306300989013e+02 2.61466886965004e-18 2.42480360197064e-18 
5.64278356728424e+02 2.52976024705796e-18 2.34530602718231e-18 
5.65250412467836e+02 2.44772394720946e-18 2.26852069307890e-18 
5.66222468207247e+02 2.36845934092260e-18 2.19435155685311e-18 
5.67194523946659e+02 2.29186916585747e-18 2.12270638974396e-18 
5.68166579686071e+02 2.21785995374163e-18 2.05349603154929e-18 
5.69138635425482e+02 2.14634135663163e-18 1.98663485441112e-18 
5.70110691164894e+02 2.07722654251655e-18 1.92204007318197e-18 
5.71082746904305e+02 2.01043157173566e-18 1.85963217472980e-18 
5.72054802643717e+02 1.94587576337930e-18 1.79933427984593e-18 
5.73026858383128e+02 1.88348111801518e-18 1.74107254071876e-18 
5.73998914122540e+02 1.82317265711489e-18 1.68477555041380e-18 
5.74970969861952e+02 1.76487788854484e-18 1.63037471095543e-18 
5.75943025601363e+02 1.70852712107143e-18 1.57780368672348e-18 
5.76915081340775e+02 1.65405296935145e-18 1.52699874538986e-18 
5.77887137080186e+02 1.60139064540782e-18 1.47789825186528e-18 
5.78859192819598e+02 1.55047750011065e-18 1.43044298416020e-18 
5.79831248559010e+02 1.50125329336737e-18 1.38457566478052e-18 
5.80803304298421e+02 1.45365976932127e-18 1.34024125341984e-18 
5.81775360037833e+02 1.40764090686373e-18 1.29738651294677e-18 
5.82747415777244e+02 1.36314252599391e-18 1.25596028068610e-18 
5.83719471516656e+02 1.32011252013533e-18 1.21591306636470e-18 
5.84691527256068e+02 1.27850049129974e-18 1.17719730360124e-18 
5.85663582995479e+02 1.23825796557536e-18 1.13976697738404e-18 
5.86635638734891e+02 1.19933805492127e-18 1.10357785726285e-18 
5.87607694474302e+02 1.16169565708842e-18 1.06858715212137e-18 
5.88579750213714e+02 1.12528714203980e-18 1.03475372644833e-18 
5.89551805953125e+02 1.09007053746786e-18 1.00203778034181e-18 
5.90523861692537e+02 1.05600523799093e-18 9.70401050129897e-19 
5.91495917431949e+02 1.02305217734089e-18 9.39806511704398e-19 
5.92467973171360e+02 9.91173558629274e-19 9.10218566662988e-19 
5.93440028910772e+02 9.60333014196553e-19 8.81602767217504e-19 
5.94412084650183e+02 9.30495355372758e-19 8.53925988938828e-19 
5.95384140389595e+02 9.01626720903640e-19 8.27156175620856e-19 
5.96356196129006e+02 8.73694344752016e-19 8.01262499626225e-19 
5.97328251868418e+02 8.46666693945859e-19 7.76215125211952e-19 
5.98300307607830e+02 8.20513253078155e-19 7.51985357397151e-19 
5.99272363347241e+02 7.95204652357507e-19 7.28545422371674e-19 
6.00244419086653e+02 7.70712467567051e-19 7.05868605736472e-19 
6.01216474826064e+02 7.47009339038679e-19 6.83929048722386e-19 
6.02188530565476e+02 7.24068785926297e-19 6.62701876588732e-19 
6.03160586304888e+02 7.01865316769951e-19 6.42163009477057e-19 
6.04132642044299e+02 6.80374257025993e-19 6.22289281693485e-19 
6.05104697783711e+02 6.59571851836901e-19 6.03058266112358e-19 
6.06076753523122e+02 6.39435105841319e-19 5.84448385012663e-19 
6.07048809262534e+02 6.19941878718814e-19 5.66438747029157e-19 
6.08020865001945e+02 6.01070736376930e-19 5.49009250162370e-19 
6.08992920741357e+02 5.82801039797153e-19 5.32140430351268e-19 
6.09964976480769e+02 5.65112806764495e-19 5.15813557229325e-19 
6.10937032220180e+02 5.47986794501346e-19 5.00010493463166e-19 
6.11909087959592e+02 5.31404371168147e-19 4.84713783783942e-19 
6.12881143699003e+02 5.15347592735281e-19 4.69906524301254e-19 
6.13853199438415e+02 4.99799083541535e-19 4.55572445299286e-19 
6.14825255177827e+02 4.84742107820487e-19 4.41695789795101e-19 
6.15797310917238e+02 4.70160458657104e-19 4.28261390552030e-19 
6.16769366656650e+02 4.56038524553967e-19 4.15254557206735e-19 
6.17741422396061e+02 4.42361186175862e-19 4.02661147918516e-19 
6.18713478135473e+02 4.29113878312476e-19 3.90467464440292e-19 
6.19685533874885e+02 4.16282493846507e-19 3.78660318791151e-19 
6.20657589614296e+02 4.03853441442965e-19 3.67226935693430e-19 
6.21629645353708e+02 3.91813556218495e-19 3.56155014626893e-19 
6.22601701093119e+02 3.80150153462945e-19 3.45432639097396e-19 
6.23573756832531e+02 3.68850945526513e-19 3.35048334404463e-19 
6.24545812571942e+02 3.57904091856637e-19 3.24990983246960e-19 
6.25517868311354e+02 3.47298121655535e-19 3.15249879511180e-19 
6.26489924050766e+02 3.37021980494588e-19 3.05814649755915e-19 
6.27461979790177e+02 3.27064958328019e-19 2.96675303305397e-19 
6.28434035529589e+02 3.17416732927668e-19 2.87822159190211e-19 
6.29406091269000e+02 3.08067302869213e-19 2.79245892808446e-19 
6.30378147008412e+02 2.99007028012399e-19 2.70937467930367e-19 
6.31350202747823e+02 2.90226567104540e-19 2.62888180171715e-19 
6.32322258487235e+02 2.81716915514784e-19 2.55089593699115e-19 
6.33294314226647e+02 2.73469347125805e-19 2.47533581741527e-19 
6.34266369966058e+02 2.65475449515457e-19 2.40212267660212e-19 
6.35238425705470e+02 2.57727069831757e-19 2.33118062707804e-19 
6.36210481444881e+02 2.50216347601185e-19 2.26243611151429e-19 
6.37182537184293e+02 2.42935664304426e-19 2.19581825473528e-19 
6.38154592923705e+02 2.35877673977552e-19 2.13125835259702e-19 
6.39126648663116e+02 2.29035256226652e-19 2.06869020021232e-19 
6.40098704402528e+02 2.22401544776086e-19 2.00804961580384e-19 
6.41070760141939e+02 2.15969883679247e-19 1.94927474681533e-19 
6.42042815881351e+02 2.09733853956924e-19 1.89230562626259e-19 
6.43014871620763e+02 2.03687232779119e-19 1.83708445827852e-19 
6.43986927360174e+02 1.97824018326243e-19 1.78355520466641e-19 
6.44958983099586e+02 1.92138391733260e-19 1.73166385131482e-19 
6.45931038838997e+02 1.86624740296876e-19 1.68135802282548e-19 
6.46903094578409e+02 1.81277621988418e-19 1.63258723113068e-19 
6.47875150317820e+02 1.76091787121339e-19 1.58530251622303e-19 
6.48847206057232e+02 1.71062145253223e-19 1.53945667821254e-19 
6.49819261796644e+02 1.66183785419738e-19 1.49500394232952e-19 
6.50791317536055e+02 1.61451945259110e-19 1.45190017557004e-19 
6.51763373275467e+02 1.56862029911060e-19 1.41010257427680e-19 
6.52735429014878e+02 1.52409583209078e-19 1.36956986644069e-19 
6.53707484754290e+02 1.48090305335833e-19 1.33026202028770e-19 
6.54679540493702e+02 1.43900025939665e-19 1.29214043322972e-19 
6.55651596233113e+02 1.39834720631430e-19 1.25516766000089e-19 
6.56623651972525e+02 1.35890485891878e-19 1.21930758918202e-19 
6.57595707711936e+02 1.32063554488832e-19 1.18452518953749e-19 
6.58567763451348e+02 1.28350272051587e-19 1.15078667497467e-19 
6.59539819190759e+02 1.24747111481696e-19 1.11805926783272e-19 
6.60511874930171e+02 1.21250651079295e-19 1.08631135308179e-19 
6.61483930669583e+02 1.17857588015490e-19 1.05551225740902e-19 
6.62455986408994e+02 1.14564717903604e-19 1.02563239341055e-19 
6.63428042148406e+02 1.11368947396278e-19 9.96643053408444e-20 
6.64400097887817e+02 1.08267275102083e-19 9.68516544341871e-20 
6.65372153627229e+02 1.05256803365850e-19 9.41225995331127e-20 
6.66344209366640e+02 1.02334720437986e-19 9.14745483930740e-20 
6.67316265106052e+02 9.94983114922552e-20 8.89049856532830e-20 
6.68288320845464e+02 9.67449419614619e-20 8.64114846603354e-20 
6.69260376584875e+02 9.40720678429117e-20 8.39916907084032e-20 
6.70232432324287e+02 9.14772201199909e-20 8.16433321183676e-20 
6.71204488063698e+02 8.89580144018522e-20 7.93642045970680e-20 
6.72176543803110e+02 8.65121363560306e-20 7.71521816212640e-20 
6.73148599542522e+02 8.41373507257326e-20 7.50051998388423e-20 
6.74120655281933e+02 8.18314877039568e-20 7.29212688028176e-20 
6.75092711021345e+02 7.95924513688646e-20 7.08984573425240e-20 
6.76064766760756e+02 7.74182069348342e-20 6.89349026904955e-20 
6.77036822500168e+02 7.53067886436516e-20 6.70287977433333e-20 
6.78008878239580e+02 7.32562878333577e-20 6.51783995781761e-20 
6.78980933978991e+02 7.12648603231231e-20 6.33820174767467e-20 
6.79952989718403e+02 6.93307152489717e-20 6.16380207871466e-20 
6.80925045457814e+02 6.74521219828092e-20 5.99448275554608e-20 
6.81897101197226e+02 6.56273996940032e-20 5.83009116818885e-20 
6.82869156936637e+02 6.38549238459584e-20 5.67047920538836e-20 
6.83841212676049e+02 6.21331164492183e-20 5.51550390022807e-20 
6.84813268415461e+02 6.04604521783323e-20 5.36502555467753e-20 
6.85785324154872e+02 5.88354497978736e-20 5.21890750621582e-20 
6.86757379894284e+02 5.72566784353891e-20 5.07701606321461e-20 
6.87729435633695e+02 5.57227490589376e-20 4.93922209816953e-20 
6.88701491373107e+02 5.42323197861311e-20 4.80540029453778e-20 
6.89673547112518e+02 5.27840878401320e-20 4.67543255516314e-20 
6.90645602851930e+02 5.13767927919250e-20 4.54920721658069e-20 
6.91617658591342e+02 5.00092090238138e-20 4.42661377877169e-20 
6.92589714330753e+02 4.86801522074399e-20 4.30754174790058e-20 
6.93561770070165e+02 4.73884724759436e-20 4.19188411243131e-20 
6.94533825809576e+02 4.61330587898615e-20 4.07953702653465e-20 
6.95505881548988e+02 4.49128323150482e-20 3.97040026953846e-20 
6.96477937288400e+02 4.37267505225174e-20 3.86437657370740e-20 
6.97449993027811e+02 4.25738009874390e-20 3.76137205580825e-20 
6.98422048767223e+02 4.14530052396650e-20 3.66129558783359e-20 
6.99394104506634e+02 4.03634129558809e-20 3.56405920244260e-20 
7.00366160246046e+02 3.93041055764678e-20 3.46955279753836e-20 
7.01338215985458e+02 3.82737703173682e-20 3.37768067274912e-20 
7.02310271724869e+02 3.72715275423226e-20 3.28833936837053e-20 
7.03282327464281e+02 3.62965828836983e-20 3.20145332238536e-20 
7.04254383203692e+02 3.53481671126412e-20 3.11695259459225e-20 
7.05226438943104e+02 3.44255314980399e-20 3.03476949526744e-20 
7.06198494682515e+02 3.35279509589034e-20 2.95483812855243e-20 
7.07170550421927e+02 3.26547197025574e-20 2.87709471498062e-20 
7.08142606161339e+02 3.18051541883510e-20 2.80147716247981e-20 
7.09114661900750e+02 3.09785890277771e-20 2.72792536948800e-20 
7.10086717640162e+02 3.01743797711671e-20 2.65638082185081e-20 
7.11058773379573e+02 2.93918990535297e-20 2.58678687773217e-20 
7.12030829118985e+02 2.86305392151499e-20 2.51908838879622e-20 
7.13002884858397e+02 2.78897086779728e-20 2.45323196804168e-20 
7.13974940597808e+02 2.71688344103286e-20 2.38916563376073e-20 
7.14946996337220e+02 2.64673585196513e-20 2.32683906135369e-20 
7.15919052076631e+02 2.57847405709042e-20 2.26620324865388e-20 
7.16891107816043e+02 2.51204543823239e-20 2.20721075271210e-20 
7.17863163555454e+02 2.44739902065142e-20 2.14981537516586e-20 
7.18835219294866e+02 2.38448517167475e-20 2.09397238491977e-20 
7.19807275034278e+02 2.32325580591303e-20 2.03963822232235e-20 
7.20779330773689e+02 2.26366410177806e-20 1.98677070860997e-20 
7.21751386513101e+02 2.20566469459379e-20 1.93532876773221e-20 
7.22723442252512e+02 2.14921340990718e-20 1.88527262337181e-20 
7.23695497991924e+02 2.09426744523146e-20 1.83656353733356e-20 
7.24667553731335e+02 2.04078511912452e-20 1.78916399490151e-20 
7.25639609470747e+02 1.98872604225579e-20 1.74303745877458e-20 
7.26611665210159e+02 1.93805088129109e-20 1.69814854347405e-20 
7.27583720949570e+02 1.88872151993111e-20 1.65446278387350e-20 
7.28555776688982e+02 1.84070083670189e-20 1.61194679932484e-20 
7.29527832428393e+02 1.79395285657247e-20 1.57056807589008e-20 
7.30499888167805e+02 1.74844254180642e-20 1.53029512081210e-20 
7.31471943907217e+02 1.70413593472830e-20 1.49109725761202e-20 
7.32443999646628e+02 1.66099996084448e-20 1.45294477149147e-20 
7.33416055386040e+02 1.61900256329253e-20 1.41580871651171e-20 
7.34388111125451e+02 1.57811251748897e-20 1.37966105247760e-20 
7.35360166864863e+02 1.53829955776242e-20 1.34447446346380e-20 
7.36332222604275e+02 1.49953420283221e-20 1.31022248669618e-20 
7.37304278343686e+02 1.46178787509504e-20 1.27687934173635e-20 
7.38276334083098e+02 1.42503273628151e-20 1.24442005184397e-20 
7.39248389822509e+02 1.38924179983698e-20 1.21282028317414e-20 
7.40220445561921e+02 1.35438877614373e-20 1.18205645907387e-20 
7.41192501301332e+02 1.32044817840932e-20 1.15210560868677e-20 
7.42164557040744e+02 1.28739517687993e-20 1.12294547460909e-20 
7.43136612780156e+02 1.25520569862419e-20 1.09455437033395e-20 
7.44108668519567e+02 1.22385629019864e-20 1.06691128166570e-20 
7.45080724258979e+02 1.19332421169106e-20 1.03999573247123e-20 
7.46052779998390e+02 1.16358730733241e-20 1.01378788022678e-20 
7.47024835737802e+02 1.13462409414119e-20 9.88268389576846e-21 
7.47996891477213e+02 1.10641364000728e-20 9.63418522364488e-21 
7.48968947216625e+02 1.07893564725807e-20 9.39220018529247e-21 
7.49941002956037e+02 1.05217033776875e-20 9.15655180950280e-21 
7.50913058695448e+02 1.02609853175120e-20 8.92706763243684e-21 
7.51885114434860e+02 1.00070153947271e-20 8.70358049727590e-21 
7.52857170174271e+02 9.75961235550212e-21 8.48592749706359e-21 
7.53829225913683e+02 9.51859956885008e-21 8.27395072847635e-21 
7.54801281653095e+02 9.28380572727608e-21 8.06749629566380e-21 
7.55773337392506e+02 9.05506388460128e-21 7.86641502086184e-21 
7.56745393131918e+02 8.83221211680890e-21 7.67056150559800e-21 
7.57717448871329e+02 8.61509261488466e-21 7.47979480070281e-21 
7.58689504610741e+02 8.40355230820154e-21 7.29397752147002e-21 
7.59661560350153e+02 8.19744200912760e-21 7.11297647946680e-21 
7.60633616089564e+02 7.99661700114782e-21 6.93666184844641e-21 
7.61605671828976e+02 7.80093623218809e-21 6.76490776021086e-21 
7.62577727568387e+02 7.61026286953943e-21 6.59759151827063e-21 
7.63549783307799e+02 7.42446353903217e-21 6.43459415987591e-21 
7.64521839047210e+02 7.24340884870287e-21 6.27579971460086e-21 
7.65493894786622e+02 7.06697267112639e-21 6.12109573453068e-21 
7.66465950526034e+02 6.89503263764892e-21 5.97037259512025e-21 
7.67438006265445e+02 6.72746946134842e-21 5.82352399540501e-21 
7.68410062004857e+02 6.56416740354734e-21 5.68044629864343e-21 
7.69382117744268e+02 6.40501363502466e-21 5.54103900430587e-21 
7.70354173483680e+02 6.24989867641886e-21 5.40520412616277e-21 
7.71326229223092e+02 6.09871579545818e-21 5.27284663769948e-21 
7.72298284962503e+02 5.95136142276770e-21 5.14387388545397e-21 
7.73270340701915e+02 5.80773458301872e-21 5.01819600940611e-21 
7.74242396441326e+02 5.66773728756330e-21 4.89572538950020e-21 
7.75214452180738e+02 5.53127399752972e-21 4.77637704246533e-21 
7.76186507920149e+02 5.39825199462277e-21 4.66006809958302e-21 
7.77158563659561e+02 5.26858087431039e-21 4.54671818130633e-21 
7.78130619398973e+02 5.14217289604832e-21 4.43624890445036e-21 
7.79102675138384e+02 5.01894250481412e-21 4.32858423589659e-21 
7.80074730877796e+02 4.89880666193963e-21 4.22365002749290e-21 
7.81046786617207e+02 4.78168439335278e-21 4.12137435005214e-21 
7.82018842356619e+02 4.66749710213116e-21 4.02168705435140e-21 
7.82990898096030e+02 4.55616814190969e-21 3.92452008656261e-21 
7.83962953835442e+02 4.44762311220251e-21 3.82980707383678e-21 
7.84935009574854e+02 4.34178945552642e-21 3.73748362223523e-21 
7.85907065314265e+02 4.23859673647634e-21 3.64748692547633e-21 
7.86879121053677e+02 4.13797626120055e-21 3.55975604637327e-21 
7.87851176793088e+02 4.03986134115680e-21 3.47423154740432e-21 
7.88823232532500e+02 3.94418693365619e-21 3.39085575660320e-21 
7.89795288271912e+02 3.85088989117237e-21 3.30957241869443e-21 
7.90767344011323e+02 3.75990862174694e-21 3.23032694632611e-21 
7.91739399750735e+02 3.67118332467281e-21 3.15306609058678e-21 
7.92711455490146e+02 3.58465566962521e-21 3.07773817841793e-21 
7.93683511229558e+02 3.50026901949216e-21 3.00429280139847e-21 
7.94655566968970e+02 3.41796812716225e-21 2.93268104012515e-21 
7.95627622708381e+02 3.33769934622965e-21 2.86285517021723e-21 
7.96599678447793e+02 3.25941034443288e-21 2.79476887440589e-21 
7.97571734187204e+02 3.18305030291934e-21 2.72837696477378e-21 
7.98543789926616e+02 3.10856964538816e-21 2.66363558325145e-21 
7.99515845666027e+02 3.03592022655931e-21 2.60050193916410e-21 
8.00487901405439e+02 2.96505507612925e-21 2.53893449879202e-21 
8.01459957144851e+02 2.89592857705204e-21 2.47889273735180e-21 
8.02432012884262e+02 2.82849622346869e-21 2.42033731823917e-21 
8.03404068623674e+02 2.76271478937235e-21 2.36322985862350e-21 
8.04376124363085e+02 2.69854209972126e-21 2.30753309895509e-21 
8.05348180102497e+02 2.63593719002695e-21 2.25321068139973e-21 
8.06320235841909e+02 2.57486008990683e-21 2.20022731015905e-21 
8.07292291581320e+02 2.51527197410299e-21 2.14854854201698e-21 
8.08264347320732e+02 2.45713495777382e-21 2.09814093798955e-21 
8.09236403060143e+02 2.40041223942172e-21 2.04897186529811e-21 
8.10208458799555e+02 2.34506790726377e-21 2.00100964083480e-21 
8.11180514538966e+02 2.29106707451912e-21 1.95422334391747e-21 
8.12152570278378e+02 2.23837569623703e-21 1.90858295202884e-21 
8.13124626017790e+02 2.18696069736861e-21 1.86405916374534e-21 
8.14096681757201e+02 2.13678979946670e-21 1.82062352718163e-21 
8.15068737496613e+02 2.08783164194226e-21 1.77824827252105e-21 
8.16040793236024e+02 2.04005561808419e-21 1.73690643357242e-21 
8.17012848975436e+02 1.99343198987786e-21 1.69657168936280e-21 
8.17984904714848e+02 1.94793173282486e-21 1.65721847918959e-21 
8.18956960454259e+02 1.90352664467934e-21 1.61882185276812e-21 
8.19929016193671e+02 1.86018919857780e-21 1.58135757914013e-21 
8.20901071933082e+02 1.81789264602859e-21 1.54480200489754e-21 
8.21873127672494e+02 1.77661087788991e-21 1.50913215728787e-21 
8.22845183411905e+02 1.73631852192876e-21 1.47432561006337e-21 
8.23817239151317e+02 1.69699081121175e-21 1.44036058110431e-21 
8.24789294890729e+02 1.65860367653187e-21 1.40721580546857e-21 
8.25761350630140e+02 1.62113362180166e-21 1.37487062783508e-21 
8.26733406369552e+02 1.58455781162909e-21 1.34330488235377e-21 
8.27705462108963e+02 1.54885395332622e-21 1.31249898019457e-21 
8.28677517848375e+02 1.51400037989952e-21 1.28243379581995e-21 
8.29649573587787e+02 1.47997593830917e-21 1.25309074990842e-21 
8.30621629327198e+02 1.44676006812414e-21 1.22445170169412e-21 
8.31593685066610e+02 1.41433269568814e-21 1.19649902751840e-21 
8.32565740806021e+02 1.38267430867565e-21 1.16921551890109e-21 
8.33537796545433e+02 1.35176585583991e-21 1.14258445695947e-21 
8.34509852284844e+02 1.32158881769292e-21 1.11658951589473e-21 
8.35481908024256e+02 1.29212511152932e-21 1.09121483350403e-21 
8.36453963763668e+02 1.26335715844072e-21 1.06644491978412e-21 
8.37426019503079e+02 1.23526779332678e-21 1.04226472374943e-21 
8.38398075242491e+02 1.20784032844229e-21 1.01865954687132e-21 
8.39370130981902e+02 1.18105846812312e-21 9.95615106403188e-22 
8.40342186721314e+02 1.15490636905353e-21 9.73117453390242e-22 
8.41314242460725e+02 1.12936855944979e-21 9.51153032690877e-22 
8.42286298200137e+02 1.10442999622472e-21 9.29708605306848e-22 
8.43258353939549e+02 1.08007598838651e-21 9.08771305279912e-22 
8.44230409678960e+02 1.05629225126746e-21 8.88328566106099e-22 
8.45202465418372e+02 1.03306483390908e-21 8.68368174676534e-22 
8.46174521157783e+02 1.01038017051282e-21 8.48878201553037e-22 
8.47146576897195e+02 9.88225011595381e-22 8.29847052112430e-22 
8.48118632636607e+02 9.66586472810424e-22 8.11263400473315e-22 
8.49090688376018e+02 9.45451969670139e-22 7.93116237994268e-22 
8.50062744115430e+02 9.24809263878638e-22 7.75394810653308e-22 
8.51034799854841e+02 9.04646401427251e-22 7.58088665042110e-22 
8.52006855594253e+02 8.84951756572549e-22 7.41187589010863e-22 
8.52978911333665e+02 8.65713973123551e-22 7.24681655292499e-22 
8.53950967073076e+02 8.46922006189992e-22 7.08561165236193e-22 
8.54923022812488e+02 8.28565066489775e-22 6.92816690188313e-22 
8.55895078551899e+02 8.10632659986148e-22 6.77439018147543e-22 
8.56867134291311e+02 7.93114535053304e-22 6.62419193022065e-22 
8.57839190030722e+02 7.76000720114620e-22 6.47748464048830e-22 
8.58811245770134e+02 7.59281473513291e-22 6.33418323039754e-22 
8.59783301509546e+02 7.42947319257640e-22 6.19420456416255e-22 
8.60755357248957e+02 7.26988999452172e-22 6.05746780551308e-22 
8.61727412988369e+02 7.11397508250145e-22 5.92389396278494e-22 
8.62699468727780e+02 6.96164046708453e-22 5.79340622430520e-22 
8.63671524467192e+02 6.81280055042177e-22 5.66592952690031e-22 
8.64643580206604e+02 6.66737169774253e-22 5.54139087419778e-22 
8.65615635946015e+02 6.52527254381571e-22 5.41971892729653e-22 
8.66587691685427e+02 6.38642358617495e-22 5.30084430688269e-22 
8.67559747424838e+02 6.25074747634228e-22 5.18469920487621e-22 
8.68531803164250e+02 6.11816863362980e-22 5.07121767120954e-22 
8.69503858903661e+02 5.98861352192711e-22 4.96033524532886e-22 
8.70475914643073e+02 5.86201028299087e-22 4.85198922843629e-22 
8.71447970382485e+02 5.73828899955411e-22 4.74611833378562e-22 
8.72420026121896e+02 5.61738134707489e-22 4.64266294514559e-22 
8.73392081861308e+02 5.49922084388461e-22 4.54156478488647e-22 
8.74364137600719e+02 5.38374252042365e-22 4.44276715937756e-22 
8.75336193340131e+02 5.27088315710754e-22 4.34621464391632e-22 
8.76308249079543e+02 5.16058097013072e-22 4.25185331573478e-22 
8.77280304818954e+02 5.05277583769310e-22 4.15963045487240e-22 
8.78252360558366e+02 4.94740900150369e-22 4.06949476542654e-22 
8.79224416297777e+02 4.84442328197600e-22 3.98139609151892e-22 
8.80196472037189e+02 4.74376279461085e-22 3.89528562738929e-22 
8.81168527776601e+02 4.64537315473704e-22 3.81111564764864e-22 
8.82140583516012e+02 4.54920120799773e-22 3.72883970678134e-22 
8.83112639255424e+02 4.45519522518259e-22 3.64841238292046e-22 
8.84084694994835e+02 4.36330464608488e-22 3.56978946728897e-22 
8.85056750734247e+02 4.27348026494275e-22 3.49292772077097e-22 
8.86028806473658e+02 4.18567398697470e-22 3.41778505379128e-22 
8.87000862213070e+02 4.09983900492118e-22 3.34432029499231e-22 
8.87972917952482e+02 4.01592956760426e-22 3.27249336201972e-22 
8.88944973691893e+02 3.93390114803562e-22 3.20226504164724e-22 
8.89917029431305e+02 3.85371022338298e-22 3.13359715190606e-22 
8.90889085170716e+02 3.77531443508716e-22 3.06645233302984e-22 
8.91861140910128e+02 3.69867237965231e-22 3.00079420133492e-22 
8.92833196649539e+02 3.62374376119310e-22 2.93658715038443e-22 
8.93805252388951e+02 3.55048919249892e-22 2.87379649699665e-22 
8.94777308128363e+02 3.47887034041210e-22 2.81238829205043e-22 
8.95749363867774e+02 3.40884973664794e-22 2.75232945896777e-22 
8.96721419607186e+02 3.34039091638626e-22 2.69358761360171e-22 
8.97693475346597e+02 3.27345823835965e-22 2.63613119550789e-22 
8.98665531086009e+02 3.20801701702388e-22 2.57992929637113e-22 
8.99637586825420e+02 3.14403335145612e-22 2.52495178434534e-22 
9.00609642564832e+02 3.08147425145466e-22 2.47116914048458e-22 
9.01581698304244e+02 3.02030747481793e-22 2.41855257639327e-22 
9.02553754043655e+02 2.96050164771046e-22 2.36707387812972e-22 
9.03525809783067e+02 2.90202610992201e-22 2.31670551736528e-22 
9.04497865522478e+02 2.84485102982603e-22 2.26742050222191e-22 
9.05469921261890e+02 2.78894725724647e-22 2.21919248208761e-22 
9.06441977001302e+02 2.73428643332643e-22 2.17199560483159e-22 
9.07414032740713e+02 2.68084085065969e-22 2.12580461536075e-22 
9.08386088480125e+02 2.62858355838162e-22 2.08059471862182e-22 
9.09358144219536e+02 2.57748822925313e-22 2.03634167190425e-22 
9.10330199958948e+02 2.52752926028434e-22 1.99302165298278e-22 
9.11302255698360e+02 2.47868164649161e-22 1.95061134606779e-22 
9.12274311437771e+02 2.43092107736798e-22 1.90908781435509e-22 
9.13246367177183e+02 2.38422381707095e-22 1.86842857938666e-22 
9.14218422916594e+02 2.33856679706361e-22 1.82861149714359e-22 
9.15190478656006e+02 2.29392750253386e-22 1.78961483039066e-22 
9.16162534395417e+02 2.25028406154921e-22 1.75141712725538e-22 
9.17134590134829e+02 2.20761513756001e-22 1.71399728586865e-22 
9.18106645874241e+02 2.16590001544226e-22 1.67733443409181e-22 
9.19078701613652e+02 2.12511850000251e-22 1.64140798539885e-22 
9.20050757353064e+02 2.08525099933165e-22 1.60619751800653e-22 
9.21022813092475e+02 2.04627842931314e-22 1.57168282043047e-22 
9.21994868831887e+02 2.00818229478368e-22 1.53784376768915e-22 
9.22966924571299e+02 1.97094460015773e-22 1.50466035424373e-22 
9.23938980310710e+02 1.93454792899762e-22 1.47211256411732e-22 
9.24911036050122e+02 1.89897536101742e-22 1.44018038791993e-22 
9.25883091789533e+02 1.86421055081923e-22 1.40884368255944e-22 
9.26855147528945e+02 1.83023765174361e-22 1.37808216765889e-22 
9.27827203268356e+02 1.79704139474797e-22 1.34787526893169e-22 
9.28799259007768e+02 1.76460701984987e-22 1.31820208741473e-22 
9.29771314747180e+02 1.73292035643009e-22 1.28904121843734e-22 
9.30743370486591e+02 1.70196776339337e-22 1.26037068462549e-22 
9.31715426226003e+02 1.67173621259987e-22 1.23216771963203e-22 
9.32687481965414e+02 1.64221323937366e-22 1.20440865276610e-22 
9.33659537704826e+02 1.61338703132988e-22 1.17706864327707e-22 
9.34631593444238e+02 1.58524639152143e-22 1.15012150088422e-22 
9.35603649183649e+02 1.55778083565615e-22 1.12353935288766e-22 
9.36575704923061e+02 1.53098057099054e-22 1.09729238164648e-22 
9.37547760662472e+02 1.50483660580090e-22 1.07134840429957e-22 
9.38519816401884e+02 1.47934074805751e-22 1.04567250701464e-22 
9.39491872141296e+02 1.45448573192689e-22 1.02022651781640e-22 
9.40463927880707e+02 1.43026524113417e-22 9.94968520986949e-23 
9.41435983620119e+02 1.40667405800048e-22 9.69852211677887e-23 
9.42408039359530e+02 1.38370811686800e-22 9.44826322194057e-23 
9.43380095098942e+02 1.36136467957298e-22 9.19833938200174e-23 
9.44352150838353e+02 1.33964242041074e-22 8.94811874716920e-23 
9.45324206577765e+02 1.31854163008593e-22 8.69689967863917e-23 
9.46296262317177e+02 1.29806433299914e-22 8.44390518950078e-23 
9.47268318056588e+02 1.27821451603408e-22 8.18827606973719e-23 
9.48240373796000e+02 1.25899827679569e-22 7.92906800832589e-23 
9.49212429535411e+02 1.24042406409608e-22 7.66525533318905e-23 
9.50184485274823e+02 1.22250280629796e-22 7.39574335343116e-23 
9.51156541014234e+02 1.20524809110174e-22 7.11939066885500e-23 
9.52128596753646e+02 1.18867618619589e-22 6.83504882392569e-23 
9.53100652493058e+02 1.17280602968400e-22 6.54161190864053e-23 
9.54072708232469e+02 1.15765901537981e-22 6.23807531013445e-23 
9.55044763971881e+02 1.14325870599638e-22 5.92360272290054e-23 
9.56016819711292e+02 1.12963030385633e-22 5.59758838249511e-23 
9.56988875450704e+02 1.11680007404732e-22 5.26807315411800e-23 
9.57960931190116e+02 1.10475508100937e-22 4.94322759876445e-23 
9.58932986929527e+02 1.09348299806031e-22 4.62281903542355e-23 
9.59905042668939e+02 1.08297205491930e-22 4.30661958065918e-23 
9.60877098408350e+02 1.07321106302860e-22 3.99440573603526e-23 
9.61849154147762e+02 1.06418936513522e-22 3.65871758100617e-23 
9.62821209887173e+02 1.05602482007212e-22 3.29932164064898e-23 
9.63793265626585e+02 1.04870752061276e-22 2.94324408590306e-23 
9.64765321365997e+02 1.04222829078495e-22 2.59019346116749e-23 
9.65737377105408e+02 1.03657863711069e-22 2.23988249389039e-23 
9.66709432844820e+02 1.03175077207515e-22 1.89202768786646e-23 
9.67681488584231e+02 1.02773756736999e-22 1.54634922403763e-23 
9.68653544323643e+02 1.02453257791834e-22 1.20257058982168e-23 
9.69625600063055e+02 1.02212999693706e-22 8.60418464912305e-24 
9.70597655802466e+02 1.02052468057515e-22 5.19622384803983e-24 
9.71569711541878e+02 1.01971210462030e-22 3.49625496490711e-24 
