Energy(eV)           EEDF(eV^-(3/2))      Anisotropy(eV^-(3/2))
2.62667398456774e-03 7.58432452571350e-01 1.00337844211299e-04 
7.88002195370322e-03 7.58228680462545e-01 1.36994900116366e-04 
1.31333699228387e-02 7.57998995326321e-01 1.86018226968474e-04 
1.83867178919742e-02 7.57770815204226e-01 2.21109577146210e-04 
2.36400658611097e-02 7.57543815846961e-01 2.48412351547455e-04 
2.88934138302452e-02 7.57326190876363e-01 2.66414568563642e-04 
3.41467617993806e-02 7.57126427629875e-01 2.80159799972539e-04 
3.94001097685161e-02 7.56936520251573e-01 2.92332645703070e-04 
4.46534577376516e-02 7.56759060180342e-01 3.01571488482294e-04 
4.99068057067871e-02 7.56591825452467e-01 3.07808246989690e-04 
5.51601536759226e-02 7.56437878534526e-01 3.08895407879508e-04 
6.04135016450581e-02 7.56299283735719e-01 3.04600188870363e-04 
6.56668496141935e-02 7.56178266842607e-01 2.94458595557847e-04 
7.09201975833290e-02 7.56076217000341e-01 2.83576823424161e-04 
7.61735455524645e-02 7.55986685377480e-01 2.76197328562868e-04 
8.14268935216000e-02 7.55907023839299e-01 2.67931005340683e-04 
8.66802414907355e-02 7.55837788590294e-01 2.56154612128991e-04 
9.19335894598710e-02 7.55779234589243e-01 2.40876768067140e-04 
9.71869374290064e-02 7.55731315560608e-01 2.22111295964376e-04 
1.02440285398142e-01 7.55693683938914e-01 2.07072436362875e-04 
1.07693633367277e-01 7.55660649021093e-01 1.98292867970956e-04 
1.12946981336413e-01 7.55632057885564e-01 1.87959318136403e-04 
1.18200329305548e-01 7.55607874283474e-01 1.76394330771122e-04 
1.23453677274684e-01 7.55587655040854e-01 1.67271766049249e-04 
1.28707025243819e-01 7.55569614865010e-01 1.60774665472598e-04 
1.33960373212955e-01 7.55553759232121e-01 1.53170247497724e-04 
1.39213721182090e-01 7.55540063729865e-01 1.44460348579523e-04 
1.44467069151226e-01 7.55528474056513e-01 1.34647660432004e-04 
1.49720417120361e-01 7.55518906018916e-01 1.24976516257147e-04 
1.54973765089497e-01 7.55510881789479e-01 1.17400997561258e-04 
1.60227113058632e-01 7.55503900180585e-01 1.10913942798164e-04 
1.65480461027768e-01 7.55497931224780e-01 1.03744971882213e-04 
1.70733808996903e-01 7.55492933548623e-01 9.74155422299718e-05 
1.75987156966039e-01 7.55488553102219e-01 9.31780319299523e-05 
1.81240504935174e-01 7.55484607372862e-01 8.95261581647854e-05 
1.86493852904310e-01 7.55481090505994e-01 8.55024971153669e-05 
1.91747200873445e-01 7.55477993285358e-01 8.11074695662837e-05 
1.97000548842581e-01 7.55475303132959e-01 7.63416525461412e-05 
2.02253896811716e-01 7.55473004108995e-01 7.40242979477513e-05 
2.07507244780852e-01 7.55470729344135e-01 7.47890031409045e-05 
2.12760592749987e-01 7.55468453676073e-01 7.57270237138834e-05 
2.18013940719123e-01 7.55466179242399e-01 7.66178587345500e-05 
2.23267288688258e-01 7.55463908127030e-01 7.74615089748113e-05 
2.28520636657393e-01 7.55461642360209e-01 7.82579751875270e-05 
2.33773984626529e-01 7.55459383918503e-01 7.90072581247034e-05 
2.39027332595664e-01 7.55457134724811e-01 7.97093585689900e-05 
2.44280680564800e-01 7.55454896648358e-01 8.03642772977890e-05 
2.49534028533935e-01 7.55452671504699e-01 8.24281120306400e-05 
2.54787376503071e-01 7.55450302051800e-01 8.81303218579886e-05 
2.60040724472206e-01 7.55447535162777e-01 9.59726913648425e-05 
2.65294072441342e-01 7.55444332768613e-01 1.04059162419322e-04 
2.70547420410477e-01 7.55440655370224e-01 1.12389616489022e-04 
2.75800768379613e-01 7.55436462038812e-01 1.20963949736641e-04 
2.81054116348748e-01 7.55431710416280e-01 1.29782068204902e-04 
2.86307464317884e-01 7.55426356715680e-01 1.38843884303603e-04 
2.91560812287019e-01 7.55420355721711e-01 1.48149314174451e-04 
2.96814160256155e-01 7.55413660791275e-01 1.57698275701078e-04 
3.02067508225290e-01 7.55406223854079e-01 1.68565775671523e-04 
3.07320856194426e-01 7.55397799712071e-01 1.80802169605267e-04 
3.12574204163561e-01 7.55388287018255e-01 1.93472145575058e-04 
3.17827552132697e-01 7.55377603758627e-01 2.06463937400082e-04 
3.23080900101832e-01 7.55365665428276e-01 2.19777361283199e-04 
3.28334248070968e-01 7.55352385033359e-01 2.33412230707680e-04 
3.33587596040103e-01 7.55337673093260e-01 2.47368353912872e-04 
3.38840944009239e-01 7.55321437642955e-01 2.61645531817796e-04 
3.44094291978374e-01 7.55303584235571e-01 2.76243556232637e-04 
3.49347639947510e-01 7.55284015945184e-01 2.91498140298082e-04 
3.54600987916645e-01 7.55262541140427e-01 3.07956210457244e-04 
3.59854335885781e-01 7.55238886391377e-01 3.25285570824036e-04 
3.65107683854916e-01 7.55212919974305e-01 3.42985584103413e-04 
3.70361031824052e-01 7.55184506855971e-01 3.61055886050834e-04 
3.75614379793187e-01 7.55153508699594e-01 3.79496090949186e-04 
3.80867727762323e-01 7.55119783871288e-01 3.98305789813001e-04 
3.86121075731458e-01 7.55083187446991e-01 4.17484548688419e-04 
3.91374423700593e-01 7.55043571219913e-01 4.37031907049911e-04 
3.96627771669729e-01 7.55000783708516e-01 4.56947376227241e-04 
4.01881119638864e-01 7.54954670165061e-01 4.76894804463465e-04 
4.07134467608000e-01 7.54905204522528e-01 4.96832405153688e-04 
4.12387815577135e-01 7.54852259329702e-01 5.17066101879511e-04 
4.17641163546271e-01 7.54795683308271e-01 5.37646391407568e-04 
4.22894511515406e-01 7.54735322285492e-01 5.58572678764355e-04 
4.28147859484542e-01 7.54671019204430e-01 5.79844335966996e-04 
4.33401207453677e-01 7.54602614134800e-01 6.01460700774943e-04 
4.38654555422813e-01 7.54529944284440e-01 6.23421075427155e-04 
4.43907903391948e-01 7.54452844011437e-01 6.45724725372039e-04 
4.49161251361084e-01 7.54371144836913e-01 6.68370877997943e-04 
4.54414599330219e-01 7.54284675458518e-01 6.91358721343816e-04 
4.59667947299355e-01 7.54193261764634e-01 7.14687402812472e-04 
4.64921295268490e-01 7.54096726849324e-01 7.38356027846385e-04 
4.70174643237626e-01 7.53994891028041e-01 7.62363658611125e-04 
4.75427991206761e-01 7.53887571854137e-01 7.86709312676217e-04 
4.80681339175897e-01 7.53774584136173e-01 8.11391961662316e-04 
4.85934687145032e-01 7.53655739956074e-01 8.36410529886346e-04 
4.91188035114168e-01 7.53530848688147e-01 8.61763893003752e-04 
4.96441383083303e-01 7.53399717018983e-01 8.87450876624415e-04 
5.01694731052439e-01 7.53262148968276e-01 9.13272882871702e-04 
5.06948079021574e-01 7.53118066113271e-01 9.39190854605572e-04 
5.12201426990710e-01 7.52967300646926e-01 9.65389128723410e-04 
5.17454774959845e-01 7.52809657107327e-01 9.91906609236616e-04 
5.22708122928981e-01 7.52644937602925e-01 1.01874191071277e-03 
5.27961470898116e-01 7.52472941836635e-01 1.04589359252934e-03 
5.33214818867252e-01 7.52293467130912e-01 1.07336015752884e-03 
5.38468166836387e-01 7.52106308453838e-01 1.10114005067807e-03 
5.43721514805522e-01 7.51911258446226e-01 1.12923165771490e-03 
5.48974862774658e-01 7.51708107449784e-01 1.15763330379146e-03 
5.54228210743793e-01 7.51496643536337e-01 1.18634325210635e-03 
5.59481558712929e-01 7.51276652538167e-01 1.21535970254011e-03 
5.64734906682064e-01 7.51047918079453e-01 1.24468079028844e-03 
5.69988254651200e-01 7.50810221608868e-01 1.27430458448151e-03 
5.75241602620335e-01 7.50563342433337e-01 1.30422908681177e-03 
5.80494950589471e-01 7.50307057752982e-01 1.33445223015229e-03 
5.85748298558606e-01 7.50041142697292e-01 1.36497187718268e-03 
5.91001646527742e-01 7.49765370362512e-01 1.39578581901062e-03 
5.96254994496877e-01 7.49479511850304e-01 1.42689177379121e-03 
6.01508342466013e-01 7.49183336307687e-01 1.45828738535155e-03 
6.06761690435148e-01 7.48876610968273e-01 1.48997022182209e-03 
6.12015038404284e-01 7.48559101194836e-01 1.52193777426516e-03 
6.17268386373419e-01 7.48230570523228e-01 1.55418745530670e-03 
6.22521734342555e-01 7.47890780707662e-01 1.58671659778019e-03 
6.27775082311690e-01 7.47539491767385e-01 1.61952245337414e-03 
6.33028430280826e-01 7.47176462034768e-01 1.65260219128449e-03 
6.38281778249961e-01 7.46801448204818e-01 1.68595289688046e-03 
6.43535126219097e-01 7.46414205386152e-01 1.71957157037394e-03 
6.48788474188232e-01 7.46014487153439e-01 1.75345512550450e-03 
6.54041822157368e-01 7.45602045601330e-01 1.78760038823725e-03 
6.59295170126503e-01 7.45176631399907e-01 1.82200409546546e-03 
6.64548518095639e-01 7.44737993851649e-01 1.85666289373549e-03 
6.69801866064774e-01 7.44285880949954e-01 1.89157333798223e-03 
6.75055214033910e-01 7.43820039439219e-01 1.92673189028482e-03 
6.80308562003045e-01 7.43340214876504e-01 1.96213491863957e-03 
6.85561909972181e-01 7.42846151694787e-01 1.99777869574615e-03 
6.90815257941316e-01 7.42337593267833e-01 2.03365939782038e-03 
6.96068605910451e-01 7.41814281976690e-01 2.06977310342554e-03 
7.01321953879587e-01 7.41275959277826e-01 2.10603470006912e-03 
7.06575301848722e-01 7.40722449480308e-01 2.14241445346374e-03 
7.11828649817858e-01 7.40153523332495e-01 2.17898656310777e-03 
7.17081997786993e-01 7.39568923686047e-01 2.21577268942850e-03 
7.22335345756129e-01 7.38968392777594e-01 2.25276846510208e-03 
7.27588693725264e-01 7.38351672303586e-01 2.28996942067559e-03 
7.32842041694400e-01 7.37718503496826e-01 2.32737098361441e-03 
7.38095389663535e-01 7.37068627204644e-01 2.36496847738609e-03 
7.43348737632671e-01 7.36401783968749e-01 2.40275712057067e-03 
7.48602085601806e-01 7.35717714106766e-01 2.44073202600488e-03 
7.53855433570942e-01 7.35016157795438e-01 2.47888819997347e-03 
7.59108781540077e-01 7.34296855155517e-01 2.51722054143027e-03 
7.64362129509213e-01 7.33559546338339e-01 2.55572384125439e-03 
7.69615477478348e-01 7.32803971614086e-01 2.59439278155720e-03 
7.74868825447484e-01 7.32029871461726e-01 2.63322193503004e-03 
7.80122173416619e-01 7.31236986660646e-01 2.67220576433019e-03 
7.85375521385755e-01 7.30425058383951e-01 2.71133862151526e-03 
7.90628869354890e-01 7.29593828293450e-01 2.75061474752790e-03 
7.95882217324026e-01 7.28743038636303e-01 2.79002827172610e-03 
8.01135565293161e-01 7.27872432343337e-01 2.82957321146539e-03 
8.06388913262297e-01 7.26981753129006e-01 2.86924347173356e-03 
8.11642261231432e-01 7.26070745593001e-01 2.90903284483379e-03 
8.16895609200568e-01 7.25139155323491e-01 2.94893501013188e-03 
8.22148957169703e-01 7.24186729001976e-01 2.98894353385648e-03 
8.27402305138839e-01 7.23213214509748e-01 3.02905186895541e-03 
8.32655653107974e-01 7.22218361035934e-01 3.06925335501592e-03 
8.37909001077110e-01 7.21201919187113e-01 3.10954121824182e-03 
8.43162349046245e-01 7.20163641098476e-01 3.14990857150011e-03 
8.48415697015381e-01 7.19103280546514e-01 3.19034841443006e-03 
8.53669044984516e-01 7.18020593063207e-01 3.23085363361937e-03 
8.58922392953651e-01 7.16915336051694e-01 3.27141700284755e-03 
8.64175740922787e-01 7.15787268903393e-01 3.31203118339871e-03 
8.69429088891922e-01 7.14636153116537e-01 3.35268872444893e-03 
8.74682436861058e-01 7.13461752416107e-01 3.39338206352451e-03 
8.79935784830193e-01 7.12263832875120e-01 3.43410352703499e-03 
8.85189132799329e-01 7.11042163037243e-01 3.47484533088084e-03 
8.90442480768464e-01 7.09796514040683e-01 3.51559958114285e-03 
8.95695828737600e-01 7.08526659743340e-01 3.55635827484850e-03 
9.00949176706735e-01 7.07232376849152e-01 3.59711330081539e-03 
9.06202524675871e-01 7.05913445035613e-01 3.63785644058363e-03 
9.11455872645006e-01 7.04569647082405e-01 3.67857936942924e-03 
9.16709220614142e-01 7.03200769001100e-01 3.71927365745771e-03 
9.21962568583277e-01 7.01806600165891e-01 3.75993077079042e-03 
9.27215916552413e-01 7.00386933445285e-01 3.80054207283465e-03 
9.32469264521548e-01 6.98941565334723e-01 3.84109882564479e-03 
9.37722612490684e-01 6.97470296090050e-01 3.88159219137293e-03 
9.42975960459819e-01 6.95972929861800e-01 3.92201323380726e-03 
9.48229308428955e-01 6.94449274830219e-01 3.96235292001027e-03 
9.53482656398090e-01 6.92899143340965e-01 4.00260212204539e-03 
9.58736004367226e-01 6.91322352041435e-01 4.04275161879699e-03 
9.63989352336361e-01 6.89718722017636e-01 4.08279209788967e-03 
9.69242700305497e-01 6.88088078931534e-01 4.12271415770319e-03 
9.74496048274632e-01 6.86430253158821e-01 4.16250830948437e-03 
9.79749396243768e-01 6.84745079927016e-01 4.20216497955693e-03 
9.85002744212903e-01 6.83032399453819e-01 4.24167451162889e-03 
9.90256092182039e-01 6.81292057085663e-01 4.28102716920526e-03 
9.95509440151174e-01 6.79523903436360e-01 4.32021313809647e-03 
1.00076278812031e+00 6.77727794525767e-01 4.35747680069787e-03 
1.00601613608945e+00 6.75906521719001e-01 4.39187666067211e-03 
1.01126948405858e+00 6.74061614997391e-01 4.42514178580904e-03 
1.01652283202772e+00 6.72193006260581e-01 4.45821440575894e-03 
1.02177617999685e+00 6.70300631819526e-01 4.49108703432437e-03 
1.02702952796599e+00 6.68384432476087e-01 4.52375215452012e-03 
1.03228287593512e+00 6.66444353602089e-01 4.55620222068064e-03 
1.03753622390426e+00 6.64480345217797e-01 4.58842966062111e-03 
1.04278957187339e+00 6.62492362069747e-01 4.62042687785216e-03 
1.04804291984253e+00 6.60480363707887e-01 4.65218625384763e-03 
1.05329626781166e+00 6.58444314561971e-01 4.68370015036293e-03 
1.05854961578080e+00 6.56384184017165e-01 4.71496091180774e-03 
1.06380296374994e+00 6.54299946488791e-01 4.74596086767120e-03 
1.06905631171907e+00 6.52191581496170e-01 4.77669233499426e-03 
1.07430965968821e+00 6.50059073735502e-01 4.80714762089902e-03 
1.07956300765734e+00 6.47902413151730e-01 4.83731902516449e-03 
1.08481635562648e+00 6.45721595009326e-01 4.86719884285072e-03 
1.09006970359561e+00 6.43516619961957e-01 4.89677936697602e-03 
1.09532305156475e+00 6.41287494120948e-01 4.92605289124021e-03 
1.10057639953388e+00 6.39034229122515e-01 4.95501171279498e-03 
1.10582974750302e+00 6.36756842193683e-01 4.98364813506216e-03 
1.11108309547215e+00 6.34455356216848e-01 5.01195447059823e-03 
1.11633644344129e+00 6.32129799792919e-01 5.03992304400391e-03 
1.12158979141043e+00 6.29780207302972e-01 5.06754619487435e-03 
1.12684313937956e+00 6.27406618968379e-01 5.09481628079608e-03 
1.13209648734870e+00 6.25009080909326e-01 5.12172568038580e-03 
1.13734983531783e+00 6.22587645201681e-01 5.14826679636756e-03 
1.14260318328697e+00 6.20142369932143e-01 5.17443205869141e-03 
1.14785653125610e+00 6.17673319251609e-01 5.20021392768876e-03 
1.15310987922524e+00 6.15180563426714e-01 5.22560489726763e-03 
1.15836322719437e+00 6.12664178889466e-01 5.25059749813991e-03 
1.16361657516351e+00 6.10124248284930e-01 5.27518430108473e-03 
1.16886992313264e+00 6.07560860516897e-01 5.29935792024535e-03 
1.17412327110178e+00 6.04974110791474e-01 5.32311101645467e-03 
1.17937661907092e+00 6.02364100658552e-01 5.34643630059220e-03 
1.18462996704005e+00 5.99730938051068e-01 5.36932653697012e-03 
1.18988331500919e+00 5.97074737322033e-01 5.39177454674364e-03 
1.19513666297832e+00 5.94395619279237e-01 5.41377321134528e-03 
1.20039001094746e+00 5.91693711217606e-01 5.43625751408816e-03 
1.20564335891659e+00 5.88967220455051e-01 5.45989830338998e-03 
1.21089670688573e+00 5.86214848036065e-01 5.48372786599387e-03 
1.21615005485486e+00 5.83436732550229e-01 5.50703818897326e-03 
1.22140340282400e+00 5.80633020850576e-01 5.52982073412406e-03 
1.22665675079314e+00 5.77803868096031e-01 5.55206705242865e-03 
1.23191009876227e+00 5.74949437790266e-01 5.57376878891584e-03 
1.23716344673141e+00 5.72069901816885e-01 5.59491768754380e-03 
1.24241679470054e+00 5.69165440470856e-01 5.61550559610233e-03 
1.24767014266968e+00 5.66236242486105e-01 5.63552447113384e-03 
1.25292349063881e+00 5.63282505059186e-01 5.65496638286692e-03 
1.25817683860795e+00 5.60304433868952e-01 5.67382352015992e-03 
1.26343018657708e+00 5.57302243092139e-01 5.69208819545208e-03 
1.26868353454622e+00 5.54276155414800e-01 5.70975284971536e-03 
1.27393688251535e+00 5.51226402039497e-01 5.72681005740822e-03 
1.27919023048449e+00 5.48153222688189e-01 5.74325253142333e-03 
1.28444357845363e+00 5.45056865600736e-01 5.75907312802559e-03 
1.28969692642276e+00 5.41937587528961e-01 5.77426485177881e-03 
1.29495027439190e+00 5.38795653726186e-01 5.78882086045565e-03 
1.30020362236103e+00 5.35631337932203e-01 5.80188850021273e-03 
1.30545697033017e+00 5.32446835501261e-01 5.81276125769351e-03 
1.31071031829930e+00 5.29244071905809e-01 5.82230744050029e-03 
1.31596366626844e+00 5.26023334298443e-01 5.83125311008035e-03 
1.32121701423757e+00 5.22784916278366e-01 5.83959387730810e-03 
1.32647036220671e+00 5.19529117845502e-01 5.84732550793232e-03 
1.33172371017585e+00 5.16256245351093e-01 5.85444392582017e-03 
1.33697705814498e+00 5.12966611444752e-01 5.86094521615568e-03 
1.34223040611412e+00 5.09660535017967e-01 5.86682562858910e-03 
1.34748375408325e+00 5.06338341144028e-01 5.87208158033418e-03 
1.35273710205239e+00 5.03000361014384e-01 5.87670965920987e-03 
1.35799045002152e+00 4.99646931871397e-01 5.88070662662493e-03 
1.36324379799066e+00 4.96278396937518e-01 5.88406942050172e-03 
1.36849714595979e+00 4.92895105340853e-01 5.88679515813640e-03 
1.37375049392893e+00 4.89497412037133e-01 5.88888113899189e-03 
1.37900384189806e+00 4.86085677728090e-01 5.89032484742133e-03 
1.38425718986720e+00 4.82660268776237e-01 5.89112395532031e-03 
1.38951053783634e+00 4.79221557116066e-01 5.89127632470199e-03 
1.39476388580547e+00 4.75769920161671e-01 5.89078001019484e-03 
1.40001723377461e+00 4.72305740710807e-01 5.88963326146001e-03 
1.40527058174374e+00 4.68829406845407e-01 5.88783452552358e-03 
1.41052392971288e+00 4.65341311828573e-01 5.88538244902333e-03 
1.41577727768201e+00 4.61841853998059e-01 5.88227588036479e-03 
1.42103062565115e+00 4.58331436656280e-01 5.87851387178617e-03 
1.42628397362028e+00 4.54810467956864e-01 5.87409568132799e-03 
1.43153732158942e+00 4.51279360787790e-01 5.86902077470534e-03 
1.43679066955855e+00 4.47738532651133e-01 5.86328882708116e-03 
1.44204401752769e+00 4.44188405539468e-01 5.85689972473465e-03 
1.44729736549683e+00 4.40629405808960e-01 5.84985356662631e-03 
1.45255071346596e+00 4.37061964049187e-01 5.84215066585460e-03 
1.45780406143510e+00 4.33486514949752e-01 5.83379155100333e-03 
1.46305740940423e+00 4.29903497163722e-01 5.82477696737702e-03 
1.46831075737337e+00 4.26313353167947e-01 5.81510787812038e-03 
1.47356410534250e+00 4.22716529120325e-01 5.80478546522280e-03 
1.47881745331164e+00 4.19113474714064e-01 5.79381113040279e-03 
1.48407080128077e+00 4.15504643029004e-01 5.78218649587279e-03 
1.48932414924991e+00 4.11890490380063e-01 5.76991340498103e-03 
1.49457749721904e+00 4.08271476162885e-01 5.75699392272758e-03 
1.49983084518818e+00 4.04648062696744e-01 5.74221988538173e-03 
1.50508419315732e+00 4.01023940061830e-01 5.72426733192530e-03 
1.51033754112645e+00 3.97403180976594e-01 5.70443337632077e-03 
1.51559088909559e+00 3.93786143721578e-01 5.68413484541473e-03 
1.52084423706472e+00 3.90173186227944e-01 5.66337582094419e-03 
1.52609758503386e+00 3.86564665973590e-01 5.64216050704620e-03 
1.53135093300299e+00 3.82960939879002e-01 5.62049322912582e-03 
1.53660428097213e+00 3.79362364202893e-01 5.59837843266307e-03 
1.54185762894126e+00 3.75769294437666e-01 5.57582068196111e-03 
1.54711097691040e+00 3.72182085204776e-01 5.55282465883191e-03 
1.55236432487954e+00 3.68601090150008e-01 5.52939516122367e-03 
1.55761767284867e+00 3.65026661838758e-01 5.50553710178877e-03 
1.56287102081781e+00 3.61459151651342e-01 5.48125550639227e-03 
1.56812436878694e+00 3.57898909678400e-01 5.45655551256156e-03 
1.57337771675608e+00 3.54346284616438e-01 5.43144236787826e-03 
1.57863106472521e+00 3.50801623663568e-01 5.40592142831341e-03 
1.58388441269435e+00 3.47265272415499e-01 5.37999815650508e-03 
1.58913776066348e+00 3.43737574761823e-01 5.35367811997974e-03 
1.59439110863262e+00 3.40218872782659e-01 5.32696698931878e-03 
1.59964445660175e+00 3.36709506645708e-01 5.29987053626991e-03 
1.60489780457089e+00 3.33209814503765e-01 5.27239463180457e-03 
1.61015115254003e+00 3.29720132392749e-01 5.24454524412248e-03 
1.61540450050916e+00 3.26240794130301e-01 5.21632843660376e-03 
1.62065784847830e+00 3.22772131215008e-01 5.18775036570995e-03 
1.62591119644743e+00 3.19314472726298e-01 5.15881727883472e-03 
1.63116454441657e+00 3.15868145225073e-01 5.12953551210534e-03 
1.63641789238570e+00 3.12433472655113e-01 5.09991148813540e-03 
1.64167124035484e+00 3.09010776245334e-01 5.06995171373029e-03 
1.64692458832397e+00 3.05600374412916e-01 5.03966277754776e-03 
1.65217793629311e+00 3.02202582667391e-01 5.00905134771213e-03 
1.65743128426224e+00 2.98817713515713e-01 4.97812416938562e-03 
1.66268463223138e+00 2.95446076368382e-01 4.94688806229746e-03 
1.66793798020052e+00 2.92087977446663e-01 4.91534991823062e-03 
1.67319132816965e+00 2.88743719690957e-01 4.88351669846993e-03 
1.67844467613879e+00 2.85413602670369e-01 4.85139543121141e-03 
1.68369802410792e+00 2.82097922493535e-01 4.81899320893398e-03 
1.68895137207706e+00 2.78796971720738e-01 4.78631718573638e-03 
1.69420472004619e+00 2.75511039277383e-01 4.75337457463892e-03 
1.69945806801533e+00 2.72240410368869e-01 4.72017264485281e-03 
1.70471141598446e+00 2.68985366396899e-01 4.68671871901889e-03 
1.70996476395360e+00 2.65746184877299e-01 4.65302017041573e-03 
1.71521811192274e+00 2.62523139359357e-01 4.61908442014088e-03 
1.72047145989187e+00 2.59316499346768e-01 4.58491893426430e-03 
1.72572480786101e+00 2.56126530220189e-01 4.55053122095750e-03 
1.73097815583014e+00 2.52953493161486e-01 4.51592882760052e-03 
1.73623150379928e+00 2.49797645079683e-01 4.48111933786546e-03 
1.74148485176841e+00 2.46659238538680e-01 4.44611036878176e-03 
1.74673819973755e+00 2.43538521686768e-01 4.41090956778323e-03 
1.75199154770668e+00 2.40435738187979e-01 4.37552460973839e-03 
1.75724489567582e+00 2.37351127155325e-01 4.33996319396660e-03 
1.76249824364495e+00 2.34284923085943e-01 4.30423304124101e-03 
1.76775159161409e+00 2.31237355798204e-01 4.26834189078111e-03 
1.77300493958323e+00 2.28208650370802e-01 4.23229749723616e-03 
1.77825828755236e+00 2.25199027083869e-01 4.19610762766112e-03 
1.78351163552150e+00 2.22208701362155e-01 4.15978005848706e-03 
1.78876498349063e+00 2.19237883720284e-01 4.12332257248826e-03 
1.79401833145977e+00 2.16286779710137e-01 4.08674295574790e-03 
1.79927167942890e+00 2.13355589870381e-01 4.05004899462267e-03 
1.80452502739804e+00 2.10444509678177e-01 4.01324847271081e-03 
1.80977837536717e+00 2.07553729503088e-01 3.97634916782368e-03 
1.81503172333631e+00 2.04683434563218e-01 3.93935884896234e-03 
1.82028507130544e+00 2.01833804883599e-01 3.90228527330273e-03 
1.82553841927458e+00 1.99005015256862e-01 3.86513618319019e-03 
1.83079176724372e+00 1.96197235206187e-01 3.82791930314510e-03 
1.83604511521285e+00 1.93410628950589e-01 3.79064233688197e-03 
1.84129846318199e+00 1.90645355372514e-01 3.75331296434393e-03 
1.84655181115112e+00 1.87901567987805e-01 3.71593883875376e-03 
1.85180515912026e+00 1.85179414918014e-01 3.67852758368419e-03 
1.85705850708939e+00 1.82479038865105e-01 3.64108679014859e-03 
1.86231185505853e+00 1.79800577088537e-01 3.60362401371442e-03 
1.86756520302766e+00 1.77144161384748e-01 3.56614677164107e-03 
1.87281855099680e+00 1.74509918069051e-01 3.52866254004358e-03 
1.87807189896594e+00 1.71897967959935e-01 3.49117875108430e-03 
1.88332524693507e+00 1.69308426365794e-01 3.45370279019430e-03 
1.88857859490421e+00 1.66741403074077e-01 3.41624199332624e-03 
1.89383194287334e+00 1.64197002342860e-01 3.37880364423979e-03 
1.89908529084248e+00 1.61675322894846e-01 3.34186549866685e-03 
1.90433863881161e+00 1.59174890998125e-01 3.30636898603468e-03 
1.90959198678075e+00 1.56692650565252e-01 3.27176335192493e-03 
1.91484533474988e+00 1.54228868392614e-01 3.23702660194438e-03 
1.92009868271902e+00 1.51783804420379e-01 3.20216903926283e-03 
1.92535203068815e+00 1.49357711635269e-01 3.16720096363583e-03 
1.93060537865729e+00 1.46950835977741e-01 3.13213266564964e-03 
1.93585872662643e+00 1.44563416253651e-01 3.09697442097830e-03 
1.94111207459556e+00 1.42195684050473e-01 3.06173648465795e-03 
1.94636542256470e+00 1.39847863658130e-01 3.02642908538305e-03 
1.95161877053383e+00 1.37520171994518e-01 2.99106241983000e-03 
1.95687211850297e+00 1.35212818535757e-01 2.95564664701353e-03 
1.96212546647210e+00 1.32926005251241e-01 2.92019188268100e-03 
1.96737881444124e+00 1.30659926543524e-01 2.88470819374896e-03 
1.97263216241037e+00 1.28414769193099e-01 2.84920559278759e-03 
1.97788551037951e+00 1.26190712308087e-01 2.81369403255840e-03 
1.98313885834864e+00 1.23987927278896e-01 2.77818340060932e-03 
1.98839220631778e+00 1.21806577737866e-01 2.74268351393263e-03 
1.99364555428692e+00 1.19646819523916e-01 2.70720411369057e-03 
1.99889890225605e+00 1.17508800652241e-01 2.67175486001294e-03 
2.00415225022519e+00 1.15392661289037e-01 2.63634532687193e-03 
2.00940559819432e+00 1.13298533731302e-01 2.60098499703842e-03 
2.01465894616346e+00 1.11226542391683e-01 2.56568325712455e-03 
2.01991229413259e+00 1.09176803788396e-01 2.53044939271692e-03 
2.02516564210173e+00 1.07149426540199e-01 2.49529258360419e-03 
2.03041899007086e+00 1.05144511366415e-01 2.46022189910440e-03 
2.03567233804000e+00 1.03162151091982e-01 2.42524629349518e-03 
2.04092568600914e+00 1.01202430657520e-01 2.39037460155100e-03 
2.04617903397827e+00 9.92654271343870e-02 2.35561553419186e-03 
2.05143238194741e+00 9.73512097446854e-02 2.32097767424656e-03 
2.05668572991654e+00 9.54598398862001e-02 2.28646947233430e-03 
2.06193907788568e+00 9.35913711622140e-02 2.25209924286837e-03 
2.06719242585481e+00 9.17458494161643e-02 2.21787516018493e-03 
2.07244577382395e+00 8.99233127710896e-02 2.18380525479998e-03 
2.07769912179308e+00 8.81237916738121e-02 2.14989740979789e-03 
2.08295246976222e+00 8.63473089437982e-02 2.11615935735419e-03 
2.08820581773135e+00 8.45938798266340e-02 2.08259867539531e-03 
2.09345916570049e+00 8.28635120520481e-02 2.04922278439770e-03 
2.09871251366963e+00 8.11562058964105e-02 2.01585551160914e-03 
2.10396586163876e+00 7.94726686089120e-02 1.98199245372848e-03 
2.10921920960790e+00 7.78148969001522e-02 1.94788066649592e-03 
2.11447255757703e+00 7.61827140599701e-02 1.91410720706923e-03 
2.11972590554617e+00 7.45759397797972e-02 1.88067436700212e-03 
2.12497925351530e+00 7.29943902587769e-02 1.84758429554217e-03 
2.13023260148444e+00 7.14378783103958e-02 1.81483900039160e-03 
2.13548594945357e+00 6.99062134695567e-02 1.78244034854014e-03 
2.14073929742271e+00 6.83992021000245e-02 1.75039006716837e-03 
2.14599264539184e+00 6.69166475021789e-02 1.71868974462034e-03 
2.15124599336098e+00 6.54583500210043e-02 1.68734083144432e-03 
2.15649934133012e+00 6.40241071542505e-02 1.65634464149986e-03 
2.16175268929925e+00 6.26137136606974e-02 1.62570235313025e-03 
2.16700603726839e+00 6.12269616684575e-02 1.59541501039867e-03 
2.17225938523752e+00 5.98636407832494e-02 1.56548352438649e-03 
2.17751273320666e+00 5.85235381965792e-02 1.53590867455216e-03 
2.18276608117579e+00 5.72064387937633e-02 1.50669111014936e-03 
2.18801942914493e+00 5.59121252617300e-02 1.47783135170243e-03 
2.19327277711406e+00 5.46403781965369e-02 1.44932979253772e-03 
2.19852612508320e+00 5.33909762105420e-02 1.42125580729418e-03 
2.20377947305234e+00 5.21634114288986e-02 1.39384435253984e-03 
2.20903282102147e+00 5.09564849882575e-02 1.36699917416389e-03 
2.21428616899061e+00 4.97700511945184e-02 1.34045112220005e-03 
2.21953951695974e+00 4.86039603841750e-02 1.31420250774502e-03 
2.22479286492888e+00 4.74580590434918e-02 1.28825548412359e-03 
2.23004621289801e+00 4.63321899286189e-02 1.26261204776456e-03 
2.23529956086715e+00 4.52261921865425e-02 1.23727403917947e-03 
2.24055290883628e+00 4.41399014767692e-02 1.21224314404230e-03 
2.24580625680542e+00 4.30731500936417e-02 1.18752089436808e-03 
2.25105960477455e+00 4.20257670891856e-02 1.16310866978843e-03 
2.25631295274369e+00 4.09975783963843e-02 1.13900769892178e-03 
2.26156630071283e+00 3.99884069527833e-02 1.11521906083600e-03 
2.26681964868196e+00 3.89980728243227e-02 1.09174368660111e-03 
2.27207299665110e+00 3.80263933293001e-02 1.06858236092972e-03 
2.27732634462023e+00 3.70731831623642e-02 1.04573572390274e-03 
2.28257969258937e+00 3.61382545184441e-02 1.02320427277770e-03 
2.28783304055850e+00 3.52214172165152e-02 1.00098836387711e-03 
2.29308638852764e+00 3.43224788231104e-02 9.79088214554345e-04 
2.29833973649677e+00 3.34412447754799e-02 9.57503905234074e-04 
2.30359308446591e+00 3.25775185043092e-02 9.36235381524642e-04 
2.30884643243504e+00 3.17311015559043e-02 9.15282456399560e-04 
2.31409978040418e+00 3.09017937137543e-02 8.94644812445189e-04 
2.31935312837332e+00 3.00893931193848e-02 8.74322004171786e-04 
2.32460647634245e+00 2.92936963924155e-02 8.54313460384905e-04 
2.32985982431159e+00 2.85144987497389e-02 8.34618486614124e-04 
2.33511317228072e+00 2.77515941237369e-02 8.15236267596278e-04 
2.34036652024986e+00 2.70047752794573e-02 7.96165869810124e-04 
2.34561986821899e+00 2.62738339306690e-02 7.77406244059276e-04 
2.35087321618813e+00 2.55585608547229e-02 7.58956228100463e-04 
2.35612656415726e+00 2.48587460061434e-02 7.40814549314035e-04 
2.36137991212640e+00 2.41741786288789e-02 7.22979827413660e-04 
2.36663326009554e+00 2.35046473671418e-02 7.05450577192121e-04 
2.37188660806467e+00 2.28499403747724e-02 6.88225211300121e-04 
2.37713995603381e+00 2.22098454230603e-02 6.71302043055069e-04 
2.38239330400294e+00 2.15841500069624e-02 6.54679289276804e-04 
2.38764665197208e+00 2.09726414496571e-02 6.38355073147148e-04 
2.39289999994121e+00 2.03751070053786e-02 6.22327427090318e-04 
2.39815334791035e+00 1.97913339604749e-02 6.06594295671224e-04 
2.40340669587948e+00 1.92211097326392e-02 5.91153538508606e-04 
2.40866004384862e+00 1.86642219682641e-02 5.76002933200089e-04 
2.41391339181775e+00 1.81204586378718e-02 5.61140178256209e-04 
2.41916673978689e+00 1.75896081295768e-02 5.46562896040589e-04 
2.42442008775603e+00 1.70714593405389e-02 5.32268635713377e-04 
2.42967343572516e+00 1.65658017663667e-02 5.18254876175137e-04 
2.43492678369430e+00 1.60724255884377e-02 5.04519029008426e-04 
2.44018013166343e+00 1.55911217590987e-02 4.91058441414370e-04 
2.44543347963257e+00 1.51216820847168e-02 4.77870399141584e-04 
2.45068682760170e+00 1.46638993065536e-02 4.64952129404761e-04 
2.45594017557084e+00 1.42175671794342e-02 4.52300803790449e-04 
2.46119352353997e+00 1.37824805481913e-02 4.39913541147478e-04 
2.46644687150911e+00 1.33584354218609e-02 4.27787410459601e-04 
2.47170021947824e+00 1.29452290456144e-02 4.15919433697997e-04 
2.47695356744738e+00 1.25426599704099e-02 4.04306588651308e-04 
2.48220691541652e+00 1.21505281203509e-02 3.92945811730965e-04 
2.48746026338565e+00 1.17686348577425e-02 3.81834000749643e-04 
2.49271361135479e+00 1.13967830458364e-02 3.70968017670736e-04 
2.49796695932392e+00 1.10347771092607e-02 3.60351500189338e-04 
2.50322030729306e+00 1.06823881584217e-02 3.50032145395759e-04 
2.50847365526219e+00 1.03391611106759e-02 3.39993015429951e-04 
2.51372700323133e+00 1.00049330717085e-02 3.30169660012292e-04 
2.51898035120046e+00 9.67954155174825e-03 3.20559931001579e-04 
2.52423369916960e+00 9.36282455179011e-03 3.11161618033168e-04 
2.52948704713874e+00 9.05462064757160e-03 3.01972451582850e-04 
2.53474039510787e+00 8.75476907126349e-03 2.92990106019575e-04 
2.53999374307701e+00 8.46310979084014e-03 2.84212202643744e-04 
2.54524709104614e+00 8.17948358709710e-03 2.75636312707821e-04 
2.55050043901528e+00 7.90373212828818e-03 2.67259960416142e-04 
2.55575378698441e+00 7.63569804235679e-03 2.59080625900899e-04 
2.56100713495355e+00 7.37522498674045e-03 2.51095748171306e-04 
2.56626048292268e+00 7.12215771573058e-03 2.43302728033124e-04 
2.57151383089182e+00 6.87634214537300e-03 2.35698930975792e-04 
2.57676717886095e+00 6.63762541589808e-03 2.28281690024494e-04 
2.58202052683009e+00 6.40585595167277e-03 2.21048308554644e-04 
2.58727387479923e+00 6.18088351866974e-03 2.13996063066337e-04 
2.59252722276836e+00 5.96255927945250e-03 2.07122205916420e-04 
2.59778057073750e+00 5.75073584567802e-03 2.00423968005991e-04 
2.60303391870663e+00 5.54526732812180e-03 1.93898561421199e-04 
2.60828726667577e+00 5.34600938423303e-03 1.87543182025365e-04 
2.61354061464490e+00 5.15281926323073e-03 1.81355012000521e-04 
2.61879396261404e+00 4.96555584875415e-03 1.75331222336619e-04 
2.62404731058317e+00 4.78407969908388e-03 1.69468975266760e-04 
2.62930065855231e+00 4.60825308495257e-03 1.63765426646875e-04 
2.63455400652144e+00 4.43794002496672e-03 1.58217728278470e-04 
2.63980735449058e+00 4.27300631866362e-03 1.52823030173104e-04 
2.64506070245972e+00 4.11331957722968e-03 1.47578482757426e-04 
2.65031405042885e+00 3.95874925190908e-03 1.42481239017664e-04 
2.65556739839799e+00 3.80916666013338e-03 1.37528456582625e-04 
2.66082074636712e+00 3.66444500940522e-03 1.32717299744330e-04 
2.66607409433626e+00 3.52445941897107e-03 1.28044941415545e-04 
2.67132744230539e+00 3.38908693931992e-03 1.23508565023577e-04 
2.67658079027453e+00 3.25820656954659e-03 1.19105366339794e-04 
2.68183413824366e+00 3.13169927262005e-03 1.14832555244450e-04 
2.68708748621280e+00 3.00944798859873e-03 1.10687357426493e-04 
2.69234083418194e+00 2.89133764583629e-03 1.06667016018141e-04 
2.69759418215107e+00 2.77725517022274e-03 1.02768793164095e-04 
2.70284753012021e+00 2.66708949250690e-03 9.89899715253877e-05 
2.70810087808934e+00 2.56073155374770e-03 9.53278557179064e-05 
2.71335422605848e+00 2.45807430894256e-03 9.17797736857806e-05 
2.71860757402761e+00 2.35901272888232e-03 8.83430780098736e-05 
2.72386092199675e+00 2.26344380028282e-03 8.50151471517220e-05 
2.72911426996588e+00 2.17126652424429e-03 8.17933866333366e-05 
2.73436761793502e+00 2.08238191309007e-03 7.86752301533742e-05 
2.73962096590415e+00 1.99669298563701e-03 7.56581406402548e-05 
2.74487431387329e+00 1.91410476095034e-03 7.27396112428774e-05 
2.75012766184243e+00 1.83452425063590e-03 6.99171662596601e-05 
2.75538100981156e+00 1.75786044972348e-03 6.71883620066921e-05 
2.76063435778070e+00 1.68402432619456e-03 6.45507876258599e-05 
2.76588770574983e+00 1.61292880920843e-03 6.20020658338557e-05 
2.77114105371897e+00 1.54448877608039e-03 5.95398536130472e-05 
2.77639440168810e+00 1.47862103806563e-03 5.71618428452385e-05 
2.78164774965724e+00 1.41524432500260e-03 5.48657608893964e-05 
2.78690109762637e+00 1.35427926886908e-03 5.26493711044730e-05 
2.79215444559551e+00 1.29564838630408e-03 5.05104733184940e-05 
2.79740779356464e+00 1.23927606014834e-03 4.84468861326820e-05 
2.80266114153378e+00 1.18508864505354e-03 4.64538753375732e-05 
2.80791448950292e+00 1.13303229972811e-03 4.45297625194805e-05 
2.81316783747205e+00 1.08303451634369e-03 4.26758771541411e-05 
2.81842118544119e+00 1.03502475325671e-03 4.08900908712880e-05 
2.82367453341032e+00 9.88934402490213e-04 3.91703211289145e-05 
2.82892788137946e+00 9.44696756905144e-04 3.75145309937284e-05 
2.83418122934859e+00 9.02246977103856e-04 3.59207288877303e-05 
2.83943457731773e+00 8.61522058107748e-04 3.43869683024127e-05 
2.84468792528686e+00 8.22460795849549e-04 3.29113474820612e-05 
2.84994127325600e+00 7.85003753519620e-04 3.14920090776370e-05 
2.85519462122513e+00 7.49093227804461e-04 3.01271397727015e-05 
2.86044796919427e+00 7.14673215054354e-04 2.88149698828321e-05 
2.86570131716341e+00 6.81689377415837e-04 2.75537729299614e-05 
2.87095466513254e+00 6.50089008963491e-04 2.63418651930511e-05 
2.87620801310168e+00 6.19821001864233e-04 2.51776052364997e-05 
2.88146136107081e+00 5.90835812606096e-04 2.40593934176529e-05 
2.88671470903995e+00 5.63085428322206e-04 2.29856713747715e-05 
2.89196805700908e+00 5.36523333239418e-04 2.19549214967810e-05 
2.89722140497822e+00 5.11104475279835e-04 2.09656663761078e-05 
2.90247475294735e+00 4.86785232842191e-04 2.00164682458769e-05 
2.90772810091649e+00 4.63523381788841e-04 1.91059284027191e-05 
2.91298144888563e+00 4.41278062662882e-04 1.82326866164126e-05 
2.91823479685476e+00 4.20009748158729e-04 1.73954205275457e-05 
2.92348814482390e+00 3.99680210868230e-04 1.65928450343663e-05 
2.92874149279303e+00 3.80252491323270e-04 1.58237116699495e-05 
2.93399484076217e+00 3.61690866354598e-04 1.50868079707824e-05 
2.93924818873130e+00 3.43960817785486e-04 1.43809568378354e-05 
2.94450153670044e+00 3.27029001477670e-04 1.37050158911578e-05 
2.94975488466957e+00 3.10863216745924e-04 1.30578768190006e-05 
2.95500823263871e+00 2.95432376156506e-04 1.24384647224380e-05 
2.96026158060784e+00 2.80706475723657e-04 1.18457374564257e-05 
2.96551492857698e+00 2.66656565517249e-04 1.12786849682019e-05 
2.97076827654612e+00 2.53254720693689e-04 1.07363286339004e-05 
2.97602162451525e+00 2.40474012961143e-04 1.02177205942159e-05 
2.98127497248439e+00 2.28288482489182e-04 9.72194308992532e-06 
2.98652832045352e+00 2.16673110271990e-04 9.24810779803565e-06 
2.99178166842266e+00 2.05603790953348e-04 8.79535516929772e-06 
2.99703501639179e+00 1.95057306120688e-04 8.36285376779010e-06 
3.00228836436093e+00 1.85011298074656e-04 7.94947989933248e-06 
3.00754171233006e+00 1.75446990461010e-04 7.55449082921822e-06 
3.01279506029920e+00 1.66343425892199e-04 7.17758364260289e-06 
3.01804840826833e+00 1.57680265122399e-04 6.81803961549207e-06 
3.02330175623747e+00 1.49437969663206e-04 6.47513638288030e-06 
3.02855510420661e+00 1.41597775063636e-04 6.14817768250827e-06 
3.03380845217574e+00 1.34141664856426e-04 5.83649260215539e-06 
3.03906180014488e+00 1.27052345164267e-04 5.53943483984231e-06 
3.04431514811401e+00 1.20313219959119e-04 5.25638197713623e-06 
3.04956849608315e+00 1.13908366967396e-04 4.98673476572684e-06 
3.05482184405228e+00 1.07822514213352e-04 4.72991642741668e-06 
3.06007519202142e+00 1.02041017192700e-04 4.48537196764572e-06 
3.06532853999055e+00 9.65498366681216e-05 4.25256750264837e-06 
3.07058188795969e+00 9.13355170780188e-05 4.03098960031835e-06 
3.07583523592883e+00 8.63851655496010e-05 3.82014463483695e-06 
3.08108858389796e+00 8.16864315071073e-05 3.61955815509993e-06 
3.08634193186710e+00 7.72274868657518e-05 3.42877426695907e-06 
3.09159527983623e+00 7.29970068017586e-05 3.24735502927670e-06 
3.09684862780537e+00 6.89841510886640e-05 3.07487986377362e-06 
3.10210197577450e+00 6.51785459898952e-05 2.91094497863477e-06 
3.10735532374364e+00 6.15702666974899e-05 2.75516280582102e-06 
3.11260867171277e+00 5.81498203066901e-05 2.60716145202051e-06 
3.11786201968191e+00 5.49081293160415e-05 2.46658416315942e-06 
3.12311536765104e+00 5.18365156425348e-05 2.33308880237798e-06 
3.12836871562018e+00 4.89266851412609e-05 2.20634734136579e-06 
3.13362206358932e+00 4.61707126189935e-05 2.08604536493814e-06 
3.13887541155845e+00 4.35610273310794e-05 1.97188158872443e-06 
3.14412875952759e+00 4.10903989509935e-05 1.86356738982921e-06 
3.14938210749672e+00 3.87519240019107e-05 1.76082635031710e-06 
3.15463545546586e+00 3.65390127396555e-05 1.66339381336349e-06 
3.15988880343499e+00 3.44453764764108e-05 1.57101645190518e-06 
3.16514215140413e+00 3.24650153346046e-05 1.48345184961728e-06 
3.17039549937326e+00 3.05922064204391e-05 1.40046809403573e-06 
3.17564884734240e+00 2.88214924065865e-05 1.32184338163868e-06 
3.18090219531154e+00 2.71476705136444e-05 1.24736563469397e-06 
3.18615554328067e+00 2.55657818800274e-05 1.17683212967505e-06 
3.19140889124981e+00 2.40711013100563e-05 1.11004913704286e-06 
3.19666223921894e+00 2.26591273901098e-05 1.04683157218727e-06 
3.20191558718808e+00 2.13255729628097e-05 9.87002657318063e-07 
3.20716893515721e+00 2.00663559493232e-05 9.30393594092392e-07 
3.21242228312635e+00 1.88775905099930e-05 8.76843246763006e-07 
3.21767563109548e+00 1.77555785336324e-05 8.26197835629539e-07 
3.22292897906462e+00 1.66968014459573e-05 7.78310640573274e-07 
3.22818232703375e+00 1.56979123277712e-05 7.33041714454679e-07 
3.23343567500289e+00 1.47557283336619e-05 6.90257606152016e-07 
3.23868902297203e+00 1.38672234021233e-05 6.49831093018829e-07 
3.24394237094116e+00 1.30295212481668e-05 6.11640922538033e-07 
3.24919571891030e+00 1.22398886296487e-05 5.75571562950422e-07 
3.25444906687943e+00 1.14957288787013e-05 5.41512962635921e-07 
3.25970241484857e+00 1.07945756898189e-05 5.09360318026817e-07 
3.26495576281770e+00 1.01340871563190e-05 4.79013849833205e-07 
3.27020911078684e+00 9.51204004706822e-06 4.50378587362249e-07 
3.27546245875597e+00 8.92632431553231e-06 4.23364160714515e-07 
3.28071580672511e+00 8.37493783338353e-06 3.97884600642475e-07 
3.28596915469424e+00 7.85598134107161e-06 3.73858145858311e-07 
3.29122250266338e+00 7.36765360793831e-06 3.51207057580476e-07 
3.29647585063252e+00 6.90824679463057e-06 3.29857441110886e-07 
3.30172919860165e+00 6.47614201074165e-06 3.09739074237259e-07 
3.30698254657079e+00 6.06980506078384e-06 2.90785242257957e-07 
3.31223589453992e+00 5.68778237177066e-06 2.72932579429561e-07 
3.31748924250906e+00 5.32869709585922e-06 2.56120916640533e-07 
3.32274259047819e+00 4.99124538167597e-06 2.40293135117508e-07 
3.32799593844733e+00 4.67419280812016e-06 2.25395025974044e-07 
3.33324928641646e+00 4.37637097460909e-06 2.11375155415079e-07 
3.33850263438560e+00 4.09667424189741e-06 1.98184735413835e-07 
3.34375598235474e+00 3.83405661776935e-06 1.85777499681429e-07 
3.34900933032387e+00 3.58752878206742e-06 1.74109584753138e-07 
3.35426267829301e+00 3.35615524568372e-06 1.63139416018898e-07 
3.35951602626214e+00 3.13905163830046e-06 1.52827598529353e-07 
3.36476937423128e+00 2.93538211982453e-06 1.43136812412543e-07 
3.37002272220041e+00 2.74435691061680e-06 1.34031712740093e-07 
3.37527607016955e+00 2.56522993576983e-06 1.25478833685574e-07 
3.38052941813868e+00 2.39729657883895e-06 1.17446496821533e-07 
3.38578276610782e+00 2.23989154057888e-06 1.09904723405503e-07 
3.39103611407695e+00 2.09238679838416e-06 1.02825150509129e-07 
3.39628946204609e+00 1.95418966227339e-06 9.61809508483602e-08 
3.40154281001523e+00 1.82474092339726e-06 8.99467561764443e-08 
3.40679615798436e+00 1.70351309118695e-06 8.40985841052442e-08 
3.41204950595350e+00 1.59000871539298e-06 7.86137682241548e-08 
3.41730285392263e+00 1.48375878939542e-06 7.34708913895948e-08 
3.42255620189177e+00 1.38432123129410e-06 6.86497220617556e-08 
3.42780954986090e+00 1.29127943941197e-06 6.41311535689234e-08 
3.43306289783004e+00 1.20424091896639e-06 5.98971461832915e-08 
3.43831624579917e+00 1.12283597678173e-06 5.59306718957383e-08 
3.44356959376831e+00 1.04671648103214e-06 5.22156617805492e-08 
3.44882294173744e+00 9.75554683115788e-07 4.87369558445138e-08 
3.45407628970658e+00 9.09042098871140e-07 4.54802552582228e-08 
3.45932963767572e+00 8.46888446452646e-07 4.24320768707299e-08 
3.46458298564485e+00 7.88820638286113e-07 3.95797099120212e-08 
3.46983633361399e+00 7.34581824624836e-07 3.69111747909468e-08 
3.47508968158312e+00 6.83930486324882e-07 3.44151838994247e-08 
3.48034302955226e+00 6.36639574552531e-07 3.20811043368154e-08 
3.48559637752139e+00 5.92495695228559e-07 2.98989224713775e-08 
3.49084972549053e+00 5.51298336102933e-07 2.78592102586776e-08 
3.49610307345966e+00 5.12859134439486e-07 2.59530932397048e-08 
3.50135642142880e+00 4.77001183373486e-07 2.41722201442601e-08 
3.50660976939793e+00 4.43558375085559e-07 2.25087340279365e-08 
3.51186311736707e+00 4.12374779013351e-07 2.09552448736821e-08 
3.51711646533621e+00 3.83304053397624e-07 1.95048035915458e-08 
3.52236981330534e+00 3.56208888532191e-07 1.81508773527447e-08 
3.52762316127448e+00 3.30960480157329e-07 1.68873261966589e-08 
3.53287650924361e+00 3.07438031504059e-07 1.57083808517575e-08 
3.53812985721275e+00 2.85528282562026e-07 1.46086217137933e-08 
3.54338320518188e+00 2.65125065206705e-07 1.35829589268623e-08 
3.54863655315102e+00 2.46128882882366e-07 1.26266135151190e-08 
3.55388990112015e+00 2.28446513595654e-07 1.17350995150664e-08 
3.55914324908929e+00 2.11990635030950e-07 1.09042070604001e-08 
3.56439659705843e+00 1.96679470652775e-07 1.01299863733795e-08 
3.56964994502756e+00 1.82436455712581e-07 9.40873261863447e-09 
3.57490329299670e+00 1.69189922127313e-07 8.73697157717636e-09 
3.58015664096583e+00 1.56872801245218e-07 8.11144610019460e-09 
3.58540998893497e+00 1.45422343560549e-07 7.52910330395791e-09 
3.59066333690410e+00 1.34779854483131e-07 6.98708246882553e-09 
3.59591668487324e+00 1.24890445311325e-07 6.48270360699745e-09 
3.60117003284237e+00 1.15702798597681e-07 6.01342653557665e-09 
3.60642338081151e+00 1.07169607879144e-07 5.57689810631800e-09 
3.61167672878064e+00 9.92461357581704e-08 5.17098445365508e-09 
3.61693007674978e+00 9.18903250976510e-08 4.79364071050549e-09 
3.62218342471892e+00 8.50629067242982e-08 4.44293022353206e-09 
3.62743677268805e+00 7.87272228476274e-08 4.11704211868231e-09 
3.63269012065719e+00 7.28490610815716e-08 3.81428352790924e-09 
3.63794346862632e+00 6.73964984718467e-08 3.53307226871028e-09 
3.64319681659546e+00 6.23397549631589e-08 3.27192995196460e-09 
3.64845016456459e+00 5.76510557698870e-08 3.02947549475558e-09 
3.65370351253373e+00 5.33045021420262e-08 2.80441901602065e-09 
3.65895686050286e+00 4.92759500450043e-08 2.59555609397556e-09 
3.66421020847200e+00 4.55428962975325e-08 2.40176236531661e-09 
3.66946355644113e+00 4.20843717359799e-08 2.22198844721498e-09 
3.67471690441027e+00 3.88808409969114e-08 2.05525516408189e-09 
3.67997025237941e+00 3.59141085314599e-08 1.90064906200535e-09 
3.68522360034854e+00 3.31672304861540e-08 1.75731819463941e-09 
3.69047694831768e+00 3.06244321047417e-08 1.62446816516622e-09 
3.69573029628681e+00 2.82710303244836e-08 1.50135840975293e-09 
3.70098364425595e+00 2.60933612583758e-08 1.38729870868900e-09 
3.70623699222508e+00 2.40787122718485e-08 1.28164591211790e-09 
3.71149034019422e+00 2.22152583787037e-08 1.18380086797104e-09 
3.71674368816335e+00 2.04920026964542e-08 1.09320554037265e-09 
3.72199703613249e+00 1.88987207158296e-08 1.00934030741341e-09 
3.72725038410163e+00 1.74259081530712e-08 9.31721427789774e-10 
3.73250373207076e+00 1.60647321667728e-08 8.59898666375421e-10 
3.73775708003990e+00 1.48069857334762e-08 7.93453069333151e-10 
3.74301042800903e+00 1.36450449880254e-08 7.31994879890750e-10 
3.74826377597817e+00 1.25718293458604e-08 6.75161586393713e-10 
3.75351712394730e+00 1.15807642350110e-08 6.22616094712802e-10 
3.75877047191644e+00 1.06657462755689e-08 5.74045017525991e-10 
3.76402381988557e+00 9.82111075388931e-09 5.29157073413448e-10 
3.76927716785471e+00 9.04160124774621e-09 4.87681589102093e-10 
3.77453051582384e+00 8.32234126713652e-09 4.49367098573463e-10 
3.77978386379298e+00 7.65880778344798e-09 4.13980033106473e-10 
3.78503721176212e+00 7.04680652727810e-09 3.81303496665765e-10 
3.79029055973125e+00 6.48244894234805e-09 3.51136121367709e-10 
3.79554390770039e+00 5.96213068971327e-09 3.23290998060548e-10 
3.80079725566952e+00 5.48251160285383e-09 2.97594677343358e-10 
3.80605060363866e+00 5.04049700024964e-09 2.73886236621411e-10 
3.81130395160779e+00 4.63322026772811e-09 2.52016409053648e-10 
3.81655729957693e+00 4.25802662823186e-09 2.31846770492208e-10 
3.82181064754606e+00 3.91245802170783e-09 2.13248980744876e-10 
3.82706399551520e+00 3.59423902258392e-09 1.96104075709604e-10 
3.83231734348433e+00 3.30126372678833e-09 1.80301807136523e-10 
3.83757069145347e+00 3.03158354449685e-09 1.65740026967744e-10 
3.84282403942261e+00 2.78339583877621e-09 1.52324113389195e-10 
3.84807738739174e+00 2.55503335404214e-09 1.39966435902488e-10 
3.85333073536088e+00 2.34495438178037e-09 1.28585856888705e-10 
3.85858408333001e+00 2.15173361429978e-09 1.18107267290604e-10 
3.86383743129915e+00 1.97405364041125e-09 1.08461154185620e-10 
3.86909077926828e+00 1.81069703986292e-09 9.95831981594631e-11 
3.87434412723742e+00 1.66053903612435e-09 9.14138985197273e-11 
3.87959747520655e+00 1.52254066970708e-09 8.38982245109621e-11 
3.88485082317569e+00 1.39574245664736e-09 7.69852908076379e-11 
3.89010417114482e+00 1.27925849906664e-09 7.06280556696877e-11 
3.89535751911396e+00 1.17227101687552e-09 6.47830402471802e-11 
3.90061086708310e+00 1.07402527170520e-09 5.94100676165489e-11 
3.90586421505223e+00 9.83824856043988e-10 5.44720202209745e-11 
3.91111756302137e+00 9.01027322333263e-10 4.99346144723065e-11 
3.91637091099050e+00 8.25040128443347e-10 4.57661913516184e-11 
3.92162425895964e+00 7.55316877511668e-10 4.19375219203911e-11 
3.92687760692877e+00 6.91353831589848e-10 3.84216267246814e-11 
3.93213095489791e+00 6.32686679918086e-10 3.51936081407246e-11 
3.93738430286704e+00 5.78887543930289e-10 3.22304947724530e-11 
3.94263765083618e+00 5.29562202296754e-10 2.95110970696486e-11 
3.94789099880532e+00 4.84347520437837e-10 2.70158733900812e-11 
3.95314434677445e+00 4.42909069996417e-10 2.47268057802312e-11 
3.95839769474359e+00 4.04938924743499e-10 2.26272847972518e-11 
3.96365104271272e+00 3.70153620314130e-10 2.07020027398688e-11 
3.96890439068186e+00 3.38292266033685e-10 1.89368546981338e-11 
3.97415773865099e+00 3.09114797901295e-10 1.73188468714914e-11 
3.97941108662013e+00 2.82400362551129e-10 1.58360116416602e-11 
3.98466443458926e+00 2.57945822716626e-10 1.44773289215068e-11 
3.98991778255840e+00 2.35564375380744e-10 1.32326533335494e-11 
3.99517113052754e+00 2.15084274409702e-10 1.20926468020980e-11 
4.00042447849667e+00 1.96347650041229e-10 1.10487190042830e-11 
4.00567782646581e+00 1.79207888811490e-10 1.00929623851675e-11 
4.01093117443494e+00 1.63531082026882e-10 9.21802089315372e-12 
4.01618452240408e+00 1.49195371543016e-10 8.41717485686275e-12 
4.02143787037321e+00 1.36088781739550e-10 7.68430737141309e-12 
4.02669121834235e+00 1.24108441387310e-10 7.01379254437816e-12 
4.03194456631148e+00 1.13159864796080e-10 6.40045729045921e-12 
4.03719791428062e+00 1.03156287892421e-10 5.83954599655541e-12 
4.04245126224975e+00 9.40180551827500e-11 5.32668785003302e-12 
4.04770461021889e+00 8.56720538422716e-11 4.85786663727034e-12 
4.05295795818803e+00 7.80511914366784e-11 4.42939283290043e-12 
4.05821130615716e+00 7.10939140317874e-11 4.03787781264544e-12 
4.06346465412630e+00 6.47437616778248e-11 3.68021003428738e-12 
4.06871800209543e+00 5.89489584708296e-11 3.35353304220201e-12 
4.07397135006457e+00 5.36620345947001e-11 3.05522516104205e-12 
4.07922469803370e+00 4.88394779346739e-11 2.78288075363812e-12 
4.08447804600284e+00 4.44414130274219e-11 2.53429292703249e-12 
4.08973139397197e+00 4.04313052752718e-11 2.30743757881354e-12 
4.09498474194111e+00 3.67756885031543e-11 2.10045868361291e-12 
4.10023808991024e+00 3.34439140774214e-11 1.91165472679974e-12 
4.10549143787938e+00 3.04079199364123e-11 1.73946619909040e-12 
4.11074478584852e+00 2.76420180041964e-11 1.58246407201792e-12 
4.11599813381765e+00 2.51226985719046e-11 1.43933918000377e-12 
4.12125148178679e+00 2.28284503360566e-11 1.30889244017283e-12 
4.12650482975592e+00 2.07395948808236e-11 1.19002584607574e-12 
4.13175817772506e+00 1.88381344817501e-11 1.08173417615767e-12 
4.13701152569419e+00 1.71076121925598e-11 9.83097362159538e-13 
4.14226487366333e+00 1.55329832547271e-11 8.93273466680338e-13 
4.14751822163246e+00 1.41004969419272e-11 8.11492222886956e-13 
4.15277156960160e+00 1.27975880186684e-11 7.37049092849302e-13 
4.15802491757074e+00 1.16127770547158e-11 6.69299804222594e-13 
4.16327826553987e+00 1.05355788946829e-11 6.07655328010973e-13 
4.16853161350901e+00 9.55641863570615e-12 5.51577262943363e-13 
4.17378496147814e+00 8.66655451572492e-12 5.00573594588296e-13 
4.17903830944728e+00 7.85800716083832e-12 4.54194799742910e-13 
4.18429165741641e+00 7.12349468276542e-12 4.12030268865331e-13 
4.18954500538555e+00 6.45637315682650e-12 3.73705021391313e-13 
4.19479835335468e+00 5.85058204732315e-12 3.38876690696371e-13 
4.20005170132382e+00 5.30059418092840e-12 3.07232757244450e-13 
4.20530504929295e+00 4.80136989990143e-12 2.78488010113035e-13 
4.21055839726209e+00 4.34831505579588e-12 2.52382218611760e-13 
4.21581174523122e+00 3.93724253100566e-12 2.28677997125708e-13 
4.22106509320036e+00 3.56433700014610e-12 2.07158847623447e-13 
4.22631844116950e+00 3.22612266604621e-12 1.87627365481181e-13 
4.23157178913863e+00 2.91943372616905e-12 1.69903595394915e-13 
4.23682513710777e+00 2.64138734470640e-12 1.53823525188897e-13 
4.24207848507690e+00 2.38935892353156e-12 1.39237706286762e-13 
4.24733183304604e+00 2.16095948174865e-12 1.26009990497498e-13 
4.25258518101517e+00 1.95401496885194e-12 1.14016373586704e-13 
4.25783852898431e+00 1.76654735059833e-12 1.03143936859653e-13 
4.26309187695344e+00 1.59675731968980e-12 9.32898786808556e-14 
4.26834522492258e+00 1.44300849534108e-12 8.43606284994227e-14 
4.27359857289172e+00 1.30381298684884e-12 7.62710365445065e-14 
4.27885192086085e+00 1.17781820645141e-12 6.89436329040836e-14 
4.28410526882999e+00 1.06379482613929e-12 6.23079502067864e-14 
4.28935861679912e+00 9.60625781707053e-13 5.62999045935178e-14 
4.29461196476826e+00 8.67296235282323e-13 5.08612300961749e-14 
4.29986531273739e+00 7.82884414881428e-13 4.59389619376724e-14 
4.30511866070653e+00 7.06553256270520e-13 4.14849646331472e-14 
4.31037200867566e+00 6.37542778602028e-13 3.74555011090898e-14 
4.31562535664480e+00 5.75163130989927e-13 3.38108393673725e-14 
4.32087870461393e+00 5.18788252422390e-13 3.05148935067655e-14 
4.32613205258307e+00 4.67850092222491e-13 2.75348961774145e-14 
4.33138540055221e+00 4.21833342689792e-13 2.48410997856491e-14 
4.33663874852134e+00 3.80270639618373e-13 2.24065039890208e-14 
4.34189209649048e+00 3.42738190118424e-13 2.02066072261102e-14 
4.34714544445961e+00 3.08851790594939e-13 1.82191802137979e-14 
4.35239879242875e+00 2.78263200882588e-13 1.64240595176343e-14 
4.35765214039788e+00 2.50656843422591e-13 1.48029594598643e-14 
4.36290548836702e+00 2.25746799016171e-13 1.33393007756486e-14 
4.36815883633615e+00 2.03274073118754e-13 1.20180545621099e-14 
4.37341218430529e+00 1.83004108867167e-13 1.08256001879331e-14 
4.37866553227443e+00 1.64724525074805e-13 9.74959594425726e-15 
4.38391888024356e+00 1.48243059302041e-13 8.77886132129058e-15 
4.38917222821270e+00 1.33385697824823e-13 7.90326989022090e-15 
4.39442557618183e+00 1.19994975896122e-13 7.11365185724862e-15 
4.39967892415097e+00 1.07928433134412e-13 6.40170543658086e-15 
4.40493227212010e+00 9.70572101913941e-14 5.75991626256927e-15 
4.41018562008924e+00 8.72647740577627e-14 5.18148412839230e-15 
4.41543896805837e+00 7.84457604699949e-14 4.66025640026752e-15 
4.42069231602751e+00 7.05049228914339e-14 4.19066751259043e-15 
4.42594566399664e+00 6.33561784650513e-14 3.76768400105352e-15 
4.43119901196578e+00 5.69217421803561e-14 3.38675457809060e-15 
4.43645235993492e+00 5.11313412695307e-14 3.04376479827648e-15 
4.44170570790405e+00 4.59215025540644e-14 2.73499590091672e-15 
4.44695905587319e+00 4.12349061084594e-14 2.45708745329372e-15 
4.45221240384232e+00 3.70197991971146e-14 2.20700345116929e-15 
4.45746575181146e+00 3.32294649789323e-14 1.98200156343954e-15 
4.46271909978059e+00 2.98217409658425e-14 1.77960523552956e-15 
4.46797244774973e+00 2.67585826702674e-14 1.59757839142180e-15 
4.47322579571886e+00 2.40056682861658e-14 1.43390249733171e-15 
4.47847914368800e+00 2.15320406220524e-14 1.28675577116122e-15 
4.48373249165713e+00 1.93097828453261e-14 1.15449434114352e-15 
4.48898583962627e+00 1.73137249081759e-14 1.03563517469622e-15 
4.49423918759541e+00 1.55211778088285e-14 9.28840614565901e-16 
4.49949253556454e+00 1.39116931003214e-14 8.32909398510971e-16 
4.50474588353368e+00 1.24669329931905e-14 7.46759172696218e-16 
4.50999923150281e+00 1.11703865878222e-14 6.69407037885479e-16 
4.51525257947195e+00 1.00070441899616e-14 5.99967411113414e-16 
4.52050592744108e+00 8.96339554537312e-15 5.37641551935381e-16 
4.52575927541022e+00 8.02728219904721e-15 4.81710228241184e-16 
4.53101262337935e+00 7.18776416990342e-15 4.31525918652806e-16 
4.53626597134849e+00 6.43499957552874e-15 3.86505767635013e-16 
4.54151931931762e+00 5.76013596945913e-15 3.46125221879346e-16 
4.54677266728676e+00 5.15521226971652e-15 3.09912283179934e-16 
4.55202601525590e+00 4.61307026280860e-15 2.77442319069051e-16 
4.55727936322503e+00 4.12727476315227e-15 2.48333377975893e-16 
4.56253271119417e+00 3.69204159477572e-15 2.22241960663265e-16 
4.56778605916330e+00 3.30217264099154e-15 1.98859204229051e-16 
4.57303940713244e+00 2.95299727924641e-15 1.77907439073886e-16 
4.57829275510157e+00 2.64031958320900e-15 1.59137082971008e-16 
4.58354610307071e+00 2.36037073296399e-15 1.42323839763208e-16 
4.58879945103984e+00 2.10976612749043e-15 1.27266173286500e-16 
4.59405279900898e+00 1.88546674192018e-15 1.13783029909113e-16 
4.59930614697812e+00 1.68474431585583e-15 1.01711785603650e-16 
4.60455949494725e+00 1.50514999869485e-15 9.09063957635832e-17 
4.60981284291639e+00 1.34448611383692e-15 8.12357280540961e-17 
4.61506619088552e+00 1.20078073619020e-15 7.25820604713846e-17 
4.62031953885466e+00 1.07226480685397e-15 6.48397284917976e-17 
4.62557288682379e+00 9.57351535524726e-16 5.79139067388109e-17 
4.63082623479293e+00 8.54617865310763e-16 5.17195119967242e-17 
4.63607958276206e+00 7.62787796482004e-16 4.61802156685384e-17 
4.64133293073120e+00 6.80717385441783e-16 4.12275549240066e-17 
4.64658627870033e+00 6.07381253080736e-16 3.68001328234863e-17 
4.65183962666947e+00 5.41860452836153e-16 3.28428986440940e-17 
4.65709297463861e+00 4.83331563394324e-16 2.93065004859738e-17 
4.66234632260774e+00 4.31056884184008e-16 2.61467030066088e-17 
4.66759967057688e+00 3.84375623748902e-16 2.33238638276384e-17 
4.67285301854601e+00 3.42695981875711e-16 2.08024627884824e-17 
4.67810636651515e+00 3.05488036101362e-16 1.85506787904954e-17 
4.68335971448428e+00 2.72277352026795e-16 1.65400094900718e-17 
4.68861306245342e+00 2.42639244815300e-16 1.47449295642511e-17 
4.69386641042255e+00 2.16193626431871e-16 1.31425836926341e-17 
4.69911975839169e+00 1.92600379660187e-16 1.17125107790512e-17 
4.70437310636083e+00 1.71555205782375e-16 1.04363962792988e-17 
4.70962645432996e+00 1.52785898084237e-16 9.29784981085839e-18 
4.71487980229910e+00 1.36048998109902e-16 8.28220550002440e-18 
4.72013315026823e+00 1.21126795884560e-16 7.37634277415089e-18 
4.72538649823737e+00 1.07824639197066e-16 6.56852553440221e-18 
4.73063984620650e+00 9.59685205263708e-17 5.84825784980761e-18 
4.73589319417564e+00 8.54029133439091e-17 5.20615449872265e-18 
4.74114654214477e+00 7.59888323615221e-17 4.63382485092183e-18 
4.74639989011391e+00 6.76020948513777e-17 4.12376873424243e-18 
4.75165323808304e+00 6.01317624680370e-17 3.66928306555776e-18 
4.75690658605218e+00 5.34787450779045e-17 3.26437814831418e-18 
4.76215993402131e+00 4.75545499701549e-17 2.90370264922104e-18 
4.76741328199045e+00 4.22801615060135e-17 2.58247636611293e-18 
4.77266662995959e+00 3.75850377782189e-17 2.29642998857251e-18 
4.77791997792872e+00 3.34062122160858e-17 2.04175113357231e-18 
4.78317332589786e+00 2.96874892987133e-17 1.81503601103512e-18 
4.78842667386699e+00 2.63787246429858e-17 1.61324613961108e-18 
4.79368002183613e+00 2.34351807262378e-17 1.43366959183607e-18 
4.79893336980526e+00 2.08169503967690e-17 1.27388630081307e-18 
4.80418671777440e+00 1.84884411286949e-17 1.13173700822461e-18 
4.80944006574353e+00 1.64179136998356e-17 1.00529547636576e-18 
4.81469341371267e+00 1.45770696205485e-17 8.92843625455224e-19 
4.81994676168181e+00 1.29406822248613e-17 7.92849292164335e-19 
4.82520010965094e+00 1.14862668595318e-17 7.03946336486257e-19 
4.83045345762008e+00 1.01937860776540e-17 6.24916852097064e-19 
4.83570680558921e+00 9.04538616649195e-18 5.54675260551856e-19 
4.84096015355835e+00 8.02516171914955e-18 4.92254092294859e-19 
4.84621350152748e+00 7.11894530082112e-18 4.36791277798179e-19 
4.85146684949662e+00 6.31411956660721e-18 3.87518790409913e-19 
4.85672019746575e+00 5.59944946275016e-18 3.43752498895949e-19 
4.86197354543489e+00 4.96493238980677e-18 3.04883102388286e-19 
4.86722689340403e+00 4.40166442758676e-18 2.70368033674585e-19 
4.87248024137316e+00 3.90172092021399e-18 2.39724228630737e-19 
4.87773358934230e+00 3.45804989772564e-18 2.12521670247426e-19 
4.88298693731143e+00 3.06437697029335e-18 1.88377625256087e-19 
4.88824028528057e+00 2.71512047430326e-18 1.66951499930257e-19 
4.89349363324970e+00 2.40531577785368e-18 1.47940249325011e-19 
4.89874698121884e+00 2.13054776823489e-18 1.31074281109758e-19 
4.90400032918797e+00 1.88689064700914e-18 1.16113801329079e-19 
4.90925367715711e+00 1.67085425063475e-18 1.02845554965292e-19 
4.91450702512624e+00 1.47933619727865e-18 9.10799191404126e-20 
4.91976037309538e+00 1.30957923452670e-18 8.06483112431126e-20 
4.92501372106452e+00 1.15913322902003e-18 7.14008782509331e-20 
4.93026706903365e+00 1.02582129841827e-18 6.32044370871501e-20 
4.93552041700279e+00 9.07709639234820e-19 5.59406390478980e-20 
4.94077376497192e+00 8.03080651649765e-19 4.95043341969781e-20 
4.94602711294106e+00 7.10409004961882e-19 4.38021141876829e-20 
4.95128046091019e+00 6.28340325412569e-19 3.87510142639714e-20 
4.95653380887933e+00 5.55672222167161e-19 3.42773572452908e-20 
4.96178715684846e+00 4.91337397692554e-19 3.03157241352537e-20 
4.96704050481760e+00 4.34388615999315e-19 2.68080376367002e-20 
4.97229385278674e+00 3.83985326558932e-19 2.37027463245425e-20 
4.97754720075587e+00 3.39381763464472e-19 2.09540985412960e-20 
4.98280054872501e+00 2.99916358846912e-19 1.85214962545556e-20 
4.98805389669414e+00 2.65002326932585e-19 1.63689201654377e-20 
4.99330724466328e+00 2.34119290647440e-19 1.44644182952263e-20 
4.99856059263241e+00 2.06805836536328e-19 1.27795805213412e-20 
5.00381394060155e+00 1.82652268209168e-19 1.12890852064821e-20 
5.00906728857068e+00 1.61294305539366e-19 9.97076240461516e-21 
5.01432063653982e+00 1.42411417575639e-19 8.80498536865051e-21 
5.01957398450895e+00 1.25719462468171e-19 7.77427128022163e-21 
5.02482733247809e+00 1.10966598910639e-19 6.86312093329172e-21 
5.03008068044722e+00 9.79296519801733e-20 6.05779603492559e-21 
5.03533402841636e+00 8.64108834504536e-20 5.34612123230765e-21 
5.04058737638550e+00 7.62351220722624e-20 4.71730815262157e-21 
5.04584072435463e+00 6.72472141542308e-20 4.16179903650050e-21 
5.05109407232377e+00 5.93097590955995e-20 3.67112780839046e-21 
5.05634742029290e+00 5.23010983775634e-20 3.23779666166241e-21 
5.06160076826204e+00 4.61135299594249e-20 2.85516644563368e-21 
5.06685411623117e+00 4.06517230944574e-20 2.51735932848177e-21 
5.07210746420031e+00 3.58313113175483e-20 2.21917237673850e-21 
5.07736081216944e+00 3.15776437977015e-20 1.95600084077702e-21 
5.08261416013858e+00 2.78246774249468e-20 1.72377006836243e-21 
5.08786750810772e+00 2.45139939414363e-20 1.51887508663917e-21 
5.09312085607685e+00 2.15939281558038e-20 1.33812699841016e-21 
5.09837420404599e+00 1.90187948208659e-20 1.17870543259258e-21 
5.10362755201512e+00 1.67482031276945e-20 1.03811637254211e-21 
5.10888089998426e+00 1.47464489920761e-20 9.14154760616704e-22 
5.11413424795339e+00 1.29819763985765e-20 8.04871343884868e-22 
5.11938759592253e+00 1.14269000372916e-20 7.08543285148443e-22 
5.12464094389166e+00 1.00565823318075e-20 6.23648116229833e-22 
5.12989429186080e+00 8.84925872543757e-21 5.48840657469495e-22 
5.13514763982993e+00 7.78570577676348e-21 4.82932569216658e-22 
5.14040098779907e+00 6.84894722406592e-21 4.24874238334147e-22 
5.14565433576821e+00 6.02399371960634e-21 3.73738735875926e-22 
5.15090768373734e+00 5.29761241623676e-21 3.28707611579406e-22 
5.15616103170648e+00 4.65812301701158e-21 2.89058317041707e-22 
5.16141437967561e+00 4.09521727918475e-21 2.54153072775119e-22 
5.16666772764475e+00 3.59979930240218e-21 2.23429015078888e-22 
5.17192107561388e+00 3.16384423168323e-21 1.96389477105031e-22 
5.17717442358302e+00 2.78027327306327e-21 1.72596274887346e-22 
5.18242777155215e+00 2.44284315723126e-21 1.51662883670114e-22 
5.18768111952129e+00 2.14604839742832e-21 1.33248402816695e-22 
5.19293446749043e+00 1.88503487520586e-21 1.17052219077227e-22 
5.19818781545956e+00 1.65552345398420e-21 1.02809288208156e-22 
5.20344116342870e+00 1.45374246803011e-21 9.02859640064314e-23 
5.20869451139783e+00 1.27636806555457e-21 7.92763118744337e-23 
5.21394785936697e+00 1.12047150096367e-21 6.95988511806627e-23 
5.21920120733610e+00 9.83472574517894e-22 6.10936770263230e-23 
5.22445455530524e+00 8.63098509227837e-22 5.36199176585311e-23 
5.22970790327437e+00 7.57347636038510e-22 4.70534887664649e-23 
5.23496125124351e+00 6.64457330385938e-22 4.12851103281990e-23 
5.24021459921264e+00 5.82875707077746e-22 3.62185556061922e-23 
5.24546794718178e+00 5.11236637068871e-22 3.17691053744753e-23 
5.25072129515092e+00 4.48337699888145e-22 2.96742712395123e-23 
