Energy(eV)           EEDF(eV^-(3/2))      Anisotropy(eV^-(3/2))
7.31781545818695e-03 1.16736148140993e-01 1.67912156945173e-06 
2.19534463745609e-02 1.16735502980956e-01 2.83218505294267e-06 
3.65890772909348e-02 1.16734923222539e-01 3.52846632067545e-06 
5.12247082073087e-02 1.16734429222242e-01 3.81250809105438e-06 
6.58603391236826e-02 1.16734042980316e-01 3.71265195678080e-06 
8.04959700400565e-02 1.16733786964985e-01 3.37096662031097e-06 
9.51316009564304e-02 1.16733611971986e-01 2.94415109761367e-06 
1.09767231872804e-01 1.16733511743298e-01 2.45061936089454e-06 
1.24402862789178e-01 1.16733446423596e-01 2.12864973619582e-06 
1.39038493705552e-01 1.16733401659396e-01 1.83682110928278e-06 
1.53674124621926e-01 1.16733373523327e-01 1.53967909185640e-06 
1.68309755538300e-01 1.16733355410296e-01 1.30224995925803e-06 
1.82945386454674e-01 1.16733343371217e-01 1.12501684533016e-06 
1.97581017371048e-01 1.16733334713749e-01 1.00326502576399e-06 
2.12216648287422e-01 1.16733328150695e-01 9.64769223091138e-07 
2.26852279203796e-01 1.16733321596983e-01 9.94963648906336e-07 
2.41487910120169e-01 1.16733315098242e-01 1.02048796963114e-06 
2.56123541036543e-01 1.16733308696699e-01 1.16890644403969e-06 
2.70759171952917e-01 1.16733299299942e-01 1.44410844526160e-06 
2.85394802869291e-01 1.16733285791572e-01 1.75093178696723e-06 
3.00030433785665e-01 1.16733267210981e-01 2.10467239247929e-06 
3.14666064702039e-01 1.16733241609928e-01 2.52504420372750e-06 
3.29301695618413e-01 1.16733206470422e-01 2.99262428336484e-06 
3.43937326534787e-01 1.16733159862385e-01 3.49459875082359e-06 
3.58572957451161e-01 1.16733099537084e-01 4.06227689180707e-06 
3.73208588367535e-01 1.16733021170691e-01 4.68883625477283e-06 
3.87844219283908e-01 1.16732921738915e-01 5.35184903079041e-06 
4.02479850200282e-01 1.16732798011623e-01 6.04145659458848e-06 
4.17115481116656e-01 1.16732647401788e-01 6.75379141696185e-06 
4.31751112033030e-01 1.16732466932534e-01 7.49674754226565e-06 
4.46386742949404e-01 1.16732253069348e-01 8.27415273008223e-06 
4.61022373865778e-01 1.16732002092953e-01 9.08600061579616e-06 
4.75658004782152e-01 1.16731710099310e-01 9.93228602191890e-06 
4.90293635698526e-01 1.16731372999633e-01 1.08130045223960e-05 
5.04929266614900e-01 1.16730986520399e-01 1.17207086394391e-05 
5.19564897531274e-01 1.16730547215677e-01 1.26544049950528e-05 
5.34200528447648e-01 1.16730050814951e-01 1.36203257306413e-05 
5.48836159364021e-01 1.16729492690720e-01 1.46197070914244e-05 
5.63471790280395e-01 1.16728868040956e-01 1.56525455766379e-05 
5.78107421196769e-01 1.16728171889143e-01 1.67188374385224e-05 
5.92743052113143e-01 1.16727399084306e-01 1.78185786274256e-05 
6.07378683029517e-01 1.16726544301062e-01 1.89517647516271e-05 
6.22014313945891e-01 1.16725602039662e-01 2.01183910413190e-05 
6.36649944862265e-01 1.16724566626042e-01 2.13184523109774e-05 
6.51285575778639e-01 1.16723432211883e-01 2.25519429278784e-05 
6.65921206695013e-01 1.16722192774670e-01 2.38188567812996e-05 
6.80556837611387e-01 1.16720842117765e-01 2.51191872507732e-05 
6.95192468527761e-01 1.16719373870473e-01 2.64522450599427e-05 
7.09828099444134e-01 1.16717781642235e-01 2.78146884933312e-05 
7.24463730360508e-01 1.16716059512440e-01 2.92072320205688e-05 
7.39099361276882e-01 1.16714200682589e-01 3.06328418488882e-05 
7.53734992193256e-01 1.16712198183791e-01 3.20915085139966e-05 
7.68370623109630e-01 1.16710044876866e-01 3.35832218741488e-05 
7.83006254026004e-01 1.16707733452460e-01 3.51079710802604e-05 
7.97641884942378e-01 1.16705256431170e-01 3.66657445428963e-05 
8.12277515858752e-01 1.16702606163669e-01 3.82565299008298e-05 
8.26913146775126e-01 1.16699774830853e-01 3.98803139883560e-05 
8.41548777691500e-01 1.16696754443982e-01 4.15370827997154e-05 
8.56184408607873e-01 1.16693536844846e-01 4.32268214564080e-05 
8.70820039524247e-01 1.16690113705927e-01 4.49495141720090e-05 
8.85455670440621e-01 1.16686476530585e-01 4.67051442146864e-05 
9.00091301356995e-01 1.16682616653241e-01 4.84936938706378e-05 
9.14726932273369e-01 1.16678525239584e-01 5.03151444072355e-05 
9.29362563189743e-01 1.16674193286783e-01 5.21694760340539e-05 
9.43998194106117e-01 1.16669611623711e-01 5.40566678631856e-05 
9.58633825022491e-01 1.16664770911184e-01 5.59766978703490e-05 
9.73269455938865e-01 1.16659661642213e-01 5.79295428540781e-05 
9.87905086855239e-01 1.16654274142272e-01 5.99151783936958e-05 
1.00254071777161e+00 1.16648598569571e-01 6.18577932750890e-05 
1.01717634868799e+00 1.16642652979073e-01 6.37216474688329e-05 
1.03181197960436e+00 1.16636442960682e-01 6.55773646965033e-05 
1.04644761052073e+00 1.16629960813314e-01 6.74594557828703e-05 
1.06108324143711e+00 1.16623198727985e-01 6.93678971902691e-05 
1.07571887235348e+00 1.16616148788037e-01 7.13026643934515e-05 
1.09035450326986e+00 1.16608802969371e-01 7.32637318522985e-05 
1.10499013418623e+00 1.16601153140692e-01 7.52510729834515e-05 
1.11962576510260e+00 1.16593191063767e-01 7.72646601328112e-05 
1.13426139601898e+00 1.16584908393690e-01 7.93044645474573e-05 
1.14889702693535e+00 1.16576296679158e-01 8.13704563469110e-05 
1.16353265785173e+00 1.16567347362758e-01 8.34626044942455e-05 
1.17816828876810e+00 1.16558051781263e-01 8.55808767667427e-05 
1.19280391968447e+00 1.16548401165948e-01 8.77259024954325e-05 
1.20743955060085e+00 1.16538386349240e-01 8.99776621846097e-05 
1.22207518151722e+00 1.16527962433139e-01 9.23343636781714e-05 
1.23671081243360e+00 1.16517118516720e-01 9.47207958897396e-05 
1.25134644334997e+00 1.16505843562340e-01 9.71369131030921e-05 
1.26598207426634e+00 1.16494126396125e-01 9.95826678459178e-05 
1.28061770518272e+00 1.16481955708486e-01 1.02058010847221e-04 
1.29525333609909e+00 1.16469320054645e-01 1.04547712861747e-04 
1.30988896701546e+00 1.16456215244858e-01 1.06980000080821e-04 
1.32452459793184e+00 1.16442665389873e-01 1.09370032572889e-04 
1.33916022884821e+00 1.16428660619133e-01 1.11785720504723e-04 
1.35379585976459e+00 1.16414190961120e-01 1.14227014077605e-04 
1.36843149068096e+00 1.16399246343835e-01 1.16693861878402e-04 
1.38306712159733e+00 1.16383816595294e-01 1.19186210846665e-04 
1.39770275251371e+00 1.16367891444040e-01 1.21704006240189e-04 
1.41233838343008e+00 1.16351460519669e-01 1.24247191600905e-04 
1.42697401434646e+00 1.16334513353371e-01 1.26815708721393e-04 
1.44160964526283e+00 1.16317039378493e-01 1.29409497609433e-04 
1.45624527617920e+00 1.16299027931118e-01 1.32028496453694e-04 
1.47088090709558e+00 1.16280468250656e-01 1.34672641588687e-04 
1.48551653801195e+00 1.16261349480456e-01 1.37341867459053e-04 
1.50015216892833e+00 1.16241660668441e-01 1.39934728919925e-04 
1.51478779984470e+00 1.16221448099691e-01 1.42354020019863e-04 
1.52942343076107e+00 1.16200758659112e-01 1.44697024913281e-04 
1.54405906167745e+00 1.16179585158132e-01 1.47057551498549e-04 
1.55869469259382e+00 1.16157920363202e-01 1.49435548857676e-04 
1.57333032351019e+00 1.16135756996161e-01 1.51830964917629e-04 
1.58796595442657e+00 1.16113087734612e-01 1.54243746432479e-04 
1.60260158534294e+00 1.16089905212315e-01 1.56673838968484e-04 
1.61723721625932e+00 1.16066202019572e-01 1.59121186887774e-04 
1.63187284717569e+00 1.16041970703632e-01 1.61585733331821e-04 
1.64650847809206e+00 1.16017203769106e-01 1.64067420205404e-04 
1.66114410900844e+00 1.15991893678378e-01 1.66566188159813e-04 
1.67577973992481e+00 1.15966032852041e-01 1.69081976576821e-04 
1.69041537084119e+00 1.15939613669327e-01 1.71614723552251e-04 
1.70505100175756e+00 1.15912628468558e-01 1.74164365879330e-04 
1.71968663267393e+00 1.15885069547598e-01 1.76730839032712e-04 
1.73432226359031e+00 1.15856929164314e-01 1.79314077151749e-04 
1.74895789450668e+00 1.15828199537057e-01 1.81914013024252e-04 
1.76359352542306e+00 1.15798872845135e-01 1.84530578069783e-04 
1.77822915633943e+00 1.15768941229312e-01 1.87163702322956e-04 
1.79286478725580e+00 1.15738396792302e-01 1.89813314417182e-04 
1.80750041817218e+00 1.15707231599290e-01 1.92479341568160e-04 
1.82213604908855e+00 1.15675437678441e-01 1.95161709557539e-04 
1.83677168000493e+00 1.15643007021439e-01 1.97860342716133e-04 
1.85140731092130e+00 1.15609931584023e-01 2.00575163907472e-04 
1.86604294183767e+00 1.15576203286539e-01 2.03306094511701e-04 
1.88067857275405e+00 1.15541814014500e-01 2.06053054408977e-04 
1.89531420367042e+00 1.15506755619154e-01 2.08871689816834e-04 
1.90994983458679e+00 1.15470982351752e-01 2.12017974066017e-04 
1.92458546550317e+00 1.15434311057875e-01 2.15435797193319e-04 
1.93922109641954e+00 1.15396727370041e-01 2.18877869544996e-04 
1.95385672733592e+00 1.15358216836603e-01 2.22344048276357e-04 
1.96849235825229e+00 1.15318764923179e-01 2.25834187194919e-04 
1.98312798916866e+00 1.15278357014111e-01 2.29348136714713e-04 
1.99776362008504e+00 1.15236978413962e-01 2.32885743810303e-04 
2.01239925100141e+00 1.15194614349041e-01 2.36446851972546e-04 
2.02703488191779e+00 1.15151249968963e-01 2.40031301162686e-04 
2.04167051283416e+00 1.15106870348251e-01 2.43638927767540e-04 
2.05630614375053e+00 1.15061460487959e-01 2.47269564554647e-04 
2.07094177466691e+00 1.15015005317344e-01 2.50923040627774e-04 
2.08557740558328e+00 1.14967489695564e-01 2.54599181381744e-04 
2.10021303649966e+00 1.14918898413415e-01 2.58122125676631e-04 
2.11484866741603e+00 1.14869349062789e-01 2.61326636279014e-04 
2.12948429833240e+00 1.14818956688505e-01 2.64383539252422e-04 
2.14411992924878e+00 1.14767712536941e-01 2.67454336113488e-04 
2.15875556016515e+00 1.14715607835752e-01 2.70538907711104e-04 
2.17339119108152e+00 1.14662633794712e-01 2.73637133010288e-04 
2.18802682199790e+00 1.14608781606558e-01 2.76748889078269e-04 
2.20266245291427e+00 1.14554042447849e-01 2.80035956979877e-04 
2.21729808383065e+00 1.14498280342129e-01 2.83573253621913e-04 
2.23193371474702e+00 1.14441423434489e-01 2.87202710694664e-04 
2.24656934566339e+00 1.14383458457288e-01 2.90850369443339e-04 
2.26120497657977e+00 1.14324372107457e-01 2.94516043292811e-04 
2.27584060749614e+00 1.14264151048160e-01 2.98199542304990e-04 
2.29047623841252e+00 1.14202781910487e-01 3.01900673148643e-04 
2.30511186932889e+00 1.14140251295166e-01 3.05619239069565e-04 
2.31974750024526e+00 1.14076545774312e-01 3.09355039861961e-04 
2.33438313116164e+00 1.14011651893204e-01 3.13107871839119e-04 
2.34901876207801e+00 1.13945556172087e-01 3.16877527805370e-04 
2.36365439299439e+00 1.13878245108004e-01 3.20663797028294e-04 
2.37829002391076e+00 1.13809705176662e-01 3.24466465210746e-04 
2.39292565482713e+00 1.13739922834320e-01 3.28285314463843e-04 
2.40756128574351e+00 1.13668884519717e-01 3.32120123280403e-04 
2.42219691665988e+00 1.13596576656013e-01 3.35970666508236e-04 
2.43683254757626e+00 1.13522985652779e-01 3.39836715324894e-04 
2.45146817849263e+00 1.13448097908003e-01 3.43718037212214e-04 
2.46610380940900e+00 1.13371899810132e-01 3.47614395931067e-04 
2.48073944032538e+00 1.13294377740143e-01 3.51525551497882e-04 
2.49537507124175e+00 1.13215518073640e-01 3.55500077492496e-04 
2.51001070215812e+00 1.13135263658624e-01 3.59755045754010e-04 
2.52464633307450e+00 1.13053404579443e-01 3.64240455223924e-04 
2.53928196399087e+00 1.12969921803989e-01 3.68744119561609e-04 
2.55391759490725e+00 1.12884796286954e-01 3.73265694117678e-04 
2.56855322582362e+00 1.12798008973467e-01 3.77804828242847e-04 
2.58318885673999e+00 1.12709540802808e-01 3.82361165248510e-04 
2.59782448765637e+00 1.12619372712165e-01 3.86934342368379e-04 
2.61246011857274e+00 1.12527485640463e-01 3.91523990720753e-04 
2.62709574948912e+00 1.12433860532246e-01 3.96129735272718e-04 
2.64173138040549e+00 1.12338478341615e-01 4.00751194805334e-04 
2.65636701132186e+00 1.12241320036237e-01 4.05387981879907e-04 
2.67100264223824e+00 1.12142366601399e-01 4.10039702806240e-04 
2.68563827315461e+00 1.12041599044130e-01 4.14705957611715e-04 
2.70027390407099e+00 1.11938998397385e-01 4.19386340012413e-04 
2.71490953498736e+00 1.11834545724276e-01 4.24080437385435e-04 
2.72954516590373e+00 1.11728222122378e-01 4.28787830742779e-04 
2.74418079682011e+00 1.11620008728078e-01 4.33508094706901e-04 
2.75881642773648e+00 1.11509886720996e-01 4.38240797487567e-04 
2.77345205865286e+00 1.11397837328458e-01 4.42985500861399e-04 
2.78808768956923e+00 1.11283841830027e-01 4.47741760152109e-04 
2.80272332048560e+00 1.11167881562096e-01 4.52409057225652e-04 
2.81735895140198e+00 1.11050041080490e-01 4.56942041290583e-04 
2.83199458231835e+00 1.10930351514244e-01 4.61438566332286e-04 
2.84663021323472e+00 1.10808797288263e-01 4.65943183642655e-04 
2.86126584415110e+00 1.10685362899155e-01 4.70455477768780e-04 
2.87590147506747e+00 1.10560032919093e-01 4.74975027998443e-04 
2.89053710598385e+00 1.10432791999711e-01 4.79501408358486e-04 
2.90517273690022e+00 1.10303624876037e-01 4.84034187615284e-04 
2.91980836781659e+00 1.10172516370470e-01 4.88572929276420e-04 
2.93444399873297e+00 1.10039451396795e-01 4.93117191594082e-04 
2.94907962964934e+00 1.09904414964232e-01 4.97666527569806e-04 
2.96371526056572e+00 1.09767392181524e-01 5.02220484961077e-04 
2.97835089148209e+00 1.09628368261069e-01 5.06778606290103e-04 
2.99298652239846e+00 1.09487328523077e-01 5.11337248382189e-04 
3.00762215331484e+00 1.09344261928834e-01 5.15745744358844e-04 
3.02225778423121e+00 1.09199321687114e-01 5.20008170669619e-04 
3.03689341514759e+00 1.09052496139070e-01 5.24271668571260e-04 
3.05152904606396e+00 1.08903773737549e-01 5.28535822714066e-04 
3.06616467698033e+00 1.08753143050427e-01 5.32800213747222e-04 
3.08080030789671e+00 1.08600592763956e-01 5.37064418338269e-04 
3.09543593881308e+00 1.08446111686140e-01 5.41328009195049e-04 
3.11007156972945e+00 1.08289688750123e-01 5.45590555088929e-04 
3.12470720064583e+00 1.08131313017603e-01 5.49851620878988e-04 
3.13934283156220e+00 1.07970973682262e-01 5.54110767538187e-04 
3.15397846247858e+00 1.07808660073211e-01 5.58367552180374e-04 
3.16861409339495e+00 1.07644361658457e-01 5.62621528089955e-04 
3.18324972431132e+00 1.07478068048387e-01 5.66872244752013e-04 
3.19788535522770e+00 1.07309768999261e-01 5.71119247884402e-04 
3.21252098614407e+00 1.07139454416730e-01 5.75362079471928e-04 
3.22715661706045e+00 1.06967114359362e-01 5.79600277801256e-04 
3.24179224797682e+00 1.06792739042183e-01 5.83833377497949e-04 
3.25642787889319e+00 1.06616318840233e-01 5.88060909565269e-04 
3.27106350980957e+00 1.06437844292132e-01 5.92282401424333e-04 
3.28569914072594e+00 1.06257306103658e-01 5.96497376955669e-04 
3.30033477164232e+00 1.06074695151336e-01 6.00705356542995e-04 
3.31497040255869e+00 1.05890002486039e-01 6.04905857118851e-04 
3.32960603347506e+00 1.05703219336590e-01 6.09098392211149e-04 
3.34424166439144e+00 1.05514337113385e-01 6.13282471992109e-04 
3.35887729530781e+00 1.05323347412008e-01 6.17457603328577e-04 
3.37351292622419e+00 1.05130242016862e-01 6.21623289834191e-04 
3.38814855714056e+00 1.04935012904806e-01 6.25779031923419e-04 
3.40278418805693e+00 1.04737652248787e-01 6.29924326867590e-04 
3.41741981897331e+00 1.04538152421485e-01 6.34058668851918e-04 
3.43205544988968e+00 1.04336505998955e-01 6.38181549034717e-04 
3.44669108080605e+00 1.04132705764270e-01 6.42292455609343e-04 
3.46132671172243e+00 1.03926744711166e-01 6.46390873866370e-04 
3.47596234263880e+00 1.03718616047685e-01 6.50476286258459e-04 
3.49059797355518e+00 1.03508313199817e-01 6.54548172467238e-04 
3.50523360447155e+00 1.03295829815135e-01 6.58606009471649e-04 
3.51986923538792e+00 1.03081159766432e-01 6.62649271618133e-04 
3.53450486630430e+00 1.02864297155344e-01 6.66677430692656e-04 
3.54914049722067e+00 1.02645236315977e-01 6.70689955994968e-04 
3.56377612813705e+00 1.02423971818514e-01 6.74686314414204e-04 
3.57841175905342e+00 1.02200498472824e-01 6.78665970506810e-04 
3.59304738996979e+00 1.01974811332052e-01 6.82626271978998e-04 
3.60768302088617e+00 1.01746908512603e-01 6.86483952037528e-04 
3.62231865180254e+00 1.01516896253359e-01 6.90241465967668e-04 
3.63695428271892e+00 1.01284771348763e-01 6.93980372403266e-04 
3.65158991363529e+00 1.01050530829611e-01 6.97700171817478e-04 
3.66622554455166e+00 1.00814171966030e-01 7.01400363245004e-04 
3.68086117546804e+00 1.00575692270439e-01 7.05080444363120e-04 
3.69549680638441e+00 1.00335089500491e-01 7.08739911574245e-04 
3.71013243730079e+00 1.00092361661995e-01 7.12378260089703e-04 
3.72476806821716e+00 9.98475070118178e-02 7.15994984015567e-04 
3.73940369913353e+00 9.96005240607585e-02 7.19589576440105e-04 
3.75403933004991e+00 9.93514115764048e-02 7.23161529522064e-04 
3.76867496096628e+00 9.91001685859614e-02 7.26710334580927e-04 
3.78331059188265e+00 9.88467943790526e-02 7.30235482188716e-04 
3.79794622279903e+00 9.85912885104984e-02 7.33736462263183e-04 
3.81258185371540e+00 9.83336508030608e-02 7.37212764162603e-04 
3.82721748463178e+00 9.80738813501615e-02 7.40663876781947e-04 
3.84185311554815e+00 9.78119805185678e-02 7.44089288650735e-04 
3.85648874646452e+00 9.75479489510461e-02 7.47488488031851e-04 
3.87112437738090e+00 9.72817875689831e-02 7.50860963022261e-04 
3.88576000829727e+00 9.70134975749705e-02 7.54206201655336e-04 
3.90039563921365e+00 9.67430804553553e-02 7.57523692004012e-04 
3.91503127013002e+00 9.64705379827513e-02 7.60812922285807e-04 
3.92966690104639e+00 9.61958722185132e-02 7.64073380969185e-04 
3.94430253196277e+00 9.59190855151698e-02 7.67304556881115e-04 
3.95893816287914e+00 9.56401805188171e-02 7.70505939316063e-04 
3.97357379379552e+00 9.53591601714677e-02 7.73677018146438e-04 
3.98820942471189e+00 9.50760277133575e-02 7.76817283934318e-04 
4.00284505562826e+00 9.47907866852064e-02 7.80035178189201e-04 
4.01748068654464e+00 9.45032801648531e-02 7.83376745365866e-04 
4.03211631746101e+00 9.42134404539022e-02 7.86732099245869e-04 
4.04675194837739e+00 9.39212708950929e-02 7.90052797461675e-04 
4.06138757929376e+00 9.36267751980764e-02 7.93338239822101e-04 
4.07602321021013e+00 9.33299574423731e-02 7.96587827250100e-04 
4.09065884112651e+00 9.30308220802656e-02 7.99800961935145e-04 
4.10529447204288e+00 9.27293739396251e-02 8.02977047486807e-04 
4.11993010295925e+00 9.24256182266720e-02 8.06115489089672e-04 
4.13456573387563e+00 9.21195605286648e-02 8.09215693660592e-04 
4.14920136479200e+00 9.18112068165193e-02 8.12277070007601e-04 
4.16383699570838e+00 9.15005634473527e-02 8.15299028990052e-04 
4.17847262662475e+00 9.11876371669536e-02 8.18280983680355e-04 
4.19310825754112e+00 9.08724351121736e-02 8.21222349527120e-04 
4.20774388845750e+00 9.05549648132408e-02 8.24122544520260e-04 
4.22237951937387e+00 9.02352341959907e-02 8.26980989357298e-04 
4.23701515029025e+00 8.99132515840151e-02 8.29797107610659e-04 
4.25165078120662e+00 8.95890257007251e-02 8.32570325896823e-04 
4.26628641212299e+00 8.92625656713280e-02 8.35300074046301e-04 
4.28092204303937e+00 8.89338810247144e-02 8.37985785275327e-04 
4.29555767395574e+00 8.86029816952550e-02 8.40626896358466e-04 
4.31019330487212e+00 8.82698780245050e-02 8.43222847802271e-04 
4.32482893578849e+00 8.79345807628129e-02 8.45773084020159e-04 
4.33946456670486e+00 8.75971010708339e-02 8.48277053508103e-04 
4.35410019762124e+00 8.72574505209450e-02 8.50734209021627e-04 
4.36873582853761e+00 8.69156410985587e-02 8.53144007753525e-04 
4.38337145945398e+00 8.65716852033364e-02 8.55505911512238e-04 
4.39800709037036e+00 8.62255956502965e-02 8.57819386901302e-04 
4.41264272128673e+00 8.58773856708181e-02 8.60083905499338e-04 
4.42727835220311e+00 8.55270689135369e-02 8.62298944040644e-04 
4.44191398311948e+00 8.51746594451313e-02 8.64463984596517e-04 
4.45654961403585e+00 8.48201717509991e-02 8.66578514757019e-04 
4.47118524495223e+00 8.44636207358201e-02 8.68642027813111e-04 
4.48582087586860e+00 8.41050217240055e-02 8.70654022939260e-04 
4.50045650678498e+00 8.37443904600310e-02 8.72504756584200e-04 
4.51509213770135e+00 8.33819258202266e-02 8.74099330808134e-04 
4.52972776861772e+00 8.30178058075010e-02 8.75548810055337e-04 
4.54436339953410e+00 8.26520470998080e-02 8.76949736390641e-04 
4.55899903045047e+00 8.22846666925353e-02 8.78301768191423e-04 
4.57363466136685e+00 8.19156818976180e-02 8.79604569928246e-04 
4.58827029228322e+00 8.15451103425627e-02 8.80857812289994e-04 
4.60290592319959e+00 8.11729699693828e-02 8.82061172308540e-04 
4.61754155411597e+00 8.07992790334430e-02 8.83214333482983e-04 
4.63217718503234e+00 8.04240561022139e-02 8.84316985903063e-04 
4.64681281594872e+00 8.00473200539337e-02 8.85368826372088e-04 
4.66144844686509e+00 7.96690900761797e-02 8.86369558529130e-04 
4.67608407778146e+00 7.92893856643458e-02 8.87318892970247e-04 
4.69071970869784e+00 7.89082266200281e-02 8.88216547369028e-04 
4.70535533961421e+00 7.85256330493156e-02 8.89062246596266e-04 
4.71999097053058e+00 7.81416253609884e-02 8.89855722838658e-04 
4.73462660144696e+00 7.77562242646198e-02 8.90596715716293e-04 
4.74926223236333e+00 7.73694507685856e-02 8.91284972399302e-04 
4.76389786327971e+00 7.69813261779759e-02 8.91920247723535e-04 
4.77853349419608e+00 7.65918720924132e-02 8.92502304304570e-04 
4.79316912511245e+00 7.62011104037738e-02 8.93030912650882e-04 
4.80780475602883e+00 7.58090632938131e-02 8.93505851275721e-04 
4.82244038694520e+00 7.54157532316949e-02 8.93926906807312e-04 
4.83707601786158e+00 7.50212029714240e-02 8.94293874097828e-04 
4.85171164877795e+00 7.46254355491823e-02 8.94606556331153e-04 
4.86634727969432e+00 7.42284742805682e-02 8.94864765128674e-04 
4.88098291061070e+00 7.38303427577388e-02 8.95068320653714e-04 
4.89561854152707e+00 7.34310648464555e-02 8.95217051714372e-04 
4.91025417244345e+00 7.30306646830330e-02 8.95310795864438e-04 
4.92488980335982e+00 7.26291666711910e-02 8.95349399502790e-04 
4.93952543427619e+00 7.22265954788096e-02 8.95332717970740e-04 
4.95416106519257e+00 7.18229760345879e-02 8.95260615647655e-04 
4.96879669610894e+00 7.14183335246064e-02 8.95132966044744e-04 
4.98343232702531e+00 7.10126933887927e-02 8.94949651896463e-04 
4.99806795794169e+00 7.06060813172923e-02 8.94780612627451e-04 
5.01270358885806e+00 7.01983940303339e-02 8.94744239791171e-04 
5.02733921977444e+00 6.97894366617284e-02 8.94766731913167e-04 
5.04197485069081e+00 6.93792379394298e-02 8.94726143876699e-04 
5.05661048160718e+00 6.89678269355447e-02 8.94622305242739e-04 
5.07124611252356e+00 6.85552330618315e-02 8.94455057527518e-04 
5.08588174343993e+00 6.81414860650545e-02 8.94224254334891e-04 
5.10051737435631e+00 6.77266160221939e-02 8.93929761485170e-04 
5.11515300527268e+00 6.73106533355117e-02 8.93571457141275e-04 
5.12978863618905e+00 6.68936287274738e-02 8.93149231931450e-04 
5.14442426710543e+00 6.64755732355303e-02 8.92662989068398e-04 
5.15905989802180e+00 6.60565182067517e-02 8.92112644465310e-04 
5.17369552893818e+00 6.56364952923246e-02 8.91498126848241e-04 
5.18833115985455e+00 6.52155364419061e-02 8.90819377864634e-04 
5.20296679077092e+00 6.47936738978374e-02 8.90076352188359e-04 
5.21760242168730e+00 6.43709401892193e-02 8.89269017620864e-04 
5.23223805260367e+00 6.39473681258483e-02 8.88397355188316e-04 
5.24687368352004e+00 6.35229907920162e-02 8.87461359234845e-04 
5.26150931443642e+00 6.30978415401732e-02 8.86461037511509e-04 
5.27614494535279e+00 6.26719539844565e-02 8.85396411261486e-04 
5.29078057626917e+00 6.22453619940851e-02 8.84267515300601e-04 
5.30541620718554e+00 6.18180996866225e-02 8.83074398093429e-04 
5.32005183810191e+00 6.13902014211087e-02 8.81817121825493e-04 
5.33468746901829e+00 6.09617017910636e-02 8.80495762470541e-04 
5.34932309993466e+00 6.05326356173617e-02 8.79110409853095e-04 
5.36395873085104e+00 6.01030379409827e-02 8.77661167706743e-04 
5.37859436176741e+00 5.96729440156366e-02 8.76148153727434e-04 
5.39322999268378e+00 5.92423893002681e-02 8.74571499621861e-04 
5.40786562360016e+00 5.88114094514395e-02 8.72931351151095e-04 
5.42250125451653e+00 5.83800403155973e-02 8.71227868169333e-04 
5.43713688543291e+00 5.79483179212212e-02 8.69461224657369e-04 
5.45177251634928e+00 5.75162784708606e-02 8.67631608750960e-04 
5.46640814726565e+00 5.70839583330594e-02 8.65739222764281e-04 
5.48104377818203e+00 5.66513940341720e-02 8.63784283207870e-04 
5.49567940909840e+00 5.62186222500724e-02 8.61767020801445e-04 
5.51031504001478e+00 5.57856797977597e-02 8.59687680481257e-04 
5.52495067093115e+00 5.53526036268625e-02 8.57546521402008e-04 
5.53958630184752e+00 5.49194308110443e-02 8.55343816933467e-04 
5.55422193276390e+00 5.44861985393130e-02 8.53079854651305e-04 
5.56885756368027e+00 5.40529441072386e-02 8.50754936322550e-04 
5.58349319459665e+00 5.36197049080792e-02 8.48369377885564e-04 
5.59812882551302e+00 5.31865184238216e-02 8.45923509423985e-04 
5.61276445642939e+00 5.27534222161370e-02 8.43417675135116e-04 
5.62740008734577e+00 5.23204539172569e-02 8.40852233292750e-04 
5.64203571826214e+00 5.18876512207710e-02 8.38227556204093e-04 
5.65667134917851e+00 5.14550518723511e-02 8.35544030160912e-04 
5.67130698009489e+00 5.10226936604049e-02 8.32802055384818e-04 
5.68594261101126e+00 5.05906144066614e-02 8.30002045966697e-04 
5.70057824192764e+00 5.01588519566940e-02 8.27144429800303e-04 
5.71521387284401e+00 4.97274441703827e-02 8.24229648509938e-04 
5.72984950376038e+00 4.92964289123200e-02 8.21258157372240e-04 
5.74448513467676e+00 4.88658440421644e-02 8.18230425232039e-04 
5.75912076559313e+00 4.84357274049447e-02 8.15146934412220e-04 
5.77375639650951e+00 4.80061168213199e-02 8.12008180617802e-04 
5.78839202742588e+00 4.75770500777970e-02 8.08814672833950e-04 
5.80302765834225e+00 4.71485649169130e-02 8.05566933218082e-04 
5.81766328925863e+00 4.67206990273824e-02 8.02265496986104e-04 
5.83229892017500e+00 4.62934900342172e-02 7.98910912292651e-04 
5.84693455109138e+00 4.58669754888208e-02 7.95503740105501e-04 
5.86157018200775e+00 4.54411928590619e-02 7.92044554074022e-04 
5.87620581292412e+00 4.50161795193319e-02 7.88533940391795e-04 
5.89084144384050e+00 4.45919727405900e-02 7.84972497653372e-04 
5.90547707475687e+00 4.41686096804008e-02 7.81360836705264e-04 
5.92011270567324e+00 4.37461273729677e-02 7.77699580491146e-04 
5.93474833658962e+00 4.33245627191685e-02 7.73989363891275e-04 
5.94938396750599e+00 4.29039524765949e-02 7.70230833556170e-04 
5.96401959842237e+00 4.24843332496031e-02 7.66424647734693e-04 
5.97865522933874e+00 4.20657414793782e-02 7.62571476096527e-04 
5.99329086025511e+00 4.16482134340172e-02 7.58674709645440e-04 
6.00792649117149e+00 4.12317790825751e-02 7.54796898303173e-04 
6.02256212208786e+00 4.08163342507176e-02 7.50933794451548e-04 
6.03719775300424e+00 4.04019176990587e-02 7.47021694409998e-04 
6.05183338392061e+00 3.99885680041311e-02 7.43061334272020e-04 
6.06646901483698e+00 3.95763235471206e-02 7.39053462445030e-04 
6.08110464575336e+00 3.91652225026309e-02 7.34998839426209e-04 
6.09574027666973e+00 3.87553028274851e-02 7.30898237572160e-04 
6.11037590758611e+00 3.83466022495682e-02 7.26752440862165e-04 
6.12501153850248e+00 3.79391582567169e-02 7.22562244655008e-04 
6.13964716941885e+00 3.75330080856637e-02 7.18328455439775e-04 
6.15428280033523e+00 3.71281887110376e-02 7.14051890580613e-04 
6.16891843125160e+00 3.67247368344310e-02 7.09733378055521e-04 
6.18355406216797e+00 3.63226888735354e-02 7.05373756189239e-04 
6.19818969308435e+00 3.59220809513532e-02 7.00973873380347e-04 
6.21282532400072e+00 3.55229488854907e-02 6.96534587822871e-04 
6.22746095491710e+00 3.51253281775385e-02 6.92056767222277e-04 
6.24209658583347e+00 3.47292540025437e-02 6.87541288506116e-04 
6.25673221674985e+00 3.43347611985810e-02 6.82989037529511e-04 
6.27136784766622e+00 3.39418842564273e-02 6.78400908775384e-04 
6.28600347858259e+00 3.35506573093462e-02 6.73777805049743e-04 
6.30063910949897e+00 3.31611141229868e-02 6.69120637172273e-04 
6.31527474041534e+00 3.27732880854031e-02 6.64430323662157e-04 
6.32991037133171e+00 3.23872121972000e-02 6.59707790419333e-04 
6.34454600224809e+00 3.20029190618102e-02 6.54953970401467e-04 
6.35918163316446e+00 3.16204408759072e-02 6.50169803296659e-04 
6.37381726408084e+00 3.12398094199620e-02 6.45356235192213e-04 
6.38845289499721e+00 3.08610560489454e-02 6.40514218239412e-04 
6.40308852591358e+00 3.04842116831845e-02 6.35644710314622e-04 
6.41772415682996e+00 3.01093067993754e-02 6.30748674677008e-04 
6.43235978774633e+00 2.97363714217601e-02 6.25827079622777e-04 
6.44699541866271e+00 2.93654351134702e-02 6.20880898136303e-04 
6.46163104957908e+00 2.89965269680438e-02 6.15911107538317e-04 
6.47626668049545e+00 2.86296756011204e-02 6.10918689131289e-04 
6.49090231141183e+00 2.82649091423172e-02 6.05904627842279e-04 
6.50553794232820e+00 2.79022552272931e-02 6.00869911863343e-04 
6.52017357324458e+00 2.75417409900046e-02 5.95815532289836e-04 
6.53480920416095e+00 2.71833930551572e-02 5.90742482756699e-04 
6.54944483507732e+00 2.68272375308574e-02 5.85651759072895e-04 
6.56408046599370e+00 2.64733000014699e-02 5.80544358854424e-04 
6.57871609691007e+00 2.61216055206833e-02 5.75421281155921e-04 
6.59335172782644e+00 2.57721786047891e-02 5.70283526101054e-04 
6.60798735874282e+00 2.54250432261772e-02 5.65132094512076e-04 
6.62262298965919e+00 2.50802228070531e-02 5.59967987538602e-04 
6.63725862057557e+00 2.47377402133780e-02 5.54792206285950e-04 
6.65189425149194e+00 2.43976177490386e-02 5.49605751443178e-04 
6.66652988240831e+00 2.40598771502468e-02 5.44409622910987e-04 
6.68116551332469e+00 2.37245395801756e-02 5.39204819429923e-04 
6.69580114424106e+00 2.33916256238313e-02 5.33992338208898e-04 
6.71043677515744e+00 2.30611552831684e-02 5.28773174554283e-04 
6.72507240607381e+00 2.27331479724464e-02 5.23548321499873e-04 
6.73970803699018e+00 2.24076225138346e-02 5.18318769437933e-04 
6.75434366790656e+00 2.20845971332653e-02 5.13085505751448e-04 
6.76897929882293e+00 2.17640894565384e-02 5.07849514447949e-04 
6.78361492973931e+00 2.14461165056805e-02 5.02611775795027e-04 
6.79825056065568e+00 2.11306946955586e-02 4.97373265957809e-04 
6.81288619157205e+00 2.08178398307532e-02 4.92134956638584e-04 
6.82752182248843e+00 2.05075671026898e-02 4.86897814718824e-04 
6.84215745340480e+00 2.01998910870321e-02 4.81662801903825e-04 
6.85679308432117e+00 1.98948257413381e-02 4.76430874370180e-04 
6.87142871523755e+00 1.95923844029799e-02 4.71202982416353e-04 
6.88606434615392e+00 1.92925797873286e-02 4.65980070116431e-04 
6.90069997707030e+00 1.89954239862056e-02 4.60763074977379e-04 
6.91533560798667e+00 1.87009284666003e-02 4.55552927600017e-04 
6.92997123890304e+00 1.84091040696558e-02 4.50350551343924e-04 
6.94460686981942e+00 1.81199610099219e-02 4.45156861996387e-04 
6.95924250073579e+00 1.78335088748763e-02 4.39972767445691e-04 
6.97387813165217e+00 1.75497566247149e-02 4.34799167358977e-04 
6.98851376256854e+00 1.72687125924085e-02 4.29636952864752e-04 
7.00314939348491e+00 1.69903844840292e-02 4.24613997749407e-04 
7.01778502440129e+00 1.67144325053350e-02 4.19774141508623e-04 
7.03242065531766e+00 1.64407406510161e-02 4.14979193222771e-04 
7.04705628623404e+00 1.61693342145558e-02 4.10176852527338e-04 
7.06169191715041e+00 1.59002376890949e-02 4.05368406569556e-04 
7.07632754806678e+00 1.56334747592349e-02 4.00555138280467e-04 
7.09096317898316e+00 1.53690682933264e-02 3.95738325705149e-04 
7.10559880989953e+00 1.51070403362510e-02 3.90919241336458e-04 
7.12023444081591e+00 1.48474121027016e-02 3.86099151452849e-04 
7.13487007173228e+00 1.45902039709658e-02 3.81279315460851e-04 
7.14950570264865e+00 1.43354354772190e-02 3.76460985242769e-04 
7.16414133356503e+00 1.40831253103304e-02 3.71645404510183e-04 
7.17877696448140e+00 1.38332913071861e-02 3.66833808163805e-04 
7.19341259539778e+00 1.35859504485337e-02 3.62027421660218e-04 
7.20804822631415e+00 1.33411188553502e-02 3.57227460386103e-04 
7.22268385723052e+00 1.30988117857370e-02 3.52435129040502e-04 
7.23731948814690e+00 1.28590436323432e-02 3.47651621025615e-04 
7.25195511906327e+00 1.26218279203191e-02 3.42878117846689e-04 
7.26659074997964e+00 1.23871773058018e-02 3.38115788521511e-04 
7.28122638089602e+00 1.21551035749323e-02 3.33365789000043e-04 
7.29586201181239e+00 1.19256176434049e-02 3.28629261594700e-04 
7.31049764272877e+00 1.16987295565482e-02 3.23907334421739e-04 
7.32513327364514e+00 1.14744484899380e-02 3.19201120854293e-04 
7.33976890456151e+00 1.12527827505384e-02 3.14511718987486e-04 
7.35440453547789e+00 1.10337397783719e-02 3.09840211116103e-04 
7.36904016639426e+00 1.08173261487142e-02 3.05187663225268e-04 
7.38367579731064e+00 1.06035475748115e-02 3.00555124494572e-04 
7.39831142822701e+00 1.03924089111170e-02 2.95943626816070e-04 
7.41294705914338e+00 1.01839141570427e-02 2.91354184326520e-04 
7.42758269005976e+00 9.97806646122213e-03 2.86787792954311e-04 
7.44221832097613e+00 9.77486812627899e-03 2.82245429981462e-04 
7.45685395189250e+00 9.57432061409644e-03 2.77728053620961e-04 
7.47148958280888e+00 9.37642455158153e-03 2.73236602609902e-04 
7.48612521372525e+00 9.18117973691817e-03 2.68771995818697e-04 
7.50076084464163e+00 8.98858514630197e-03 2.64335131876648e-04 
7.51539647555800e+00 8.79863894114990e-03 2.59926888814220e-04 
7.53003210647437e+00 8.61133847577694e-03 2.55548123722266e-04 
7.54466773739075e+00 8.42668030553183e-03 2.51199672428465e-04 
7.55930336830712e+00 8.24466019538324e-03 2.46882349191199e-04 
7.57393899922350e+00 8.06527312894753e-03 2.42596946411086e-04 
7.58857463013987e+00 7.88851331794886e-03 2.38344234360383e-04 
7.60321026105624e+00 7.71437421210163e-03 2.34124960930435e-04 
7.61784589197262e+00 7.54284850940546e-03 2.29939851397304e-04 
7.63248152288899e+00 7.37392816684200e-03 2.25789608205738e-04 
7.64711715380537e+00 7.20760441146280e-03 2.21674910771584e-04 
7.66175278472174e+00 7.04386775185699e-03 2.17596415302757e-04 
7.67638841563811e+00 6.88270798998733e-03 2.13554754638819e-04 
7.69102404655449e+00 6.72411423338263e-03 2.09550538109236e-04 
7.70565967747086e+00 6.56807490767449e-03 2.05584351410345e-04 
7.72029530838723e+00 6.41457776946589e-03 2.01656756501036e-04 
7.73493093930361e+00 6.26360991951885e-03 1.97768291517150e-04 
7.74956657021998e+00 6.11515781624819e-03 1.93919470704564e-04 
7.76420220113636e+00 5.96920728950822e-03 1.90110784370896e-04 
7.77883783205273e+00 5.82574355465884e-03 1.86342698855788e-04 
7.79347346296910e+00 5.68475122689735e-03 1.82615656519653e-04 
7.80810909388548e+00 5.54621433584221e-03 1.78930075750768e-04 
7.82274472480185e+00 5.41011634035464e-03 1.75286350990615e-04 
7.83738035571823e+00 5.27644014358392e-03 1.71684852777290e-04 
7.85201598663460e+00 5.14516810822192e-03 1.68125927806805e-04 
7.86665161755097e+00 5.01628207195265e-03 1.64609899012119e-04 
7.88128724846735e+00 4.88976336308201e-03 1.61137065659659e-04 
7.89592287938372e+00 4.76559281633323e-03 1.57707703463122e-04 
7.91055851030010e+00 4.64375078879331e-03 1.54322064714300e-04 
7.92519414121647e+00 4.52421717599557e-03 1.50980378430674e-04 
7.93982977213284e+00 4.40697142812363e-03 1.47682850519474e-04 
7.95446540304922e+00 4.29199256632193e-03 1.44429663957928e-04 
7.96910103396559e+00 4.17925919909807e-03 1.41220978989368e-04 
7.98373666488197e+00 4.06874953880205e-03 1.38056933334881e-04 
7.99837229579834e+00 3.96044141816781e-03 1.34924985516910e-04 
8.01300792671471e+00 3.85435589021731e-03 1.31806959849597e-04 
8.02764355763109e+00 3.75053376255416e-03 1.28718916911954e-04 
8.04227918854746e+00 3.64894373769722e-03 1.25682701171418e-04 
8.05691481946383e+00 3.54955449984451e-03 1.22698009089538e-04 
8.07155045038021e+00 3.45233472776735e-03 1.19764523667588e-04 
8.08618608129658e+00 3.35725310751252e-03 1.16881914826404e-04 
8.10082171221296e+00 3.26427834490603e-03 1.14049839789091e-04 
8.11545734312933e+00 3.17337917785287e-03 1.11267943466231e-04 
8.13009297404570e+00 3.08452438842681e-03 1.08535858843263e-04 
8.14472860496208e+00 2.99768281474499e-03 1.05853207369709e-04 
8.15936423587845e+00 2.91282336262205e-03 1.03219599349900e-04 
8.17399986679483e+00 2.82991501699887e-03 1.00634634334878e-04 
8.18863549771120e+00 2.74892685314130e-03 9.80979015151411e-05 
8.20327112862757e+00 2.66982804760436e-03 9.56089801139084e-05 
8.21790675954395e+00 2.59258788895788e-03 9.31674397805809e-05 
8.23254239046032e+00 2.51717578826952e-03 9.07728409840841e-05 
8.24717802137670e+00 2.44356128934173e-03 8.84247354057774e-05 
8.26181365229307e+00 2.37171407869901e-03 8.61226663316162e-05 
8.27644928320944e+00 2.30160399532257e-03 8.38661690432644e-05 
8.29108491412582e+00 2.23320104012947e-03 8.16547712078606e-05 
8.30572054504219e+00 2.16647538519348e-03 7.94879932661430e-05 
8.32035617595857e+00 2.10139738270558e-03 7.73653488186408e-05 
8.33499180687494e+00 2.03793757367175e-03 7.52863450096472e-05 
8.34962743779131e+00 1.97606669634649e-03 7.32504829087048e-05 
8.36426306870769e+00 1.91575569440019e-03 7.12572578893278e-05 
8.37889869962406e+00 1.85697572481932e-03 6.93061600046960e-05 
8.39353433054043e+00 1.79969816553817e-03 6.73966743600674e-05 
8.40816996145681e+00 1.74389462280146e-03 6.55282814816503e-05 
8.42280559237318e+00 1.68953693825710e-03 6.37004576817063e-05 
8.43744122328956e+00 1.63659719577898e-03 6.19126754196357e-05 
8.45207685420593e+00 1.58504772801943e-03 6.01644036588213e-05 
8.46671248512230e+00 1.53486112269181e-03 5.84551082190089e-05 
8.48134811603868e+00 1.48601022858330e-03 5.67842521240133e-05 
8.49598374695505e+00 1.43846816129881e-03 5.51512959445475e-05 
8.51061937787143e+00 1.39220830873662e-03 5.35556981359718e-05 
8.52525500878780e+00 1.34720433629686e-03 5.19969153707787e-05 
8.53989063970417e+00 1.30343019182426e-03 5.04744028656321e-05 
8.55452627062055e+00 1.26086011028642e-03 4.89876147027907e-05 
8.56916190153692e+00 1.21946861818948e-03 4.75360041457495e-05 
8.58379753245330e+00 1.17923053773308e-03 4.61190239489455e-05 
8.59843316336967e+00 1.14012099070654e-03 4.47361266613822e-05 
8.61306879428604e+00 1.10211540212877e-03 4.33867649240335e-05 
8.62770442520242e+00 1.06518950363427e-03 4.20703917609015e-05 
8.64234005611879e+00 1.02931933660785e-03 4.07864608636027e-05 
8.65697568703517e+00 9.94481255070963e-04 3.95344268693726e-05 
8.67161131795154e+00 9.60651928322646e-04 3.83137456323891e-05 
8.68624694886791e+00 9.27808343338178e-04 3.71238744883159e-05 
8.70088257978429e+00 8.95927806928823e-04 3.59642725119799e-05 
8.71551821070066e+00 8.64987947666095e-04 3.48344007681082e-05 
8.73015384161704e+00 8.34966717574178e-04 3.37337225550541e-05 
8.74478947253341e+00 8.05842393594217e-04 3.26617036414498e-05 
8.75942510344978e+00 7.77593578824390e-04 3.16178124957363e-05 
8.77406073436616e+00 7.50199203539740e-04 3.06015205085257e-05 
8.78869636528253e+00 7.23638525995894e-04 2.96123022077602e-05 
8.80333199619890e+00 6.97891133020894e-04 2.86496354666374e-05 
8.81796762711528e+00 6.72936940399482e-04 2.77130017042863e-05 
8.83260325803165e+00 6.48756193054256e-04 2.68018860791789e-05 
8.84723888894803e+00 6.25329465028231e-04 2.59157776752748e-05 
8.86187451986440e+00 6.02637659273396e-04 2.50541696809011e-05 
8.87651015078077e+00 5.80662007249968e-04 2.42165595603766e-05 
8.89114578169715e+00 5.59384068341072e-04 2.34024492184022e-05 
8.90578141261352e+00 5.38785729087691e-04 2.26113451572385e-05 
8.92041704352989e+00 5.18849202248735e-04 2.18427586267029e-05 
8.93505267444627e+00 4.99557025691173e-04 2.10962057670271e-05 
8.94968830536264e+00 4.80892061115191e-04 2.03712077446175e-05 
8.96432393627902e+00 4.62837492619385e-04 1.96672908807709e-05 
8.97895956719539e+00 4.45376825111026e-04 1.89839867734028e-05 
8.99359519811176e+00 4.28493882566472e-04 1.83208324118509e-05 
9.00823082902814e+00 4.12172806146810e-04 1.76773702848255e-05 
9.02286645994451e+00 3.96398052173817e-04 1.70531484815787e-05 
9.03750209086089e+00 3.81154389971368e-04 1.64477207863740e-05 
9.05213772177726e+00 3.66426899577378e-04 1.58606467663422e-05 
9.06677335269363e+00 3.52200969331403e-04 1.52914918528111e-05 
9.08140898361001e+00 3.38462293342984e-04 1.47398274162069e-05 
9.09604461452638e+00 3.25196868845819e-04 1.42052308346248e-05 
9.11068024544276e+00 3.12390993442829e-04 1.36872855561733e-05 
9.12531587635913e+00 3.00031262247152e-04 1.31855811551986e-05 
9.13995150727550e+00 2.88104564924064e-04 1.26997133825014e-05 
9.15458713819188e+00 2.76598082638818e-04 1.22292842096610e-05 
9.16922276910825e+00 2.65499284915313e-04 1.17739018675842e-05 
9.18385840002463e+00 2.54795926410491e-04 1.13331808794022e-05 
9.19849403094100e+00 2.44476043609308e-04 1.09067420878372e-05 
9.21312966185737e+00 2.34527951445046e-04 1.04942126771685e-05 
9.22776529277375e+00 2.24940239849719e-04 1.00952261899246e-05 
9.24240092369012e+00 2.15701770239229e-04 9.70942253843643e-06 
9.25703655460650e+00 2.06801671937883e-04 9.33644801138137e-06 
9.27167218552287e+00 1.98229338546798e-04 8.97595527545756e-06 
9.28630781643924e+00 1.89974424260683e-04 8.62760337232278e-06 
9.30094344735562e+00 1.82026840137364e-04 8.29105771093700e-06 
9.31557907827199e+00 1.74376750324385e-04 7.96599005544898e-06 
9.33021470918836e+00 1.67014568246907e-04 7.65207850876702e-06 
9.34485034010474e+00 1.59930952761073e-04 7.34900749195463e-06 
9.35948597102111e+00 1.53116804276882e-04 7.05646771959365e-06 
9.37412160193749e+00 1.46563260854576e-04 6.77415617125700e-06 
9.38875723285386e+00 1.40261694278409e-04 6.50177605923327e-06 
9.40339286377023e+00 1.34203706111608e-04 6.23903679264574e-06 
9.41802849468661e+00 1.28381123736220e-04 5.98565393810784e-06 
9.43266412560298e+00 1.22785996381468e-04 5.74134917705712e-06 
9.44729975651936e+00 1.17410591144109e-04 5.50585025990916e-06 
9.46193538743573e+00 1.12247389004228e-04 5.27889095717174e-06 
9.47657101835210e+00 1.07289080839772e-04 5.06021100765934e-06 
9.49120664926848e+00 1.02528563443042e-04 4.84955606394654e-06 
9.50584228018485e+00 9.79589355422574e-05 4.64667763519814e-06 
9.52047791110123e+00 9.35734938312188e-05 4.45133302751233e-06 
9.53511354201760e+00 8.93657290099594e-05 4.26328528191162e-06 
9.54974917293397e+00 8.53293218392155e-05 4.08230311011503e-06 
9.56438480385035e+00 8.14581392114148e-05 3.90816082822308e-06 
9.57902043476672e+00 7.77462302407896e-05 3.74063828844551e-06 
9.59365606568310e+00 7.41878223751204e-05 3.57952080899964e-06 
9.60829169659947e+00 7.07773175315100e-05 3.42459910230514e-06 
9.62292732751584e+00 6.75092882584891e-05 3.27566920159911e-06 
9.63756295843222e+00 6.43784739266531e-05 3.13253238609290e-06 
9.65219858934859e+00 6.13797769499282e-05 2.99499510478990e-06 
9.66683422026497e+00 5.85082590394654e-05 2.86286889908139e-06 
9.68146985118134e+00 5.57591374920640e-05 2.73597032423436e-06 
9.69610548209771e+00 5.31277815149255e-05 2.61412086988348e-06 
9.71074111301409e+00 5.06097085884433e-05 2.49714687963630e-06 
9.72537674393046e+00 4.82005808686387e-05 2.38487946989829e-06 
9.74001237484683e+00 4.58962016307568e-05 2.27715444802141e-06 
9.75464800576321e+00 4.36925117554463e-05 2.17381222987754e-06 
9.76928363667958e+00 4.15855862588507e-05 2.07469775695480e-06 
9.78391926759596e+00 3.95716308678531e-05 1.97966041307226e-06 
9.79855489851233e+00 3.76469786416251e-05 1.88855394080567e-06 
9.81319052942870e+00 3.58080866405439e-05 1.80123635771377e-06 
9.82782616034508e+00 3.40515326434560e-05 1.71756987245193e-06 
9.84246179126145e+00 3.23740119141851e-05 1.63742080085691e-06 
9.85709742217782e+00 3.07723340180951e-05 1.56065948208367e-06 
9.87173305309420e+00 2.92434196894442e-05 1.48716019487203e-06 
9.88636868401057e+00 2.77842977501852e-05 1.41680107401817e-06 
9.90100431492695e+00 2.63921020807925e-05 1.34946402712307e-06 
9.91563994584332e+00 2.50640686436211e-05 1.28503465168672e-06 
9.93027557675969e+00 2.37975325592337e-05 1.22340215261455e-06 
9.94491120767607e+00 2.25899252360581e-05 1.16445926019897e-06 
9.95954683859244e+00 2.14387715536735e-05 1.10810214863666e-06 
9.97418246950882e+00 2.03416870999553e-05 1.05423035513882e-06 
9.98881810042519e+00 1.92963754622484e-05 1.00274669968923e-06 
1.00034537313416e+01 1.83006255726718e-05 9.53175302507368e-07 
1.00180893622579e+01 1.73541688000324e-05 9.05356365894757e-07 
1.00327249931743e+01 1.64553072212256e-05 8.59709788330940e-07 
1.00473606240907e+01 1.56017174111732e-05 8.16297672162947e-07 
1.00619962550071e+01 1.47911857286500e-05 7.75014123855215e-07 
1.00766318859234e+01 1.40216033134597e-05 7.35758090936330e-07 
1.00912675168398e+01 1.32909613024655e-05 6.98433149472647e-07 
1.01059031477562e+01 1.25973462553404e-05 6.62947300448274e-07 
1.01205387786726e+01 1.19389357812624e-05 6.29212774698066e-07 
1.01351744095889e+01 1.13139943581267e-05 5.97145846053307e-07 
1.01498100405053e+01 1.07208693361832e-05 5.66666652372479e-07 
1.01644456714217e+01 1.01579871183291e-05 5.37699024141729e-07 
1.01790813023381e+01 9.62384950959556e-06 5.10170320341499e-07 
1.01937169332544e+01 9.11703022866861e-06 4.84011271287192e-07 
1.02083525641708e+01 8.63617157456845e-06 4.59155828162751e-07 
1.02229881950872e+01 8.17998124189129e-06 4.35541018976644e-07 
1.02376238260035e+01 7.74722927828160e-06 4.13106810680040e-07 
1.02522594569199e+01 7.33674517805985e-06 3.91795977196878e-07 
1.02668950878363e+01 6.94741510617678e-06 3.71553973125047e-07 
1.02815307187527e+01 6.57817924690254e-06 3.52328812877137e-07 
1.02961663496690e+01 6.22802927188643e-06 3.34070955038089e-07 
1.03108019805854e+01 5.89600592244280e-06 3.16733191725681e-07 
1.03254376115018e+01 5.58119670112875e-06 3.00270542748039e-07 
1.03400732424182e+01 5.28273366788249e-06 2.84640154360317e-07 
1.03547088733345e+01 4.99979133618567e-06 2.69801202430413e-07 
1.03693445042509e+01 4.73158466490022e-06 2.55714799830964e-07 
1.03839801351673e+01 4.47736714161055e-06 2.42343907882016e-07 
1.03986157660837e+01 4.23642895347438e-06 2.29653251675655e-07 
1.04132513970000e+01 4.00809524175221e-06 2.17609239120519e-07 
1.04278870279164e+01 3.79172443634455e-06 2.06179883550453e-07 
1.04425226588328e+01 3.58670666681999e-06 1.95334729747797e-07 
1.04571582897492e+01 3.39246224656395e-06 1.85044783237659e-07 
1.04717939206655e+01 3.20844022681989e-06 1.75282442715277e-07 
1.04864295515819e+01 3.03411701753043e-06 1.66021435474040e-07 
1.05010651824983e+01 2.86899507201644e-06 1.57236755707044e-07 
1.05157008134147e+01 2.71260163265722e-06 1.48904605560171e-07 
1.05303364443310e+01 2.56448753485554e-06 1.41002338819538e-07 
1.05449720752474e+01 2.42422606668629e-06 1.33508407120924e-07 
1.05596077061638e+01 2.29141188173877e-06 1.26402308573315e-07 
1.05742433370801e+01 2.16565996276849e-06 1.19664538693063e-07 
1.05888789679965e+01 2.04660463387688e-06 1.13276543549367e-07 
1.06035145989129e+01 1.93389861903483e-06 1.07220675025837e-07 
1.06181502298293e+01 1.82721214486002e-06 1.01480148106784e-07 
1.06327858607456e+01 1.72623208564819e-06 9.60390001006192e-08 
1.06474214916620e+01 1.63066114874474e-06 9.08820517163453e-08 
1.06620571225784e+01 1.54021709842600e-06 8.59948699125786e-08 
1.06766927534948e+01 1.45463201653896e-06 8.13637324418737e-08 
1.06913283844111e+01 1.37365159822445e-06 7.69755940163085e-08 
1.07059640153275e+01 1.29703448112176e-06 7.28180540233668e-08 
1.07205996462439e+01 1.22455160652272e-06 6.88793257241005e-08 
1.07352352771603e+01 1.15598561101033e-06 6.51482068684013e-08 
1.07498709080766e+01 1.09113024718149e-06 6.16140516649220e-08 
1.07645065389930e+01 1.02978983211476e-06 5.82667440458203e-08 
1.07791421699094e+01 9.71778722303362e-07 5.50966721690004e-08 
1.07937778008258e+01 9.16920813830038e-07 5.20947041029493e-08 
1.08084134317421e+01 8.65049066614731e-07 4.92521646415860e-08 
1.08230490626585e+01 8.16005051617778e-07 4.65608131987595e-08 
1.08376846935749e+01 7.69638519931179e-07 4.40128227341794e-08 
1.08523203244913e+01 7.25806992738017e-07 4.16007596646075e-08 
1.08669559554076e+01 6.84375371165729e-07 3.93175647161115e-08 
1.08815915863240e+01 6.45215565102553e-07 3.71565346750745e-08 
1.08962272172404e+01 6.08206140088254e-07 3.51113049974636e-08 
1.09108628481567e+01 5.73231981430247e-07 3.31758332376020e-08 
1.09254984790731e+01 5.40183974734471e-07 3.13443832593632e-08 
1.09401341099895e+01 5.08958702077030e-07 2.96115101943021e-08 
1.09547697409059e+01 4.79458153077643e-07 2.79720461127768e-08 
1.09694053718222e+01 4.51589450169503e-07 2.64210863755864e-08 
1.09840410027386e+01 4.25264587392202e-07 2.49539766350650e-08 
1.09986766336550e+01 4.00400182065081e-07 2.35663004559256e-08 
1.10133122645714e+01 3.76917238727712e-07 2.22538675274455e-08 
1.10279478954877e+01 3.54740924762301e-07 2.10127024398291e-08 
1.10425835264041e+01 3.33800357139616e-07 1.98390339987791e-08 
1.10572191573205e+01 3.14028399755750e-07 1.87292850534480e-08 
1.10718547882369e+01 2.95361470851528e-07 1.76800628140392e-08 
1.10864904191532e+01 2.77739360029858e-07 1.66881496363746e-08 
1.11011260500696e+01 2.61105054408717e-07 1.57504942517542e-08 
1.11157616809860e+01 2.45404573468915e-07 1.48642034213916e-08 
1.11303973119024e+01 2.30586812176259e-07 1.40265339956384e-08 
1.11450329428187e+01 2.16603391977271e-07 1.32348853590867e-08 
1.11596685737351e+01 2.03408519286363e-07 1.24867922434909e-08 
1.11743042046515e+01 1.90958851100194e-07 1.17799178912570e-08 
1.11889398355679e+01 1.79213367392004e-07 1.11120475530224e-08 
1.12035754664842e+01 1.68133249955024e-07 1.04810823035944e-08 
1.12182110974006e+01 1.57681767379602e-07 9.88503316122280e-09 
1.12328467283170e+01 1.47824165863585e-07 9.32201549586391e-09 
1.12474823592333e+01 1.38527565569631e-07 8.79024371274341e-09 
1.12621179901497e+01 1.29760862256720e-07 8.28802619814700e-09 
1.12767536210661e+01 1.21494633926040e-07 7.81376051496483e-09 
1.12913892519825e+01 1.13701052233772e-07 7.36592883608396e-09 
1.13060248828988e+01 1.06353798435079e-07 6.94309360426859e-09 
1.13206605138152e+01 9.94279836348454e-08 6.54389340768878e-09 
1.13352961447316e+01 9.29000731314445e-08 6.16703906075641e-09 
1.13499317756480e+01 8.67478146500440e-08 5.81130988040349e-09 
1.13645674065643e+01 8.09501702717190e-08 5.47555014839358e-09 
1.13792030374807e+01 7.54872518739657e-08 5.15866575069241e-09 
1.13938386683971e+01 7.03402599070854e-08 4.85962098533946e-09 
1.14084742993135e+01 6.54914253393853e-08 4.57743553066052e-09 
1.14231099302298e+01 6.09239546122185e-08 4.31118156604077e-09 
1.14377455611462e+01 5.66219774535931e-08 4.05998103784132e-09 
1.14523811920626e+01 5.25704974064223e-08 3.82300306338889e-09 
1.14670168229790e+01 4.87553449344894e-08 3.59946146629986e-09 
1.14816524538953e+01 4.51631329758785e-08 3.38861243671604e-09 
1.14962880848117e+01 4.17812148199781e-08 3.18936145909730e-09 
1.15109237157281e+01 3.85984031084784e-08 2.99927680661283e-09 
1.15255593466445e+01 3.56069269918280e-08 2.81574072747509e-09 
1.15401949775608e+01 3.28010547086348e-08 2.63809872129146e-09 
1.15548306084772e+01 3.01744963858407e-08 2.46683230597738e-09 
1.15694662393936e+01 2.77205229911296e-08 2.30231266621321e-09 
1.15841018703099e+01 2.54320740441985e-08 2.14481146608065e-09 
1.15987375012263e+01 2.33018544670234e-08 1.99451124765947e-09 
1.16133731321427e+01 2.13224210256822e-08 1.85151535347705e-09 
1.16280087630591e+01 1.94862588727722e-08 1.71585732550738e-09 
1.16426443939754e+01 1.77858487415300e-08 1.58750974669393e-09 
1.16572800248918e+01 1.62137253719861e-08 1.46639250275944e-09 
1.16719156558082e+01 1.47625277673386e-08 1.35238045241897e-09 
1.16865512867246e+01 1.34250418866593e-08 1.24531050309894e-09 
1.17011869176409e+01 1.21942363793969e-08 1.14498809696154e-09 
1.17158225485573e+01 1.10632919591995e-08 1.05119311852744e-09 
1.17304581794737e+01 1.00256250005253e-08 9.63685240569743e-10 
1.17450938103901e+01 9.07490592243627e-09 8.82208729312620e-10 
1.17597294413064e+01 8.20507290087587e-09 8.06496733402615e-10 
1.17743650722228e+01 7.41034142451671e-09 7.36275083722823e-10 
1.17890007031392e+01 6.68521018073787e-09 6.71265632980958e-10 
1.18036363340556e+01 6.02446372816513e-09 6.11189165209718e-10 
1.18182719649719e+01 5.42317238111520e-09 5.55767905955549e-10 
1.18329075958883e+01 4.87668969976677e-09 5.04727664079065e-10 
1.18475432268047e+01 4.38064794840666e-09 4.57799635820609e-10 
1.18621788577210e+01 3.93095185306085e-09 4.14721901166223e-10 
1.18768144886374e+01 3.52377095954561e-09 3.75240641644991e-10 
1.18914501195538e+01 3.15553086372866e-09 3.39111107555320e-10 
1.19060857504702e+01 2.82290355778474e-09 3.06098361306184e-10 
1.19207213813865e+01 2.52279710962518e-09 2.75977822115362e-10 
1.19353570123029e+01 2.25234486759388e-09 2.48535635770300e-10 
1.19499926432193e+01 2.00889435903018e-09 2.23568891563701e-10 
1.19646282741357e+01 1.78999602944806e-09 2.00885706895355e-10 
1.19792639050520e+01 1.59339194888531e-09 1.80305198410098e-10 
1.19938995359684e+01 1.41700459342817e-09 1.61656736549361e-10 
1.20085351668848e+01 1.25893331527298e-09 1.44775029675223e-10 
1.20231707978012e+01 1.11750043364996e-09 1.29512757859917e-10 
1.20378064287175e+01 9.91082472322362e-10 1.15743086870407e-10 
1.20524420596339e+01 8.78198196434386e-10 1.03334755881007e-10 
1.20670776905503e+01 7.77498180286231e-10 9.21662011045789e-11 
1.20817133214667e+01 6.87754880626806e-10 8.21250750268230e-11 
1.20963489523830e+01 6.07853227268584e-10 7.31077567172777e-11 
1.21109845832994e+01 5.36781735878868e-10 6.50188594246479e-11 
1.21256202142158e+01 4.73624141898155e-10 5.77707407128288e-11 
1.21402558451322e+01 4.17551549579928e-10 5.12830195341630e-11 
1.21548914760485e+01 3.67815086042324e-10 4.54821038639631e-11 
1.21695271069649e+01 3.23739046880769e-10 4.03007318305636e-11 
1.21841627378813e+01 2.84714517226891e-10 3.56775286631497e-11 
1.21987983687977e+01 2.50193450073615e-10 3.15565812401969e-11 
1.22134339997140e+01 2.19683182145615e-10 2.78870315492608e-11 
1.22280696306304e+01 1.92741366510227e-10 2.46226899587806e-11 
1.22427052615468e+01 1.68971300434165e-10 2.17216688493018e-11 
1.22573408924631e+01 1.48017626639116e-10 1.91460368499565e-11 
1.22719765233795e+01 1.29562386042910e-10 1.68614936712753e-11 
1.22866121542959e+01 1.13321400246145e-10 1.48370653127223e-11 
1.23012477852123e+01 9.90409623952222e-11 1.30448192483008e-11 
1.23158834161286e+01 8.64948155848360e-11 1.14595990519768e-11 
1.23305190470450e+01 7.54813986231980e-11 1.00587778126094e-11 
1.23451546779614e+01 6.58213397430301e-11 8.82202960192022e-12 
1.23597903088778e+01 5.73551796754373e-11 7.73111819545849e-12 
1.23744259397941e+01 4.99413063904952e-11 6.76970220244459e-12 
1.23890615707105e+01 4.34540847290417e-11 5.92315573303611e-12 
1.24036972016269e+01 3.77821650888704e-11 5.17840371842656e-12 
1.24183328325433e+01 3.28269562718556e-11 4.52377099799906e-12 
1.24329684634596e+01 2.85012485353422e-11 3.94884429648683e-12 
1.24476040943760e+01 2.47279738122225e-11 3.44434623093836e-12 
1.24622397252924e+01 2.14390909620791e-11 3.00202051065850e-12 
1.24768753562088e+01 1.85745847847336e-11 2.61452752179941e-12 
1.24915109871251e+01 1.60815683629897e-11 2.27534952069082e-12 
1.25061466180415e+01 1.39134790999490e-11 1.97870469527311e-12 
1.25207822489579e+01 1.20293595756832e-11 1.71946939122432e-12 
1.25354178798743e+01 1.03932150667884e-11 1.49310783778228e-12 
1.25500535107906e+01 8.97344024968709e-12 1.29560874720599e-12 
1.25646891417070e+01 7.74230824434731e-12 1.12342820075373e-12 
1.25793247726234e+01 6.67551574971710e-12 9.73438272532399e-13 
1.25939604035397e+01 5.75177857641847e-12 8.42880880232472e-13 
1.26085960344561e+01 4.95247239719932e-12 7.29326388316439e-13 
1.26232316653725e+01 4.26131401267630e-12 6.30636524453965e-13 
1.26378672962889e+01 3.66407887056630e-12 5.44931203726077e-13 
1.26525029272052e+01 3.14835098259493e-12 4.70558887234862e-13 
1.26671385581216e+01 2.70330175637687e-12 4.06070132175800e-13 
1.26817741890380e+01 2.31949460162849e-12 3.50194019113460e-13 
1.26964098199544e+01 1.98871248296712e-12 3.01812976901854e-13 
1.27110454508707e+01 1.70381346095291e-12 2.59935859058342e-13 
1.27256810817871e+01 1.45861352039064e-12 2.23695231838065e-13 
1.27403167127035e+01 1.24775316580585e-12 1.92350687591356e-13 
1.27549523436199e+01 1.06657023257672e-12 1.65264598012333e-13 
1.27695879745362e+01 9.11013080449083e-13 1.41878807654322e-13 
1.27842236054526e+01 7.77564014808402e-13 1.21705254221709e-13 
1.27988592363690e+01 6.63171814705701e-13 1.04317619487535e-13 
1.28134948672854e+01 5.65192357386954e-13 8.93439086013146e-14 
1.28281304982017e+01 4.81336430637215e-13 7.64598641029446e-14 
1.28427661291181e+01 4.09623917123343e-13 6.53831290315081e-14 
1.28574017600345e+01 3.48343619619684e-13 5.58680810997992e-14 
1.28720373909509e+01 2.96018073053076e-13 4.77012669932401e-14 
1.28866730218672e+01 2.51372759228382e-13 4.06973724493519e-14 
1.29013086527836e+01 2.13309203406048e-13 3.46956698907745e-14 
1.29159442837000e+01 1.80881489097840e-13 2.95568910352749e-14 
1.29305799146163e+01 1.53275779006615e-13 2.51604771079550e-14 
1.29452155455327e+01 1.29792476420994e-13 2.14021640542988e-14 
1.29598511764491e+01 1.09830703022993e-13 1.81918645198554e-14 
1.29744868073655e+01 9.28748063887258e-14 1.54518123464825e-14 
1.29891224382818e+01 7.84826438468641e-14 1.31149389599769e-14 
1.30037580691982e+01 6.62754191685494e-14 1.11234543135515e-14 
1.30183937001146e+01 5.59288751329536e-14 9.42760802971369e-15 
1.30330293310310e+01 4.71656686565581e-14 7.98460907288555e-15 
1.30476649619473e+01 3.97487761795158e-14 6.75768470907483e-15 
1.30623005928637e+01 3.34757956339164e-14 5.71526168865175e-15 
1.30769362237801e+01 2.81740278190479e-14 4.83025454438286e-15 
1.30915718546965e+01 2.36962345995439e-14 4.07944764878641e-15 
1.31062074856128e+01 1.99169842255452e-14 3.44295924091469e-15 
1.31208431165292e+01 1.67295054331407e-14 2.90377702996916e-15 
1.31354787474456e+01 1.40429819845669e-14 2.44735622766325e-15 
1.31501143783620e+01 1.17802281011340e-14 2.06127196774923e-15 
1.31647500092783e+01 9.87569296301015e-15 1.73491905326676e-15 
1.31793856401947e+01 8.27374922064072e-15 1.45925284240038e-15 
1.31940212711111e+01 6.92722639200715e-15 1.22656585385426e-15 
1.32086569020274e+01 5.79615520606682e-15 1.03029535286674e-15 
1.32232925329438e+01 4.84669348306247e-15 8.64857778962658e-16 
1.32379281638602e+01 4.05020809502416e-15 7.25506404960870e-16 
1.32525637947766e+01 3.38249099422259e-15 6.08209081482408e-16 
1.32671994256929e+01 2.82309029535406e-15 5.09543329341964e-16 
1.32818350566093e+01 2.35474000366221e-15 4.26606400150203e-16 
1.32964706875257e+01 1.96287424458213e-15 3.56938238955555e-16 
1.33111063184421e+01 1.63521381375964e-15 2.98455556967702e-16 
1.33257419493584e+01 1.36141456735497e-15 2.49395461943915e-16 
1.33403775802748e+01 1.13276864479147e-15 2.08267302802780e-16 
1.33550132111912e+01 9.41950788958306e-16 1.73811567128282e-16 
1.33696488421076e+01 7.82803128158268e-16 1.44964828705186e-16 
1.33842844730239e+01 6.50152732479183e-16 1.20829879982515e-16 
1.33989201039403e+01 5.39657074626631e-16 1.00650303963673e-16 
1.34135557348567e+01 4.47673228969705e-16 8.37888437413645e-17 
1.34281913657731e+01 3.71147247811242e-16 6.97090177391820e-17 
1.34428269966894e+01 3.07520673955434e-16 5.79595064584025e-17 
1.34574626276058e+01 2.54651595062590e-16 4.81609037152259e-17 
1.34720982585222e+01 2.10748028109662e-16 3.99944833588967e-17 
1.34867338894386e+01 1.74311750258350e-16 3.31926824857454e-17 
1.35013695203549e+01 1.44090973161227e-16 2.75310452605221e-17 
1.35160051512713e+01 1.19040497793247e-16 2.28214085452326e-17 
1.35306407821877e+01 9.82881919833755e-17 1.89061424215900e-17 
1.35452764131040e+01 8.11068078723792e-17 1.56532860781870e-17 
1.35599120440204e+01 6.68903058013150e-17 1.29524430293217e-17 
1.35745476749368e+01 5.51339783213025e-17 1.07113197714490e-17 
1.35891833058532e+01 4.54177762819962e-17 8.85280922817904e-18 
1.36038189367695e+01 3.73923310370255e-17 7.31253508723919e-18 
1.36184545676859e+01 3.07672450511629e-17 6.03678574105714e-18 
1.36330901986023e+01 2.53012896272634e-17 4.98077730812049e-18 
1.36477258295187e+01 2.07942048263972e-17 4.10719439577430e-18 
1.36623614604350e+01 1.70798444204202e-17 3.38496509189883e-18 
1.36769970913514e+01 1.40204491677355e-17 2.78823333732327e-18 
1.36916327222678e+01 1.15018659317197e-17 2.29549750039643e-18 
1.37062683531842e+01 9.42955910061650e-18 1.88879661458456e-18 
1.37209039841005e+01 7.72544162348003e-18 1.55316206425239e-18 
1.37355396150169e+01 6.32506167839264e-18 1.27628640605095e-18 
1.37501752459333e+01 5.17507963334231e-18 1.04804295302943e-18 
1.37648108768497e+01 4.23137405065453e-18 8.60024936682176e-19 
1.37794465077660e+01 3.45747605718789e-18 7.05253848167506e-19 
1.37940821386824e+01 2.82326461135801e-18 5.77941342123466e-19 
1.38087177695988e+01 2.30388009497739e-18 4.73290010151222e-19 
1.38233534005152e+01 1.87882044355338e-18 3.87326824873070e-19 
1.38379890314315e+01 1.53118976110580e-18 3.16764018350325e-19 
1.38526246623479e+01 1.24707420330097e-18 2.58882976445916e-19 
1.38672602932643e+01 1.01502399127919e-18 2.11437424527179e-19 
1.38818959241807e+01 8.25623853683483e-19 1.72572767881010e-19 
1.38965315550970e+01 6.71137084742398e-19 1.40758947962019e-19 
1.39111671860134e+01 5.45210835846543e-19 1.14734596511387e-19 
1.39258028169298e+01 4.42632298366853e-19 9.34606251543469e-20 
1.39404384478461e+01 3.59127147228212e-19 7.60816881398827e-20 
1.39550740787625e+01 2.91193049519554e-19 6.18942088342789e-20 
1.39697097096789e+01 2.35962243888427e-19 5.03198735993013e-20 
1.39843453405953e+01 1.91088201636335e-19 4.08836758986059e-20 
1.39989809715116e+01 1.54652220599543e-19 3.31957440974744e-20 
1.40136166024280e+01 1.25086504513605e-19 2.69363128880150e-20 
1.40282522333444e+01 1.01110865939311e-19 2.18433043546339e-20 
1.40428878642608e+01 8.16806787920364e-20 1.77020735927350e-20 
1.40575234951771e+01 6.59441129161326e-20 1.43369482199042e-20 
1.40721591260935e+01 5.32070213170503e-20 1.16042533703114e-20 
1.40867947570099e+01 4.29041318156178e-20 9.38656578259057e-21 
1.41014303879263e+01 3.45754284332230e-20 7.58798402054384e-21 
1.41160660188426e+01 2.78468016485696e-20 6.13023808998738e-21 
1.41307016497590e+01 2.24142074021295e-20 4.94949190182121e-21 
1.41453372806754e+01 1.80307079020735e-20 3.99371716447321e-21 
1.41599729115918e+01 1.44958775376767e-20 3.22053819561887e-21 
1.41746085425081e+01 1.16471484035698e-20 2.59546451881157e-21 
1.41892441734245e+01 9.35274531177960e-21 2.09044253906954e-21 
1.42038798043409e+01 7.50592241292850e-21 1.68266956206941e-21 
1.42185154352572e+01 6.02026490842472e-21 1.35362334450212e-21 
1.42331510661736e+01 4.82586168097007e-21 1.08826858160023e-21 
1.42477866970900e+01 3.86618955563305e-21 8.74408538845921e-22 
1.42624223280064e+01 3.09557861968403e-21 7.02155658150652e-22 
1.42770579589227e+01 2.47715164862321e-21 5.63499614423934e-22 
1.42916935898391e+01 1.98115009773746e-21 4.51955133213652e-22 
1.43063292207555e+01 1.58357506014812e-21 3.62275042932850e-22 
1.43209648516719e+01 1.26508467392973e-21 2.90216641696289e-22 
1.43356004825882e+01 1.01010018735737e-21 2.32351605089145e-22 
1.43502361135046e+01 8.06081679984475e-22 1.85911427114153e-22 
1.43648717444210e+01 6.42941632705581e-22 1.48661838363527e-22 
1.43795073753374e+01 5.12570426608562e-22 1.18800838067989e-22 
1.43941430062537e+01 4.08452662742467e-22 9.48759555892959e-23 
1.44087786371701e+01 3.25357126080961e-22 7.57171598044646e-23 
1.44234142680865e+01 2.59086425943016e-22 6.03824928203582e-23 
1.44380498990029e+01 2.06274962709242e-22 4.81140432850262e-23 
1.44526855299192e+01 1.64226004308369e-22 3.83023154653069e-23 
1.44673211608356e+01 1.30780393887587e-22 3.04574107552827e-23 
1.44819567917520e+01 1.04210824726730e-22 2.41857328017517e-23 
1.44965924226684e+01 8.31367691715598e-23 1.91711678656070e-23 
1.45112280535847e+01 6.64560837777102e-23 1.51598881586566e-23 
1.45258636845011e+01 5.32900727868628e-23 1.19480857397153e-23 
1.45404993154175e+01 4.29394090698255e-23 9.37207472068254e-24 
1.45551349463338e+01 3.48488123937232e-23 7.30030543687417e-24 
1.45697705772502e+01 2.85787910566449e-23 5.62692031390427e-24 
1.45844062081666e+01 2.37830823469698e-23 4.26655104976687e-24 
1.45990418390830e+01 2.01906944259442e-23 3.15011339774327e-24 
1.46136774699993e+01 1.75916689330832e-23 2.22140171145579e-24 
1.46283131009157e+01 1.58258595298546e-23 1.79786068003083e-24 
