Energy(eV)           EEDF(eV^-(3/2))      Anisotropy(eV^-(3/2))
1.39298129520082e-03 2.54484399642807e+00 8.80629134530112e-04 
4.17894388560247e-03 2.53966707892225e+00 1.37090281190867e-03 
6.96490647600411e-03 2.53201178949950e+00 2.04589623393288e-03 
9.75086906640575e-03 2.52278660134215e+00 2.58315968369379e-03 
1.25368316568074e-02 2.51276555369185e+00 3.01891454782486e-03 
1.53227942472090e-02 2.50229147955826e+00 3.38475058407518e-03 
1.81087568376107e-02 2.49161452918101e+00 3.69101610117949e-03 
2.08947194280123e-02 2.48093392360465e+00 3.94125128046967e-03 
2.36806820184140e-02 2.47044039337250e+00 4.13025207370596e-03 
2.64666446088156e-02 2.46036044410170e+00 4.30129081154201e-03 
2.92526071992173e-02 2.45042941965482e+00 4.46494006491120e-03 
3.20385697896189e-02 2.44079147631205e+00 4.58585418848315e-03 
3.48245323800206e-02 2.43153384156987e+00 4.67359136690211e-03 
3.76104949704222e-02 2.42269744772252e+00 4.73809096599191e-03 
4.03964575608238e-02 2.41428161467394e+00 4.79028611449716e-03 
4.31824201512255e-02 2.40624904639850e+00 4.83158900047534e-03 
4.59683827416271e-02 2.39859993036451e+00 4.84888414877950e-03 
4.87543453320288e-02 2.39138930821348e+00 4.83493937375212e-03 
5.15403079224304e-02 2.38465351244075e+00 4.82079313232199e-03 
5.43262705128321e-02 2.37825803534544e+00 4.81005401459363e-03 
5.71122331032337e-02 2.37223556119979e+00 4.77354297175698e-03 
5.98981956936354e-02 2.36661322046819e+00 4.72424340014295e-03 
6.26841582840370e-02 2.36135121881916e+00 4.67998619232414e-03 
6.54701208744386e-02 2.35639738845066e+00 4.63053750882067e-03 
6.82560834648403e-02 2.35176796348724e+00 4.56054215368687e-03 
7.10420460552419e-02 2.34747569981252e+00 4.49085279488540e-03 
7.38280086456436e-02 2.34345066648446e+00 4.42770924313647e-03 
7.66139712360452e-02 2.33969085908761e+00 4.35084627859245e-03 
7.93999338264469e-02 2.33620357513842e+00 4.26308123333891e-03 
8.21858964168485e-02 2.33297457813671e+00 4.18078314316332e-03 
8.49718590072501e-02 2.32996015829840e+00 4.10016173484191e-03 
8.77578215976518e-02 2.32716430003422e+00 4.00559956265757e-03 
9.05437841880534e-02 2.32458941196631e+00 3.91164303641094e-03 
9.33297467784551e-02 2.32219849295082e+00 3.82695544048963e-03 
9.61157093688567e-02 2.31997673361663e+00 3.73759440117405e-03 
9.89016719592584e-02 2.31792527752141e+00 3.63857589122379e-03 
1.01687634549660e-01 2.31604037156532e+00 3.54526905799497e-03 
1.04473597140062e-01 2.31428961739197e+00 3.45795065095184e-03 
1.07259559730463e-01 2.31267326332322e+00 3.36108303748401e-03 
1.10045522320865e-01 2.31119082465154e+00 3.26300786894297e-03 
1.12831484911267e-01 2.30982618026248e+00 3.17291999568997e-03 
1.15617447501668e-01 2.30856481679668e+00 3.08323220073431e-03 
1.18403410092070e-01 2.30740609303647e+00 2.98562622548206e-03 
1.21189372682472e-01 2.30634886556507e+00 2.89578409552543e-03 
1.23975335272873e-01 2.30536899352733e+00 2.81706435943187e-03 
1.26761297863275e-01 2.30446417836068e+00 2.73331457213606e-03 
1.29547260453676e-01 2.30363363049604e+00 2.64591256934233e-03 
1.32333223044078e-01 2.30287292323934e+00 2.56062337207209e-03 
1.35119185634480e-01 2.30217457335429e+00 2.47533895133057e-03 
1.37905148224881e-01 2.30153756227417e+00 2.38439411525608e-03 
1.40691110815283e-01 2.30096061545190e+00 2.29814738178403e-03 
1.43477073405685e-01 2.30043202370448e+00 2.22159251274179e-03 
1.46263035996086e-01 2.29994752384103e+00 2.14425076307106e-03 
1.49048998586488e-01 2.29950624598114e+00 2.06511634612992e-03 
1.51834961176890e-01 2.29910486346085e+00 1.99949730176964e-03 
1.54620923767291e-01 2.29873060041722e+00 1.94631990914454e-03 
1.57406886357693e-01 2.29838315463293e+00 1.88993741754928e-03 
1.60192848948095e-01 2.29806214185620e+00 1.83034854147752e-03 
1.62978811538496e-01 2.29776709575199e+00 1.76755205885326e-03 
1.65764774128898e-01 2.29749746784254e+00 1.70154689586253e-03 
1.68550736719299e-01 2.29725262743832e+00 1.63233223406024e-03 
1.71336699309701e-01 2.29703186156077e+00 1.57351041226212e-03 
1.74122661900103e-01 2.29682689057253e+00 1.52708228536433e-03 
1.76908624490504e-01 2.29663729569182e+00 1.47867521717118e-03 
1.79694587080906e-01 2.29646277700083e+00 1.43119826524059e-03 
1.82480549671308e-01 2.29630146042600e+00 1.39013033627135e-03 
1.85266512261709e-01 2.29615074587124e+00 1.35264198612251e-03 
1.88052474852111e-01 2.29601047617315e+00 1.31339794274063e-03 
1.90838437442513e-01 2.29588046958954e+00 1.27968437491296e-03 
1.93624400032914e-01 2.29575760647248e+00 1.25406268179066e-03 
1.96410362623316e-01 2.29564110886853e+00 1.22912546452666e-03 
1.99196325213718e-01 2.29553092983336e+00 1.20436656531149e-03 
2.01982287804119e-01 2.29542650941338e+00 1.18518693913259e-03 
2.04768250394521e-01 2.29532595952352e+00 1.17055004977607e-03 
2.07554212984922e-01 2.29522928656928e+00 1.15507399588266e-03 
2.10340175575324e-01 2.29513649134686e+00 1.14281347398933e-03 
2.13126138165726e-01 2.29504626480884e+00 1.13652686083461e-03 
2.15912100756127e-01 2.29495783668355e+00 1.13225274746422e-03 
2.18698063346529e-01 2.29487123413599e+00 1.12769300470927e-03 
2.21484025936931e-01 2.29478641967654e+00 1.12906041688358e-03 
2.24269988527332e-01 2.29470155816580e+00 1.13636850202285e-03 
2.27055951117734e-01 2.29461666897528e+00 1.14350588727053e-03 
2.29841913708136e-01 2.29453177124373e+00 1.15294794261504e-03 
2.32627876298537e-01 2.29444615516999e+00 1.16790464193306e-03 
2.35413838888939e-01 2.29435889878243e+00 1.18600179372419e-03 
2.38199801479341e-01 2.29426998552689e+00 1.20419490952500e-03 
2.40985764069742e-01 2.29417939877902e+00 1.22719810616658e-03 
2.43771726660144e-01 2.29408572126383e+00 1.25581643301673e-03 
2.46557689250545e-01 2.29398863751434e+00 1.28555236769960e-03 
2.49343651840947e-01 2.29388806629603e+00 1.31682421027568e-03 
2.52129614431349e-01 2.29378355834168e+00 1.35297837019399e-03 
2.54915577021750e-01 2.29367396307748e+00 1.39282159620163e-03 
2.57701539612152e-01 2.29355912242324e+00 1.43320136453505e-03 
2.60487502202554e-01 2.29343887601818e+00 1.47716897261990e-03 
2.63273464792955e-01 2.29331205550338e+00 1.52612790522465e-03 
2.66059427383357e-01 2.29317793482045e+00 1.57718581626609e-03 
2.68845389973759e-01 2.29303625337374e+00 1.62932351494708e-03 
2.71631352564160e-01 2.29288661900667e+00 1.68644170296189e-03 
2.74417315154562e-01 2.29272734497777e+00 1.74805831874695e-03 
2.77203277744964e-01 2.29255805455894e+00 1.81055470569457e-03 
2.79989240335365e-01 2.29237836486884e+00 1.87640730799846e-03 
2.82775202925767e-01 2.29218692293218e+00 1.94805902961970e-03 
2.85561165516169e-01 2.29198224884510e+00 2.02310972479698e-03 
2.88347128106570e-01 2.29176379763060e+00 2.09921732953127e-03 
2.91133090696972e-01 2.29153101541413e+00 2.17637881653309e-03 
2.93919053287373e-01 2.29128333947403e+00 2.25459101185750e-03 
2.96705015877775e-01 2.29102019829460e+00 2.33385059007824e-03 
2.99490978468177e-01 2.29074101162198e+00 2.41710307275201e-03 
3.02276941058578e-01 2.29044380644020e+00 2.51064100360253e-03 
3.05062903648980e-01 2.29012479495164e+00 2.61142979484152e-03 
3.07848866239382e-01 2.28978304457477e+00 2.71356428836927e-03 
3.10634828829783e-01 2.28941760824244e+00 2.81703780090632e-03 
3.13420791420185e-01 2.28902752454457e+00 2.92184332172343e-03 
3.16206754010587e-01 2.28861181787851e+00 3.02797350222073e-03 
3.18992716600988e-01 2.28816949860713e+00 3.13542064559679e-03 
3.21778679191390e-01 2.28769956322501e+00 3.24417669661693e-03 
3.24564641781792e-01 2.28720099453277e+00 3.35423323145041e-03 
3.27350604372193e-01 2.28667276181994e+00 3.46558144753381e-03 
3.30136566962595e-01 2.28611382105650e+00 3.57821215351010e-03 
3.32922529552996e-01 2.28552311509332e+00 3.69211575921772e-03 
3.35708492143398e-01 2.28489957387173e+00 3.80728226570852e-03 
3.38494454733800e-01 2.28424211464246e+00 3.92370125531602e-03 
3.41280417324201e-01 2.28354964219411e+00 4.04136188178778e-03 
3.44066379914603e-01 2.28282104909147e+00 4.16025286046868e-03 
3.46852342505005e-01 2.28205521592375e+00 4.28036245850731e-03 
3.49638305095406e-01 2.28125101156308e+00 4.40475315928626e-03 
3.52424267685808e-01 2.28040501380614e+00 4.53857754777756e-03 
3.55210230276210e-01 2.27951194467644e+00 4.67873349707903e-03 
3.57996192866611e-01 2.27857027858791e+00 4.82026541331533e-03 
3.60782155457013e-01 2.27757847505581e+00 4.96315450067208e-03 
3.63568118047415e-01 2.27653497917821e+00 5.10738122832845e-03 
3.66354080637816e-01 2.27543822213687e+00 5.25292531616133e-03 
3.69140043228218e-01 2.27428662171777e+00 5.39976572068054e-03 
3.71926005818620e-01 2.27307858285173e+00 5.54788062126320e-03 
3.74711968409021e-01 2.27181249817532e+00 5.69724740664388e-03 
3.77497930999423e-01 2.27048674861250e+00 5.84784266171326e-03 
3.80283893589824e-01 2.26909970397709e+00 5.99964215465446e-03 
3.83069856180226e-01 2.26764972359654e+00 6.15262082441857e-03 
3.85855818770628e-01 2.26613515695708e+00 6.30675276857345e-03 
3.88641781361029e-01 2.26455434437062e+00 6.46201123154314e-03 
3.91427743951431e-01 2.26290561766349e+00 6.61836859326813e-03 
3.94213706541833e-01 2.26118730088742e+00 6.77579635829206e-03 
3.96999669132234e-01 2.25939771105270e+00 6.93426514533197e-03 
3.99785631722636e-01 2.25753515888384e+00 7.09541395352561e-03 
4.02571594313038e-01 2.25559616608017e+00 7.26144759385010e-03 
4.05357556903439e-01 2.25357646676530e+00 7.43066993318869e-03 
4.08143519493841e-01 2.25147416993927e+00 7.60086614974881e-03 
4.10929482084243e-01 2.24928738094857e+00 7.77199851394968e-03 
4.13715444674644e-01 2.24701420250862e+00 7.94402821643859e-03 
4.16501407265046e-01 2.24465273575430e+00 8.11691536057627e-03 
4.19287369855447e-01 2.24220108131848e+00 8.29061895578073e-03 
4.22073332445849e-01 2.23965734043854e+00 8.46509691172998e-03 
4.24859295036251e-01 2.23701961609078e+00 8.64030603350844e-03 
4.27645257626652e-01 2.23428601415249e+00 8.81620201770454e-03 
4.30431220217054e-01 2.23145464459163e+00 8.99273944949246e-03 
4.33217182807456e-01 2.22852362268383e+00 9.16987180075257e-03 
4.36003145397857e-01 2.22549107025638e+00 9.34755142926173e-03 
4.38789107988259e-01 2.22235511695897e+00 9.52572957897650e-03 
4.41575070578661e-01 2.21911390156080e+00 9.70435638145195e-03 
4.44361033169062e-01 2.21576557327357e+00 9.88338085844577e-03 
4.47146995759464e-01 2.21230829309999e+00 1.00627509257229e-02 
4.49932958349866e-01 2.20874023520722e+00 1.02424133980961e-02 
4.52718920940267e-01 2.20505958832459e+00 1.04223139957492e-02 
4.55504883530669e-01 2.20126455716521e+00 1.06023973518682e-02 
4.58290846121070e-01 2.19735336387048e+00 1.07826070216131e-02 
4.61076808711472e-01 2.19332424947702e+00 1.09628854924627e-02 
4.63862771301874e-01 2.18917547540503e+00 1.11431741959608e-02 
4.66648733892275e-01 2.18490532496738e+00 1.13234135208988e-02 
4.69434696482677e-01 2.18051210489837e+00 1.15035428279570e-02 
4.72220659073079e-01 2.17599414690133e+00 1.16835004658356e-02 
4.75006621663480e-01 2.17134980921387e+00 1.18632237888994e-02 
4.77792584253882e-01 2.16657747818989e+00 1.20426491763599e-02 
4.80578546844284e-01 2.16167556989693e+00 1.22217120530257e-02 
4.83364509434685e-01 2.15664253172792e+00 1.24003469116273e-02 
4.86150472025087e-01 2.15147684402583e+00 1.25784873367499e-02 
4.88936434615489e-01 2.14617702172005e+00 1.27560660303840e-02 
4.91722397205890e-01 2.14074161597297e+00 1.29330148391156e-02 
4.94508359796292e-01 2.13516921583539e+00 1.31092647829659e-02 
4.97294322386693e-01 2.12945844990918e+00 1.32847460858840e-02 
5.00080284977095e-01 2.12360798801569e+00 1.34571214587031e-02 
5.02866247567497e-01 2.11762062037817e+00 1.36243657505706e-02 
5.05652210157898e-01 2.11149886391517e+00 1.37886896155352e-02 
5.08438172748300e-01 2.10524167722821e+00 1.39520095117813e-02 
5.11224135338702e-01 2.09884806203107e+00 1.41142592555345e-02 
5.14010097929103e-01 2.09231706456621e+00 1.42753721748507e-02 
5.16796060519505e-01 2.08564777701607e+00 1.44352811456662e-02 
5.19582023109907e-01 2.07883933890777e+00 1.45939186292159e-02 
5.22367985700308e-01 2.07189093850940e+00 1.47512167107936e-02 
5.25153948290710e-01 2.06480181421646e+00 1.49071071398482e-02 
5.27939910881112e-01 2.05757125592649e+00 1.50615213713984e-02 
5.30725873471513e-01 2.05019860640046e+00 1.52143906087520e-02 
5.33511836061915e-01 2.04268326260882e+00 1.53656458475120e-02 
5.36297798652317e-01 2.03502467706066e+00 1.55152179208400e-02 
5.39083761242718e-01 2.02722235911403e+00 1.56630375459600e-02 
5.41869723833120e-01 2.01927587626564e+00 1.58090353718673e-02 
5.44655686423521e-01 2.01118485541798e+00 1.59531420282188e-02 
5.47441649013923e-01 2.00294898412200e+00 1.60952881753733e-02 
5.50227611604325e-01 1.99456801179350e+00 1.62354045555368e-02 
5.53013574194726e-01 1.98604175090115e+00 1.63734220449848e-02 
5.55799536785128e-01 1.97737007812431e+00 1.65092717073165e-02 
5.58585499375530e-01 1.96855293547867e+00 1.66428848476957e-02 
5.61371461965931e-01 1.95959033140774e+00 1.67741930680354e-02 
5.64157424556333e-01 1.95048234183811e+00 1.69031283230740e-02 
5.66943387146735e-01 1.94122911119678e+00 1.70296229772966e-02 
5.69729349737136e-01 1.93183085338824e+00 1.71536098626358e-02 
5.72515312327538e-01 1.92228785272963e+00 1.72750223369036e-02 
5.75301274917939e-01 1.91260046484189e+00 1.73937943428958e-02 
5.78087237508341e-01 1.90276911749494e+00 1.75098604681018e-02 
5.80873200098743e-01 1.89279431140500e+00 1.76231560049526e-02 
5.83659162689144e-01 1.88267662098222e+00 1.77336170115431e-02 
5.86445125279546e-01 1.87241669502656e+00 1.78411803727608e-02 
5.89231087869948e-01 1.86201525737022e+00 1.79457838617436e-02 
5.92017050460349e-01 1.85147310746476e+00 1.80473662015920e-02 
5.94803013050751e-01 1.84079112091104e+00 1.81458671272623e-02 
5.97588975641153e-01 1.82997024993035e+00 1.82412274475585e-02 
6.00374938231554e-01 1.81901152377498e+00 1.83333891071424e-02 
6.03160900821956e-01 1.80791604907652e+00 1.84222952484783e-02 
6.05946863412358e-01 1.79668501013037e+00 1.85078902736282e-02 
6.08732826002759e-01 1.78531966911485e+00 1.85901199058098e-02 
6.11518788593161e-01 1.77382136624346e+00 1.86689312506273e-02 
6.14304751183563e-01 1.76219151984885e+00 1.87442728568903e-02 
6.17090713773964e-01 1.75043162639716e+00 1.88160947769258e-02 
6.19876676364366e-01 1.73854326043137e+00 1.88843486262876e-02 
6.22662638954767e-01 1.72652807444261e+00 1.89489876427773e-02 
6.25448601545169e-01 1.71438779866813e+00 1.90099667446768e-02 
6.28234564135571e-01 1.70212424081501e+00 1.90672425881010e-02 
6.31020526725972e-01 1.68973928570858e+00 1.91207736233744e-02 
6.33806489316374e-01 1.67723489486476e+00 1.91705201503345e-02 
6.36592451906776e-01 1.66461310598548e+00 1.92164443724681e-02 
6.39378414497177e-01 1.65187603237652e+00 1.92585104497793e-02 
6.42164377087579e-01 1.63902586228729e+00 1.92966845503042e-02 
6.44950339677981e-01 1.62606485817198e+00 1.93309349001689e-02 
6.47736302268382e-01 1.61299535587175e+00 1.93612318320987e-02 
6.50522264858784e-01 1.59981976371778e+00 1.93875478322839e-02 
6.53308227449186e-01 1.58654056155496e+00 1.94098575855105e-02 
6.56094190039587e-01 1.57316029968633e+00 1.94281380184652e-02 
6.58880152629989e-01 1.55968159773821e+00 1.94423683411244e-02 
6.61666115220391e-01 1.54610714344638e+00 1.94525300861393e-02 
6.64452077810792e-01 1.53243969136365e+00 1.94586071461312e-02 
6.67238040401194e-01 1.51868206148922e+00 1.94605858088104e-02 
6.70024002991595e-01 1.50483713782048e+00 1.94584547898404e-02 
6.72809965581997e-01 1.49090786682798e+00 1.94522052633677e-02 
6.75595928172399e-01 1.47689725585444e+00 1.94418308901373e-02 
6.78381890762800e-01 1.46280837143872e+00 1.94273278431268e-02 
6.81167853353202e-01 1.44864433756594e+00 1.94086948306224e-02 
6.83953815943604e-01 1.43440833384494e+00 1.93859331166748e-02 
6.86739778534005e-01 1.42010359361453e+00 1.93590465388695e-02 
6.89525741124407e-01 1.40573340197987e+00 1.93280415233497e-02 
6.92311703714809e-01 1.39130109378085e+00 1.92929270970416e-02 
6.95097666305210e-01 1.37681005149399e+00 1.92537148970284e-02 
6.97883628895612e-01 1.36226370306991e+00 1.92104191770219e-02 
7.00669591486013e-01 1.34766551970829e+00 1.91601245299641e-02 
7.03455554076415e-01 1.33302918755033e+00 1.91019864430665e-02 
7.06241516666817e-01 1.31836160349020e+00 1.90391494682864e-02 
7.09027479257218e-01 1.30366606655995e+00 1.89727045917151e-02 
7.11813441847620e-01 1.28894589859628e+00 1.89026806762039e-02 
7.14599404438022e-01 1.27420444210480e+00 1.88291087290119e-02 
7.17385367028423e-01 1.25944505809244e+00 1.87520218850929e-02 
7.20171329618825e-01 1.24467112387035e+00 1.86714553880158e-02 
7.22957292209227e-01 1.22988603082963e+00 1.85874465685224e-02 
7.25743254799628e-01 1.21509318219220e+00 1.85000348207333e-02 
7.28529217390030e-01 1.20029599073925e+00 1.84092615760152e-02 
7.31315179980432e-01 1.18549787651980e+00 1.83151702745271e-02 
7.34101142570833e-01 1.17070226454191e+00 1.82178063344694e-02 
7.36887105161235e-01 1.15591258244910e+00 1.81172171190583e-02 
7.39673067751637e-01 1.14113225818460e+00 1.80134519012549e-02 
7.42459030342038e-01 1.12636471764614e+00 1.79065618262866e-02 
7.45244992932440e-01 1.11161338233400e+00 1.77965998719938e-02 
7.48030955522841e-01 1.09688166699492e+00 1.76836208070451e-02 
7.50816918113243e-01 1.08217297726487e+00 1.75676811470669e-02 
7.53602880703645e-01 1.06749070731316e+00 1.74488391087361e-02 
7.56388843294046e-01 1.05283823749099e+00 1.73271545618872e-02 
7.59174805884448e-01 1.03821893198699e+00 1.72026889796906e-02 
7.61960768474850e-01 1.02363613649277e+00 1.70755053869629e-02 
7.64746731065251e-01 1.00909317588110e+00 1.69456683066737e-02 
7.67532693655653e-01 9.94593351899739e-01 1.68132437047132e-02 
7.70318656246055e-01 9.80139940883544e-01 1.66782989329898e-02 
7.73104618836456e-01 9.65736191487732e-01 1.65409026709376e-02 
7.75890581426858e-01 9.51385322445072e-01 1.64011248654994e-02 
7.78676544017259e-01 9.37090520349716e-01 1.62590366696747e-02 
7.81462506607661e-01 9.22854937470423e-01 1.61147103797075e-02 
7.84248469198063e-01 9.08681689595845e-01 1.59682193710008e-02 
7.87034431788464e-01 8.94573853914531e-01 1.58196380328474e-02 
7.89820394378866e-01 8.80534466932247e-01 1.56690417020606e-02 
7.92606356969268e-01 8.66566522429177e-01 1.55165065955999e-02 
7.95392319559669e-01 8.52672969459503e-01 1.53621097422854e-02 
7.98178282150071e-01 8.38856710395815e-01 1.52059289136929e-02 
8.00964244740473e-01 8.25120599020727e-01 1.50475002004036e-02 
8.03750207330874e-01 8.11469904536524e-01 1.48868442308388e-02 
8.06536169921276e-01 7.97907716842420e-01 1.47246392994302e-02 
8.09322132511678e-01 7.84436610118805e-01 1.45610693696361e-02 
8.12108095102079e-01 7.71059103007812e-01 1.43962127915955e-02 
8.14894057692481e-01 7.57777657116803e-01 1.42301481555284e-02 
8.17680020282883e-01 7.44594675579856e-01 1.40629542236715e-02 
8.20465982873284e-01 7.31512501678851e-01 1.38947098622799e-02 
8.23251945463686e-01 7.18533417525660e-01 1.37254939737848e-02 
8.26037908054087e-01 7.05659642806885e-01 1.35553854292039e-02 
8.28823870644489e-01 6.92893333592470e-01 1.33844630008941e-02 
8.31609833234891e-01 6.80236581209407e-01 1.32128052957410e-02 
8.34395795825292e-01 6.67691411181703e-01 1.30404906888743e-02 
8.37181758415694e-01 6.55259782237616e-01 1.28675972579998e-02 
8.39967721006096e-01 6.42943585385114e-01 1.26942027184362e-02 
8.42753683596497e-01 6.30744643056379e-01 1.25203843589451e-02 
8.45539646186899e-01 6.18664708322091e-01 1.23462189784380e-02 
8.48325608777301e-01 6.06705464176100e-01 1.21717828236455e-02 
8.51111571367702e-01 5.94868522891020e-01 1.19971515278299e-02 
8.53897533958104e-01 5.83155425445130e-01 1.18224000506207e-02 
8.56683496548506e-01 5.71567641020897e-01 1.16476026190510e-02 
8.59469459138907e-01 5.60106566575308e-01 1.14728326698704e-02 
8.62255421729309e-01 5.48773526482090e-01 1.12981627932055e-02 
8.65041384319711e-01 5.37569772245793e-01 1.11236646776393e-02 
8.67827346910112e-01 5.26496482287621e-01 1.09494090567753e-02 
8.70613309500514e-01 5.15554761802742e-01 1.07754656573513e-02 
8.73399272090915e-01 5.04745642688767e-01 1.06019031489633e-02 
8.76185234681317e-01 4.94070083544920e-01 1.04287890954598e-02 
8.78971197271719e-01 4.83528969741376e-01 1.02561899080571e-02 
8.81757159862120e-01 4.73123113558085e-01 1.00841708002292e-02 
8.84543122452522e-01 4.62853254392360e-01 9.91279574442287e-03 
8.87329085042924e-01 4.52720059034349e-01 9.74212743063617e-03 
8.90115047633325e-01 4.42724122009477e-01 9.57222722690771e-03 
8.92901010223727e-01 4.32865965986787e-01 9.40315514174966e-03 
8.95686972814129e-01 4.23146042252078e-01 9.23496978855990e-03 
8.98472935404530e-01 4.13564731244608e-01 9.06772835204325e-03 
9.01258897994932e-01 4.04122343156067e-01 8.90148655666718e-03 
9.04044860585334e-01 3.94819118590427e-01 8.73629863717585e-03 
9.06830823175735e-01 3.85655229283220e-01 8.57221731117951e-03 
9.09616785766137e-01 3.76630778878694e-01 8.40929375383507e-03 
9.12402748356538e-01 3.67745803763247e-01 8.24757757462954e-03 
9.15188710946940e-01 3.59000273953448e-01 8.08711679627347e-03 
9.17974673537342e-01 3.50394094036922e-01 7.92795783570678e-03 
9.20760636127743e-01 3.41927104164274e-01 7.77014548721922e-03 
9.23546598718145e-01 3.33599081090204e-01 7.61372290768076e-03 
9.26332561308547e-01 3.25409739261905e-01 7.45873160387455e-03 
9.29118523898948e-01 3.17358731952762e-01 7.30521142192240e-03 
9.31904486489350e-01 3.09445652439371e-01 7.15320053878740e-03 
9.34690449079752e-01 3.01670035219809e-01 7.00273545583824e-03 
9.37476411670153e-01 2.94031357271084e-01 6.85385099445228e-03 
9.40262374260555e-01 2.86529039343648e-01 6.70658029363383e-03 
9.43048336850957e-01 2.79162447290826e-01 6.56095480962121e-03 
9.45834299441358e-01 2.71930893430992e-01 6.41700431745095e-03 
9.48620262031760e-01 2.64833637940319e-01 6.27475691444711e-03 
9.51406224622162e-01 2.57869890273882e-01 6.13423902559860e-03 
9.54192187212563e-01 2.51038810612926e-01 5.99547541078641e-03 
9.56978149802965e-01 2.44339511336052e-01 5.85848917381917e-03 
9.59764112393366e-01 2.37771058512128e-01 5.72330177323302e-03 
9.62550074983768e-01 2.31332473412688e-01 5.58993303480967e-03 
9.65336037574170e-01 2.25022734041609e-01 5.45840116576444e-03 
9.68122000164571e-01 2.18840776679862e-01 5.32872277055369e-03 
9.70907962754973e-01 2.12785497443156e-01 5.20091286824918e-03 
9.73693925345375e-01 2.06855753850280e-01 5.07498491142501e-03 
9.76479887935776e-01 2.01050366400016e-01 4.95095080650148e-03 
9.79265850526178e-01 1.95368120154472e-01 4.82882093548870e-03 
9.82051813116580e-01 1.89807766326757e-01 4.70860417907096e-03 
9.84837775706981e-01 1.84368023870909e-01 4.59030794097174e-03 
9.87623738297383e-01 1.79047581072056e-01 4.47393817353882e-03 
9.90409700887784e-01 1.73845097134808e-01 4.35949940448700e-03 
9.93195663478186e-01 1.68759203767931e-01 4.24699476473633e-03 
9.95981626068588e-01 1.63788506763381e-01 4.13642601728177e-03 
9.98767588658989e-01 1.58931587567835e-01 4.02775782751180e-03 
1.00155355124939e+00 1.54187304682103e-01 3.92043165087074e-03 
1.00433951383979e+00 1.49558928227765e-01 3.81455645683961e-03 
1.00712547643019e+00 1.45044526626057e-01 3.71082465718342e-03 
1.00991143902060e+00 1.40642170984781e-01 3.60921732305875e-03 
1.01269740161100e+00 1.36349936154509e-01 3.50971485331782e-03 
1.01548336420140e+00 1.32165901757282e-01 3.41229700583663e-03 
1.01826932679180e+00 1.28088153187436e-01 3.31694292868348e-03 
1.02105528938220e+00 1.24114782584177e-01 3.22363119109545e-03 
1.02384125197260e+00 1.20243889775598e-01 3.13233981423072e-03 
1.02662721456301e+00 1.16473583193868e-01 3.04304630166695e-03 
1.02941317715341e+00 1.12801980761354e-01 2.95572766961591e-03 
1.03219913974381e+00 1.09227210747502e-01 2.87036047682661e-03 
1.03498510233421e+00 1.05747412596311e-01 2.78692085414936e-03 
1.03777106492461e+00 1.02360737724301e-01 2.70538453373532e-03 
1.04055702751501e+00 9.90653502889037e-02 2.62572687784645e-03 
1.04334299010542e+00 9.58594279272432e-02 2.54792290725224e-03 
1.04612895269582e+00 9.27411624653045e-02 2.47194732919117e-03 
1.04891491528622e+00 8.97087605975425e-02 2.39777456487531e-03 
1.05170087787662e+00 8.67604445369986e-02 2.32537877651820e-03 
1.05448684046702e+00 8.38944526360403e-02 2.25473389386705e-03 
1.05727280305742e+00 8.11090399778645e-02 2.18581364022196e-03 
1.06005876564783e+00 7.84024789389429e-02 2.11859155792529e-03 
1.06284472823823e+00 7.57730597226146e-02 2.05304103330623e-03 
1.06563069082863e+00 7.32190908640650e-02 1.98913532106635e-03 
1.06841665341903e+00 7.07388997069541e-02 1.92684756809343e-03 
1.07120261600943e+00 6.83308328519910e-02 1.86615083669148e-03 
1.07398857859983e+00 6.59932565777720e-02 1.80701812721670e-03 
1.07677454119024e+00 6.37245572342294e-02 1.74942240010973e-03 
1.07956050378064e+00 6.15231416090602e-02 1.69333659731612e-03 
1.08234646637104e+00 5.93874372675267e-02 1.63873366308728e-03 
1.08513242896144e+00 5.73158928660441e-02 1.58558656415627e-03 
1.08791839155184e+00 5.53069784399897e-02 1.53386830928299e-03 
1.09070435414224e+00 5.33591856661875e-02 1.48355196816490e-03 
1.09349031673265e+00 5.14710281005408e-02 1.43461068971010e-03 
1.09627627932305e+00 4.96410413913014e-02 1.38701771967076e-03 
1.09906224191345e+00 4.78677834684811e-02 1.34074641763580e-03 
1.10184820450385e+00 4.61498347099236e-02 1.29577027338248e-03 
1.10463416709425e+00 4.44857980845704e-02 1.25206292258794e-03 
1.10742012968465e+00 4.28742992734645e-02 1.20959816190205e-03 
1.11020609227506e+00 4.13139867690486e-02 1.16834996338409e-03 
1.11299205486546e+00 3.98035319533217e-02 1.12829248830651e-03 
1.11577801745586e+00 3.83416291554305e-02 1.08940010032993e-03 
1.11856398004626e+00 3.69269956892745e-02 1.05164737805404e-03 
1.12134994263666e+00 3.55583718717161e-02 1.01500912695003e-03 
1.12413590522706e+00 3.42345210219869e-02 9.79460390680687e-04 
1.12692186781747e+00 3.29542294428898e-02 9.44976461815111e-04 
1.12970783040787e+00 3.17163063843979e-02 9.11532891945501e-04 
1.13249379299827e+00 3.05195839902536e-02 8.79105501214136e-04 
1.13527975558867e+00 2.93629172281745e-02 8.47670387259126e-04 
1.13806571817907e+00 2.82451838042706e-02 8.17203933588171e-04 
1.14085168076947e+00 2.71652840622792e-02 7.87682817389967e-04 
1.14363764335987e+00 2.61221408682211e-02 7.59084016793397e-04 
1.14642360595028e+00 2.51146994810803e-02 7.31384817585017e-04 
1.14920956854068e+00 2.41419274101069e-02 7.04562819395851e-04 
1.15199553113108e+00 2.32028142593381e-02 6.78595941368734e-04 
1.15478149372148e+00 2.22963715599282e-02 6.53462427317875e-04 
1.15756745631188e+00 2.14216325908744e-02 6.29140850392615e-04 
1.16035341890228e+00 2.05776521887171e-02 6.05610117257549e-04 
1.16313938149269e+00 1.97635065467902e-02 5.82849471801502e-04 
1.16592534408309e+00 1.89782930045854e-02 5.60838498388006e-04 
1.16871130667349e+00 1.82211298277918e-02 5.39557124660150e-04 
1.17149726926389e+00 1.74911559795596e-02 5.18985623912803e-04 
1.17428323185429e+00 1.67875308835313e-02 4.99104617045382e-04 
1.17706919444469e+00 1.61094341791713e-02 4.79895074108370e-04 
1.17985515703510e+00 1.54560654699189e-02 4.61338315456911e-04 
1.18264111962550e+00 1.48266440646757e-02 4.43416012524903e-04 
1.18542708221590e+00 1.42204087131322e-02 4.26110188232937e-04 
1.18821304480630e+00 1.36366173354227e-02 4.09403217043516e-04 
1.19099900739670e+00 1.30745467465911e-02 3.93277824676966e-04 
1.19378496998710e+00 1.25334923763362e-02 3.77717087501381e-04 
1.19657093257751e+00 1.20127679844934e-02 3.62704431609885e-04 
1.19935689516791e+00 1.15117053726993e-02 3.48223816787486e-04 
1.20214285775831e+00 1.10296502373950e-02 3.34259802795963e-04 
1.20492882034871e+00 1.05659600579782e-02 3.20796463720212e-04 
1.20771478293911e+00 1.01200207382070e-02 3.07817838800302e-04 
1.21050074552951e+00 9.69123490492736e-03 2.95309140022588e-04 
1.21328670811992e+00 9.27902161461969e-03 2.83255913346338e-04 
1.21607267071032e+00 8.88281605822343e-03 2.71644036182221e-04 
1.21885863330072e+00 8.50206926460489e-03 2.60459714652398e-04 
1.22164459589112e+00 8.13624780302190e-03 2.49689480644321e-04 
1.22443055848152e+00 7.78483348492601e-03 2.39320188670159e-04 
1.22721652107192e+00 7.44732306542981e-03 2.29339012543524e-04 
1.23000248366233e+00 7.12322794475495e-03 2.19733441884957e-04 
1.23278844625273e+00 6.81207386996330e-03 2.10491278467428e-04 
1.23557440884313e+00 6.51340063726154e-03 2.01600632412806e-04 
1.23836037143353e+00 6.22676179515662e-03 1.93049918250065e-04 
1.24114633402393e+00 5.95172434872758e-03 1.84827850845681e-04 
1.24393229661433e+00 5.68786846526675e-03 1.76923441216460e-04 
1.24671825920474e+00 5.43478718153119e-03 1.69325992234723e-04 
1.24950422179514e+00 5.19208611283349e-03 1.62025094235535e-04 
1.25229018438554e+00 4.95938316418920e-03 1.55010620535370e-04 
1.25507614697594e+00 4.73630824372624e-03 1.48272722871316e-04 
1.25786210956634e+00 4.52250297855092e-03 1.41801826769663e-04 
1.26064807215674e+00 4.31762043325304e-03 1.35588626852407e-04 
1.26343403474715e+00 4.12132483122252e-03 1.29624082089934e-04 
1.26621999733755e+00 3.93329127893830e-03 1.23899411007837e-04 
1.26900595992795e+00 3.75320549338048e-03 1.18406086855558e-04 
1.27179192251835e+00 3.58076353270573e-03 1.13135832744248e-04 
1.27457788510875e+00 3.41567153031636e-03 1.08080616760922e-04 
1.27736384769915e+00 3.25764543244334e-03 1.03232647065764e-04 
1.28014981028956e+00 3.10641073935406e-03 9.85843669790800e-05 
1.28293577287996e+00 2.96170225028650e-03 9.41284500641693e-05 
1.28572173547036e+00 2.82326381220203e-03 8.98577952120794e-05 
1.28850769806076e+00 2.69084807244070e-03 8.57655217339386e-05 
1.29129366065116e+00 2.56421623535415e-03 8.18449644662870e-05 
1.29407962324156e+00 2.44313782298302e-03 7.80896688945676e-05 
1.29686558583197e+00 2.32739043983798e-03 7.44933862996562e-05 
1.29965154842237e+00 2.21675954183547e-03 7.10500689320633e-05 
1.30243751101277e+00 2.11103820943233e-03 6.77538652181797e-05 
1.30522347360317e+00 2.01002692499585e-03 6.45991150026895e-05 
1.30800943619357e+00 1.91353335443922e-03 6.15803448310259e-05 
1.31079539878397e+00 1.82137213314584e-03 5.86922632755043e-05 
1.31358136137438e+00 1.73336465619926e-03 5.59297563085418e-05 
1.31636732396478e+00 1.64933887292999e-03 5.32878827261271e-05 
1.31915328655518e+00 1.56912908578425e-03 5.07618696245010e-05 
1.32193924914558e+00 1.49257575351434e-03 4.83471079327767e-05 
1.32472521173598e+00 1.41952529868516e-03 4.60391480040233e-05 
1.32751117432638e+00 1.34982991948635e-03 4.38336952671354e-05 
1.33029713691679e+00 1.28334740583465e-03 4.17266059416055e-05 
1.33308309950719e+00 1.21994095974693e-03 3.97138828171331e-05 
1.33586906209759e+00 1.15947901995959e-03 3.77916710998119e-05 
1.33865502468799e+00 1.10183509076666e-03 3.59562543264599e-05 
1.34144098727839e+00 1.04688757504455e-03 3.42040503484904e-05 
1.34422694986879e+00 9.94519611428243e-04 3.25316073865438e-05 
1.34701291245919e+00 9.44618915600298e-04 3.09356001569526e-05 
1.34979887504960e+00 8.97077625650888e-04 2.94128260709508e-05 
1.35258483764000e+00 8.51792151464285e-04 2.79602015073965e-05 
1.35537080023040e+00 8.08663028084484e-04 2.65747581596330e-05 
1.35815676282080e+00 7.67594773010182e-04 2.52536394569803e-05 
1.36094272541120e+00 7.28495747367062e-04 2.39940970612198e-05 
1.36372868800160e+00 6.91278020903233e-04 2.27934874383151e-05 
1.36651465059201e+00 6.55857240751755e-04 2.16492685054928e-05 
1.36930061318241e+00 6.22152503902466e-04 2.05589963536969e-05 
1.37208657577281e+00 5.90086233323737e-04 1.95203220453275e-05 
1.37487253836321e+00 5.59584057673417e-04 1.85309884870735e-05 
1.37765850095361e+00 5.30574694536948e-04 1.75888273775580e-05 
1.38044446354401e+00 5.02989837129588e-04 1.66917562294223e-05 
1.38323042613442e+00 4.76764044398690e-04 1.58377754653973e-05 
1.38601638872482e+00 4.51834634461220e-04 1.50249655878290e-05 
1.38880235131522e+00 4.28141581311019e-04 1.42514844210542e-05 
1.39158831390562e+00 4.05627414729750e-04 1.35155644259530e-05 
1.39437427649602e+00 3.84237123335097e-04 1.28155100859442e-05 
1.39716023908642e+00 3.63918060699430e-04 1.21496953636290e-05 
1.39994620167683e+00 3.44619854472011e-04 1.15165612272342e-05 
1.40273216426723e+00 3.26294318437682e-04 1.09146132459577e-05 
1.40551812685763e+00 3.08895367445029e-04 1.03424192532734e-05 
1.40830408944803e+00 2.92378935137095e-04 9.79860707720837e-06 
1.41109005203843e+00 2.76702894417929e-04 9.28186233657189e-06 
1.41387601462883e+00 2.61826980588533e-04 8.79092630207777e-06 
1.41666197721924e+00 2.47712717086131e-04 8.32459382127289e-06 
1.41944793980964e+00 2.34323343761110e-04 7.88171130615783e-06 
1.42223390240004e+00 2.21623747626496e-04 7.46117478236090e-06 
1.42501986499044e+00 2.09580396015395e-04 7.06192799870677e-06 
1.42780582758084e+00 1.98161272082443e-04 6.68296059600358e-06 
1.43059179017124e+00 1.87335812586007e-04 6.32330633385661e-06 
1.43337775276165e+00 1.77074847888614e-04 5.98204137430523e-06 
1.43616371535205e+00 1.67350544113852e-04 5.65828262107056e-06 
1.43894967794245e+00 1.58136347398828e-04 5.35118611319384e-06 
1.44173564053285e+00 1.49406930182132e-04 5.05994547184075e-06 
1.44452160312325e+00 1.41138139468147e-04 4.78379039904483e-06 
1.44730756571365e+00 1.33306947009494e-04 4.52198522716236e-06 
1.45009352830406e+00 1.25891401350351e-04 4.27382751781310e-06 
1.45287949089446e+00 1.18870581674385e-04 4.03864670908397e-06 
1.45566545348486e+00 1.12224553402049e-04 3.81580280977852e-06 
1.45845141607526e+00 1.05934325483006e-04 3.60468513950131e-06 
1.46123737866566e+00 9.99818093305415e-05 3.40471111337509e-06 
1.46402334125606e+00 9.43497793458244e-05 3.21532507019775e-06 
1.46680930384647e+00 8.90218349810118e-05 3.03599714285715e-06 
1.46959526643687e+00 8.39823642912424e-05 2.86622216983440e-06 
1.47238122902727e+00 7.92165089266697e-05 2.70551864663905e-06 
1.47516719161767e+00 7.47101305167828e-05 2.55342771603405e-06 
1.47795315420807e+00 7.04497784003605e-05 2.40951219592369e-06 
1.48073911679847e+00 6.64226586555100e-05 2.27335564379366e-06 
1.48352507938888e+00 6.26166043853382e-05 2.14456145660934e-06 
1.48631104197928e+00 5.90200472159065e-05 2.02275200509588e-06 
1.48909700456968e+00 5.56219899642093e-05 1.90756780134191e-06 
1.49188296716008e+00 5.24119804350098e-05 1.79866669868724e-06 
1.49466892975048e+00 4.93800863064429e-05 1.69572312287444e-06 
1.49745489234088e+00 4.65168710653740e-05 1.59842733346343e-06 
1.50024085493129e+00 4.38133709545590e-05 1.50647481629548e-06 
1.50302681752169e+00 4.12608980190657e-05 1.41958014996939e-06 
1.50581278011209e+00 3.88512843330215e-05 1.33748238086868e-06 
1.50859874270249e+00 3.65769043535190e-05 1.25993228756492e-06 
1.51138470529289e+00 3.44305167664511e-05 1.18669063295472e-06 
1.51417066788329e+00 3.24052464903915e-05 1.11752998555454e-06 
1.51695663047370e+00 3.04945674442803e-05 1.05223418348818e-06 
1.51974259306410e+00 2.86922860509456e-05 9.90597820113693e-07 
1.52252855565450e+00 2.69925254492733e-05 9.32425750568606e-07 
1.52531451824490e+00 2.53897103886055e-05 8.77532618527390e-07 
1.52810048083530e+00 2.38785527797111e-05 8.25742402481144e-07 
1.53088644342570e+00 2.24540378774258e-05 7.76887980865139e-07 
1.53367240601611e+00 2.11114110707982e-05 7.30810715375827e-07 
1.53645836860651e+00 1.98461652573135e-05 6.87360051834829e-07 
1.53924433119691e+00 1.86540287784851e-05 6.46393137973498e-07 
1.54203029378731e+00 1.75309538948108e-05 6.07774457527577e-07 
1.54481625637771e+00 1.64731057787910e-05 5.71375480047502e-07 
1.54760221896811e+00 1.54768520053844e-05 5.37074325845757e-07 
1.55038818155851e+00 1.45387525199518e-05 5.04755445518470e-07 
1.55317414414892e+00 1.36555500643914e-05 4.74309313494219e-07 
1.55596010673932e+00 1.28241610428165e-05 4.45632135078527e-07 
1.55874606932972e+00 1.20416668087529e-05 4.18625566477917e-07 
1.56153203192012e+00 1.13053053564510e-05 3.93196447302752e-07 
1.56431799451052e+00 1.06124633995090e-05 3.69256545063006e-07 
1.56710395710092e+00 9.96066882059060e-06 3.46722311186034e-07 
1.56988991969133e+00 9.34758347659431e-06 3.25514648100074e-07 
1.57267588228173e+00 8.77099634419072e-06 3.05558686941546e-07 
1.57546184487213e+00 8.22881699118851e-06 2.86783575458432e-07 
1.57824780746253e+00 7.71906935972073e-06 2.69122275695911e-07 
1.58103377005293e+00 7.23988584775923e-06 2.52511371064104e-07 
1.58381973264333e+00 6.78950167596749e-06 2.36890882401140e-07 
1.58660569523374e+00 6.36624952739019e-06 2.22204092657893e-07 
1.58939165782414e+00 5.96855444795225e-06 2.08397379843569e-07 
1.59217762041454e+00 5.59492899620077e-06 1.95420057883876e-07 
1.59496358300494e+00 5.24396863117014e-06 1.83224225055777e-07 
1.59774954559534e+00 4.91434732768409e-06 1.71764619674795e-07 
1.60053550818574e+00 4.60481340882876e-06 1.60998482722546e-07 
1.60332147077615e+00 4.31418558573800e-06 1.50885427113527e-07 
1.60610743336655e+00 4.04134919522639e-06 1.41387313311326e-07 
1.60889339595695e+00 3.78525262618700e-06 1.32468131015197e-07 
1.61167935854735e+00 3.54490392604027e-06 1.24093886648466e-07 
1.61446532113775e+00 3.31936757887728e-06 1.16232496390443e-07 
1.61725128372815e+00 3.10776144728550e-06 1.08853684503455e-07 
1.62003724631856e+00 2.90925387017883e-06 1.01928886716245e-07 
1.62282320890896e+00 2.72306090927511e-06 9.54311584343404e-08 
1.62560917149936e+00 2.54844373717506e-06 8.93350875570721e-08 
1.62839513408976e+00 2.38470616029641e-06 8.36167116897102e-08 
1.63118109668016e+00 2.23119227020546e-06 7.82534395477015e-08 
1.63396705927056e+00 2.08728421716735e-06 7.32239763582512e-08 
1.63675302186097e+00 1.95240010000415e-06 6.85082530724574e-08 
1.63953898445137e+00 1.82599196660853e-06 6.40873592089314e-08 
1.64232494704177e+00 1.70754391970947e-06 5.99434791572952e-08 
1.64511090963217e+00 1.59657032272580e-06 5.60598317771517e-08 
1.64789687222257e+00 1.49261410077348e-06 5.24206131350869e-08 
1.65068283481297e+00 1.39524513211419e-06 4.90109422289705e-08 
1.65346879740338e+00 1.30405872554510e-06 4.58168095553074e-08 
1.65625475999378e+00 1.21867417943452e-06 4.28250283816349e-08 
1.65904072258418e+00 1.13873341830410e-06 4.00231885919806e-08 
1.66182668517458e+00 1.06389970304689e-06 3.73996129791951e-08 
1.66461264776498e+00 9.93856411051265e-07 3.49433158635547e-08 
1.66739861035538e+00 9.28305882674370e-07 3.26439639224074e-08 
1.67018457294579e+00 8.66968330674837e-07 3.04918391207981e-08 
1.67297053553619e+00 8.09580809374272e-07 2.84778036379844e-08 
1.67575649812659e+00 7.55896240469624e-07 2.65932666895284e-08 
1.67854246071699e+00 7.05682492565027e-07 2.48301531492424e-08 
1.68132842330739e+00 6.58721511631836e-07 2.31808738796715e-08 
1.68411438589779e+00 6.14808499739791e-07 2.16382976840293e-08 
1.68690034848820e+00 5.73751139530638e-07 2.01957247965625e-08 
1.68968631107860e+00 5.35368862028379e-07 1.88468618322148e-08 
1.69247227366900e+00 4.99492155497782e-07 1.75857981201956e-08 
1.69525823625940e+00 4.65961913175102e-07 1.64069833496355e-08 
1.69804419884980e+00 4.34628817802277e-07 1.53052064589435e-08 
1.70083016144020e+00 4.05352760998392e-07 1.42759651997119e-08 
1.70361612403061e+00 3.78005250937755e-07 1.33146848894004e-08 
1.70640208662101e+00 3.52463065164828e-07 1.24167318392615e-08 
1.70918804921141e+00 3.28609882010578e-07 1.15779785702143e-08 
1.71197401180181e+00 3.06336672710812e-07 1.07946201566976e-08 
1.71475997439221e+00 2.85541258209050e-07 1.00630892810927e-08 
1.71754593698261e+00 2.66127891935567e-07 9.38004187918521e-09 
1.72033189957302e+00 2.48006867104092e-07 8.74234361980801e-09 
1.72311786216342e+00 2.31094147145372e-07 8.14705717239734e-09 
1.72590382475382e+00 2.15311017970627e-07 7.59143021861586e-09 
1.72868978734422e+00 2.00583760828076e-07 7.07288416650109e-09 
1.73147574993462e+00 1.86843344582312e-07 6.58900352778880e-09 
1.73426171252502e+00 1.74025136309566e-07 6.13752592114601e-09 
1.73704767511543e+00 1.62068629161919e-07 5.71633266602856e-09 
1.73983363770583e+00 1.50917186510521e-07 5.32343993376322e-09 
1.74261960029623e+00 1.40517801431925e-07 4.95699042424299e-09 
1.74540556288663e+00 1.30820870652939e-07 4.61524553832512e-09 
1.74819152547703e+00 1.21779982118029e-07 4.29657801763629e-09 
1.75097748806743e+00 1.13351715389441e-07 3.99946502502269e-09 
1.75376345065784e+00 1.05495454133899e-07 3.72248164033822e-09 
1.75654941324824e+00 9.81732099912100e-08 3.46429474764585e-09 
1.75933537583864e+00 9.13494571593405e-08 3.22365729121793e-09 
1.76212133842904e+00 8.49909770677243e-08 2.99940287896426e-09 
1.76490730101944e+00 7.90667125458077e-08 2.79044071309646e-09 
1.76769326360984e+00 7.35476309271771e-08 2.59575082895480e-09 
1.77047922620024e+00 6.84065955612022e-08 2.41437962398372e-09 
1.77326518879065e+00 6.36182452340199e-08 2.24543565984636e-09 
1.77605115138105e+00 5.91588810289681e-08 2.08808572162023e-09 
1.77883711397145e+00 5.50063601833442e-08 1.94155111891747e-09 
1.78162307656185e+00 5.11399965236731e-08 1.80510421462654e-09 
1.78440903915225e+00 4.75404670856173e-08 1.67806516778084e-09 
1.78719500174265e+00 4.41897245472901e-08 1.55979887782430e-09 
1.78998096433306e+00 4.10709151261400e-08 1.44971211826842e-09 
1.79276692692346e+00 3.81683016097912e-08 1.34725084841998e-09 
1.79555288951386e+00 3.54671912103431e-08 1.25189769250675e-09 
1.79833885210426e+00 3.29538679496812e-08 1.16316957614151e-09 
1.80112481469466e+00 3.06155293004103e-08 1.08061551064382e-09 
1.80391077728506e+00 2.84402268231224e-08 1.00381451628721e-09 
1.80669673987547e+00 2.64168105559213e-08 9.32373676056700e-10 
1.80948270246587e+00 2.45348769264776e-08 8.65926311991175e-10 
1.81226866505627e+00 2.27847199704374e-08 8.04130276647016e-10 
1.81505462764667e+00 2.11572856527918e-08 7.46666352656042e-10 
1.81784059023707e+00 1.96441291008745e-08 6.93236753762963e-10 
1.82062655282747e+00 1.82373745690331e-08 6.43563721116730e-10 
1.82341251541788e+00 1.69296779657451e-08 5.97388208957461e-10 
1.82619847800828e+00 1.57141917840715e-08 5.54468654187379e-10 
1.82898444059868e+00 1.45845322858706e-08 5.14579824641193e-10 
1.83177040318908e+00 1.35347487991903e-08 4.77511741179936e-10 
1.83455636577948e+00 1.25592949967215e-08 4.43068669023327e-10 
1.83734232836988e+00 1.16530020311815e-08 4.11068174010057e-10 
1.84012829096029e+00 1.08110534110094e-08 3.81340239734168e-10 
1.84291425355069e+00 1.00289615068400e-08 3.53726441749461e-10 
1.84570021614109e+00 9.30254558588808e-09 3.28079175263763e-10 
1.84848617873149e+00 8.62791127765374e-09 3.04260932961303e-10 
1.85127214132189e+00 8.00143138026661e-09 2.82143629795457e-10 
1.85405810391229e+00 7.41972792235090e-09 2.61607971786207e-10 
1.85684406650270e+00 6.87965540052383e-09 2.42542866037542e-10 
1.85963002909310e+00 6.37828511756465e-09 2.24844869360325e-10 
1.86241599168350e+00 5.91289055092215e-09 2.08417673046465e-10 
1.86520195427390e+00 5.48093368558408e-09 1.93171621491063e-10 
1.86798791686430e+00 5.08005224942730e-09 1.79023262501196e-10 
1.87077387945470e+00 4.70804779301793e-09 1.65894927263501e-10 
1.87355984204511e+00 4.36287455945006e-09 1.53714338068345e-10 
1.87634580463551e+00 4.04262909321276e-09 1.42414242006493e-10 
1.87913176722591e+00 3.74554054027180e-09 1.31932068965221e-10 
1.88191772981631e+00 3.46996159455484e-09 1.22209612355264e-10 
1.88470369240671e+00 3.21436004885003e-09 1.13192731098064e-10 
1.88748965499711e+00 2.97731091077653e-09 1.04831071495052e-10 
1.89027561758752e+00 2.75748904697362e-09 9.70778076872895e-11 
1.89306158017792e+00 2.55366232099016e-09 8.98893994952011e-11 
1.89584754276832e+00 2.36468519254867e-09 8.32253665045719e-11 
1.89863350535872e+00 2.18949274791600e-09 7.70480773367521e-11 
1.90141946794912e+00 2.02709513304330e-09 7.13225531084074e-11 
1.90420543053952e+00 1.87657236294989e-09 6.60162841494181e-11 
1.90699139312993e+00 1.73706948252471e-09 6.10990591069050e-11 
1.90977735572033e+00 1.60779205551354e-09 5.65428056190725e-11 
1.91256331831073e+00 1.48800195995463e-09 5.23214417948383e-11 
1.91534928090113e+00 1.37701346972712e-09 4.84107377842575e-11 
1.91813524349153e+00 1.27418960319080e-09 4.47881867707405e-11 
1.92092120608193e+00 1.17893872112707e-09 4.14328847591918e-11 
1.92370716867234e+00 1.09071135734559e-09 3.83254185746394e-11 
1.92649313126274e+00 1.00899726640258e-09 3.54477615238292e-11 
1.92927909385314e+00 9.33322673890037e-10 3.27831762077919e-11 
1.93206505644354e+00 8.63247715704557e-10 3.03161240066833e-11 
1.93485101903394e+00 7.98364053593428e-10 2.80321807893995e-11 
1.93763698162434e+00 7.38292655108289e-10 2.59179584296935e-11 
1.94042294421475e+00 6.82681726876214e-10 2.39610317378956e-11 
1.94320890680515e+00 6.31204790827888e-10 2.21498704429766e-11 
1.94599486939555e+00 5.83558893705685e-10 2.04737758836993e-11 
1.94878083198595e+00 5.39462940813741e-10 1.89228220900771e-11 
1.95156679457635e+00 4.98656145570420e-10 1.74878009573976e-11 
1.95435275716675e+00 4.60896586983241e-10 1.61601712347557e-11 
1.95713871975716e+00 4.25959867689967e-10 1.49320110684677e-11 
1.95992468234756e+00 3.93637865699304e-10 1.37959738579721e-11 
1.96271064493796e+00 3.63737573422626e-10 1.27452471979543e-11 
1.96549660752836e+00 3.36080018016429e-10 1.17735146955076e-11 
1.96828257011876e+00 3.10499257455585e-10 1.08749204652551e-11 
1.97106853270916e+00 2.86841447131725e-10 1.00440361185404e-11 
1.97385449529956e+00 2.64963972120919e-10 9.27583007512896e-12 
1.97664045788997e+00 2.44734640591685e-10 8.56563903738372e-12 
1.97942642048037e+00 2.26030934129819e-10 7.90914147765347e-12 
1.98221238307077e+00 2.08739311041922e-10 7.30233299967671e-12 
1.98499834566117e+00 1.92754558966004e-10 6.74150344420908e-12 
1.98778430825157e+00 1.77979193366574e-10 6.22321561786771e-12 
1.99057027084197e+00 1.64322898724044e-10 5.74428553239287e-12 
1.99335623343238e+00 1.51702009445413e-10 5.30176404919120e-12 
1.99614219602278e+00 1.40039027725825e-10 4.89291983118093e-12 
1.99892815861318e+00 1.29262175779776e-10 4.51519145311220e-12 
2.00171412120358e+00 1.19304847617715e-10 4.16601682417590e-12 
2.00450008379398e+00 1.10104584494244e-10 3.84330921126287e-12 
2.00728604638438e+00 1.01604639568000e-10 3.54526844967645e-12 
2.01007200897479e+00 9.37524538040502e-11 3.27003625278207e-12 
2.01285797156519e+00 8.64993521763344e-11 3.01589211764614e-12 
2.01564393415559e+00 7.98002614933199e-11 2.78124328694512e-12 
2.01842989674599e+00 7.36134483402289e-11 2.56461542802888e-12 
2.02121585933639e+00 6.79002757336862e-11 2.36464397901552e-12 
2.02400182192679e+00 6.26249771803283e-11 2.18006611521195e-12 
2.02678778451720e+00 5.77544469202654e-11 2.00971329234457e-12 
2.02957374710760e+00 5.32580452197026e-11 1.85250432606324e-12 
2.03235970969800e+00 4.91074176548841e-11 1.70743896996221e-12 
2.03514567228840e+00 4.52763274021819e-11 1.57359195695648e-12 
2.03793163487880e+00 4.17404996169518e-11 1.45010747127351e-12 
2.04071759746920e+00 3.84774770470342e-11 1.33619402057976e-12 
2.04350356005961e+00 3.54664860857768e-11 1.23111967986864e-12 
2.04628952265001e+00 3.26883125244931e-11 1.13420768070254e-12 
2.04907548524041e+00 3.01251863155843e-11 1.04483232123427e-12 
2.05186144783081e+00 2.77606747054023e-11 9.62415174142670e-13 
2.05464741042121e+00 2.55795831405374e-11 8.86421571210378e-13 
2.05743337301161e+00 2.35678633927922e-11 8.16357344756920e-13 
2.06021933560202e+00 2.17125283868519e-11 7.51765807524313e-13 
2.06300529819242e+00 2.00015732507689e-11 6.92224953902145e-13 
2.06579126078282e+00 1.84239021430196e-11 6.37344866580613e-13 
2.06857722337322e+00 1.69692604412315e-11 5.86765313839286e-13 
2.07136318596362e+00 1.56281719068642e-11 5.40153523721793e-13 
2.07414914855402e+00 1.43918804673155e-11 4.97202122317471e-13 
2.07693511114443e+00 1.32522962822307e-11 4.57627224274805e-13 
2.07972107373483e+00 1.22019457843620e-11 4.21166664513011e-13 
2.08250703632523e+00 1.12339254072585e-11 3.87578360881350e-13 
2.08529299891563e+00 1.03418587324873e-11 3.56638798244656e-13 
2.08807896150603e+00 9.51985680808358e-12 3.28141625151898e-13 
2.09086492409643e+00 8.76248140761050e-12 3.01896354875677e-13 
2.09365088668684e+00 8.06471101565489e-12 2.77727163197615e-13 
2.09643684927724e+00 7.42190934088818e-12 2.55471775860666e-13 
2.09922281186764e+00 6.82979617205104e-12 2.34980439117164e-13 
2.10200877445804e+00 6.28442040545551e-12 2.16114967273642e-13 
2.10479473704844e+00 5.78213508490381e-12 1.98747861572446e-13 
2.10758069963884e+00 5.31957430636427e-12 1.82761495158279e-13 
2.11036666222925e+00 4.89363185037943e-12 1.68047359257101e-13 
2.11315262481965e+00 4.50144141506705e-12 1.54505366047306e-13 
2.11593858741005e+00 4.14035833176070e-12 1.42043204030632e-13 
2.11872455000045e+00 3.80794265387305e-12 1.30575742014573e-13 
2.12151051259085e+00 3.50194351749573e-12 1.20024478100715e-13 
2.12429647518125e+00 3.22028467961699e-12 1.10317030335975e-13 
2.12708243777166e+00 2.96105114668172e-12 1.01386665927543e-13 
2.12986840036206e+00 2.72247681257362e-12 9.31718661487229e-14 
2.13265436295246e+00 2.50293303100099e-12 8.56159242730624e-14 
2.13544032554286e+00 2.30091805274708e-12 7.86665740692858e-14 
2.13822628813326e+00 2.11504726333286e-12 7.22756465706440e-14 
2.14101225072366e+00 1.94404416136194e-12 6.63987530003722e-14 
2.14379821331406e+00 1.78673202219988e-12 6.09949918909066e-14 
2.14658417590447e+00 1.64202619570694e-12 5.60266785792057e-14 
2.14937013849487e+00 1.50892699051720e-12 5.14590953947615e-14 
2.15215610108527e+00 1.38651310085769e-12 4.72602609813883e-14 
2.15494206367567e+00 1.27393553514925e-12 4.34007173093518e-14 
2.15772802626607e+00 1.17041200864308e-12 3.98533330414825e-14 
2.16051398885647e+00 1.07522176514079e-12 3.65931220161988e-14 
2.16329995144688e+00 9.87700795436241e-13 3.35970757024090e-14 
2.16608591403728e+00 9.07237422519881e-13 3.08440085665793e-14 
2.16887187662768e+00 8.33268225812829e-13 2.83144153713352e-14 
2.17165783921808e+00 7.65274278762371e-13 2.59903394982408e-14 
2.17444380180848e+00 7.02777676043785e-13 2.38552514553091e-14 
2.17722976439888e+00 6.45338328386482e-13 2.18939367927049e-14 
2.18001572698929e+00 5.92551004685458e-13 2.00923927083812e-14 
2.18280168957969e+00 5.44042602581341e-13 1.84377326793729e-14 
2.18558765217009e+00 4.99469630102576e-13 1.69180985044660e-14 
2.18837361476049e+00 4.58515882269584e-13 1.55225791902536e-14 
2.19115957735089e+00 4.20890297770675e-13 1.42411361554625e-14 
2.19394553994129e+00 3.86324981939926e-13 1.30645342681122e-14 
2.19673150253170e+00 3.54573383304808e-13 1.19842782668120e-14 
2.19951746512210e+00 3.25408611931920e-13 1.09925541514992e-14 
2.20230342771250e+00 2.98621888688536e-13 1.00821751603928e-14 
2.20508939030290e+00 2.74021115360815e-13 9.24653197905484e-15 
2.20787535289330e+00 2.51429556331470e-13 8.47954685439497e-15 
2.21066131548370e+00 2.30684623224766e-13 7.77563131137941e-15 
2.21344727807411e+00 2.11636754579178e-13 7.12964719326236e-15 
2.21623324066451e+00 1.94148383211732e-13 6.53687076748370e-15 
2.21901920325491e+00 1.78092984496515e-13 5.99295965909962e-15 
2.22180516584531e+00 1.63354199296474e-13 5.49392239185045e-15 
2.22459112843571e+00 1.49825025765439e-13 5.03609033383164e-15 
2.22737709102611e+00 1.37407074679225e-13 4.61609186032439e-15 
2.23016305361652e+00 1.26009883363297e-13 4.23082856075186e-15 
2.23294901620692e+00 1.15550283662357e-13 3.87745333004692e-15 
2.23573497879732e+00 1.05951819746493e-13 3.55335019702698e-15 
2.23852094138772e+00 9.71442118714897e-14 3.25611575374636e-15 
2.24130690397812e+00 8.90628625093613e-14 2.98354206030690e-15 
2.24409286656852e+00 8.16484015410518e-14 2.73360090931773e-15 
2.24687882915893e+00 7.48462674581698e-14 2.50442934316500e-15 
2.24966479174933e+00 6.86063217562018e-14 2.29431632553739e-15 
2.25245075433973e+00 6.28824939192917e-14 2.10169047630566e-15 
2.25523671693013e+00 5.76324545977462e-14 1.92510878592023e-15 
2.25802267952053e+00 5.28173147651609e-14 1.76324623201608e-15 
2.26080864211093e+00 4.84013488136153e-14 1.61488622693820e-15 
2.26359460470134e+00 4.43517397038213e-14 1.47891183046189e-15 
2.26638056729174e+00 4.06383444334189e-14 1.35429766711627e-15 
2.26916652988214e+00 3.72334782217049e-14 1.24010249225674e-15 
2.27195249247254e+00 3.41117159338104e-14 1.13546235540518e-15 
2.27473845506294e+00 3.12497093824828e-14 1.03958431341142e-15 
2.27752441765334e+00 2.86260192519177e-14 9.51740649712502e-16 
2.28031038024375e+00 2.62209604861818e-14 8.71263559401067e-16 
2.28309634283415e+00 2.40164600753073e-14 7.97540262982595e-16 
2.28588230542455e+00 2.19959262556761e-14 7.30008514623979e-16 
2.28866826801495e+00 2.01441282184087e-14 6.68152473391248e-16 
2.29145423060535e+00 1.84470854905841e-14 6.11498908460243e-16 
2.29424019319575e+00 1.68919662197359e-14 5.59613711576155e-16 
2.29702615578616e+00 1.54669936525858e-14 5.12098692151293e-16 
2.29981211837656e+00 1.41613601548015e-14 4.68588632338878e-16 
2.30259808096696e+00 1.29651481700416e-14 4.28748581216809e-16 
2.30538404355736e+00 1.18692575640310e-14 3.92271368870906e-16 
2.30817000614776e+00 1.08653388431777e-14 3.58875322692938e-16 
2.31095596873816e+00 9.94573177760755e-15 3.28302169614953e-16 
2.31374193132857e+00 9.10340899569533e-15 3.00315109297114e-16 
2.31652789391897e+00 8.33192415147154e-15 2.74697044480106e-16 
2.31931385650937e+00 7.62536429789664e-15 2.51248955813040e-16 
2.32209981909977e+00 6.97830612812932e-15 2.29788409481008e-16 
2.32488578169017e+00 6.38577577376613e-15 2.10148186889675e-16 
2.32767174428057e+00 5.84321187377071e-15 1.92175026523874e-16 
2.33045770687098e+00 5.34643165060670e-15 1.75728468888779e-16 
2.33324366946138e+00 4.89159975109041e-15 1.60679796171107e-16 
2.33602963205178e+00 4.47519962882619e-15 1.46911058929048e-16 
2.33881559464218e+00 4.09400726290812e-15 1.34314182737483e-16 
2.34160155723258e+00 3.74506702398603e-15 1.22790148283943e-16 
2.34438751982298e+00 3.42566951390942e-15 1.12248238934367e-16 
2.34717348241338e+00 3.13333121908379e-15 1.02605350269688e-16 
2.34995944500379e+00 2.86577583049113e-15 9.37853565378113e-17 
2.35274540759419e+00 2.62091709512766e-15 8.57185293737454e-17 
2.35553137018459e+00 2.39684307447648e-15 7.83410045162197e-17 
2.35831733277499e+00 2.19180169563418e-15 7.15942925946961e-17 
2.36110329536539e+00 2.00418748991607e-15 6.54248303786023e-17 
2.36388925795579e+00 1.83252942223781e-15 5.97835691730691e-17 
2.36667522054620e+00 1.67547972236861e-15 5.46255973144599e-17 
2.36946118313660e+00 1.53180363632677e-15 4.99097939664049e-17 
2.37224714572700e+00 1.40037002279084e-15 4.55985116445872e-17 
2.37503310831740e+00 1.28014272547437e-15 4.16572851077725e-17 
2.37781907090780e+00 1.17017265800071e-15 3.80545644449699e-17 
2.38060503349820e+00 1.06959054295555e-15 3.47614703655039e-17 
2.38339099608861e+00 9.77600251523472e-16 3.17515698614053e-17 
2.38617695867901e+00 8.93472694464335e-16 2.90006705610139e-17 
2.38896292126941e+00 8.16540219185030e-16 2.64866322301047e-17 
2.39174888385981e+00 7.46191471340678e-16 2.41891940031391e-17 
2.39453484645021e+00 6.81866682781501e-16 2.20898160433066e-17 
2.39732080904061e+00 6.23053350771417e-16 2.01715344366850e-17 
2.40010677163102e+00 5.69282276263492e-16 1.84188282238455e-17 
2.40289273422142e+00 5.20123931645628e-16 1.68174975622782e-17 
2.40567869681182e+00 4.75185130785823e-16 1.53545520957325e-17 
2.40846465940222e+00 4.34105976426946e-16 1.40181086825633e-17 
2.41125062199262e+00 3.96557062021794e-16 1.27972977049764e-17 
2.41403658458302e+00 3.62236906974782e-16 1.16821772451760e-17 
2.41682254717343e+00 3.30869605979988e-16 1.06636544733035e-17 
2.41960850976383e+00 3.02202674728935e-16 9.73341364612317e-18 
2.42239447235423e+00 2.76005075716335e-16 8.88385016506548e-18 
2.42518043494463e+00 2.52065409208739e-16 8.10801018782476e-18 
2.42796639753503e+00 2.30190255668843e-16 7.39953532956502e-18 
2.43075236012543e+00 2.10202657056073e-16 6.75261202820900e-18 
2.43353832271584e+00 1.91940725459987e-16 6.16192518355857e-18 
2.43632428530624e+00 1.75256368474378e-16 5.62261571236814e-18 
2.43911024789664e+00 1.60014121593680e-16 5.13024169120617e-18 
2.44189621048704e+00 1.46090078715530e-16 4.68074278620934e-18 
2.44468217307744e+00 1.33370912569957e-16 4.27040769385683e-18 
2.44746813566784e+00 1.21752977572029e-16 3.89584433985397e-18 
2.45025409825825e+00 1.11141488215647e-16 3.55395260428154e-18 
2.45304006084865e+00 1.01449766696154e-16 3.24189936049510e-18 
2.45582602343905e+00 9.25985539726221e-17 2.95709563298943e-18 
2.45861198602945e+00 8.45153789608482e-17 2.69717569570825e-18 
2.46139794861985e+00 7.71339809888256e-17 2.45997794719739e-18 
2.46418391121025e+00 7.03937810508816e-17 2.24352741268216e-18 
2.46696987380066e+00 6.42393977678065e-17 2.04601973569789e-18 
2.46975583639106e+00 5.86202043008363e-17 1.86580653340927e-18 
2.47254179898146e+00 5.34899227797863e-17 1.70138200030554e-18 
2.47532776157186e+00 4.88062530922802e-17 1.55137065463253e-18 
2.47811372416226e+00 4.45305331439732e-17 1.41451613079218e-18 
2.48089968675266e+00 4.06274279408738e-17 1.28967092907095e-18 
2.48368564934307e+00 3.70646450661155e-17 1.17578704151217e-18 
2.48647161193347e+00 3.38126743264441e-17 1.07190737957917e-18 
2.48925757452387e+00 3.08445495297811e-17 9.77157935517901e-19 
2.49204353711427e+00 2.81356305258776e-17 8.90740615066143e-19 
2.49482949970467e+00 2.56634037985580e-17 8.11926684415805e-19 
2.49761546229507e+00 2.34073000415325e-17 7.40050779153440e-19 
2.50040142488548e+00 2.13485272813076e-17 6.74520965708991e-19 
2.50318738747588e+00 1.94699510993036e-17 6.14786331785751e-19 
2.50597335006628e+00 1.77558968885803e-17 5.60323169307121e-19 
2.50875931265668e+00 1.61920280355757e-17 5.10661996338069e-19 
2.51154527524708e+00 1.47652506698357e-17 4.65381531990083e-19 
2.51433123783748e+00 1.34636065360568e-17 4.24097260666191e-19 
2.51711720042789e+00 1.22761750467972e-17 3.86458241306747e-19 
2.51990316301829e+00 1.11929837339634e-17 3.52144191931071e-19 
2.52268912560869e+00 1.02049263833371e-17 3.20862825869854e-19 
2.52547508819909e+00 9.30368819699961e-18 2.92347418093911e-19 
2.52826105078949e+00 8.48167738401389e-18 2.66354581885494e-19 
2.53104701337989e+00 7.73196263055648e-18 2.42662237783205e-19 
2.53383297597030e+00 7.04821594724274e-18 2.21067758273673e-19 
2.53661893856070e+00 6.42466043402073e-18 2.01386273114546e-19 
2.53940490115110e+00 5.85602254204510e-18 1.83449121465081e-19 
2.54219086374150e+00 5.33748844768674e-18 1.67102438182649e-19 
2.54497682633190e+00 4.86466418656016e-18 1.52205862725189e-19 
2.54776278892230e+00 4.43353922541301e-18 1.38631360089343e-19 
2.55054875151270e+00 4.04045317715161e-18 1.26262144119619e-19 
2.55333471410311e+00 3.68206538938640e-18 1.14991694352414e-19 
2.55612067669351e+00 3.35532715986520e-18 1.04722858316690e-19 
2.55890663928391e+00 3.05745635320074e-18 9.53670319064677e-20 
2.56169260187431e+00 2.78591421255355e-18 8.68434110745414e-20 
2.56447856446471e+00 2.53838417755389e-18 7.90783086769547e-20 
2.56726452705511e+00 2.31275253587333e-18 7.20045308283686e-20 
2.57005048964552e+00 2.10709075061428e-18 6.55608076137204e-20 
2.57283645223592e+00 1.91963931918964e-18 5.96912734453576e-20 
2.57562241482632e+00 1.74879303172061e-18 5.43449927606453e-20 
2.57840837741672e+00 1.59308750828545e-18 4.94755271261284e-20 
2.58119434000712e+00 1.45118690469457e-18 4.50405401536264e-20 
2.58398030259752e+00 1.32187268592863e-18 4.10014369438556e-20 
2.58676626518793e+00 1.20403337503196e-18 3.73230350567890e-20 
2.58955222777833e+00 1.09665519317030e-18 3.39732642672344e-20 
2.59233819036873e+00 9.98813513803543e-19 3.09228926011281e-20 
2.59512415295913e+00 9.09665060547491e-19 2.81452763646859e-20 
2.59791011554953e+00 8.28440784355691e-19 2.56161320765762e-20 
2.60069607813993e+00 7.54439361192213e-19 2.33133283942688e-20 
2.60348204073034e+00 6.87021256431738e-19 2.12166962911170e-20 
2.60626800332074e+00 6.25603306855510e-19 1.93078558918957e-20 
2.60905396591114e+00 5.69653775347071e-19 1.75700585126511e-20 
2.61183992850154e+00 5.18687837264177e-19 1.59880425769384e-20 
2.61462589109194e+00 4.72263461003718e-19 1.45479021958567e-20 
2.61741185368234e+00 4.29977648513137e-19 1.32369673046622e-20 
2.62019781627275e+00 3.91463004460698e-19 1.20436943450140e-20 
2.62298377886315e+00 3.56384605481603e-19 1.09575665698520e-20 
2.62576974145355e+00 3.24437143389227e-19 9.96900312825193e-21 
2.62855570404395e+00 2.95342318500373e-19 9.06927616099135e-21 
2.63134166663435e+00 2.68846461288639e-19 8.25043520459367e-21 
2.63412762922475e+00 2.44718362467432e-19 7.50523826284540e-21 
2.63691359181516e+00 2.22747293328986e-19 6.82708896070002e-21 
2.63969955440556e+00 2.02741199741890e-19 6.20997924655021e-21 
2.64248551699596e+00 1.84525054649889e-19 5.64843715548679e-21 
2.64527147958636e+00 1.67939355230682e-19 5.13747918874833e-21 
2.64805744217676e+00 1.52838752075776e-19 4.67256690345214e-21 
2.65084340476716e+00 1.39090798850963e-19 4.24956734220199e-21 
2.65362936735757e+00 1.26574811900486e-19 3.86471696458531e-21 
2.65641532994797e+00 1.15180830174772e-19 3.51458877216775e-21 
2.65920129253837e+00 1.04808666698974e-19 3.19606234561113e-21 
2.66198725512877e+00 9.53670435645456e-20 2.90629653720506e-21 
2.66477321771917e+00 8.67728031247002e-20 2.64270458461606e-21 
2.66755918030957e+00 7.89501887127545e-20 2.40293143220822e-21 
2.67034514289998e+00 7.18301887851037e-20 2.18483306504555e-21 
2.67313110549038e+00 6.53499389228176e-20 1.98645767780533e-21 
2.67591706808078e+00 5.94521766118450e-20 1.80602851645417e-21 
2.67870303067118e+00 5.40847441656218e-20 1.64192824479610e-21 
2.68148899326158e+00 4.92001355591085e-20 1.49268470101195e-21 
2.68427495585198e+00 4.47550833132844e-20 1.35695792118144e-21 
2.68706091844239e+00 4.07101819069335e-20 1.23352831761108e-21 
2.68984688103279e+00 3.70295445009694e-20 1.12128590967470e-21 
2.69263284362319e+00 3.36804900420944e-20 1.01922051389039e-21 
2.69541880621359e+00 3.06332580696066e-20 9.26412808183738e-22 
2.69820476880399e+00 2.78607487837834e-20 8.42026192792043e-22 
2.70099073139439e+00 2.53382861484187e-20 7.65299377109523e-22 
2.70377669398480e+00 2.30434019955521e-20 6.95539628018309e-22 
2.70656265657520e+00 2.09556392788264e-20 6.32116620945475e-22 
2.70934861916560e+00 1.90563727847212e-20 5.74456840081295e-22 
2.71213458175600e+00 1.73286457594927e-20 5.22038478931873e-22 
2.71492054434640e+00 1.57570210452404e-20 4.74386796700186e-22 
2.71770650693680e+00 1.43274454422505e-20 4.31069889929971e-22 
2.72049246952721e+00 1.30271261276616e-20 3.91694842440230e-22 
2.72327843211761e+00 1.18444180635111e-20 3.55904219854626e-22 
2.72606439470801e+00 1.07687214212052e-20 3.23372878017617e-22 
2.72885035729841e+00 9.79038813520126e-21 2.93805057313170e-22 
2.73163631988881e+00 8.90063677692022e-21 2.66931737385423e-22 
2.73442228247921e+00 8.09147501126480e-21 2.42508229024805e-22 
2.73720824506962e+00 7.35562896322009e-21 2.20311982047224e-22 
2.73999420766002e+00 6.68647888139065e-21 2.00140589875566e-22 
2.74278017025042e+00 6.07800053949050e-21 1.81809973247905e-22 
2.74556613284082e+00 5.52471186620224e-21 1.65152727040261e-22 
2.74835209543122e+00 5.02162433887607e-21 1.50016615616693e-22 
2.75113805802162e+00 4.56419871762942e-21 1.36263203418295e-22 
2.75392402061203e+00 4.14830473388006e-21 1.23766608686337e-22 
2.75670998320243e+00 3.77018438151676e-21 1.12412369293487e-22 
2.75949594579283e+00 3.42641849007188e-21 1.02096410640104e-22 
2.76228190838323e+00 3.11389628767276e-21 9.27241064683595e-23 
2.76506787097363e+00 2.82978768745525e-21 8.42094242632176e-23 
2.76785383356403e+00 2.57151805474302e-21 7.64741476530384e-23 
2.77063979615443e+00 2.33674523383105e-21 6.94471689002191e-23 
2.77342575874484e+00 2.12333863284409e-21 6.30638451896833e-23 
2.77621172133524e+00 1.92936018303867e-21 5.72654129855073e-23 
2.77899768392564e+00 1.75304700523241e-21 5.19984552383895e-23 
2.78178364651604e+00 1.59279563091636e-21 4.72144166934623e-23 
2.78456960910644e+00 1.44714763916230e-21 4.49164007815700e-23 
