Energy(eV)           EEDF(eV^-(3/2))      Anisotropy(eV^-(3/2))
2.38247073430181e-03 9.34574236409782e-01 1.17882017088899e-04 
7.14741220290542e-03 9.34293289717489e-01 1.90642286874996e-04 
1.19123536715090e-02 9.33907690287695e-01 2.75799468197650e-04 
1.66772951401126e-02 9.33480660478773e-01 3.38241503159622e-04 
2.14422366087163e-02 9.33043070030055e-01 3.83409223407983e-04 
2.62071780773199e-02 9.32619962463540e-01 4.17075543056771e-04 
3.09721195459235e-02 9.32212126083282e-01 4.43146602528419e-04 
3.57370610145271e-02 9.31827234258701e-01 4.60564644698627e-04 
4.05020024831307e-02 9.31470650154141e-01 4.71871459442991e-04 
4.52669439517343e-02 9.31140924943465e-01 4.77987175183083e-04 
5.00318854203379e-02 9.30840823532944e-01 4.78717066502014e-04 
5.47968268889415e-02 9.30569537124700e-01 4.76114075576021e-04 
5.95617683575452e-02 9.30324914714204e-01 4.70447055882906e-04 
6.43267098261488e-02 9.30106238148545e-01 4.62594988544178e-04 
6.90916512947524e-02 9.29910195496681e-01 4.52738466748905e-04 
7.38565927633560e-02 9.29736470483386e-01 4.41185105695676e-04 
7.86215342319596e-02 9.29581738449447e-01 4.28218939396213e-04 
8.33864757005632e-02 9.29445848054225e-01 4.14079835540254e-04 
8.81514171691668e-02 9.29325523472957e-01 3.99140778149610e-04 
9.29163586377704e-02 9.29220706020602e-01 3.83751909011368e-04 
9.76813001063741e-02 9.29128065549089e-01 3.68336062303452e-04 
1.02446241574978e-01 9.29047711472243e-01 3.52407549175187e-04 
1.07211183043581e-01 9.28977061017384e-01 3.36604315497219e-04 
1.11976124512185e-01 9.28916104809443e-01 3.20497892915987e-04 
1.16741065980789e-01 9.28862812086223e-01 3.04935251622258e-04 
1.21506007449392e-01 9.28816926534645e-01 2.89614269224350e-04 
1.26270948917996e-01 9.28776845644539e-01 2.75357008506948e-04 
1.31035890386599e-01 9.28742159769362e-01 2.60777248231566e-04 
1.35800831855203e-01 9.28712230255514e-01 2.45912236955774e-04 
1.40565773323807e-01 9.28686729333473e-01 2.31238757568840e-04 
1.45330714792410e-01 9.28664876414016e-01 2.17578652580702e-04 
1.50095656261014e-01 9.28646181878620e-01 2.05099342131510e-04 
1.54860597729617e-01 9.28629985112901e-01 1.94602283357807e-04 
1.59625539198221e-01 9.28615731713369e-01 1.84732509569541e-04 
1.64390480666825e-01 9.28603370089856e-01 1.73921266529576e-04 
1.69155422135428e-01 9.28592831017563e-01 1.62903151023885e-04 
1.73920363604032e-01 9.28583845447266e-01 1.53439043903340e-04 
1.78685305072635e-01 9.28575977392770e-01 1.45360854332275e-04 
1.83450246541239e-01 9.28569124379743e-01 1.38074167053091e-04 
1.88215188009843e-01 9.28563037183529e-01 1.31641161388651e-04 
1.92980129478446e-01 9.28557660590109e-01 1.26270249689827e-04 
1.97745070947050e-01 9.28552746703895e-01 1.22009678341161e-04 
2.02510012415654e-01 9.28548284961459e-01 1.18532162301904e-04 
2.07274953884257e-01 9.28544104248888e-01 1.15952119027824e-04 
2.12039895352861e-01 9.28540205026599e-01 1.14165706389728e-04 
2.16804836821464e-01 9.28536446458077e-01 1.13359759454603e-04 
2.21569778290068e-01 9.28532820922739e-01 1.13403749527271e-04 
2.26334719758672e-01 9.28529215580525e-01 1.14466773425128e-04 
2.31099661227275e-01 9.28525609043505e-01 1.16375457900965e-04 
2.35864602695879e-01 9.28521915579733e-01 1.19233465847636e-04 
2.40629544164482e-01 9.28518101252226e-01 1.22976481373867e-04 
2.45394485633086e-01 9.28514088250375e-01 1.27714004357397e-04 
2.50159427101690e-01 9.28509823884413e-01 1.33304432085737e-04 
2.54924368570293e-01 9.28505243103114e-01 1.39785450379882e-04 
2.59689310038897e-01 9.28500280440675e-01 1.47106803311486e-04 
2.64454251507501e-01 9.28494868501010e-01 1.55372366483674e-04 
2.69219192976104e-01 9.28488916945818e-01 1.64504722490770e-04 
2.73984134444708e-01 9.28482355679690e-01 1.74592411205707e-04 
2.78749075913311e-01 9.28475068911155e-01 1.85592744361819e-04 
2.83514017381915e-01 9.28466974968282e-01 1.97732528109395e-04 
2.88278958850519e-01 9.28457905765025e-01 2.10782862937447e-04 
2.93043900319122e-01 9.28447792094800e-01 2.24154634489440e-04 
2.97808841787726e-01 9.28436562728432e-01 2.37913099866370e-04 
3.02573783256329e-01 9.28424131761170e-01 2.53648059147215e-04 
3.07338724724933e-01 9.28410100299792e-01 2.71183037359017e-04 
3.12103666193537e-01 9.28394349511302e-01 2.89137368417320e-04 
3.16868607662140e-01 9.28376757121868e-01 3.07510752872606e-04 
3.21633549130744e-01 9.28357197420283e-01 3.26302886181051e-04 
3.26398490599347e-01 9.28335541261731e-01 3.45513454774283e-04 
3.31163432067951e-01 9.28311656071905e-01 3.65142132856385e-04 
3.35928373536555e-01 9.28285405851461e-01 3.85188579655210e-04 
3.40693315005158e-01 9.28256651180864e-01 4.05652437042372e-04 
3.45458256473762e-01 9.28225249225612e-01 4.26533327426771e-04 
3.50223197942366e-01 9.28191053741874e-01 4.48639189291215e-04 
3.54988139410969e-01 9.28153663284449e-01 4.72603372977492e-04 
3.59753080879573e-01 9.28112679922163e-01 4.97663651206580e-04 
3.64518022348176e-01 9.28067899239878e-01 5.23215009228812e-04 
3.69282963816780e-01 9.28019112092518e-01 5.49256760301897e-04 
3.74047905285384e-01 9.27966104617470e-01 5.75788176735903e-04 
3.78812846753987e-01 9.27908658247889e-01 6.02808487215307e-04 
3.83577788222591e-01 9.27846549726965e-01 6.30316874221649e-04 
3.88342729691194e-01 9.27779551123171e-01 6.58312471540360e-04 
3.93107671159798e-01 9.27707429846557e-01 6.86794361817901e-04 
3.97872612628402e-01 9.27629948666114e-01 7.15799682522806e-04 
4.02637554097005e-01 9.27546848952797e-01 7.46007333360777e-04 
4.07402495565609e-01 9.27457573934459e-01 7.77350477968890e-04 
4.12167437034212e-01 9.27361846109508e-01 8.09207531671801e-04 
4.16932378502816e-01 9.27259382791253e-01 8.41577147723229e-04 
4.21697319971420e-01 9.27149896135426e-01 8.74457904526290e-04 
4.26462261440023e-01 9.27033093169356e-01 9.07848302792085e-04 
4.31227202908627e-01 9.26908675822837e-01 9.41746762709671e-04 
4.35992144377231e-01 9.26776340960762e-01 9.76151621101988e-04 
4.40757085845834e-01 9.26635780417580e-01 1.01106112856705e-03 
4.45522027314438e-01 9.26486681033634e-01 1.04647344660717e-03 
4.50286968783041e-01 9.26328724693447e-01 1.08238664475339e-03 
4.55051910251645e-01 9.26161588366013e-01 1.11879869767351e-03 
4.59816851720249e-01 9.25984944147156e-01 1.15570748225361e-03 
4.64581793188852e-01 9.25798459304025e-01 1.19311077467394e-03 
4.69346734657456e-01 9.25601796321779e-01 1.23100624747124e-03 
4.74111676126059e-01 9.25394612952532e-01 1.26939146658416e-03 
4.78876617594663e-01 9.25176562266623e-01 1.30826388838287e-03 
4.83641559063267e-01 9.24947292706268e-01 1.34762085668567e-03 
4.88406500531870e-01 9.24706448141662e-01 1.38745959976072e-03 
4.93171442000474e-01 9.24453667929602e-01 1.42777722732204e-03 
4.97936383469077e-01 9.24188586974683e-01 1.46851297891718e-03 
5.02701324937681e-01 9.23910877982981e-01 1.50885365375205e-03 
5.07466266406285e-01 9.23620773738835e-01 1.54887212669322e-03 
5.12231207874888e-01 9.23317930680481e-01 1.58932777468261e-03 
5.16996149343492e-01 9.23002001582927e-01 1.63021739280137e-03 
5.21761090812096e-01 9.22672635622514e-01 1.67153765635645e-03 
5.26526032280699e-01 9.22329478443929e-01 1.71328511830460e-03 
5.31290973749303e-01 9.21972172229711e-01 1.75545620668301e-03 
5.36055915217906e-01 9.21600355772315e-01 1.79804722204570e-03 
5.40820856686510e-01 9.21213664548756e-01 1.84105433490515e-03 
5.45585798155114e-01 9.20811730797916e-01 1.88447358317588e-03 
5.50350739623717e-01 9.20394183600536e-01 1.92830086963740e-03 
5.55115681092321e-01 9.19960648961946e-01 1.97253195940689e-03 
5.59880622560924e-01 9.19510749897587e-01 2.01716247742224e-03 
5.64645564029528e-01 9.19044106521362e-01 2.06218790594467e-03 
5.69410505498132e-01 9.18560336136867e-01 2.10760358208664e-03 
5.74175446966735e-01 9.18059053331542e-01 2.15340469534784e-03 
5.78940388435339e-01 9.17539870073782e-01 2.19958628518110e-03 
5.83705329903943e-01 9.17002395813061e-01 2.24614323859211e-03 
5.88470271372546e-01 9.16446237583098e-01 2.29307028775805e-03 
5.93235212841150e-01 9.15871000108103e-01 2.34036200768153e-03 
5.98000154309753e-01 9.15276285912157e-01 2.38801281387465e-03 
6.02765095778357e-01 9.14661695431744e-01 2.43601696008888e-03 
6.07530037246961e-01 9.14026827131477e-01 2.48436853607365e-03 
6.12294978715564e-01 9.13371277623059e-01 2.53306146538480e-03 
6.17059920184168e-01 9.12694641787494e-01 2.58208950324090e-03 
6.21824861652771e-01 9.11996512900594e-01 2.63144623441253e-03 
6.26589803121375e-01 9.11276482761800e-01 2.68112507118046e-03 
6.31354744589979e-01 9.10534141826348e-01 2.73111925134296e-03 
6.36119686058582e-01 9.09769079340804e-01 2.78142183627319e-03 
6.40884627527186e-01 9.08980883481981e-01 2.83202570904566e-03 
6.45649568995790e-01 9.08169141499272e-01 2.88292357262075e-03 
6.50414510464393e-01 9.07333439860405e-01 2.93410794810048e-03 
6.55179451932997e-01 9.06473364400646e-01 2.98557117305540e-03 
6.59944393401600e-01 9.05588500475436e-01 3.03730539992098e-03 
6.64709334870204e-01 9.04678433116517e-01 3.08930259447049e-03 
6.69474276338808e-01 9.03742747191504e-01 3.14155453437336e-03 
6.74239217807411e-01 9.02781027566943e-01 3.19405280783730e-03 
6.79004159276015e-01 9.01792859274842e-01 3.24678881233216e-03 
6.83769100744618e-01 9.00777827682667e-01 3.29975375340816e-03 
6.88534042213222e-01 8.99735518666818e-01 3.35293864361049e-03 
6.93298983681826e-01 8.98665518789552e-01 3.40633430148793e-03 
6.98063925150429e-01 8.97567415479362e-01 3.45978453473845e-03 
7.02828866619033e-01 8.96440985976071e-01 3.51185590826284e-03 
7.07593808087636e-01 8.95287678513713e-01 3.56270545941655e-03 
7.12358749556240e-01 8.94107141364184e-01 3.61370575361402e-03 
7.17123691024844e-01 8.92899024349976e-01 3.66484788698317e-03 
7.21888632493447e-01 8.91662979003049e-01 3.71612279323135e-03 
7.26653573962051e-01 8.90398658726157e-01 3.76752124356228e-03 
7.31418515430655e-01 8.89105718956587e-01 3.81903384668763e-03 
7.36183456899258e-01 8.87783817332289e-01 3.87065104894188e-03 
7.40948398367862e-01 8.86432613860347e-01 3.92236313449487e-03 
7.45713339836465e-01 8.85051771087767e-01 3.97416022567391e-03 
7.50478281305069e-01 8.83640954274528e-01 4.02603228339108e-03 
7.55243222773673e-01 8.82199831568857e-01 4.07796910768066e-03 
7.60008164242276e-01 8.80728074184673e-01 4.12996033834967e-03 
7.64773105710880e-01 8.79225356581159e-01 4.18199545574203e-03 
7.69538047179483e-01 8.77691356644400e-01 4.23406378162163e-03 
7.74302988648087e-01 8.76125755871024e-01 4.28615448017469e-03 
7.79067930116691e-01 8.74528239553796e-01 4.33825655913602e-03 
7.83832871585294e-01 8.72898496969091e-01 4.39035887103680e-03 
7.88597813053898e-01 8.71236221566186e-01 4.44245011458116e-03 
7.93362754522501e-01 8.69541111158280e-01 4.49451883615436e-03 
7.98127695991105e-01 8.67812868115199e-01 4.54650074424962e-03 
8.02892637459709e-01 8.66051280966805e-01 4.59794429411699e-03 
8.07657578928312e-01 8.64256749820267e-01 4.64889668692662e-03 
8.12422520396916e-01 8.62429006941170e-01 4.69977772169846e-03 
8.17187461865519e-01 8.60567789744048e-01 4.75057569620926e-03 
8.21952403334123e-01 8.58672840978873e-01 4.80127877684433e-03 
8.26717344802727e-01 8.56743908918534e-01 4.85187500093758e-03 
8.31482286271330e-01 8.54780747547229e-01 4.90235227924763e-03 
8.36247227739934e-01 8.52783116749659e-01 4.95269839856967e-03 
8.41012169208538e-01 8.50750782500932e-01 5.00290102447944e-03 
8.45777110677141e-01 8.48683517057075e-01 5.05294770422059e-03 
8.50542052145745e-01 8.46581099146046e-01 5.10282586972763e-03 
8.55306993614348e-01 8.44443314159138e-01 5.15252284078735e-03 
8.60071935082952e-01 8.42269954342659e-01 5.20202582834316e-03 
8.64836876551556e-01 8.40060818989781e-01 5.25132193794102e-03 
8.69601818020159e-01 8.37815714632430e-01 5.30039817331805e-03 
8.74366759488763e-01 8.35534455233101e-01 5.34924144013280e-03 
8.79131700957366e-01 8.33216862376468e-01 5.39783854984038e-03 
8.83896642425970e-01 8.30862765460671e-01 5.44617622371199e-03 
8.88661583894574e-01 8.28472001888131e-01 5.49424109699732e-03 
8.93426525363177e-01 8.26044417255781e-01 5.54201972323366e-03 
8.98191466831781e-01 8.23579865544556e-01 5.58949857869965e-03 
9.02956408300385e-01 8.21078209308011e-01 5.63666406701198e-03 
9.07721349768988e-01 8.18539319859928e-01 5.68350252386868e-03 
9.12486291237592e-01 8.15963077460754e-01 5.73000022193442e-03 
9.17251232706195e-01 8.13349371502737e-01 5.77614337586936e-03 
9.22016174174799e-01 8.10698100693595e-01 5.82191814750414e-03 
9.26781115643403e-01 8.08009173238570e-01 5.86731065115390e-03 
9.31546057112006e-01 8.05282507020717e-01 5.91230695907365e-03 
9.36310998580610e-01 8.02518029779255e-01 5.95689310705562e-03 
9.41075940049213e-01 7.99715679285833e-01 6.00105510016261e-03 
9.45840881517817e-01 7.96875403518546e-01 6.04477891859957e-03 
9.50605822986421e-01 7.93997160833525e-01 6.08805052372360e-03 
9.55370764455024e-01 7.91080920133949e-01 6.13085586418393e-03 
9.60135705923628e-01 7.88126661036297e-01 6.17318088219315e-03 
9.64900647392232e-01 7.85134374033686e-01 6.21501151993403e-03 
9.69665588860835e-01 7.82104060656104e-01 6.25633372608764e-03 
9.74430530329439e-01 7.79035733627375e-01 6.29713346248664e-03 
9.79195471798042e-01 7.75929417018689e-01 6.33739671089463e-03 
9.83960413266646e-01 7.72785146398501e-01 6.37710947990166e-03 
9.88725354735250e-01 7.69602968978645e-01 6.41625781193691e-03 
9.93490296203853e-01 7.66382943756466e-01 6.45482779039292e-03 
9.98255237672457e-01 7.63125141652809e-01 6.49225516603563e-03 
1.00302017914106e+00 7.59830783160742e-01 6.52498144309216e-03 
1.00778512060966e+00 7.56507365568030e-01 6.55361723202173e-03 
1.01255006207827e+00 7.53155036124345e-01 6.58171013054455e-03 
1.01731500354687e+00 7.49773950184820e-01 6.60925132065639e-03 
1.02207994501547e+00 7.46364271248322e-01 6.63623206402168e-03 
1.02684488648408e+00 7.42926170992664e-01 6.66264370627432e-03 
1.03160982795268e+00 7.39459829306663e-01 6.68847768134131e-03 
1.03637476942129e+00 7.35965434318994e-01 6.71372551578508e-03 
1.04113971088989e+00 7.32443182423767e-01 6.73837883316352e-03 
1.04590465235849e+00 7.28893278302759e-01 6.76242935840592e-03 
1.05066959382710e+00 7.25315934944235e-01 6.78586892219750e-03 
1.05543453529570e+00 7.21711373658307e-01 6.80868946537256e-03 
1.06019947676430e+00 7.18079824088750e-01 6.83088304331847e-03 
1.06496441823291e+00 7.14421524221228e-01 6.85244183037825e-03 
1.06972935970151e+00 7.10736720387870e-01 6.87335812425410e-03 
1.07449430117011e+00 7.07025667268124e-01 6.89362435041202e-03 
1.07925924263872e+00 7.03288627885857e-01 6.91323306647613e-03 
1.08402418410732e+00 6.99525873602623e-01 6.93217696661725e-03 
1.08878912557593e+00 6.95737684107060e-01 6.95044888592914e-03 
1.09355406704453e+00 6.91924347400367e-01 6.96804180478971e-03 
1.09831900851313e+00 6.88086159777793e-01 6.98494885320393e-03 
1.10308394998174e+00 6.84223425806124e-01 7.00116331512546e-03 
1.10784889145034e+00 6.80336458297089e-01 7.01667863275569e-03 
1.11261383291894e+00 6.76425578276662e-01 7.03148841081035e-03 
1.11737877438755e+00 6.72491114950225e-01 7.04558642075837e-03 
1.12214371585615e+00 6.68533405663531e-01 7.05896660502660e-03 
1.12690865732475e+00 6.64552795859457e-01 7.07162308116402e-03 
1.13167359879336e+00 6.60549639030496e-01 7.08355014596540e-03 
1.13643854026196e+00 6.56524296666965e-01 7.09474227955048e-03 
1.14120348173057e+00 6.52477138200909e-01 7.10519414939386e-03 
1.14596842319917e+00 6.48408540945653e-01 7.11490061430230e-03 
1.15073336466777e+00 6.44318890031009e-01 7.12385672833890e-03 
1.15549830613638e+00 6.40208578334097e-01 7.13205774468544e-03 
1.16026324760498e+00 6.36078006405771e-01 7.13949911944311e-03 
1.16502818907358e+00 6.31927582392640e-01 7.14617651536742e-03 
1.16979313054219e+00 6.27757721954670e-01 7.15208580553296e-03 
1.17455807201079e+00 6.23568848178358e-01 7.15722307692511e-03 
1.17932301347939e+00 6.19361391485475e-01 7.16158463395342e-03 
1.18408795494800e+00 6.15135789537392e-01 7.16516700188580e-03 
1.18885289641660e+00 6.10892487134956e-01 7.16796693019980e-03 
1.19361783788520e+00 6.06631936113968e-01 7.16998139584365e-03 
1.19838277935381e+00 6.02354595236232e-01 7.17123033731932e-03 
1.20314772082241e+00 5.98060873237190e-01 7.17182879929135e-03 
1.20791266229102e+00 5.93750945906200e-01 7.17174787953700e-03 
1.21267760375962e+00 5.89425295079367e-01 7.17086471064066e-03 
1.21744254522822e+00 5.85084409222540e-01 7.16917733045845e-03 
1.22220748669683e+00 5.80728783299472e-01 7.16668402584246e-03 
1.22697242816543e+00 5.76358918635554e-01 7.16338333530590e-03 
1.23173736963403e+00 5.71975322777159e-01 7.15927405157214e-03 
1.23650231110264e+00 5.67578509346631e-01 7.15435522400155e-03 
1.24126725257124e+00 5.63168997892963e-01 7.14862616089581e-03 
1.24603219403984e+00 5.58747313738214e-01 7.14208643167400e-03 
1.25079713550845e+00 5.54313987819703e-01 7.13473586892108e-03 
1.25556207697705e+00 5.49869556528049e-01 7.12657457030114e-03 
1.26032701844566e+00 5.45414561541100e-01 7.11760290033508e-03 
1.26509195991426e+00 5.40949549653826e-01 7.10782149203918e-03 
1.26985690138286e+00 5.36475072604229e-01 7.09723124842182e-03 
1.27462184285147e+00 5.31991686895349e-01 7.08583334383601e-03 
1.27938678432007e+00 5.27499953613440e-01 7.07362922518353e-03 
1.28415172578867e+00 5.23000438242381e-01 7.06062061296965e-03 
1.28891666725728e+00 5.18493710474419e-01 7.04680950220515e-03 
1.29368160872588e+00 5.13980344017323e-01 7.03219816315416e-03 
1.29844655019448e+00 5.09460916398036e-01 7.01678914192386e-03 
1.30321149166309e+00 5.04936008762916e-01 7.00058526089631e-03 
1.30797643313169e+00 5.00406205674680e-01 6.98358961899799e-03 
1.31274137460030e+00 4.95872094906123e-01 6.96580559180600e-03 
1.31750631606890e+00 4.91334267230743e-01 6.94723683149003e-03 
1.32227125753750e+00 4.86793316210369e-01 6.92788726658763e-03 
1.32703619900611e+00 4.82249837979900e-01 6.90776110161100e-03 
1.33180114047471e+00 4.77704431029277e-01 6.88686281648422e-03 
1.33656608194331e+00 4.73157695982809e-01 6.86519716580954e-03 
1.34133102341192e+00 4.68610235375963e-01 6.84276917796209e-03 
1.34609596488052e+00 4.64062653429760e-01 6.81958415401222e-03 
1.35086090634912e+00 4.59515555822896e-01 6.79564766647317e-03 
1.35562584781773e+00 4.54969549461717e-01 6.77096555787432e-03 
1.36039078928633e+00 4.50425242248196e-01 6.74554393916059e-03 
1.36515573075493e+00 4.45883242846042e-01 6.71938918791565e-03 
1.36992067222354e+00 4.41344160445078e-01 6.69250794641017e-03 
1.37468561369214e+00 4.36808604524044e-01 6.66490711947484e-03 
1.37945055516075e+00 4.32277184611962e-01 6.63659387219720e-03 
1.38421549662935e+00 4.27750510048217e-01 6.60757562744409e-03 
1.38898043809795e+00 4.23229189741504e-01 6.57786006320956e-03 
1.39374537956656e+00 4.18713831927801e-01 6.54745510978864e-03 
1.39851032103516e+00 4.14205043927508e-01 6.51636894677811e-03 
1.40327526250376e+00 4.09703431901936e-01 6.48460999990482e-03 
1.40804020397237e+00 4.05209600609285e-01 6.45218693768289e-03 
1.41280514544097e+00 4.00724153160284e-01 6.41910866790218e-03 
1.41757008690957e+00 3.96247690773648e-01 6.38538433394754e-03 
1.42233502837818e+00 3.91780812531538e-01 6.35102331095176e-03 
1.42709996984678e+00 3.87324115135160e-01 6.31603520178414e-03 
1.43186491131539e+00 3.82878192660700e-01 6.28042983287552e-03 
1.43662985278399e+00 3.78443636315751e-01 6.24421724988383e-03 
1.44139479425259e+00 3.74021034196397e-01 6.20740771320106e-03 
1.44615973572120e+00 3.69610971045140e-01 6.17001169330464e-03 
1.45092467718980e+00 3.65214028009826e-01 6.13203986595585e-03 
1.45568961865840e+00 3.60830782403757e-01 6.09350310724810e-03 
1.46045456012701e+00 3.56461807467144e-01 6.05441248850847e-03 
1.46521950159561e+00 3.52107672130093e-01 6.01477927105472e-03 
1.46998444306421e+00 3.47768940777276e-01 5.97461490081301e-03 
1.47474938453282e+00 3.43446173014477e-01 5.93393100279860e-03 
1.47951432600142e+00 3.39139923437167e-01 5.89273937546211e-03 
1.48427926747003e+00 3.34850741401300e-01 5.85105198490709e-03 
1.48904420893863e+00 3.30579170796475e-01 5.80888095898312e-03 
1.49380915040723e+00 3.26325749821656e-01 5.76623858125642e-03 
1.49857409187584e+00 3.22091010763602e-01 5.72324927130760e-03 
1.50333903334444e+00 3.17875117095248e-01 5.68036066832360e-03 
1.50810397481304e+00 3.13677167483670e-01 5.63744568097438e-03 
1.51286891628165e+00 3.09497729329726e-01 5.59405073444919e-03 
1.51763385775025e+00 3.05337363534578e-01 5.55018931521869e-03 
1.52239879921885e+00 3.01196624252600e-01 5.50587506378418e-03 
1.52716374068746e+00 2.97076058647926e-01 5.46112176726157e-03 
1.53192868215606e+00 2.92976206654819e-01 5.41594335184784e-03 
1.53669362362467e+00 2.88897600742064e-01 5.37035387517310e-03 
1.54145856509327e+00 2.84840765681581e-01 5.32436751854785e-03 
1.54622350656187e+00 2.80806218321441e-01 5.27799857911082e-03 
1.55098844803048e+00 2.76794467363475e-01 5.23126146188263e-03 
1.55575338949908e+00 2.72806013145655e-01 5.18417067173400e-03 
1.56051833096768e+00 2.68841347429434e-01 5.13674080527372e-03 
1.56528327243629e+00 2.64900953192208e-01 5.08898654266432e-03 
1.57004821390489e+00 2.60985304425084e-01 5.04092263937191e-03 
1.57481315537349e+00 2.57094865936109e-01 4.99256391785697e-03 
1.57957809684210e+00 2.53230093159136e-01 4.94392525921510e-03 
1.58434303831070e+00 2.49391431968467e-01 4.89502159477328e-03 
1.58910797977930e+00 2.45579318499440e-01 4.84586789764884e-03 
1.59387292124791e+00 2.41794178975104e-01 4.79647917428027e-03 
1.59863786271651e+00 2.38036429539115e-01 4.74687045593647e-03 
1.60340280418512e+00 2.34306476095003e-01 4.69705679021198e-03 
1.60816774565372e+00 2.30604714151932e-01 4.64705323251564e-03 
1.61293268712232e+00 2.26931528677077e-01 4.59687483756096e-03 
1.61769762859093e+00 2.23287293954742e-01 4.54653665086541e-03 
1.62246257005953e+00 2.19672373452332e-01 4.49605370026655e-03 
1.62722751152813e+00 2.16087119693273e-01 4.44544098746264e-03 
1.63199245299674e+00 2.12531874136998e-01 4.39471347958504e-03 
1.63675739446534e+00 2.09006967066073e-01 4.34388610081082e-03 
1.64152233593394e+00 2.05512717480568e-01 4.29297372402298e-03 
1.64628727740255e+00 2.02049432999735e-01 4.24199116252540e-03 
1.65105221887115e+00 1.98617409771071e-01 4.19095316182013e-03 
1.65581716033976e+00 1.95216932386842e-01 4.13987439145556e-03 
1.66058210180836e+00 1.91848273808104e-01 4.08876943695181e-03 
1.66534704327696e+00 1.88511695296291e-01 4.03765279181084e-03 
1.67011198474557e+00 1.85207446352401e-01 3.98653884961905e-03 
1.67487692621417e+00 1.81935764663826e-01 3.93544189624925e-03 
1.67964186768277e+00 1.78696876058835e-01 3.88437610216886e-03 
1.68440680915138e+00 1.75490994468759e-01 3.83335551486192e-03 
1.68917175061998e+00 1.72318321897862e-01 3.78239405137078e-03 
1.69393669208858e+00 1.69179048400920e-01 3.73150549096491e-03 
1.69870163355719e+00 1.66073352068509e-01 3.68059370456010e-03 
1.70346657502579e+00 1.63001822953880e-01 3.62931371363917e-03 
1.70823151649440e+00 1.59966012667833e-01 3.57782271490884e-03 
1.71299645796300e+00 1.56965973951873e-01 3.52653359110285e-03 
1.71776139943160e+00 1.54001748932274e-01 3.47545731178916e-03 
1.72252634090021e+00 1.51073369185975e-01 3.42460465630023e-03 
1.72729128236881e+00 1.48180855812143e-01 3.37398620949576e-03 
1.73205622383741e+00 1.45324219509314e-01 3.32361235768544e-03 
1.73682116530602e+00 1.42503460658039e-01 3.27349328471425e-03 
1.74158610677462e+00 1.39718569408939e-01 3.22363896821313e-03 
1.74635104824322e+00 1.36969525776076e-01 3.17405917601695e-03 
1.75111598971183e+00 1.34256299735535e-01 3.12476346275217e-03 
1.75588093118043e+00 1.31578851329130e-01 3.07576116659646e-03 
1.76064587264903e+00 1.28937130773112e-01 3.02706140621181e-03 
1.76541081411764e+00 1.26331078571763e-01 2.97867307785284e-03 
1.77017575558624e+00 1.23760625635789e-01 2.93060485265158e-03 
1.77494069705485e+00 1.21225693405356e-01 2.88286517408044e-03 
1.77970563852345e+00 1.18726193977677e-01 2.83546225559412e-03 
1.78447057999205e+00 1.16262030239001e-01 2.78840407845122e-03 
1.78923552146066e+00 1.13833096000897e-01 2.74169838971645e-03 
1.79400046292926e+00 1.11439276140672e-01 2.69535270044408e-03 
1.79876540439786e+00 1.09080446745819e-01 2.64937428404261e-03 
1.80353034586647e+00 1.06756475262332e-01 2.60377017482094e-03 
1.80829528733507e+00 1.04467220646754e-01 2.55854716671610e-03 
1.81306022880367e+00 1.02212533521822e-01 2.51371181220200e-03 
1.81782517027228e+00 9.99922563355491e-02 2.46927042137889e-03 
1.82259011174088e+00 9.78062235236055e-02 2.42522906124309e-03 
1.82735505320949e+00 9.56542616748459e-02 2.38159355513583e-03 
1.83211999467809e+00 9.35361896998268e-02 2.33836948237046e-03 
1.83688493614669e+00 9.14518190021631e-02 2.29556217803676e-03 
1.84164987761530e+00 8.94009536525687e-02 2.25317673298093e-03 
1.84641481908390e+00 8.73833905654230e-02 2.21121799395987e-03 
1.85117976055250e+00 8.53989196777049e-02 2.16969056396794e-03 
1.85594470202111e+00 8.34473241301376e-02 2.12859880273433e-03 
1.86070964348971e+00 8.15283804503820e-02 2.08794682738912e-03 
1.86547458495831e+00 7.96418587381203e-02 2.04773851329566e-03 
1.87023952642692e+00 7.77875228518675e-02 2.00797749504695e-03 
1.87500446789552e+00 7.59651305973523e-02 1.96866716762366e-03 
1.87976940936413e+00 7.41744339173032e-02 1.92981068771106e-03 
1.88453435083273e+00 7.24151790824825e-02 1.89141097517177e-03 
1.88929929230133e+00 7.06871068838052e-02 1.85347071467190e-03 
1.89406423376994e+00 6.89899528253839e-02 1.81599235745697e-03 
1.89882917523854e+00 6.73234473183404e-02 1.77897812327476e-03 
1.90359411670714e+00 6.56873158752259e-02 1.74243000244161e-03 
1.90835905817575e+00 6.40812793048913e-02 1.70634975804874e-03 
1.91312399964435e+00 6.25050539076523e-02 1.67073892830492e-03 
1.91788894111295e+00 6.09583516705947e-02 1.63559882901186e-03 
1.92265388258156e+00 5.94408804628652e-02 1.60093055616869e-03 
1.92741882405016e+00 5.79523442307981e-02 1.56673498870117e-03 
1.93218376551876e+00 5.64924431927255e-02 1.53301279131226e-03 
1.93694870698737e+00 5.50608740333259e-02 1.49976441744951e-03 
1.94171364845597e+00 5.36573300973629e-02 1.46699011238524e-03 
1.94647858992458e+00 5.22815015826727e-02 1.43468991640541e-03 
1.95124353139318e+00 5.09330757322577e-02 1.40286366810276e-03 
1.95600847286178e+00 4.96117370253489e-02 1.37151100776986e-03 
1.96077341433039e+00 4.83171673673003e-02 1.34063138088763e-03 
1.96553835579899e+00 4.70490462781833e-02 1.31022404170495e-03 
1.97030329726759e+00 4.58070510799505e-02 1.28028805690484e-03 
1.97506823873620e+00 4.45908570820408e-02 1.25082230935259e-03 
1.97983318020480e+00 4.34001377653046e-02 1.22182550192129e-03 
1.98459812167340e+00 4.22345649641254e-02 1.19329616139015e-03 
1.98936306314201e+00 4.10938090466226e-02 1.16523264241102e-03 
1.99412800461061e+00 3.99775390928207e-02 1.13763313153840e-03 
1.99889294607922e+00 3.88854230706748e-02 1.11053456140222e-03 
2.00365788754782e+00 3.78169365899464e-02 1.08403449980086e-03 
2.00842282901642e+00 3.67712502498827e-02 1.05807582388450e-03 
2.01318777048503e+00 3.57480840711917e-02 1.03253693177073e-03 
2.01795271195363e+00 3.47471555003261e-02 1.00741712893182e-03 
2.02271765342223e+00 3.37681796071037e-02 9.82715528126290e-04 
2.02748259489084e+00 3.28108692807318e-02 9.58431053540815e-04 
2.03224753635944e+00 3.18749354240786e-02 9.34562445024421e-04 
2.03701247782804e+00 3.09600871460404e-02 9.11108262408577e-04 
2.04177741929665e+00 3.00660319518586e-02 8.88066889907485e-04 
2.04654236076525e+00 2.91924759312428e-02 8.65436540592587e-04 
2.05130730223386e+00 2.83391239441628e-02 8.43215260935287e-04 
2.05607224370246e+00 2.75056798041758e-02 8.21400935411817e-04 
2.06083718517106e+00 2.66918464591616e-02 7.99991291164374e-04 
2.06560212663967e+00 2.58973261693406e-02 7.78983902712647e-04 
2.07036706810827e+00 2.51218206824583e-02 7.58376196709692e-04 
2.07513200957687e+00 2.43650314060212e-02 7.38165456736328e-04 
2.07989695104548e+00 2.36266595764784e-02 7.18348828128271e-04 
2.08466189251408e+00 2.29064064252433e-02 6.98923322830175e-04 
2.08942683398268e+00 2.22039733414610e-02 6.79885824270861e-04 
2.09419177545129e+00 2.15190620314273e-02 6.61233092254134e-04 
2.09895671691989e+00 2.08513746745737e-02 6.42961767859629e-04 
2.10372165838850e+00 2.02006140759371e-02 6.25068378348122e-04 
2.10848659985710e+00 1.95664838150383e-02 6.07549342065984e-04 
2.11325154132570e+00 1.89486883911001e-02 5.90400973343481e-04 
2.11801648279431e+00 1.83469333645382e-02 5.73619487381722e-04 
2.12278142426291e+00 1.77609254946688e-02 5.57201005123145e-04 
2.12754636573151e+00 1.71903728735761e-02 5.41141558100622e-04 
2.13231130720012e+00 1.66349850560932e-02 5.25437093260316e-04 
2.13707624866872e+00 1.60944731858535e-02 5.10083477753577e-04 
2.14184119013732e+00 1.55685501173740e-02 4.95076503693338e-04 
2.14660613160593e+00 1.50569305341391e-02 4.80411892870458e-04 
2.15137107307453e+00 1.45593310626582e-02 4.66085301425833e-04 
2.15613601454313e+00 1.40754703824748e-02 4.52092324474064e-04 
2.16090095601174e+00 1.36050693321103e-02 4.38428500674602e-04 
2.16566589748034e+00 1.31478510109318e-02 4.25089316746605e-04 
2.17043083894895e+00 1.27035408769372e-02 4.12070211923762e-04 
2.17519578041755e+00 1.22718668404546e-02 3.99366582345526e-04 
2.17996072188615e+00 1.18525593537613e-02 3.86973785381374e-04 
2.18472566335476e+00 1.14453514966283e-02 3.74887143884869e-04 
2.18949060482336e+00 1.10499790578036e-02 3.63101950374446e-04 
2.19425554629196e+00 1.06661806124513e-02 3.51613471138032e-04 
2.19902048776057e+00 1.02936975955666e-02 3.40416950258746e-04 
2.20378542922917e+00 9.93227437139354e-03 3.29507613559144e-04 
2.20855037069777e+00 9.58165829887414e-03 3.18880672461542e-04 
2.21331531216638e+00 9.24159979316245e-03 3.08531327762258e-04 
2.21808025363498e+00 8.91185238324111e-03 2.98454773317643e-04 
2.22284519510359e+00 8.59217276568131e-03 2.88646199640011e-04 
2.22761013657219e+00 8.28232085459063e-03 2.79100797401735e-04 
2.23237507804079e+00 7.98205982779696e-03 2.69813760845930e-04 
2.23714001950940e+00 7.69115616931949e-03 2.60780291102305e-04 
2.24190496097800e+00 7.40937970818137e-03 2.51995599406941e-04 
2.24666990244660e+00 7.13650365362116e-03 2.43454910224881e-04 
2.25143484391521e+00 6.87230462676347e-03 2.35153464274614e-04 
2.25619978538381e+00 6.61656268881135e-03 2.27086521453666e-04 
2.26096472685241e+00 6.36906136582592e-03 2.19249363664667e-04 
2.26572966832102e+00 6.12958767016093e-03 2.11637297541416e-04 
2.27049460978962e+00 5.89793211862206e-03 2.04245657074606e-04 
2.27525955125822e+00 5.67388874742289e-03 1.97069806137019e-04 
2.28002449272683e+00 5.45725512401161e-03 1.90105140908143e-04 
2.28478943419543e+00 5.24783235584366e-03 1.83347092198306e-04 
2.28955437566404e+00 5.04542509617788e-03 1.76791127672516e-04 
2.29431931713264e+00 4.84984154697451e-03 1.70432753974396e-04 
2.29908425860124e+00 4.66089345897511e-03 1.64267518750646e-04 
2.30384920006985e+00 4.47839612904539e-03 1.58291012576664e-04 
2.30861414153845e+00 4.30216839486302e-03 1.52498870783992e-04 
2.31337908300705e+00 4.13203262703339e-03 1.46886775190456e-04 
2.31814402447566e+00 3.96781471871689e-03 1.41450455733899e-04 
2.32290896594426e+00 3.80934407285193e-03 1.36185692010553e-04 
2.32767390741286e+00 3.65645358705842e-03 1.31088314719180e-04 
2.33243884888147e+00 3.50897963630659e-03 1.26154207012208e-04 
2.33720379035007e+00 3.36676205343637e-03 1.21379305755188e-04 
2.34196873181868e+00 3.22964410761243e-03 1.16759602695965e-04 
2.34673367328728e+00 3.09747248080013e-03 1.12291145545053e-04 
2.35149861475588e+00 2.97009724234723e-03 1.07970038968764e-04 
2.35626355622449e+00 2.84737182175600e-03 1.03792445496733e-04 
2.36102849769309e+00 2.72915297973002e-03 9.97545863455210e-05 
2.36579343916169e+00 2.61530077757926e-03 9.58527421600660e-05 
2.37055838063030e+00 2.50567854506658e-03 9.20832536747934e-05 
2.37532332209890e+00 2.40015284677798e-03 8.84425222962438e-05 
2.38008826356750e+00 2.29859344709811e-03 8.49270106091455e-05 
2.38485320503611e+00 2.20087327387158e-03 8.15332428078851e-05 
2.38961814650471e+00 2.10686838082978e-03 7.82578050553673e-05 
2.39438308797332e+00 2.01645790886168e-03 7.50973457713018e-05 
2.39914802944192e+00 1.92952404620587e-03 7.20485758519765e-05 
2.40391297091052e+00 1.84595198764013e-03 6.91082688236011e-05 
2.40867791237913e+00 1.76562989274317e-03 6.62732609313296e-05 
2.41344285384773e+00 1.68844884330211e-03 6.35404511660929e-05 
2.41820779531633e+00 1.61430279993761e-03 6.09068012313724e-05 
2.42297273678494e+00 1.54308855801725e-03 5.83693354520653e-05 
2.42773767825354e+00 1.47470570292600e-03 5.59251406276004e-05 
2.43250261972214e+00 1.40905656476136e-03 5.35713658314574e-05 
2.43726756119075e+00 1.34604617251876e-03 5.13052221592435e-05 
2.44203250265935e+00 1.28558220783136e-03 4.91239824274821e-05 
2.44679744412795e+00 1.22757495832664e-03 4.70249808252516e-05 
2.45156238559656e+00 1.17193727066036e-03 4.50056125208059e-05 
2.45632732706516e+00 1.11858450328686e-03 4.30633332252961e-05 
2.46109226853377e+00 1.06743447902264e-03 4.11956587156903e-05 
2.46585721000237e+00 1.01840743745859e-03 3.94001643189720e-05 
2.47062215147097e+00 9.71425987274267e-04 3.76744843596729e-05 
2.47538709293958e+00 9.26415058505883e-04 3.60163115727728e-05 
2.48015203440818e+00 8.83301854817656e-04 3.44233964839709e-05 
2.48491697587678e+00 8.42015805824533e-04 3.28935467593017e-05 
2.48968191734539e+00 8.02488519512292e-04 3.14246265260390e-05 
2.49444685881399e+00 7.64653734799230e-04 3.00145556667966e-05 
2.49921180028259e+00 7.28447274281791e-04 2.86609866314287e-05 
2.50397674175120e+00 6.93809770697197e-04 2.73613934509478e-05 
2.50874168321980e+00 6.60685936656924e-04 2.61143960486574e-05 
2.51350662468841e+00 6.29016457039556e-04 2.49189391423237e-05 
2.51827156615701e+00 5.98744010629430e-04 2.37731564993024e-05 
2.52303650762561e+00 5.69813218141118e-04 2.26752370428174e-05 
2.52780144909422e+00 5.42170590945033e-04 2.16234237751663e-05 
2.53256639056282e+00 5.15764480514007e-04 2.06160126975923e-05 
2.53733133203142e+00 4.90545028609075e-04 1.96513517281471e-05 
2.54209627350003e+00 4.66464118221109e-04 1.87278396188170e-05 
2.54686121496863e+00 4.43475325283384e-04 1.78439248731331e-05 
2.55162615643723e+00 4.21533871168691e-04 1.69981046654371e-05 
2.55639109790584e+00 4.00596575983107e-04 1.61889237629196e-05 
2.56115603937444e+00 3.80621812667130e-04 1.54149734515034e-05 
2.56592098084305e+00 3.61569461913525e-04 1.46748904665887e-05 
2.57068592231165e+00 3.43400867909867e-04 1.39673559296312e-05 
2.57545086378025e+00 3.26078794912496e-04 1.32910942914747e-05 
2.58021580524886e+00 3.09567384657350e-04 1.26448722833107e-05 
2.58498074671746e+00 2.93832114611943e-04 1.20274978760906e-05 
2.58974568818606e+00 2.78839757071597e-04 1.14378192491695e-05 
2.59451062965467e+00 2.64558339101930e-04 1.08747237689156e-05 
2.59927557112327e+00 2.50957103328531e-04 1.03371369779718e-05 
2.60404051259187e+00 2.38006469573736e-04 9.82402159581418e-06 
2.60880545406048e+00 2.25677997339444e-04 9.33437653120717e-06 
2.61357039552908e+00 2.13944349133960e-04 8.86723590711517e-06 
2.61833533699768e+00 2.02779254639987e-04 8.42166809858598e-06 
2.62310027846629e+00 1.92157475720022e-04 7.99677478408388e-06 
2.62786521993489e+00 1.82054772254606e-04 7.59169001070947e-06 
2.63263016140350e+00 1.72447868808138e-04 7.20557927370598e-06 
2.63739510287210e+00 1.63314422116192e-04 6.83763861061426e-06 
2.64216004434070e+00 1.54632989387659e-04 6.48709371040310e-06 
2.64692498580931e+00 1.46382997414324e-04 6.15319903786663e-06 
2.65168992727791e+00 1.38544712479954e-04 5.83523697354642e-06 
2.65645486874651e+00 1.31099211060338e-04 5.53251696940457e-06 
2.66121981021512e+00 1.24028351305267e-04 5.24437472044134e-06 
2.66598475168372e+00 1.17314745292875e-04 4.97017135242139e-06 
2.67074969315232e+00 1.10941732046377e-04 4.70929262584374e-06 
2.67551463462093e+00 1.04893351302772e-04 4.46114815626222e-06 
2.68027957608953e+00 9.91543180227035e-05 4.22517065103660e-06 
2.68504451755814e+00 9.37099976303481e-05 4.00081516256925e-06 
2.68980945902674e+00 8.85463819718241e-05 3.78755835805709e-06 
2.69457440049534e+00 8.36500659803783e-05 3.58489780576566e-06 
2.69933934196395e+00 7.90082250363148e-05 3.39235127780994e-06 
2.70410428343255e+00 7.46085930094101e-05 3.20945606940507e-06 
2.70886922490115e+00 7.04394409713559e-05 3.03576833453000e-06 
2.71363416636976e+00 6.64895565655933e-05 2.87086243792861e-06 
2.71839910783836e+00 6.27482240217536e-05 2.71433032335433e-06 
2.72316404930696e+00 5.92052048017940e-05 2.56578089794742e-06 
2.72792899077557e+00 5.58507188648188e-05 2.42483943261857e-06 
2.73269393224417e+00 5.26754265374951e-05 2.29114697829687e-06 
2.73745887371278e+00 4.96704109769196e-05 2.16435979788682e-06 
2.74222381518138e+00 4.68271612127560e-05 2.04414881376557e-06 
2.74698875664998e+00 4.41375557554482e-05 1.93019907063970e-06 
2.75175369811859e+00 4.15938467573192e-05 1.82220921356956e-06 
2.75651863958719e+00 3.91886447133872e-05 1.71989098095888e-06 
2.76128358105579e+00 3.69149036887704e-05 1.62296871229760e-06 
2.76604852252440e+00 3.47659070596077e-05 1.53117887043759e-06 
2.77081346399300e+00 3.27352537544932e-05 1.44426957817251e-06 
2.77557840546160e+00 3.08168449835073e-05 1.36200016888644e-06 
2.78034334693021e+00 2.90048714420284e-05 1.28414075102910e-06 
2.78510828839881e+00 2.72938009766179e-05 1.21047178616993e-06 
2.78987322986741e+00 2.56783667003977e-05 1.14078368037825e-06 
2.79463817133602e+00 2.41535555454707e-05 1.07487638867257e-06 
2.79940311280462e+00 2.27145972400845e-05 1.01255903227803e-06 
2.80416805427323e+00 2.13569536983873e-05 9.53649528428040e-07 
2.80893299574183e+00 2.00763088107919e-05 8.97974232443711e-07 
2.81369793721043e+00 1.88685586231350e-05 8.45367591822553e-07 
2.81846287867904e+00 1.77298018929945e-05 7.95671812066404e-07 
2.82322782014764e+00 1.66563310117155e-05 7.48736533977759e-07 
2.82799276161624e+00 1.56446232808857e-05 7.04418522153038e-07 
2.83275770308485e+00 1.46913325321979e-05 6.62581364401301e-07 
2.83752264455345e+00 1.37932810798366e-05 6.23095181817392e-07 
2.84228758602205e+00 1.29474519947354e-05 5.85836349239150e-07 
2.84705252749066e+00 1.21509816902551e-05 5.50687225819573e-07 
2.85181746895926e+00 1.14011528090502e-05 5.17535895446314e-07 
2.85658241042787e+00 1.06953874011019e-05 4.86275916742731e-07 
2.86134735189647e+00 1.00312403831151e-05 4.56806082386878e-07 
2.86611229336507e+00 9.40639326969415e-06 4.29030187487270e-07 
2.87087723483368e+00 8.81864816693157e-06 4.02856806756984e-07 
2.87564217630228e+00 8.26592201926432e-06 3.78199080230617e-07 
2.88040711777088e+00 7.74624110067390e-06 3.54974507271808e-07 
2.88517205923949e+00 7.25773574152535e-06 3.33104748622468e-07 
2.88993700070809e+00 6.79863528256201e-06 3.12515436248449e-07 
2.89470194217669e+00 6.36726324779144e-06 2.93135990740156e-07 
2.89946688364530e+00 5.96203272821704e-06 2.74899446030540e-07 
2.90423182511390e+00 5.58144196858657e-06 2.57742281196999e-07 
2.90899676658251e+00 5.22407014954474e-06 2.41604259117915e-07 
2.91376170805111e+00 4.88857335779038e-06 2.26428271758863e-07 
2.91852664951971e+00 4.57368073705063e-06 2.12160191867952e-07 
2.92329159098832e+00 4.27819081289358e-06 1.98748730864246e-07 
2.92805653245692e+00 4.00096798460781e-06 1.86145302707803e-07 
2.93282147392552e+00 3.74093917758113e-06 1.74303893544474e-07 
2.93758641539413e+00 3.49709064981213e-06 1.63180936923278e-07 
2.94235135686273e+00 3.26846494638621e-06 1.52735194388920e-07 
2.94711629833133e+00 3.05415799594272e-06 1.42927641256694e-07 
2.95188123979994e+00 2.85331634335155e-06 1.33721357381810e-07 
2.95664618126854e+00 2.66513451300569e-06 1.25081422739925e-07 
2.96141112273715e+00 2.48885249732092e-06 1.16974817640412e-07 
2.96617606420575e+00 2.32375336521513e-06 1.09370327398642e-07 
2.97094100567435e+00 2.16916098551682e-06 1.02238451298272e-07 
2.97570594714296e+00 2.02443786042652e-06 9.55513156792487e-08 
2.98047088861156e+00 1.88898306432410e-06 8.92825909918802e-08 
2.98523583008016e+00 1.76223028338158e-06 8.34074126619571e-08 
2.99000077154877e+00 1.64364595160284e-06 7.79023056164853e-08 
2.99476571301737e+00 1.53272747906996e-06 7.27451123241246e-08 
2.99953065448597e+00 1.42900156833026e-06 6.79148261748738e-08 
3.00429559595458e+00 1.33202477804890e-06 6.33916117946235e-08 
3.00906053742318e+00 1.24138023833568e-06 5.91570975644663e-08 
3.01382547889179e+00 1.15667224857991e-06 5.51939940831405e-08 
3.01859042036039e+00 1.07752860495000e-06 5.14857138002586e-08 
3.02335536182899e+00 1.00359928752769e-06 4.80166276572745e-08 
3.02812030329760e+00 9.34555215478052e-07 4.47720133521280e-08 
3.03288524476620e+00 8.70087067059855e-07 4.17380061640865e-08 
3.03765018623480e+00 8.09904161411847e-07 3.89015522263149e-08 
3.04241512770341e+00 7.53733399175962e-07 3.62503641378056e-08 
3.04718006917201e+00 7.01318259140868e-07 3.37728788102956e-08 
3.05194501064061e+00 6.52417848207093e-07 3.14582174496985e-08 
3.05670995210922e+00 6.06806002088991e-07 2.92961475753761e-08 
3.06147489357782e+00 5.64270434278995e-07 2.72770469842677e-08 
3.06623983504642e+00 5.24611930905897e-07 2.53918695704889e-08 
3.07100477651503e+00 4.87643589221544e-07 2.36321129145082e-08 
3.07576971798363e+00 4.53190097549302e-07 2.19897875593976e-08 
3.08053465945224e+00 4.21087054623051e-07 2.04573878949496e-08 
3.08529960092084e+00 3.91180326337431e-07 1.90278645736473e-08 
3.09006454238944e+00 3.63325438018592e-07 1.76945983855691e-08 
3.09482948385805e+00 3.37387000409953e-07 1.64513755223119e-08 
3.09959442532665e+00 3.13238167649496e-07 1.52923641629191e-08 
3.10435936679525e+00 2.90760125593992e-07 1.42120923176133e-08 
3.10912430826386e+00 2.69841608921409e-07 1.32054268678482e-08 
3.11388924973246e+00 2.50378445515600e-07 1.22675537438247e-08 
3.11865419120106e+00 2.32273126707347e-07 1.13939591831522e-08 
3.12341913266967e+00 2.15434402013053e-07 1.05804120167861e-08 
3.12818407413827e+00 1.99776897076799e-07 9.82294693073705e-09 
3.13294901560688e+00 1.85220753583361e-07 9.11784865432627e-09 
3.13771395707548e+00 1.71691289969046e-07 8.46163702796038e-09 
3.14247889854408e+00 1.59118681814034e-07 7.85105290551373e-09 
3.14724384001269e+00 1.47437660854332e-07 7.28304484844549e-09 
3.15200878148129e+00 1.36587231603587e-07 6.75475657074041e-09 
3.15677372294989e+00 1.26510404624854e-07 6.26351509564740e-09 
3.16153866441850e+00 1.17153945540175e-07 5.80681958700506e-09 
3.16630360588710e+00 1.08468138911439e-07 5.38233081968533e-09 
3.17106854735570e+00 1.00406566169653e-07 4.98786125536009e-09 
3.17583348882431e+00 9.29258968114285e-08 4.62136569140261e-09 
3.18059843029291e+00 8.59856921213186e-08 4.28093245227735e-09 
3.18536337176152e+00 7.95482207166739e-08 3.96477509425012e-09 
3.19012831323012e+00 7.35782852479758e-08 3.67122459566792e-09 
3.19489325469872e+00 6.80430596222303e-08 3.39872200641588e-09 
3.19965819616733e+00 6.29119361500330e-08 3.14581153145941e-09 
3.20442313763593e+00 5.81563820483952e-08 2.91113402462484e-09 
3.20918807910453e+00 5.37498047614246e-08 2.69342086996278e-09 
3.21395302057314e+00 4.96674255895312e-08 2.49148822917867e-09 
3.21871796204174e+00 4.58861611450445e-08 2.30423163470345e-09 
3.22348290351034e+00 4.23845121780327e-08 2.13062090901919e-09 
3.22824784497895e+00 3.91424593407625e-08 1.96969539184834e-09 
3.23301278644755e+00 3.61413654826843e-08 1.82055945776463e-09 
3.23777772791615e+00 3.33638840901205e-08 1.68237830769025e-09 
3.24254266938476e+00 3.07938735060225e-08 1.55437401860760e-09 
3.24730761085336e+00 2.84163165852934e-08 1.43582183663898e-09 
3.25207255232197e+00 2.62172454602949e-08 1.32604669943262e-09 
3.25683749379057e+00 2.41836711093129e-08 1.22441997454235e-09 
3.26160243525917e+00 2.23035174379820e-08 1.13035640120140e-09 
3.26636737672778e+00 2.05655596000238e-08 1.04331122356906e-09 
3.27113231819638e+00 1.89593662991513e-08 9.62777504175487e-10 
3.27589725966498e+00 1.74752458286985e-08 8.88283606904068e-10 
3.28066220113359e+00 1.61041956194618e-08 8.19390839435212e-10 
3.28542714260219e+00 1.48378550794433e-08 7.55691245630851e-10 
3.29019208407079e+00 1.36684615216862e-08 6.96805538866674e-10 
3.29495702553940e+00 1.25888089882314e-08 6.42381167820331e-10 
3.29972196700800e+00 1.15922097894260e-08 5.92090506699796e-10 
3.30448690847661e+00 1.06724585884160e-08 5.45629162347706e-10 
3.30925184994521e+00 9.82379887067942e-09 5.02714391086016e-10 
3.31401679141381e+00 9.04089164793929e-09 4.63083618571670e-10 
3.31878173288242e+00 8.31878625475102e-09 4.26493056319263e-10 
3.32354667435102e+00 7.65289310452949e-09 3.92716408911743e-10 
3.32831161581962e+00 7.03895827977542e-09 3.61543666266025e-10 
3.33307655728823e+00 6.47303983881263e-09 3.32779975647959e-10 
3.33784149875683e+00 5.95148572847588e-09 3.06244588441071e-10 
3.34260644022543e+00 5.47091319891465e-09 2.81769876966900e-10 
3.34737138169404e+00 5.02818962302400e-09 2.59200416932248e-10 
3.35213632316264e+00 4.62041462899639e-09 2.38392131341115e-10 
3.35690126463125e+00 4.24490346013014e-09 2.19211491957127e-10 
3.36166620609985e+00 3.89917148134551e-09 2.01534774636674e-10 
3.36643114756845e+00 3.58091975686845e-09 1.85247365074409e-10 
3.37119608903706e+00 3.28802162825867e-09 1.70243111711835e-10 
3.37596103050566e+00 3.01851022640041e-09 1.56423722757070e-10 
3.38072597197426e+00 2.77056685525410e-09 1.43698204450135e-10 
3.38549091344287e+00 2.54251018910081e-09 1.31982337883784e-10 
3.39025585491147e+00 2.33278622871109e-09 1.21198191855568e-10 
3.39502079638007e+00 2.13995896534912e-09 1.11273669383002e-10 
3.39978573784868e+00 1.96270170479371e-09 1.02142085660859e-10 
3.40455067931728e+00 1.79978900663127e-09 9.37417753782780e-11 
3.40931562078588e+00 1.65008919696384e-09 8.60157274438978e-11 
3.41408056225449e+00 1.51255741538695e-09 7.89112452901788e-11 
3.41884550372309e+00 1.38622915963886e-09 7.23796310437193e-11 
3.42361044519170e+00 1.27021429371267e-09 6.63758919572052e-11 
3.42837538666030e+00 1.16369148746552e-09 6.08584676009819e-11 
3.43314032812890e+00 1.06590305786316e-09 5.57889764084588e-11 
3.43790526959751e+00 9.76150183970892e-10 5.11319802599983e-11 
3.44267021106611e+00 8.93788469651628e-10 4.68547658749158e-11 
3.44743515253471e+00 8.18223829665378e-10 4.29271418610345e-11 
3.45220009400332e+00 7.48908676488619e-10 3.93212503461791e-11 
3.45696503547192e+00 6.85338386693398e-10 3.60113921863469e-11 
3.46172997694052e+00 6.27048027150600e-10 3.29738648113034e-11 
3.46649491840913e+00 5.73609322655401e-10 3.01868118302822e-11 
3.47125985987773e+00 5.24627847820954e-10 2.76300835785381e-11 
3.47602480134634e+00 4.79740427253988e-10 2.52851078399508e-11 
3.48078974281494e+00 4.38612729118087e-10 2.31347700319034e-11 
3.48555468428354e+00 4.00937038211548e-10 2.11633021864652e-11 
3.49031962575215e+00 3.66430195641266e-10 1.93561801066892e-11 
3.49508456722075e+00 3.34831693066061e-10 1.77000281187609e-11 
3.49984950868935e+00 3.05901910316244e-10 1.61825308799835e-11 
3.50461445015796e+00 2.79420485974492e-10 1.47923517393106e-11 
3.50937939162656e+00 2.55184811229836e-10 1.35190571814943e-11 
3.51414433309516e+00 2.33008637994891e-10 1.23530469180498e-11 
3.51890927456377e+00 2.12720792909469e-10 1.12854892182763e-11 
3.52367421603237e+00 1.94163989444268e-10 1.03082611016528e-11 
3.52843915750098e+00 1.77193730869083e-10 9.41389303916244e-12 
3.53320409896958e+00 1.61677297363541e-10 8.59551783560454e-12 
3.53796904043818e+00 1.47492811027030e-10 7.84682338783702e-12 
3.54273398190679e+00 1.34528372990577e-10 7.16200903525715e-12 
3.54749892337539e+00 1.22681267249013e-10 6.53574523876498e-12 
3.55226386484399e+00 1.11857226218774e-10 5.96313634305626e-12 
3.55702880631260e+00 1.01969753387127e-10 5.43968619444266e-12 
3.56179374778120e+00 9.29394987540308e-11 4.96126640257580e-12 
3.56655868924980e+00 8.46936830800495e-11 4.52408704953321e-12 
3.57132363071841e+00 7.71655672441794e-11 4.12466966377946e-12 
3.57608857218701e+00 7.02939632855746e-11 3.75982228961023e-12 
3.58085351365561e+00 6.40227839543621e-11 3.42661649488306e-12 
3.58561845512422e+00 5.83006278302291e-11 3.12236617119449e-12 
3.59038339659282e+00 5.30803972844793e-11 2.84460799123419e-12 
3.59514833806143e+00 4.83189467628708e-11 2.59108339788412e-12 
3.59991327953003e+00 4.39767590538286e-11 2.35972200878252e-12 
3.60467822099863e+00 4.00176473805300e-11 2.14862632858470e-12 
3.60944316246724e+00 3.64084813168057e-11 1.95605766906710e-12 
3.61420810393584e+00 3.31189346766485e-11 1.78042318457839e-12 
3.61897304540444e+00 3.01212536661499e-11 1.62026393717829e-12 
3.62373798687305e+00 2.73900437156613e-11 1.47424391215643e-12 
3.62850292834165e+00 2.49020735295840e-11 1.34113991052353e-12 
3.63326786981025e+00 2.26360950020848e-11 1.21983225054469e-12 
3.63803281127886e+00 2.05726777498243e-11 1.10929621546985e-12 
3.64279775274746e+00 1.86940571080334e-11 1.00859418933541e-12 
3.64756269421607e+00 1.69839945245169e-11 9.16868427089365e-13 
3.65232763568467e+00 1.54276493678932e-11 8.33334409353053e-13 
3.65709257715327e+00 1.40114612420544e-11 7.57274735898301e-13 
3.66185751862188e+00 1.27230419688870e-11 6.88033515409519e-13 
3.66662246009048e+00 1.15510764661307e-11 6.25011212335432e-13 
3.67138740155908e+00 1.04852318072365e-11 5.67659914632663e-13 
3.67615234302769e+00 9.51607380557781e-12 5.15478988979902e-13 
3.68091728449629e+00 8.63499051668274e-12 4.68011092612514e-13 
3.68568222596489e+00 7.83412209959751e-12 4.24838513307880e-13 
3.69044716743350e+00 7.10629652234458e-12 3.85579811254845e-13 
3.69521210890210e+00 6.44497063696045e-12 3.49886738579229e-13 
3.69997705037071e+00 5.84417618703554e-12 3.17441414183218e-13 
3.70474199183931e+00 5.29847034525550e-12 2.87953733300450e-13 
3.70950693330791e+00 4.80289041037137e-12 2.61158992781151e-13 
3.71427187477652e+00 4.35291232250104e-12 2.36815714612172e-13 
3.71903681624512e+00 3.94441268286729e-12 2.14703651554170e-13 
3.72380175771372e+00 3.57363398917853e-12 1.94621960050700e-13 
3.72856669918233e+00 3.23715282101266e-12 1.76387526739310e-13 
3.73333164065093e+00 2.93185073091900e-12 1.59833435980032e-13 
3.73809658211953e+00 2.65488761664247e-12 1.44807566818548e-13 
3.74286152358814e+00 2.40367736802399e-12 1.31171308725994e-13 
3.74762646505674e+00 2.17586559885703e-12 1.18798386310519e-13 
3.75239140652534e+00 1.96930928939147e-12 1.07573783982777e-13 
3.75715634799395e+00 1.78205817937119e-12 9.73927622832860e-14 
3.76192128946255e+00 1.61233776456440e-12 8.81599582488077e-14 
3.76668623093116e+00 1.45853376178215e-12 7.97885628117249e-14 
3.77145117239976e+00 1.31917791845844e-12 7.21995687947966e-14 
3.77621611386836e+00 1.19293505306126e-12 6.53210835873791e-14 
3.78098105533697e+00 1.07859122198330e-12 5.90877010715463e-14 
3.78574599680557e+00 9.75042917188871e-13 5.34399278107117e-14 
3.79051093827417e+00 8.81287206827813e-13 4.83236589222668e-14 
3.79527587974278e+00 7.96412738321154e-13 4.36896994321076e-14 
3.80004082121138e+00 7.19591530128291e-13 3.94933272552273e-14 
3.80480576267998e+00 6.50071484566472e-13 3.56938942651381e-14 
3.80957070414859e+00 5.87169559713965e-13 3.22544622078873e-14 
3.81433564561719e+00 5.30265543627523e-13 2.91414704858509e-14 
3.81910058708580e+00 4.78796378879236e-13 2.63244330841466e-14 
3.82386552855440e+00 4.32250989801292e-13 2.37756621401287e-14 
3.82863047002300e+00 3.90165568850536e-13 2.14700158655596e-14 
3.83339541149161e+00 3.52119282196877e-13 1.93846687231688e-14 
3.83816035296021e+00 3.17730358026960e-13 1.74989019357454e-14 
3.84292529442881e+00 2.86652524161519e-13 1.57939125679019e-14 
3.84769023589742e+00 2.58571764434079e-13 1.42526395693544e-14 
3.85245517736602e+00 2.33203365890916e-13 1.28596053050289e-14 
3.85722011883462e+00 2.10289231266582e-13 1.16007712225172e-14 
3.86198506030323e+00 1.89595433383568e-13 1.04634064222582e-14 
3.86675000177183e+00 1.70909990135017e-13 9.43596800115412e-15 
3.87151494324043e+00 1.54040840550896e-13 8.50799213690409e-15 
3.87627988470904e+00 1.38814004134385e-13 7.66999496886016e-15 
3.88104482617764e+00 1.25071907199286e-13 6.91338241233970e-15 
3.88580976764625e+00 1.12671861352577e-13 6.23036811765601e-15 
3.89057470911485e+00 1.01484680559703e-13 5.61389885321611e-15 
3.89533965058345e+00 9.13934244136241e-14 5.05758665438753e-15 
3.90010459205206e+00 8.22922563112351e-14 4.55564713692584e-15 
3.90486953352066e+00 7.40854062308352e-14 4.10284342601269e-15 
3.90963447498926e+00 6.66862287096059e-14 3.69443519977881e-15 
3.91439941645787e+00 6.00163474476101e-14 3.32613238994420e-15 
3.91916435792647e+00 5.40048787211788e-14 2.99405312223428e-15 
3.92392929939507e+00 4.85877264796581e-14 2.69468551583719e-15 
3.92869424086368e+00 4.37069426308557e-14 2.42485299463705e-15 
3.93345918233228e+00 3.93101465971824e-14 2.18168279355402e-15 
3.93822412380089e+00 3.53499987510538e-14 1.96257737128346e-15 
3.94298906526949e+00 3.17837228188577e-14 1.76518846627587e-15 
3.94775400673809e+00 2.85726727815808e-14 1.58739355613828e-15 
3.95251894820670e+00 2.56819402006168e-14 1.42727450195340e-15 
3.95728388967530e+00 2.30799982626036e-14 1.28309817847628e-15 
3.96204883114390e+00 2.07383791703804e-14 1.15329890893609e-15 
3.96681377261251e+00 1.86313818110596e-14 1.03646253938712e-15 
3.97157871408111e+00 1.67358069093000e-14 9.31312002350820e-16 
3.97634365554971e+00 1.50307171264572e-14 8.36694232990049e-16 
3.98110859701832e+00 1.34972197964966e-14 7.51568313369703e-16 
3.98587353848692e+00 1.21182701993136e-14 6.74994731585531e-16 
3.99063847995553e+00 1.08784934632008e-14 6.06125652779468e-16 
3.99540342142413e+00 9.76402336224888e-15 5.44196108389920e-16 
4.00016836289273e+00 8.76235643295812e-15 4.88507030227688e-16 
4.00493330436134e+00 7.86212022295253e-15 4.38431638679456e-16 
4.00969824582994e+00 7.05310699964355e-15 3.93415152136938e-16 
4.01446318729854e+00 6.32620775390454e-15 3.52956088834613e-16 
4.01922812876715e+00 5.67320886655557e-15 3.16599949685619e-16 
4.02399307023575e+00 5.08670556772756e-15 2.83936836611560e-16 
4.02875801170435e+00 4.56002360938625e-15 2.54597151056574e-16 
4.03352295317296e+00 4.08714838682474e-15 2.28247699632721e-16 
4.03828789464156e+00 3.66266081451456e-15 2.04588169142346e-16 
4.04305283611017e+00 3.28167932510050e-15 1.83347936646463e-16 
4.04781777757877e+00 2.93980741806862e-15 1.64283183368763e-16 
4.05258271904737e+00 2.63308623720208e-15 1.47174284068671e-16 
4.05734766051598e+00 2.35795170381253e-15 1.31823446107824e-16 
4.06211260198458e+00 2.11119577630943e-15 1.18052574794283e-16 
4.06687754345318e+00 1.88993144632070e-15 1.05701343737815e-16 
4.07164248492179e+00 1.69156111765011e-15 9.46254509059905e-17 
4.07640742639039e+00 1.51374804716541e-15 8.46950428514669e-17 
4.08117236785899e+00 1.35439055654369e-15 7.57932912010851e-17 
4.08593730932760e+00 1.21159875092047e-15 6.78151069713041e-17 
4.09070225079620e+00 1.08367350513745e-15 6.06659796149858e-17 
4.09546719226481e+00 9.69087500679753e-16 5.42609289233409e-17 
4.10023213373341e+00 8.66468116739108e-16 4.85235590147547e-17 
4.10499707520201e+00 7.74581997316393e-16 4.33852046490607e-17 
4.10976201667062e+00 6.92321133054401e-16 3.87841610206051e-17 
4.11452695813922e+00 6.18690311721261e-16 3.46649890143731e-17 
4.11929189960782e+00 5.52795805086683e-16 3.09778886640147e-17 
4.12405684107643e+00 4.93835172474043e-16 2.76781342356786e-17 
4.12882178254503e+00 4.41088072647384e-16 2.47255649833670e-17 
4.13358672401363e+00 3.93907986009413e-16 2.20841261857895e-17 
4.13835166548224e+00 3.51714758440896e-16 1.97214555865968e-17 
4.14311660695084e+00 3.13987886591361e-16 1.76085108241831e-17 
4.14788154841944e+00 2.80260472115728e-16 1.57192338582684e-17 
4.15264648988805e+00 2.50113779314229e-16 1.40302487821584e-17 
4.15741143135665e+00 2.23172336940220e-16 1.25205897555237e-17 
4.16217637282526e+00 1.99099530652463e-16 1.11714561060066e-17 
4.16694131429386e+00 1.77593637760347e-16 9.96599193194584e-18 
4.17170625576246e+00 1.58384260592101e-16 8.88908779570677e-18 
4.17647119723107e+00 1.41229119053022e-16 7.92720232999717e-18 
4.18123613869967e+00 1.25911166774358e-16 7.06820179038057e-18 
4.18600108016827e+00 1.12235998721329e-16 6.30121577801382e-18 
4.19076602163688e+00 1.00029521265121e-16 5.61650752929581e-18 
4.19553096310548e+00 8.91358585595254e-17 5.00535732530891e-18 
4.20029590457408e+00 7.94154716264210e-17 4.45995771520204e-18 
4.20506084604269e+00 7.07434688712021e-17 3.97331937540058e-18 
4.20982578751129e+00 6.30080888427513e-17 3.53918654200353e-18 
4.21459072897990e+00 5.61093379437583e-17 3.15196105809534e-18 
4.21935567044850e+00 4.99577675052868e-17 2.80663417200466e-18 
4.22412061191710e+00 4.44733761818638e-17 2.49872530773666e-18 
4.22888555338571e+00 3.95846250157735e-17 2.22422710575118e-18 
4.23365049485431e+00 3.52275537759958e-17 1.97955610173938e-18 
4.23841543632291e+00 3.13449883113003e-17 1.76150847377612e-18 
4.24318037779152e+00 2.78858296801346e-17 1.56722034483862e-18 
4.24794531926012e+00 2.48044167427951e-17 1.39413217876792e-18 
4.25271026072872e+00 2.20599547335774e-17 1.23995685383693e-18 
4.25747520219733e+00 1.96160030809093e-17 1.10265103965857e-18 
4.26224014366593e+00 1.74400164197989e-17 9.80389540652078e-19 
4.26700508513454e+00 1.55029333504260e-17 8.71542303081604e-19 
4.27177002660314e+00 1.37788080458743e-17 7.74653813141957e-19 
4.27653496807174e+00 1.22444803066899e-17 6.88424641017621e-19 
4.28129990954035e+00 1.08792801054832e-17 6.11694910572778e-19 
4.28606485100895e+00 9.66476306595398e-18 5.43429496607802e-19 
4.29082979247755e+00 8.58447368186389e-18 4.82704771680092e-19 
4.29559473394616e+00 7.62373340652342e-18 4.28696742550667e-19 
4.30035967541476e+00 6.76945103585059e-18 3.80670432578297e-19 
4.30512461688336e+00 6.00995307120309e-18 3.37970381016822e-19 
4.30988955835197e+00 5.33483198487528e-18 3.00012143338691e-19 
4.31465449982057e+00 4.73481052400322e-18 2.66274688552958e-19 
4.31941944128917e+00 4.20162037999580e-18 2.36293600139446e-19 
4.32418438275778e+00 3.72789372263772e-18 2.09654996800513e-19 
4.32894932422638e+00 3.30706625261620e-18 1.85990097844071e-19 
4.33371426569499e+00 2.93329056514191e-18 1.64970365752323e-19 
4.33847920716359e+00 2.60135874213245e-18 1.46303165446894e-19 
4.34324414863219e+00 2.30663320251597e-18 1.29727886010642e-19 
4.34800909010080e+00 2.04498494086648e-18 1.15012476240262e-19 
4.35277403156940e+00 1.81273837494939e-18 1.01950350445246e-19 
4.35753897303800e+00 1.60662210387065e-18 9.03576254354636e-20 
4.36230391450661e+00 1.42372495131754e-18 8.00706537030392e-20 
4.36706885597521e+00 1.26145673369492e-18 7.09438214512625e-20 
4.37183379744381e+00 1.11751325155257e-18 6.28475833956830e-20 
4.37659873891242e+00 9.89845055250389e-19 5.56667091984036e-20 
4.38136368038102e+00 8.76629582930832e-19 4.92987190298456e-20 
4.38612862184963e+00 7.76246311114519e-19 4.36524881136545e-20 
4.39089356331823e+00 6.87254596103242e-19 3.86470022275957e-20 
4.39565850478683e+00 6.08373918310397e-19 3.42102480310946e-20 
4.40042344625544e+00 5.38466272045501e-19 3.02782237909102e-20 
4.40518838772404e+00 4.76520470518053e-19 2.67940576004260e-20 
4.40995332919264e+00 4.21638160221931e-19 2.37072215532988e-20 
4.41471827066125e+00 3.73021360707217e-19 2.09728315550195e-20 
4.41948321212985e+00 3.29961365304461e-19 1.85510235509546e-20 
4.42424815359845e+00 2.91828855873123e-19 1.64063979297980e-20 
4.42901309506706e+00 2.58065100313347e-19 1.45075247389207e-20 
4.43377803653566e+00 2.28174115598863e-19 1.28265031334632e-20 
4.43854297800427e+00 2.01715691629734e-19 1.13385691837372e-20 
4.44330791947287e+00 1.78299182420480e-19 1.00217467941475e-20 
4.44807286094147e+00 1.57577981169711e-19 8.85653704911467e-21 
4.45283780241008e+00 1.39244604725457e-19 7.82564180428727e-21 
4.45760274387868e+00 1.23026320976987e-19 6.91371779086770e-21 
4.46236768534728e+00 1.08681259868543e-19 6.10715790271848e-21 
4.46713262681589e+00 9.59949551325299e-20 5.39389669504164e-21 
4.47189756828449e+00 8.47772695592019e-20 4.76323744432296e-21 
4.47666250975309e+00 7.48596617287804e-20 4.20569840591038e-21 
4.48142745122170e+00 6.60927566943544e-20 3.71287616165693e-21 
4.48619239269030e+00 5.83441871777096e-20 3.27732417872613e-21 
4.49095733415890e+00 5.14966754769451e-20 2.89244490482449e-21 
4.49572227562751e+00 4.54463295307037e-20 2.55239390738143e-21 
4.50048721709611e+00 4.01011294804968e-20 2.25199472686214e-21 
4.50525215856472e+00 3.53795836570534e-20 1.98666325955185e-21 
4.51001710003332e+00 3.12095352220954e-20 1.75234061465108e-21 
4.51478204150192e+00 2.75271027531656e-20 1.54543350603712e-21 
4.51954698297053e+00 2.42757398927245e-20 1.36276134206795e-21 
4.52431192443913e+00 2.14054008174886e-20 1.20150926866489e-21 
4.52907686590773e+00 1.88717997412035e-20 1.05918650280414e-21 
4.53384180737634e+00 1.66357539627714e-20 9.33589366541676e-22 
4.53860674884494e+00 1.46626011289153e-20 8.22768496746460e-22 
4.54337169031354e+00 1.29216824115775e-20 7.24999763677013e-22 
4.54813663178215e+00 1.13858842186331e-20 6.38758483169416e-22 
4.55290157325075e+00 1.00312318743965e-20 5.62696553193008e-22 
4.55766651471936e+00 8.83652943468406e-21 4.95622186483002e-22 
4.56243145618796e+00 7.78304044956363e-21 4.36481947421559e-22 
4.56719639765656e+00 6.85420506404204e-21 3.84344833796996e-22 
4.57196133912517e+00 6.03538936055232e-21 3.38388172959302e-22 
4.57672628059377e+00 5.31366330410853e-21 2.97885127596814e-22 
4.58149122206237e+00 4.67760405756749e-21 2.62193629230146e-22 
4.58625616353098e+00 4.11712179607226e-21 2.30746577864265e-22 
4.59102110499958e+00 3.62330547136444e-21 2.03043164333869e-22 
4.59578604646818e+00 3.18828626261808e-21 1.78641187966957e-22 
4.60055098793679e+00 2.80511670467593e-21 1.57150256496211e-22 
4.60531592940539e+00 2.46766371054002e-21 1.38225767863316e-22 
4.61008087087400e+00 2.17051390579002e-21 1.21563584862141e-22 
4.61484581234260e+00 1.90888987104217e-21 1.06895323608426e-22 
4.61961075381120e+00 1.67857604708585e-21 9.39841857450039e-23 
4.62437569527981e+00 1.47585319814270e-21 8.26212722161655e-23 
4.62914063674841e+00 1.29744045374271e-21 7.26223234827147e-23 
4.63390557821701e+00 1.14044406074799e-21 6.38248372987232e-23 
4.63867051968562e+00 1.00231207563076e-21 5.60855207192397e-23 
4.64343546115422e+00 8.80794314611384e-22 4.92780379331523e-23 
4.64820040262282e+00 7.73906956916401e-22 4.32910198862591e-23 
4.65296534409143e+00 6.79901265321202e-22 3.80263055380565e-23 
4.65773028556003e+00 5.97235949273226e-22 3.33973880366815e-23 
4.66249522702863e+00 5.24552750116720e-22 2.93280421486755e-23 
4.66726016849724e+00 4.60654876031623e-22 2.57511119872178e-23 
4.67202510996584e+00 4.04487956943473e-22 2.26074404828510e-23 
4.67679005143445e+00 3.55123227469208e-22 1.98449241688485e-23 
4.68155499290305e+00 3.11742679478148e-22 1.74176787398179e-23 
4.68631993437165e+00 2.73625955551034e-22 1.52853025140562e-23 
4.69108487584026e+00 2.40138780941718e-22 1.34122264117179e-23 
4.69584981730886e+00 2.10722754967073e-22 1.17671403734793e-23 
4.70061475877746e+00 1.84886343409729e-22 1.03224873071545e-23 
4.70537970024607e+00 1.62196931816074e-22 9.05401667956246e-24 
4.71014464171467e+00 1.42273815775884e-22 7.94039078292114e-24 
4.71490958318327e+00 1.24782018617200e-22 6.96283751249314e-24 
4.71967452465188e+00 1.09426839651355e-22 6.10484420700159e-24 
4.72443946612048e+00 9.59490473453454e-23 5.35188773599774e-24 
4.72920440758909e+00 8.41206417480848e-23 4.69119657823753e-24 
4.73396934905769e+00 7.37411193006804e-23 4.11154113050789e-24 
4.73873429052629e+00 6.46341809494780e-23 3.60304892459004e-24 
4.74349923199490e+00 5.66448313701355e-23 3.15704181768473e-24 
4.74826417346350e+00 4.96368232042094e-23 2.76589256444041e-24 
4.75302911493210e+00 4.34904055978665e-23 2.42289848185475e-24 
4.75779405640071e+00 3.81003410961927e-23 2.12217018631188e-24 
4.76255899786931e+00 3.33741591578290e-23 1.98061838017072e-24 
