Energy(eV)           EEDF(eV^-(3/2))      Anisotropy(eV^-(3/2))
8.55169679058157e-04 4.92777726808305e+01 5.13885238053965e-02 
2.56550903717447e-03 4.78955189067303e+01 6.60153248857086e-02 
4.27584839529078e-03 4.62812346828664e+01 8.39138095105642e-02 
5.98618775340710e-03 4.45400754978956e+01 9.47804834481083e-02 
7.69652711152341e-03 4.27658266744174e+01 1.02069511554826e-01 
9.40686646963973e-03 4.09989581170636e+01 1.07213179715852e-01 
1.11172058277560e-02 3.92723179074031e+01 1.10916391831243e-01 
1.28275451858724e-02 3.75938329827775e+01 1.13443655275141e-01 
1.45378845439887e-02 3.59710258060367e+01 1.15110876365998e-01 
1.62482239021050e-02 3.44078047879112e+01 1.16161902693805e-01 
1.79585632602213e-02 3.29091558894369e+01 1.16700550991786e-01 
1.96689026183376e-02 3.14733071602382e+01 1.16813733200121e-01 
2.13792419764539e-02 3.01021518885646e+01 1.16644781758126e-01 
2.30895813345702e-02 2.87950251994687e+01 1.16271521459016e-01 
2.47999206926866e-02 2.75529087442616e+01 1.15684122786705e-01 
2.65102600508029e-02 2.63715392943640e+01 1.14720246341998e-01 
2.82205994089192e-02 2.52434783329056e+01 1.13495884517975e-01 
2.99309387670355e-02 2.41685848787194e+01 1.12193068933019e-01 
3.16412781251518e-02 2.31457256958084e+01 1.10815151779295e-01 
3.33516174832681e-02 2.21734336192195e+01 1.09395641520529e-01 
3.50619568413844e-02 2.12508672972441e+01 1.07918317424669e-01 
3.67722961995008e-02 2.03750457726895e+01 1.06350356945287e-01 
3.84826355576171e-02 1.95432322811839e+01 1.04746282011959e-01 
4.01929749157334e-02 1.87544279549334e+01 1.03098138803805e-01 
4.19033142738497e-02 1.80051462754958e+01 1.01377574208817e-01 
4.36136536319660e-02 1.72928516203636e+01 9.96412933522153e-02 
4.53239929900823e-02 1.66165789016312e+01 9.79253999407331e-02 
4.70343323481986e-02 1.59753468919658e+01 9.62334413153580e-02 
4.87446717063150e-02 1.53681739342911e+01 9.45672023892661e-02 
5.04550110644313e-02 1.47940910790040e+01 9.28793148733843e-02 
5.21653504225476e-02 1.42490458169102e+01 9.11601685092399e-02 
5.38756897806639e-02 1.37312506714721e+01 8.94554069852013e-02 
5.55860291387802e-02 1.32399076972113e+01 8.77774813775852e-02 
5.72963684968965e-02 1.27742329869996e+01 8.61260757990577e-02 
5.90067078550128e-02 1.23334623629148e+01 8.44997991810248e-02 
6.07170472131291e-02 1.19168561169128e+01 8.28831362716139e-02 
6.24273865712455e-02 1.15209011043507e+01 8.12807052486083e-02 
6.41377259293618e-02 1.11447426972518e+01 7.97019271739867e-02 
6.58480652874781e-02 1.07877951781660e+01 7.81459572672948e-02 
6.75584046455944e-02 1.04494901327201e+01 7.66109226282209e-02 
6.92687440037107e-02 1.01292785549831e+01 7.50952321026388e-02 
7.09790833618270e-02 9.82647396515851e+00 7.36144394610014e-02 
7.26894227199433e-02 9.53854456976226e+00 7.21729099560703e-02 
7.43997620780597e-02 9.26506533021836e+00 7.07482857215272e-02 
7.61101014361760e-02 9.00562459300780e+00 6.93384809323774e-02 
7.78204407942923e-02 8.75982499625943e+00 6.79408957744829e-02 
7.95307801524086e-02 8.52728412912420e+00 6.65611020922107e-02 
8.12411195105249e-02 8.30725110728628e+00 6.52317467445642e-02 
8.29514588686412e-02 8.09807041534010e+00 6.39482955189598e-02 
8.46617982267576e-02 7.89945147478542e+00 6.26730951674619e-02 
8.63721375848739e-02 7.71111333446454e+00 6.14037283564544e-02 
8.80824769429902e-02 7.53278487077492e+00 6.01373942963946e-02 
8.97928163011065e-02 7.36420483844665e+00 5.88944451812302e-02 
9.15031556592228e-02 7.20456740854902e+00 5.77175278260226e-02 
9.32134950173391e-02 7.05274214689637e+00 5.65864210550056e-02 
9.49238343754554e-02 6.90853781441033e+00 5.54560783658807e-02 
9.66341737335717e-02 6.77176881287147e+00 5.43242860227159e-02 
9.83445130916881e-02 6.64225513224233e+00 5.31885637294507e-02 
1.00054852449804e-01 6.51982220610712e+00 5.20815698164050e-02 
1.01765191807921e-01 6.40376153785616e+00 5.10385712418710e-02 
1.03475531166037e-01 6.29345489813249e+00 5.00253889905429e-02 
1.05185870524153e-01 6.18877350419675e+00 4.90063561498017e-02 
1.06896209882270e-01 6.08959156428098e+00 4.79794261653919e-02 
1.08606549240386e-01 5.99578611163208e+00 4.69423634617215e-02 
1.10316888598502e-01 5.90723677798446e+00 4.59472936295065e-02 
1.12027227956619e-01 5.82324208085083e+00 4.50248912140986e-02 
1.13737567314735e-01 5.74344052947670e+00 4.41205324599988e-02 
1.15447906672851e-01 5.66774644581550e+00 4.32058661401418e-02 
1.17158246030968e-01 5.59607525377125e+00 4.22792098555853e-02 
1.18868585389084e-01 5.52834331070574e+00 4.13387586115660e-02 
1.20578924747200e-01 5.46446770197085e+00 4.04625996766285e-02 
1.22289264105316e-01 5.40373333853473e+00 3.96737265607217e-02 
1.23999603463433e-01 5.34596077027215e+00 3.88904592564541e-02 
1.25709942821549e-01 5.29109547718642e+00 3.80953717793272e-02 
1.27420282179665e-01 5.23908297362745e+00 3.72872937949405e-02 
1.29130621537782e-01 5.18986869865424e+00 3.64649839711318e-02 
1.30840960895898e-01 5.14339788712749e+00 3.56772961613216e-02 
1.32551300254014e-01 5.09930995880249e+00 3.49285369001046e-02 
1.34261639612131e-01 5.05755882414339e+00 3.41661875758643e-02 
1.35971978970247e-01 5.01810057680037e+00 3.33887542533970e-02 
1.37682318328363e-01 4.98089076310524e+00 3.25951389321425e-02 
1.39392657686480e-01 4.94588425894534e+00 3.17975844683189e-02 
1.41102997044596e-01 4.91296938940489e+00 3.10775127922812e-02 
1.42813336402712e-01 4.88172097027445e+00 3.04280895634479e-02 
1.44523675760829e-01 4.85211060194866e+00 2.97650377616940e-02 
1.46234015118945e-01 4.82410924127255e+00 2.90876688012839e-02 
1.47944354477061e-01 4.79768713841961e+00 2.83952690738187e-02 
1.49654693835177e-01 4.77281376746403e+00 2.77242385159736e-02 
1.51365033193294e-01 4.74931441053083e+00 2.71668436999355e-02 
1.53075372551410e-01 4.72683119219595e+00 2.66915064489612e-02 
1.54785711909526e-01 4.70535092052581e+00 2.62059228519777e-02 
1.56496051267643e-01 4.68485993988984e+00 2.57098001330036e-02 
1.58206390625759e-01 4.66534411523813e+00 2.52028325085897e-02 
1.59916729983875e-01 4.64678881418459e+00 2.46847021155302e-02 
1.61627069341992e-01 4.62917888696601e+00 2.41550800131730e-02 
1.63337408700108e-01 4.61249864435414e+00 2.36136272669949e-02 
1.65047748058224e-01 4.59673183360552e+00 2.30599961203287e-02 
1.66758087416341e-01 4.58186161254312e+00 2.24938312614657e-02 
1.68468426774457e-01 4.56787052187325e+00 2.19147711936634e-02 
1.70178766132573e-01 4.55474045585278e+00 2.13861814622167e-02 
1.71889105490690e-01 4.54229110630657e+00 2.09557148817661e-02 
1.73599444848806e-01 4.53040694387248e+00 2.05602096461265e-02 
1.75309784206922e-01 4.51908028048863e+00 2.01557670555659e-02 
1.77020123565039e-01 4.50830308130465e+00 1.97422330599785e-02 
1.78730462923155e-01 4.49806695706376e+00 1.93194496861818e-02 
1.80440802281271e-01 4.48836315588645e+00 1.89359837345957e-02 
1.82151141639387e-01 4.47908048163347e+00 1.86109886433096e-02 
1.83861480997504e-01 4.47018143724415e+00 1.82951493005492e-02 
1.85571820355620e-01 4.46166160414499e+00 1.79721701050065e-02 
1.87282159713736e-01 4.45351633628865e+00 1.76419690206713e-02 
1.88992499071853e-01 4.44574075726536e+00 1.73044616103469e-02 
1.90702838429969e-01 4.43832975715071e+00 1.70245711910705e-02 
1.92413177788085e-01 4.43116293006834e+00 1.68125798921126e-02 
1.94123517146202e-01 4.42422741561976e+00 1.66021702247298e-02 
1.95833856504318e-01 4.41752167742686e+00 1.63867592845885e-02 
1.97544195862434e-01 4.41104406168107e+00 1.61663191243097e-02 
1.99254535220551e-01 4.40479279681061e+00 1.59441348979865e-02 
2.00964874578667e-01 4.39876073303021e+00 1.57693023535265e-02 
2.02675213936783e-01 4.39287006145258e+00 1.56406668530600e-02 
2.04385553294900e-01 4.38712057062620e+00 1.55085293452425e-02 
2.06095892653016e-01 4.38151198856629e+00 1.53728848111639e-02 
2.07806232011132e-01 4.37604398295916e+00 1.52337273655796e-02 
2.09516571369248e-01 4.37071616133398e+00 1.51020889311182e-02 
2.11226910727365e-01 4.36551231127607e+00 1.50185958509778e-02 
2.12937250085481e-01 4.36037572222765e+00 1.49733747955396e-02 
2.14647589443597e-01 4.35530681036831e+00 1.49260261634575e-02 
2.16357928801714e-01 4.35030596788435e+00 1.48765552765703e-02 
2.18068268159830e-01 4.34537356315355e+00 1.48249671298578e-02 
2.19778607517946e-01 4.34050994092398e+00 1.47895560750565e-02 
2.21488946876063e-01 4.33569102987038e+00 1.48021486201204e-02 
2.23199286234179e-01 4.33087575152985e+00 1.48449822748483e-02 
2.24909625592295e-01 4.32606451334875e+00 1.48868795943538e-02 
2.26619964950412e-01 4.32125771798490e+00 1.49278449686896e-02 
2.28330304308528e-01 4.31645576333169e+00 1.49678827780139e-02 
2.30040643666644e-01 4.31165904254236e+00 1.50295410198243e-02 
2.31750983024761e-01 4.30683865782747e+00 1.51336762761875e-02 
2.33461322382877e-01 4.30196794663534e+00 1.52580442711210e-02 
2.35171661740993e-01 4.29704676553734e+00 1.53823179068012e-02 
2.36882001099110e-01 4.29207497377522e+00 1.55064894535314e-02 
2.38592340457226e-01 4.28705243329483e+00 1.56305511436518e-02 
2.40302679815342e-01 4.28197900877978e+00 1.57827535308937e-02 
2.42013019173458e-01 4.27681742186506e+00 1.59764884097329e-02 
2.43723358531575e-01 4.27154893172747e+00 1.61839164729172e-02 
2.45433697889691e-01 4.26617237106602e+00 1.63917782579403e-02 
2.47144037247807e-01 4.26068658042514e+00 1.66000399447619e-02 
2.48854376605924e-01 4.25509040868537e+00 1.68086672353421e-02 
2.50564715964040e-01 4.24938271355918e+00 1.70456910744991e-02 
2.52275055322156e-01 4.24352372953845e+00 1.73163257371589e-02 
2.53985394680273e-01 4.23750332586493e+00 1.75931062858630e-02 
2.55695734038389e-01 4.23131919456228e+00 1.78703731610333e-02 
2.57406073396505e-01 4.22496904628494e+00 1.81480558830886e-02 
2.59116412754622e-01 4.21845061181507e+00 1.84260827937757e-02 
2.60826752112738e-01 4.21176164357805e+00 1.87368059447398e-02 
2.62537091470854e-01 4.20485204068536e+00 1.90797884203445e-02 
2.64247430828971e-01 4.19771736254364e+00 1.94234946401052e-02 
2.65957770187087e-01 4.19035400755354e+00 1.97672715012654e-02 
2.67668109545203e-01 4.18275841893703e+00 2.01109949188635e-02 
2.69378448903319e-01 4.17492708808857e+00 2.04586525919582e-02 
2.71088788261436e-01 4.16685001353862e+00 2.08360424148298e-02 
2.72799127619552e-01 4.15848151511426e+00 2.12380912806765e-02 
2.74509466977668e-01 4.14981673557867e+00 2.16393889540567e-02 
2.76219806335785e-01 4.14085090754354e+00 2.20397456737108e-02 
2.77930145693901e-01 4.13157935948450e+00 2.24389688059509e-02 
2.79640485052017e-01 4.12199752180225e+00 2.28467663230817e-02 
2.81350824410134e-01 4.11208351461265e+00 2.32868111272460e-02 
2.83061163768250e-01 4.10178902030803e+00 2.37481877817512e-02 
2.84771503126366e-01 4.09110794024004e+00 2.42070787447246e-02 
2.86481842484483e-01 4.08003435906432e+00 2.46631976464657e-02 
2.88192181842599e-01 4.06856255505352e+00 2.51162549576542e-02 
2.89902521200715e-01 4.05668701040821e+00 2.55659582723273e-02 
2.91612860558832e-01 4.04440242154647e+00 2.60120126043465e-02 
2.93323199916948e-01 4.03170370935212e+00 2.64541206971108e-02 
2.95033539275064e-01 4.01858602936128e+00 2.68919833462100e-02 
2.96743878633181e-01 4.00504478186599e+00 2.73252997346424e-02 
2.98454217991297e-01 3.99107562191366e+00 2.77537677802033e-02 
3.00164557349413e-01 3.97667446918016e+00 2.82114510208662e-02 
3.01874896707529e-01 3.96176210533287e+00 2.87194117478526e-02 
3.03585236065646e-01 3.94628136218419e+00 2.92421289732259e-02 
3.05295575423762e-01 3.93022608349581e+00 2.97563897364595e-02 
3.07005914781878e-01 3.91359063228106e+00 3.02617063479997e-02 
3.08716254139995e-01 3.89636990955086e+00 3.07575932768272e-02 
3.10426593498111e-01 3.87855937245082e+00 3.12435680693512e-02 
3.12136932856227e-01 3.86015505172447e+00 3.17191522841057e-02 
3.13847272214344e-01 3.84115356843779e+00 3.21838724396674e-02 
3.15557611572460e-01 3.82155214990083e+00 3.26372609731146e-02 
3.17267950930576e-01 3.80134864472319e+00 3.30788572061973e-02 
3.18978290288693e-01 3.78054153694099e+00 3.35082083163194e-02 
3.20688629646809e-01 3.75912995915468e+00 3.39248703093078e-02 
3.22398969004925e-01 3.73711370461868e+00 3.43284089908663e-02 
3.24109308363042e-01 3.71449323822578e+00 3.47184009335642e-02 
3.25819647721158e-01 3.69126970633173e+00 3.50944344361092e-02 
3.27529987079274e-01 3.66744494536789e+00 3.54561104716362e-02 
3.29240326437390e-01 3.64302148919302e+00 3.58030436217196e-02 
3.30950665795507e-01 3.61800257513805e+00 3.61348629927867e-02 
3.32661005153623e-01 3.59239214870161e+00 3.64512131116135e-02 
3.34371344511739e-01 3.56619486685746e+00 3.67517547966132e-02 
3.36081683869856e-01 3.53941609993910e+00 3.70361660016453e-02 
3.37792023227972e-01 3.51206193207110e+00 3.73041426291355e-02 
3.39502362586088e-01 3.48413916012097e+00 3.75553993093664e-02 
3.41212701944205e-01 3.45565529115015e+00 3.77896701428604e-02 
3.42923041302321e-01 3.42661853834742e+00 3.80067094029129e-02 
3.44633380660437e-01 3.39703781543306e+00 3.82062921954177e-02 
3.46343720018554e-01 3.36692272952719e+00 3.83882150732635e-02 
3.48054059376670e-01 3.33628357248085e+00 3.85522966027539e-02 
3.49764398734786e-01 3.30513131067384e+00 3.87095664741872e-02 
3.51474738092903e-01 3.27343360949412e+00 3.88782453881373e-02 
3.53185077451019e-01 3.24112594236746e+00 3.90448184947488e-02 
3.54895416809135e-01 3.20822287683278e+00 3.91889623324356e-02 
3.56605756167251e-01 3.17473989568352e+00 3.93105594701130e-02 
3.58316095525368e-01 3.14069337285599e+00 3.94095279927920e-02 
3.60026434883484e-01 3.10610054688474e+00 3.94858218193776e-02 
3.61736774241600e-01 3.07097949199494e+00 3.95394309107782e-02 
3.63447113599717e-01 3.03534908691253e+00 3.95703813670683e-02 
3.65157452957833e-01 2.99922898148279e+00 3.95787354129966e-02 
3.66867792315949e-01 2.96263956119797e+00 3.95645912716581e-02 
3.68578131674066e-01 2.92560190974341e+00 3.95280829267289e-02 
3.70288471032182e-01 2.88813776968090e+00 3.94693797741943e-02 
3.71998810390298e-01 2.85026950139550e+00 3.93886861650192e-02 
3.73709149748415e-01 2.81202004044009e+00 3.92862408407805e-02 
3.75419489106531e-01 2.77341285341829e+00 3.91623162647691e-02 
3.77129828464647e-01 2.73447189255284e+00 3.90172178515779e-02 
3.78840167822764e-01 2.69522154909154e+00 3.88512830986787e-02 
3.80550507180880e-01 2.65568660570749e+00 3.86648806239404e-02 
3.82260846538996e-01 2.61589218805429e+00 3.84584091134697e-02 
3.83971185897113e-01 2.57586371563935e+00 3.82322961845636e-02 
3.85681525255229e-01 2.53562685218088e+00 3.79869971689263e-02 
3.87391864613345e-01 2.49520745561502e+00 3.77229938216352e-02 
3.89102203971461e-01 2.45463152792018e+00 3.74407929616509e-02 
3.90812543329578e-01 2.41392516492484e+00 3.71409250499205e-02 
3.92522882687694e-01 2.37311450626411e+00 3.68239427113501e-02 
3.94233222045810e-01 2.33222568564769e+00 3.64904192070940e-02 
3.95943561403927e-01 2.29128478159949e+00 3.61409468637737e-02 
3.97653900762043e-01 2.25031776882493e+00 3.57761354663306e-02 
3.99364240120159e-01 2.20935047035779e+00 3.53972498591292e-02 
4.01074579478276e-01 2.16840345414436e+00 3.50089808119537e-02 
4.02784918836392e-01 2.12746865981105e+00 3.46106373787727e-02 
4.04495258194508e-01 2.08657340071383e+00 3.41980419108120e-02 
4.06205597552625e-01 2.04574467646583e+00 3.37719249563702e-02 
4.07915936910741e-01 2.00500912304500e+00 3.33330267893717e-02 
4.09626276268857e-01 1.96439296465822e+00 3.28820954286189e-02 
4.11336615626974e-01 1.92392196749721e+00 3.24198846739632e-02 
4.13046954985090e-01 1.88362139551079e+00 3.19471521670078e-02 
4.14757294343206e-01 1.84351596830694e+00 3.14646574836238e-02 
4.16467633701323e-01 1.80362982128595e+00 3.09731602652111e-02 
4.18177973059439e-01 1.76398646809496e+00 3.04734183952460e-02 
4.19888312417555e-01 1.72460876548127e+00 2.99661862272415e-02 
4.21598651775671e-01 1.68551888061038e+00 2.94522128698110e-02 
4.23308991133788e-01 1.64673826090233e+00 2.89322405340662e-02 
4.25019330491904e-01 1.60828760642787e+00 2.84070029481129e-02 
4.26729669850020e-01 1.57018684489422e+00 2.78772238429211e-02 
4.28440009208137e-01 1.53245510923832e+00 2.73436155133543e-02 
4.30150348566253e-01 1.49511071783435e+00 2.68068774576495e-02 
4.31860687924369e-01 1.45817115731082e+00 2.62676950981442e-02 
4.33571027282486e-01 1.42165306796221e+00 2.57267385855551e-02 
4.35281366640602e-01 1.38557223172963e+00 2.51846616886216e-02 
4.36991705998718e-01 1.34994356271526e+00 2.46421007704578e-02 
4.38702045356835e-01 1.31478110018619e+00 2.40996738524894e-02 
4.40412384714951e-01 1.28009800401431e+00 2.35579797663922e-02 
4.42122724073067e-01 1.24590655249104e+00 2.30175973940325e-02 
4.43833063431184e-01 1.21221814244809e+00 2.24790849949831e-02 
4.45543402789300e-01 1.17904329160838e+00 2.19429796207984e-02 
4.47253742147416e-01 1.14639164308536e+00 2.14097966148601e-02 
4.48964081505532e-01 1.11427197194296e+00 2.08800291962619e-02 
4.50674420863649e-01 1.08269219372386e+00 2.03541481258744e-02 
4.52384760221765e-01 1.05165937484906e+00 1.98326014524369e-02 
4.54095099579881e-01 1.02117974478843e+00 1.93158143362536e-02 
4.55805438937998e-01 9.91258709898755e-01 1.88041889478254e-02 
4.57515778296114e-01 9.61900868823308e-01 1.82981044385325e-02 
4.59226117654230e-01 9.33110029345459e-01 1.77979169802948e-02 
4.60936457012347e-01 9.04889226587357e-01 1.73039598709692e-02 
4.62646796370463e-01 8.77240742444294e-01 1.68165437021094e-02 
4.64357135728579e-01 8.50166126145173e-01 1.63359565855978e-02 
4.66067475086696e-01 8.23666215829975e-01 1.58624644355729e-02 
4.67777814444812e-01 7.97741161036021e-01 1.53963113020111e-02 
4.69488153802928e-01 7.72390445986188e-01 1.49377197522820e-02 
4.71198493161045e-01 7.47612913574048e-01 1.44868912969732e-02 
4.72908832519161e-01 7.23406789943078e-01 1.40440068562852e-02 
4.74619171877277e-01 6.99769709559624e-01 1.36092272633143e-02 
4.76329511235393e-01 6.76698740682183e-01 1.31826938005811e-02 
4.78039850593510e-01 6.54190411132737e-01 1.27645287662149e-02 
4.79750189951626e-01 6.32240734279260e-01 1.23548360662775e-02 
4.81460529309742e-01 6.10845235142207e-01 1.19537018297878e-02 
4.83170868667859e-01 5.89998976541605e-01 1.15611950431115e-02 
4.84881208025975e-01 5.69696585205388e-01 1.11773682004805e-02 
4.86591547384091e-01 5.49932277763738e-01 1.08022579675303e-02 
4.88301886742208e-01 5.30699886558449e-01 1.04358858548617e-02 
4.90012226100324e-01 5.11992885200638e-01 1.00782588987715e-02 
4.91722565458440e-01 4.93804413814486e-01 9.72937034643285e-03 
4.93432904816557e-01 4.76127303909085e-01 9.38920034294547e-03 
4.95143244174673e-01 4.58954102824857e-01 9.05771661782964e-03 
4.96853583532789e-01 4.42277097705355e-01 8.73487516867939e-03 
4.98563922890906e-01 4.26088338949606e-01 8.42062093984457e-03 
5.00274262249022e-01 4.10379663104382e-01 8.11507987840480e-03 
5.01984601607138e-01 3.95146156282446e-01 7.81826793803086e-03 
5.03694940965254e-01 3.80380538376577e-01 7.52997670104393e-03 
5.05405280323371e-01 3.66073504866631e-01 7.25003887046623e-03 
5.07115619681487e-01 3.52215670202639e-01 6.97833842437053e-03 
5.08825959039603e-01 3.38797585248285e-01 6.71475346431332e-03 
5.10536298397720e-01 3.25809754023219e-01 6.45915674876564e-03 
5.12246637755836e-01 3.13242649737346e-01 6.21141621014254e-03 
5.13956977113952e-01 3.01086730112839e-01 5.97139545483967e-03 
5.15667316472069e-01 2.89332451992131e-01 5.73895424578453e-03 
5.17377655830185e-01 2.77970285232455e-01 5.51394896710518e-03 
5.19087995188301e-01 2.66990725889724e-01 5.29623307060797e-03 
5.20798334546418e-01 2.56384308696556e-01 5.08565750384120e-03 
5.22508673904534e-01 2.46141618841190e-01 4.88207111960245e-03 
5.24219013262650e-01 2.36253303055774e-01 4.68532106682173e-03 
5.25929352620767e-01 2.26710080024132e-01 4.49525316282293e-03 
5.27639691978883e-01 2.17502750120608e-01 4.31171224703174e-03 
5.29350031336999e-01 2.08622204492918e-01 4.13454251625871e-03 
5.31060370695116e-01 2.00059433503154e-01 3.96358784174150e-03 
5.32770710053232e-01 1.91805534542174e-01 3.79869206818168e-03 
5.34481049411348e-01 1.83851719233580e-01 3.63969929505799e-03 
5.36191388769464e-01 1.76189320044285e-01 3.48645414053935e-03 
5.37901728127581e-01 1.68809796319468e-01 3.33880198835937e-03 
5.39612067485697e-01 1.61704739760239e-01 3.19658921804716e-03 
5.41322406843813e-01 1.54865879362936e-01 3.05966341893854e-03 
5.43032746201930e-01 1.48285085839316e-01 2.92787358841786e-03 
5.44743085560046e-01 1.41954375537255e-01 2.80107031486236e-03 
5.46453424918162e-01 1.35865913881790e-01 2.67910594577952e-03 
5.48163764276279e-01 1.30012018356471e-01 2.56183474164306e-03 
5.49874103634395e-01 1.24385161045074e-01 2.44911301594565e-03 
5.51584442992511e-01 1.18977970753684e-01 2.34079926199513e-03 
5.53294782350628e-01 1.13783234733128e-01 2.23675426698792e-03 
5.55005121708744e-01 1.08793900021557e-01 2.13684121389704e-03 
5.56715461066860e-01 1.04003074426803e-01 2.04092577171372e-03 
5.58425800424977e-01 9.94040271678786e-02 1.94887617458119e-03 
5.60136139783093e-01 9.49901891947037e-02 1.86056329035636e-03 
5.61846479141209e-01 9.07551532047872e-02 1.77586067913095e-03 
5.63556818499325e-01 8.66926733752268e-02 1.69464464223711e-03 
5.65267157857442e-01 8.27966648279737e-02 1.61679426225564e-03 
5.66977497215558e-01 7.90612028458667e-02 1.54219143453537e-03 
5.68687836573674e-01 7.54805218564719e-02 1.47072089072222e-03 
5.70398175931791e-01 7.20490142002758e-02 1.40227021478559e-03 
5.72108515289907e-01 6.87612286992652e-02 1.33672985201715e-03 
5.73818854648023e-01 6.56118690414066e-02 1.27399311146453e-03 
5.75529194006140e-01 6.25957919959969e-02 1.21395616224845e-03 
5.77239533364256e-01 5.97080054743111e-02 1.15651802419788e-03 
5.78949872722372e-01 5.69436664494168e-02 1.10158055322322e-03 
5.80660212080489e-01 5.42980787484702e-02 1.04904842183217e-03 
5.82370551438605e-01 5.17666907302432e-02 9.98829095177916e-04 
5.84080890796721e-01 4.93450928600753e-02 9.50832803013901e-04 
5.85791230154838e-01 4.70290151938852e-02 9.04972507913485e-04 
5.87501569512954e-01 4.48143247823206e-02 8.61163870097629e-04 
5.89211908871070e-01 4.26970230055833e-02 8.19325209197788e-04 
5.90922248229186e-01 4.06732428489189e-02 7.79377463266032e-04 
5.92632587587303e-01 3.87392461282357e-02 7.41244145328894e-04 
5.94342926945419e-01 3.68914206747913e-02 7.04851297766247e-04 
5.96053266303536e-01 3.51262774873769e-02 6.70127444781845e-04 
5.97763605661652e-01 3.34404478599310e-02 6.37003543217317e-04 
5.99473945019768e-01 3.18306804920266e-02 6.05412931947212e-04 
6.01184284377884e-01 3.02938385892058e-02 5.75291280078701e-04 
6.02894623736001e-01 2.88268969596772e-02 5.46576534165916e-04 
6.04604963094117e-01 2.74269391134460e-02 5.19208864635738e-04 
6.06315302452233e-01 2.60911543695201e-02 4.93130611608997e-04 
6.08025641810350e-01 2.48168349764226e-02 4.68286230288726e-04 
6.09735981168466e-01 2.36013732508390e-02 4.44622236075096e-04 
6.11446320526582e-01 2.24422587388515e-02 4.22087149555240e-04 
6.13156659884699e-01 2.13370754038393e-02 4.00631441505001e-04 
6.14866999242815e-01 2.02834988447780e-02 3.80207478029167e-04 
6.16577338600931e-01 1.92792935483322e-02 3.60769465956470e-04 
6.18287677959048e-01 1.83223101778183e-02 3.42273398596055e-04 
6.19998017317164e-01 1.74104829018054e-02 3.24677001952788e-04 
6.21708356675280e-01 1.65418267648387e-02 3.07939681489936e-04 
6.23418696033397e-01 1.57144351024883e-02 2.92022469519500e-04 
6.25129035391513e-01 1.49264770026716e-02 2.76887973292452e-04 
6.26839374749629e-01 1.41761948149467e-02 2.62500323853618e-04 
6.28549714107745e-01 1.34619017092469e-02 2.48825125718893e-04 
6.30260053465862e-01 1.27819792853028e-02 2.35829407425729e-04 
6.31970392823978e-01 1.21348752337969e-02 2.23481573001584e-04 
6.33680732182094e-01 1.15191010501006e-02 2.11751354389037e-04 
6.35391071540211e-01 1.09332298012637e-02 2.00609764860781e-04 
6.37101410898327e-01 1.03758939467590e-02 1.90029053452466e-04 
6.38811750256443e-01 9.84578321332491e-03 1.79982660436543e-04 
6.40522089614560e-01 9.34164252410674e-03 1.70445173855705e-04 
6.42232428972676e-01 8.86226998215818e-03 1.61392287130369e-04 
6.43942768330792e-01 8.40651490824233e-03 1.52800757750700e-04 
6.45653107688909e-01 7.97327593275411e-03 1.44648367060088e-04 
6.47363447047025e-01 7.56149914148112e-03 1.36913881133686e-04 
6.49073786405141e-01 7.17017627482183e-03 1.29577012752521e-04 
6.50784125763258e-01 6.79834297999170e-03 1.22618384470910e-04 
6.52494465121374e-01 6.44507711566691e-03 1.16019492772339e-04 
6.54204804479490e-01 6.10949710844218e-03 1.09762673306617e-04 
6.55915143837607e-01 5.79076036041335e-03 1.03831067199021e-04 
6.57625483195723e-01 5.48806170713626e-03 9.82085884201948e-05 
6.59335822553839e-01 5.20063192516089e-03 9.28798922038740e-05 
6.61046161911955e-01 4.92773628829309e-03 8.78303444979431e-05 
6.62756501270072e-01 4.66867317169572e-03 8.30459924329690e-05 
6.64466840628188e-01 4.42277270290514e-03 7.85135357911465e-05 
6.66177179986304e-01 4.18939545880910e-03 7.42202994575159e-05 
6.67887519344421e-01 3.96793120760610e-03 7.01542068344048e-05 
6.69597858702537e-01 3.75779769474518e-03 6.63037541992503e-05 
6.71308198060653e-01 3.55843947182801e-03 6.26579859852878e-05 
6.73018537418770e-01 3.36932676744165e-03 5.92064709640349e-05 
6.74728876776886e-01 3.18995439888099e-03 5.59392793080591e-05 
6.76439216135002e-01 3.01984072371283e-03 5.28469605121553e-05 
6.78149555493119e-01 2.85852663013076e-03 4.99205221507988e-05 
6.79859894851235e-01 2.70557456504880e-03 4.71514094495611e-05 
6.81570234209351e-01 2.56056759888414e-03 4.45314856480677e-05 
6.83280573567468e-01 2.42310852598325e-03 4.20530131320513e-05 
6.84990912925584e-01 2.29281899965237e-03 3.97086353120713e-05 
6.86701252283700e-01 2.16933870076144e-03 3.74913592265649e-05 
6.88411591641816e-01 2.05232453890101e-03 3.53945388470347e-05 
6.90121930999933e-01 1.94144988508321e-03 3.34118590633597e-05 
6.91832270358049e-01 1.83640383499110e-03 3.15373203274526e-05 
6.93542609716165e-01 1.73689050179521e-03 2.97652239337477e-05 
6.95252949074282e-01 1.64262833757164e-03 2.80901579153099e-05 
6.96963288432398e-01 1.55334948237272e-03 2.65069835346859e-05 
6.98673627790514e-01 1.46879914001871e-03 2.50108223489754e-05 
7.00383967148631e-01 1.38873497969715e-03 2.35990161214415e-05 
7.02094306506747e-01 1.31293179841398e-03 2.22675344600919e-05 
7.03804645864863e-01 1.24117140679611e-03 2.10101234506687e-05 
7.05514985222980e-01 1.17324434181892e-03 1.98221421028628e-05 
7.07225324581096e-01 1.10895159698845e-03 1.86998632129497e-05 
7.08935663939212e-01 1.04810412569683e-03 1.76397525074111e-05 
7.10646003297329e-01 9.90522366550549e-04 1.66384591352874e-05 
7.12356342655445e-01 9.36035789802506e-04 1.56928065971102e-05 
7.14066682013561e-01 8.84482464046455e-04 1.47997840925065e-05 
7.15777021371677e-01 8.35708642359787e-04 1.39565382691534e-05 
7.17487360729794e-01 7.89568367107342e-04 1.31603653563473e-05 
7.19197700087910e-01 7.45923092645340e-04 1.24087036670160e-05 
7.20908039446026e-01 7.04641325190319e-04 1.16991264525657e-05 
7.22618378804143e-01 6.65598279143252e-04 1.10293350955045e-05 
7.24328718162259e-01 6.28675549183802e-04 1.03971526253190e-05 
7.26039057520375e-01 5.93760797473845e-04 9.80051754360933e-06 
7.27749396878492e-01 5.60747455333050e-04 9.23747794500112e-06 
7.29459736236608e-01 5.29534438772334e-04 8.70618592085391e-06 
7.31170075594724e-01 5.00025877293536e-04 8.20489223327420e-06 
7.32880414952841e-01 4.72130855385485e-04 7.73194124741969e-06 
7.34590754310957e-01 4.45763166168015e-04 7.28576611054208e-06 
7.36301093669073e-01 4.20841076656148e-04 6.86488416666714e-06 
7.38011433027190e-01 3.97287104136829e-04 6.46789259624873e-06 
7.39721772385306e-01 3.75027803170153e-04 6.09346427055790e-06 
7.41432111743422e-01 3.53993562745975e-04 5.74034381097917e-06 
7.43142451101539e-01 3.34118413145216e-04 5.40734384378551e-06 
7.44852790459655e-01 3.15339842073000e-04 5.09334144135042e-06 
7.46563129817771e-01 2.97598619648022e-04 4.79727474112813e-06 
7.48273469175887e-01 2.80838631849264e-04 4.51813973409514e-06 
7.49983808534004e-01 2.65006722037348e-04 4.25498721469539e-06 
7.51694147892120e-01 2.50052540183436e-04 4.00691988466823e-06 
7.53404487250236e-01 2.35928399453706e-04 3.77308960346439e-06 
7.55114826608353e-01 2.22589139812011e-04 3.55269477826880e-06 
7.56825165966469e-01 2.09991998317405e-04 3.34497788695146e-06 
7.58535505324585e-01 1.98096485806815e-04 3.14922312755977e-06 
7.60245844682702e-01 1.86864269666236e-04 2.96475418824603e-06 
7.61956184040818e-01 1.76259062406441e-04 2.79093213179411e-06 
7.63666523398934e-01 1.66246515771388e-04 2.62715338916948e-06 
7.65376862757051e-01 1.56794120119191e-04 2.47284785676652e-06 
7.67087202115167e-01 1.47871108826826e-04 2.32747709226730e-06 
7.68797541473283e-01 1.39448367480586e-04 2.19053260425693e-06 
7.70507880831400e-01 1.31498347624718e-04 2.06153423096199e-06 
7.72218220189516e-01 1.23994984850739e-04 1.94002860369128e-06 
7.73928559547632e-01 1.16913621019557e-04 1.82558769076224e-06 
7.75638898905748e-01 1.10230930417775e-04 1.71780741789197e-06 
7.77349238263865e-01 1.03924849658477e-04 1.61630636121934e-06 
7.79059577621981e-01 9.79745111453169e-05 1.52072450930458e-06 
7.80769916980097e-01 9.23601799269406e-05 1.43072209062473e-06 
7.82480256338214e-01 8.70631937766230e-05 1.34597846324818e-06 
7.84190595696330e-01 8.20659063395536e-05 1.26619106352958e-06 
7.85900935054446e-01 7.73516331974249e-05 1.19107441081710e-06 
7.87611274412563e-01 7.29046007069116e-05 1.12035916530861e-06 
7.89321613770679e-01 6.87098974752653e-05 1.05379123633147e-06 
7.91031953128795e-01 6.47534283426069e-05 9.91130938452507e-07 
7.92742292486912e-01 6.10218707465870e-05 9.32152192951001e-07 
7.94452631845028e-01 5.75026333509135e-05 8.76641772308146e-07 
7.96162971203144e-01 5.41838168248213e-05 8.24398585481232e-07 
7.97873310561261e-01 5.10541766658939e-05 7.75233001840942e-07 
7.99583649919377e-01 4.81030879637501e-05 7.28972178003691e-07 
8.01293989277493e-01 4.53205228371545e-05 6.85462657912271e-07 
8.03004328635609e-01 4.26970243781287e-05 6.44536447382198e-07 
8.04714667993726e-01 4.02236256316454e-05 6.06027315544220e-07 
8.06425007351842e-01 3.78918567487435e-05 5.69794345279727e-07 
8.08135346709958e-01 3.56937179832255e-05 5.35704708218422e-07 
8.09845686068075e-01 3.36216541185657e-05 5.03633209180489e-07 
8.11556025426191e-01 3.16685302516885e-05 4.73461855674582e-07 
8.13266364784307e-01 2.98276088638817e-05 4.45079451114809e-07 
8.14976704142424e-01 2.80925281125446e-05 4.18381210488411e-07 
8.16687043500540e-01 2.64572812807454e-05 3.93268397270931e-07 
8.18397382858656e-01 2.49161973246885e-05 3.69647980447788e-07 
8.20107722216773e-01 2.34639224621666e-05 3.47432310560084e-07 
8.21818061574889e-01 2.20954027479115e-05 3.26538813748578e-07 
8.23528400933005e-01 2.08058675844612e-05 3.06889702823131e-07 
8.25238740291122e-01 1.95908141197350e-05 2.88411704435593e-07 
8.26949079649238e-01 1.84459924849603e-05 2.71035801482293e-07 
8.28659419007354e-01 1.73673918289345e-05 2.54696989908093e-07 
8.30369758365471e-01 1.63512271068241e-05 2.39334049127474e-07 
8.32080097723587e-01 1.53939265838231e-05 2.24889325319412e-07 
8.33790437081703e-01 1.44921200160072e-05 2.11308526892074e-07 
8.35500776439819e-01 1.36426274726369e-05 1.98540531450624e-07 
8.37211115797936e-01 1.28424487659859e-05 1.86537203636775e-07 
8.38921455156052e-01 1.20887534565089e-05 1.75253223242329e-07 
8.40631794514168e-01 1.13788714028097e-05 1.64645923030810e-07 
8.42342133872285e-01 1.07102838274426e-05 1.54675135731501e-07 
8.44052473230401e-01 1.00806148710710e-05 1.45303049698918e-07 
8.45762812588517e-01 9.48762360892528e-06 1.36494072757945e-07 
8.47473151946634e-01 8.92919650485085e-06 1.28214703780650e-07 
8.49183491304750e-01 8.40334027951786e-06 1.20433411565296e-07 
8.50893830662866e-01 7.90817517058213e-06 1.13120520611229e-07 
8.52604170020983e-01 7.44192856374274e-06 1.06248103405348e-07 
8.54314509379099e-01 7.00292897474085e-06 9.97898788566856e-08 
8.56024848737215e-01 6.58960036338765e-06 9.37211165353760e-08 
8.57735188095332e-01 6.20045676170015e-06 8.80185463910325e-08 
8.59445527453448e-01 5.83409719916443e-06 8.26602736432557e-08 
8.61155866811564e-01 5.48920090903942e-06 7.76256985538096e-08 
8.62866206169680e-01 5.16452280046168e-06 7.28954408059063e-08 
8.64576545527797e-01 4.85888918191692e-06 6.84512682311024e-08 
8.66286884885913e-01 4.57119372240718e-06 6.42760296385801e-08 
8.67997224244029e-01 4.30039363736762e-06 6.03535915150846e-08 
8.69707563602146e-01 4.04550608707403e-06 5.66687783765803e-08 
8.71417902960262e-01 3.80560477593439e-06 5.32073165647804e-08 
8.73128242318378e-01 3.57981674167648e-06 4.99557812931629e-08 
8.74838581676495e-01 3.36731932402990e-06 4.69015467579156e-08 
8.76548921034611e-01 3.16733730305731e-06 4.40327391395043e-08 
8.78259260392727e-01 2.97914019781699e-06 4.13381923302613e-08 
8.79969599750844e-01 2.80203971653896e-06 3.88074062325607e-08 
8.81679939108960e-01 2.63538734997052e-06 3.64305074808228e-08 
8.83390278467076e-01 2.47857209999669e-06 3.41982124487970e-08 
8.85100617825193e-01 2.33101833606647e-06 3.21017924113291e-08 
8.86810957183309e-01 2.19218377235926e-06 3.01330407371546e-08 
8.88521296541425e-01 2.06155755900811e-06 2.82842419961916e-08 
8.90231635899541e-01 1.93865848105847e-06 2.65481428713655e-08 
8.91941975257658e-01 1.82303325918408e-06 2.49179247711876e-08 
8.93652314615774e-01 1.71425494650664e-06 2.33871780451674e-08 
8.95362653973890e-01 1.61192141617358e-06 2.19498777096698e-08 
8.97072993332007e-01 1.51565393463934e-06 2.06003605970533e-08 
8.98783332690123e-01 1.42509581587191e-06 1.93333038458661e-08 
9.00493672048239e-01 1.33991115196724e-06 1.81437046545398e-08 
9.02204011406356e-01 1.25978361590150e-06 1.70268612254258e-08 
9.03914350764472e-01 1.18441533238523e-06 1.59783548301842e-08 
9.05624690122588e-01 1.11352581300512e-06 1.49940329314591e-08 
9.07335029480705e-01 1.04685095204844e-06 1.40699932994905e-08 
9.09045368838821e-01 9.84142079603996e-07 1.32025690658127e-08 
9.10755708196937e-01 9.25165068720919e-07 1.23883146594989e-08 
9.12466047555054e-01 8.69699493584304e-07 1.16239925745323e-08 
9.14176386913170e-01 8.17537835834801e-07 1.09065609198339e-08 
9.15886726271286e-01 7.68484736318145e-07 1.02331617062554e-08 
9.17597065629403e-01 7.22356289700993e-07 9.60110982747493e-09 
9.19307404987519e-01 6.78979379531640e-07 9.00788269420700e-09 
9.21017744345635e-01 6.38191051458643e-07 8.45111048347771e-09 
9.22728083703751e-01 5.99837922447566e-07 7.92856696692133e-09 
9.24438423061868e-01 5.63775623956271e-07 7.43816088413480e-09 
9.26148762419984e-01 5.29868277142886e-07 6.97792782908981e-09 
9.27859101778100e-01 4.97987998288034e-07 6.54602261945292e-09 
9.29569441136217e-01 4.68014432714486e-07 6.14071212041090e-09 
9.31279780494333e-01 4.39834315583452e-07 5.76036849624533e-09 
9.32990119852449e-01 4.13341058037455e-07 5.40346286445319e-09 
9.34700459210566e-01 3.88434357245521e-07 5.06855932867476e-09 
9.36410798568682e-01 3.65019828987451e-07 4.75430936807095e-09 
9.38121137926798e-01 3.43008661490547e-07 4.45944656209368e-09 
9.39831477284915e-01 3.22317289304519e-07 4.18278163082101e-09 
9.41541816643031e-01 3.02867086068652e-07 3.92319777218425e-09 
9.43252156001147e-01 2.84584075089924e-07 3.67964627850595e-09 
9.44962495359264e-01 2.67398656711749e-07 3.45114241579492e-09 
9.46672834717380e-01 2.51245351510664e-07 3.23676155021309e-09 
9.48383174075496e-01 2.36062558412679e-07 3.03563550704185e-09 
9.50093513433612e-01 2.21792326872455e-07 2.84694914833580e-09 
9.51803852791729e-01 2.08380142306957e-07 2.66993715626228e-09 
9.53514192149845e-01 1.95774724021128e-07 2.50388100988861e-09 
9.55224531507961e-01 1.83927834906350e-07 2.34810614389869e-09 
9.56934870866078e-01 1.72794102233366e-07 2.20197927839788e-09 
9.58645210224194e-01 1.62330848899888e-07 2.06490590960417e-09 
9.60355549582310e-01 1.52497934529547e-07 1.93632795182444e-09 
9.62065888940427e-01 1.43257605853202e-07 1.81572152168140e-09 
9.63776228298543e-01 1.34574355836097e-07 1.70259485609015e-09 
9.65486567656659e-01 1.26414791044950e-07 1.59648635598562e-09 
9.67196907014776e-01 1.18747506777998e-07 1.49696274827538e-09 
9.68907246372892e-01 1.11542969508256e-07 1.40361735893769e-09 
9.70617585731008e-01 1.04773406216027e-07 1.31606849060407e-09 
9.72327925089125e-01 9.84127002109541e-08 1.23395789836087e-09 
9.74038264447241e-01 9.24362930668584e-08 1.15694935787566e-09 
9.75748603805357e-01 8.68210923141772e-08 1.08472732030478e-09 
9.77458943163473e-01 8.15453845552665e-08 1.01699564876744e-09 
9.79169282521590e-01 7.65887536870370e-08 9.53476431482284e-10 
9.80879621879706e-01 7.19320039335576e-08 8.93908866953971e-10 
9.82589961237822e-01 6.75570874083815e-08 8.38048216872175e-10 
9.84300300595939e-01 6.34470359424926e-08 7.85664822644097e-10 
9.86010639954055e-01 5.95858969290036e-08 7.36543181724716e-10 
9.87720979312171e-01 5.59586729501001e-08 6.90481080138192e-10 
9.89431318670288e-01 5.25512649652655e-08 6.47288777799179e-10 
9.91141658028404e-01 4.93504188525994e-08 6.06788243445630e-10 
9.92851997386520e-01 4.63436751070802e-08 5.68812436185407e-10 
9.94562336744637e-01 4.35193215109820e-08 5.33204630838488e-10 
9.96272676102753e-01 4.08663486023569e-08 4.99817784425428e-10 
9.97983015460869e-01 3.83744077775931e-08 4.68513941311520e-10 
9.99693354818986e-01 3.60337718735670e-08 4.39194103680013e-10 
1.00140369417710e+00 3.38353297800942e-08 4.11791341656854e-10 
1.00311403353522e+00 3.17705445901346e-08 3.86148830931032e-10 
1.00482437289333e+00 2.98313219899808e-08 3.62098111796538e-10 
1.00653471225145e+00 2.80100557550180e-08 3.39540714259629e-10 
1.00824505160957e+00 2.62995984583946e-08 3.18384236268587e-10 
1.00995539096768e+00 2.46932339281572e-08 2.98541971407597e-10 
1.01166573032580e+00 2.31846513491060e-08 2.79932559323242e-10 
1.01337606968392e+00 2.17679209117374e-08 2.62479657503204e-10 
1.01508640904203e+00 2.04374709164009e-08 2.46111633109999e-10 
1.01679674840015e+00 1.91880662462162e-08 2.30761273650927e-10 
1.01850708775827e+00 1.80147881273956e-08 2.16365515339050e-10 
1.02021742711638e+00 1.69130151004259e-08 2.02865188069184e-10 
1.02192776647450e+00 1.58784051300812e-08 1.90204775997986e-10 
1.02363810583261e+00 1.49068787864978e-08 1.78332192778310e-10 
1.02534844519073e+00 1.39946034335477e-08 1.67198570555528e-10 
1.02705878454885e+00 1.31379783645208e-08 1.56758061887504e-10 
1.02876912390696e+00 1.23336208286741e-08 1.46967653800686e-10 
1.03047946326508e+00 1.15783528955502e-08 1.37786993242486e-10 
1.03218980262320e+00 1.08691891071119e-08 1.29178223234983e-10 
1.03390014198131e+00 1.02033248706977e-08 1.21105829077115e-10 
1.03561048133943e+00 9.57812554859407e-09 1.13536493982104e-10 
1.03732082069754e+00 8.99111620263676e-09 1.06438963574131e-10 
1.03903116005566e+00 8.43997195472518e-09 9.97839187031980e-11 
1.04074149941378e+00 7.92250892645387e-09 9.35438560699963e-11 
1.04245183877189e+00 7.43667572325101e-09 8.76929761834879e-11 
1.04416217813001e+00 6.98054543047009e-09 8.22070782028977e-11 
1.04587251748813e+00 6.55230809081587e-09 7.70634612430970e-11 
1.04758285684624e+00 6.15026363430629e-09 7.22408317479555e-11 
1.04929319620436e+00 5.77281523368537e-09 6.77192165603127e-11 
1.05100353556247e+00 5.41846305981371e-09 6.34798813398252e-11 
1.05271387492059e+00 5.08579841308004e-09 5.95052540011826e-11 
1.05442421427871e+00 4.77349820830392e-09 5.57788528651453e-11 
1.05613455363682e+00 4.48031979194227e-09 5.22852192335977e-11 
1.05784489299494e+00 4.20509607167514e-09 4.90098541174210e-11 
1.05955523235306e+00 3.94673093963442e-09 4.59391588625318e-11 
1.06126557171117e+00 3.70419497165664e-09 4.30603794349692e-11 
1.06297591106929e+00 3.47652138599288e-09 4.03615541405132e-11 
1.06468625042741e+00 3.26280224589722e-09 3.78314645680221e-11 
1.06639658978552e+00 3.06218489144624e-09 3.54595895585538e-11 
1.06810692914364e+00 2.87386858681663e-09 3.32360620144342e-11 
1.06981726850175e+00 2.69710137007153e-09 3.11516283737932e-11 
1.07152760785987e+00 2.53117709328021e-09 2.91976105867565e-11 
1.07323794721799e+00 2.37543264152415e-09 2.73658704395066e-11 
1.07494828657610e+00 2.22924532002728e-09 2.56487760818290e-11 
1.07665862593422e+00 2.09203039929260e-09 2.40391706226054e-11 
1.07836896529234e+00 1.96323880873284e-09 2.25303426660096e-11 
1.08007930465045e+00 1.84235496985305e-09 2.11159986689565e-11 
1.08178964400857e+00 1.72889476057850e-09 1.97902370076766e-11 
1.08349998336668e+00 1.62240360282531e-09 1.85475236481588e-11 
1.08521032272480e+00 1.52245466588509e-09 1.73826693216558e-11 
1.08692066208292e+00 1.42864717864040e-09 1.62908081125112e-11 
1.08863100144103e+00 1.34060484404705e-09 1.52673773712533e-11 
1.09034134079915e+00 1.25797434971299e-09 1.43080988712461e-11 
1.09205168015727e+00 1.18042396877434e-09 1.34089611322016e-11 
1.09376201951538e+00 1.10764224561716e-09 1.25662028385705e-11 
1.09547235887350e+00 1.03933676132145e-09 1.17762972852464e-11 
1.09718269823162e+00 9.75232974011490e-10 1.10359377871766e-11 
1.09889303758973e+00 9.15073129586505e-10 1.03420239933620e-11 
1.10060337694785e+00 8.58615238577566e-10 9.69164904939530e-12 
1.10231371630596e+00 8.05632115132885e-10 9.08208755611825e-12 
1.10402405566408e+00 7.55910474374062e-10 8.51078427520390e-12 
1.10573439502220e+00 7.09250084592147e-10 7.97534353549876e-12 
1.10744473438031e+00 6.65462970965050e-10 7.47351929680031e-12 
1.10915507373843e+00 6.24372667677718e-10 7.00320583041397e-12 
1.11086541309655e+00 5.85813515514463e-10 6.56242897833789e-12 
1.11257575245466e+00 5.49630002169458e-10 6.14933795527415e-12 
1.11428609181278e+00 5.15676142687524e-10 5.76219765987193e-12 
1.11599643117089e+00 4.83814897603397e-10 5.39938146367918e-12 
1.11770677052901e+00 4.53917626494417e-10 5.05936444822323e-12 
1.11941710988713e+00 4.25863574799490e-10 4.74071706246549e-12 
1.12112744924524e+00 3.99539391886815e-10 4.44209917458786e-12 
1.12283778860336e+00 3.74838678474696e-10 4.16225449367569e-12 
1.12454812796148e+00 3.51661561624316e-10 3.90000533837105e-12 
1.12625846731959e+00 3.29914295630935e-10 3.65424773098516e-12 
1.12796880667771e+00 3.09508887241166e-10 3.42394679688830e-12 
1.12967914603583e+00 2.90362743719056e-10 3.20813245024189e-12 
1.13138948539394e+00 2.72398342373029e-10 3.00589534830807e-12 
1.13309982475206e+00 2.55542920239735e-10 2.81638309767010e-12 
1.13481016411017e+00 2.39728182699749e-10 2.63879669672753e-12 
1.13652050346829e+00 2.24890029874243e-10 2.47238719979721e-12 
1.13823084282641e+00 2.10968299721414e-10 2.31645258905884e-12 
1.13994118218452e+00 1.97906526816959e-10 2.17033484143515e-12 
1.14165152154264e+00 1.85651715864426e-10 2.03341717829603e-12 
1.14336186090076e+00 1.74154129039075e-10 1.90512148662594e-12 
1.14507220025887e+00 1.63367086323257e-10 1.78490590099700e-12 
1.14678253961699e+00 1.53246778042330e-10 1.67226253635097e-12 
1.14849287897510e+00 1.43752088858140e-10 1.56671536221228e-12 
1.15020321833322e+00 1.34844432522163e-10 1.46781820953570e-12 
1.15191355769134e+00 1.26487596732739e-10 1.37515290193747e-12 
1.15362389704945e+00 1.18647597480648e-10 1.28832750357029e-12 
1.15533423640757e+00 1.11292542304652e-10 1.20697467638279e-12 
1.15704457576569e+00 1.04392501913746e-10 1.13075013995422e-12 
1.15875491512380e+00 9.79193896658872e-11 1.05933122751763e-12 
1.16046525448192e+00 9.18468484239506e-11 9.92415532181481e-13 
1.16217559384004e+00 8.61501443388050e-11 9.29719637731110e-13 
1.16388593319815e+00 8.08060671367612e-11 8.70977928740655e-13 
1.16559627255627e+00 7.57928365143554e-11 8.15941475053172e-13 
1.16730661191438e+00 7.10900142675797e-11 7.64376985993717e-13 
1.16901695127250e+00 6.66784218053606e-11 7.16065829968246e-13 
1.17072729063062e+00 6.25400627183976e-11 6.70803115371317e-13 
1.17243762998873e+00 5.86580500944949e-11 6.28396828979026e-13 
1.17414796934685e+00 5.50165382903261e-11 5.88667028241382e-13 
1.17585830870497e+00 5.16006588872372e-11 5.51445084111316e-13 
1.17756864806308e+00 4.83964605752844e-11 5.16572971256711e-13 
1.17927898742120e+00 4.53908527252954e-11 4.83902602698050e-13 
1.18098932677932e+00 4.25715524233765e-11 4.53295206098337e-13 
1.18269966613743e+00 3.99270347560449e-11 4.24620739104588e-13 
1.18441000549555e+00 3.74464861470789e-11 3.97757341302065e-13 
1.18612034485366e+00 3.51197605593096e-11 3.72590820494365e-13 
1.18783068421178e+00 3.29373383859746e-11 3.49014171164843e-13 
1.18954102356990e+00 3.08902878669533e-11 3.26927123108513e-13 
1.19125136292801e+00 2.89702288752549e-11 3.06235718348834e-13 
1.19296170228613e+00 2.71692989285705e-11 2.86851914571324e-13 
1.19467204164425e+00 2.54801212895662e-11 2.68693213416140e-13 
1.19638238100236e+00 2.38957750269179e-11 2.51682312075168e-13 
1.19809272036048e+00 2.24097669169113e-11 2.35746776736058e-13 
1.19980305971859e+00 2.10160050727705e-11 2.20818116193867e-13 
1.20151339907671e+00 1.97087737495069e-11 2.06831927851896e-13 
1.20322373843483e+00 1.84827104320174e-11 1.93729446262479e-13 
1.20493407779294e+00 1.73327849537651e-11 1.81455786908409e-13 
1.20664441715106e+00 1.62542782284698e-11 1.69958603965220e-13 
1.20835475650918e+00 1.52427630557239e-11 1.59188851879943e-13 
1.21006509586729e+00 1.42940861080064e-11 1.49100577693043e-13 
1.21177543522541e+00 1.34043510265810e-11 1.39650726401703e-13 
1.21348577458352e+00 1.25699025581982e-11 1.30798958547389e-13 
1.21519611394164e+00 1.17873116686902e-11 1.22507479261707e-13 
1.21690645329976e+00 1.10533615734598e-11 1.14740878052424e-13 
1.21861679265787e+00 1.03650346285390e-11 1.07465978656444e-13 
1.22032713201599e+00 9.71950002934324e-12 1.00651698328591e-13 
1.22203747137411e+00 9.11410226748561e-12 9.42689159745436e-14 
1.22374781073222e+00 8.54635029905753e-12 8.82903485732685e-14 
1.22545815009034e+00 8.01390738063807e-12 8.26904353690042e-14 
1.22716848944846e+00 7.51458153197488e-12 7.74452293453663e-14 
1.22887882880657e+00 7.04631658679744e-12 7.25322955246636e-14 
1.23058916816469e+00 6.60718379558666e-12 6.79306156641149e-14 
1.23229950752280e+00 6.19537394634387e-12 6.36204989474616e-14 
1.23400984688092e+00 5.80918997148551e-12 5.95834982956200e-14 
1.23572018623904e+00 5.44704001094585e-12 5.58023319435849e-14 
1.23743052559715e+00 5.10743090340600e-12 5.22608099528922e-14 
1.23914086495527e+00 4.78896207929169e-12 4.89437653496700e-14 
1.24085120431339e+00 4.49031983080022e-12 4.58369895977265e-14 
1.24256154367150e+00 4.21027193573678e-12 4.29271721343348e-14 
1.24427188302962e+00 3.94766261336589e-12 4.02018437134440e-14 
1.24598222238773e+00 3.70140779182349e-12 3.76493233170476e-14 
1.24769256174585e+00 3.47049066789116e-12 3.52586684104459e-14 
1.24940290110397e+00 3.25395754111461e-12 3.30196283312032e-14 
1.25111324046208e+00 3.05091390535565e-12 3.09226006147804e-14 
1.25282357982020e+00 2.86052078190675e-12 2.89585900721884e-14 
1.25453391917832e+00 2.68199127927323e-12 2.71191704465912e-14 
1.25624425853643e+00 2.51458736564408e-12 2.53964484866474e-14 
1.25795459789455e+00 2.35761684093254e-12 2.37830302845606e-14 
1.25966493725267e+00 2.21043049607458e-12 2.22719897363538e-14 
1.26137527661078e+00 2.07241944803107e-12 2.08568389908272e-14 
1.26308561596890e+00 1.94301263965055e-12 1.95315007620422e-14 
1.26479595532701e+00 1.82167449421724e-12 1.82902823880390e-14 
1.26650629468513e+00 1.70790271513501e-12 1.71278515258593e-14 
1.26821663404325e+00 1.60122622178641e-12 1.60392133798524e-14 
1.26992697340136e+00 1.50120321315781e-12 1.50196893667155e-14 
1.27163731275948e+00 1.40741935133936e-12 1.40648971267871e-14 
1.27334765211760e+00 1.31948605749512e-12 1.31707317967993e-14 
1.27505799147571e+00 1.23703891335471e-12 1.23333484646237e-14 
1.27676833083383e+00 1.15973616170628e-12 1.15491457315420e-14 
1.27847867019194e+00 1.08725729977241e-12 1.08147503122554e-14 
1.28018900955006e+00 1.01930175972789e-12 1.01270026072345e-14 
1.28189934890818e+00 9.55587670972358e-13 9.48294318612674e-15 
1.28360968826629e+00 8.95850699102824e-13 8.87980012479095e-15 
1.28532002762441e+00 8.39842956843312e-13 8.31497714214269e-15 
1.28703036698253e+00 7.87331982481060e-13 7.78604248638139e-15 
1.28874070634064e+00 7.38099781633629e-13 7.29071852334297e-15 
1.29045104569876e+00 6.91941928428846e-13 6.82687198269576e-15 
1.29216138505688e+00 6.48666722421417e-13 6.39250482048551e-15 
1.29387172441499e+00 6.08094397796962e-13 5.98574565914814e-15 
1.29558206377311e+00 5.70056381627228e-13 5.60484176855621e-15 
1.29729240313122e+00 5.34394598140093e-13 5.24815155396000e-15 
1.29900274248934e+00 5.00960816155516e-13 4.91413751883447e-15 
1.30071308184746e+00 4.69616037014573e-13 4.60135967265848e-15 
1.30242342120557e+00 4.40229920493886e-13 4.30846935554046e-15 
1.30413376056369e+00 4.12680246352693e-13 4.03420345337501e-15 
1.30584409992181e+00 3.86852409305229e-13 3.77737897887308e-15 
1.30755443927992e+00 3.62638945347542e-13 3.53688799536223e-15 
1.30926477863804e+00 3.39939087495882e-13 3.31169286171018e-15 
1.31097511799615e+00 3.18658349113939e-13 3.10082177808925e-15 
1.31268545735427e+00 2.98708133118952e-13 2.90336461357806e-15 
1.31439579671239e+00 2.80005365462432e-13 2.71846899779568e-15 
1.31610613607050e+00 2.62472151380530e-13 2.54533665988563e-15 
1.31781647542862e+00 2.46035453002166e-13 2.38321999921998e-15 
1.31952681478674e+00 2.30626786990411e-13 2.23141887317951e-15 
1.32123715414485e+00 2.16181940974584e-13 2.08927758828964e-15 
1.32294749350297e+00 2.02640707607447e-13 1.95618208185812e-15 
1.32465783286109e+00 1.89946635154022e-13 1.83155728207084e-15 
1.32636817221920e+00 1.78046793586280e-13 1.71486463526304e-15 
1.32807851157732e+00 1.66891555221446e-13 1.60559978979488e-15 
1.32978885093543e+00 1.56434389001291e-13 1.50329042662784e-15 
1.33149919029355e+00 1.46631667565664e-13 1.40749422732369e-15 
1.33320952965167e+00 1.37442486325989e-13 1.31779697077366e-15 
1.33491986900978e+00 1.28828493793664e-13 1.23381075051441e-15 
1.33663020836790e+00 1.20753732464478e-13 1.15517230500149e-15 
1.33834054772602e+00 1.13184489603444e-13 1.08154145369343e-15 
1.34005088708413e+00 1.06089157315138e-13 1.01259963225041e-15 
1.34176122644225e+00 9.94381013226944e-14 9.48048520575160e-16 
1.34347156580036e+00 9.32035379144341e-14 8.87608757819675e-16 
1.34518190515848e+00 8.73594185505951e-14 8.31018738852826e-16 
1.34689224451660e+00 8.18813216541595e-14 7.78033487031947e-16 
1.34860258387471e+00 7.67463511392646e-14 7.28423598447328e-16 
1.35031292323283e+00 7.19330412584031e-14 6.81974253114032e-16 
1.35202326259095e+00 6.74212673755922e-14 6.38484288871539e-16 
1.35373360194906e+00 6.31921622970726e-14 5.97765334019818e-16 
1.35544394130718e+00 5.92280378139618e-14 5.59640994971572e-16 
1.35715428066530e+00 5.55123111327337e-14 5.23946095435652e-16 
1.35886462002341e+00 5.20294358895230e-14 4.90525963867126e-16 
1.36057495938153e+00 4.87648374631199e-14 4.59235766125967e-16 
1.36228529873964e+00 4.57048523192311e-14 4.29939880479767e-16 
1.36399563809776e+00 4.28366711351880e-14 4.02511312267217e-16 
1.36570597745588e+00 4.01482854698604e-14 3.76831145708793e-16 
1.36741631681399e+00 3.76284377581490e-14 3.52788030510217e-16 
1.36912665617211e+00 3.52665744231333e-14 3.30277701053275e-16 
1.37083699553023e+00 3.30528019118109e-14 3.09202526108144e-16 
1.37254733488834e+00 3.09778454724209e-14 2.89471087132214e-16 
1.37425767424646e+00 2.90330105026580e-14 2.70997783342839e-16 
1.37596801360457e+00 2.72101463086908e-14 2.53702461866257e-16 
1.37767835296269e+00 2.55016121248516e-14 2.37510071372439e-16 
1.37938869232081e+00 2.39002452531970e-14 2.22350337706301e-16 
1.38109903167892e+00 2.23993311908942e-14 2.08157460120084e-16 
1.38280937103704e+00 2.09925756215998e-14 1.94869826800095e-16 
1.38451971039516e+00 1.96740781546977e-14 1.82429748463752e-16 
1.38623004975327e+00 1.84383077034881e-14 1.70783208880466e-16 
1.38794038911139e+00 1.72800794001937e-14 1.59879631242516e-16 
1.38965072846951e+00 1.61945329520022e-14 1.49671659380104e-16 
1.39136106782762e+00 1.51771123483278e-14 1.40114952878582e-16 
1.39307140718574e+00 1.42235468350583e-14 1.31167995215465e-16 
1.39478174654385e+00 1.33298330768015e-14 1.22791914090846e-16 
1.39649208590197e+00 1.24922184330581e-14 1.14950313177175e-16 
1.39820242526009e+00 1.17071852788617e-14 1.07609114563449e-16 
1.39991276461820e+00 1.09714363047479e-14 1.00736411214834e-16 
1.40162310397632e+00 1.02818807349741e-14 9.43023288117816e-17 
1.40333344333444e+00 9.63562140671101e-15 8.82788963730361e-17 
1.40504378269255e+00 9.02994265649877e-15 8.26399251047095e-17 
1.40675412205067e+00 8.46229896360075e-15 7.73608949529675e-17 
1.40846446140878e+00 7.93030430303001e-15 7.24188483710312e-17 
1.41017480076690e+00 7.43172216396279e-15 6.77922908422244e-17 
1.41188514012502e+00 6.96445619201397e-15 6.34610977298741e-17 
1.41359547948313e+00 6.52654141643633e-15 5.94064270521142e-17 
1.41530581884125e+00 6.11613602573265e-15 5.56106378051354e-17 
1.41701615819937e+00 5.73151365744492e-15 5.20572134823250e-17 
1.41872649755748e+00 5.37105617001910e-15 4.87306904591088e-17 
1.42043683691560e+00 5.03324686664519e-15 4.56165909342728e-17 
1.42214717627372e+00 4.71666414284885e-15 4.27013601381646e-17 
1.42385751563183e+00 4.41997553137080e-15 3.99723075365644e-17 
1.42556785498995e+00 4.14193211952051e-15 3.74175517762301e-17 
1.42727819434806e+00 3.88136331573821e-15 3.50259691342522e-17 
1.42898853370618e+00 3.63717194355029e-15 3.27871452484579e-17 
1.43069887306430e+00 3.40832964246431e-15 3.06913299202465e-17 
1.43240921242241e+00 3.19387255662548e-15 2.87293947944943e-17 
1.43411955178053e+00 2.99289729325327e-15 2.68927937335697e-17 
1.43582989113865e+00 2.80455713399886e-15 2.51735257141235e-17 
1.43754023049676e+00 2.62805848341603e-15 2.35641000862053e-17 
1.43925056985488e+00 2.46265753972497e-15 2.20575040444474e-17 
1.44096090921299e+00 2.30765717397319e-15 2.06471721706057e-17 
1.44267124857111e+00 2.16240400456546e-15 1.93269579156896e-17 
1.44438158792923e+00 2.02628565494792e-15 1.80911068982849e-17 
1.44609192728734e+00 1.89872818299408e-15 1.69342319035146e-17 
1.44780226664546e+00 1.77919367135571e-15 1.58512894744288e-17 
1.44951260600358e+00 1.66717796871196e-15 1.48375579944935e-17 
1.45122294536169e+00 1.56220857247895e-15 1.38886171662856e-17 
1.45293328471981e+00 1.46384264413136e-15 1.30003287975383e-17 
1.45464362407793e+00 1.37166514884034e-15 1.21688188113275e-17 
1.45635396343604e+00 1.28528711165054e-15 1.13904604024806e-17 
1.45806430279416e+00 1.20434398290458e-15 1.06618582672451e-17 
1.45977464215227e+00 1.12849410607917e-15 9.97983383789298e-18 
1.46148498151039e+00 1.05741728162424e-15 9.34141145828147e-18 
1.46319532086851e+00 9.90813420796891e-16 8.74380544046172e-18 
1.46490566022662e+00 9.28401283857412e-16 8.18440794623577e-18 
1.46661599958474e+00 8.69917297347002e-16 7.66077764113166e-18 
1.46832633894286e+00 8.15114445496571e-16 7.17062907160723e-18 
1.47003667830097e+00 7.63761231125769e-16 6.71182271942373e-18 
1.47174701765909e+00 7.15640701681426e-16 6.28235569006017e-18 
1.47345735701720e+00 6.70549536336710e-16 5.88035299478341e-18 
1.47516769637532e+00 6.28297190327346e-16 5.50405938855916e-18 
1.47687803573344e+00 5.88705092940381e-16 5.15183172839542e-18 
1.47858837509155e+00 5.51605895795220e-16 4.82213181896341e-18 
1.48029871444967e+00 5.16842768266790e-16 4.51351971445090e-18 
1.48200905380779e+00 4.84268737097832e-16 4.22464744757937e-18 
1.48371939316590e+00 4.53746067432006e-16 3.95425315856645e-18 
1.48542973252402e+00 4.25145682672770e-16 3.70115559854806e-18 
1.48714007188214e+00 3.98346620735320e-16 3.46424898359705e-18 
1.48885041124025e+00 3.73235524411175e-16 3.24249817699433e-18 
1.49056075059837e+00 3.49706163707670e-16 3.03493417883166e-18 
1.49227108995648e+00 3.27658988158451e-16 2.84064990335683e-18 
1.49398142931460e+00 3.07000707226494e-16 2.65879622571995e-18 
1.49569176867272e+00 2.87643897038772e-16 2.48857828094740e-18 
1.49740210803083e+00 2.69506631801928e-16 2.32925199906373e-18 
1.49911244738895e+00 2.52512138351688e-16 2.18012086130610e-18 
1.50082278674707e+00 2.36588472385602e-16 2.04045186032177e-18 
1.50253312610518e+00 2.21668177827646e-16 1.90964901331368e-18 
1.50424346546330e+00 2.07688083491496e-16 1.78722552973472e-18 
1.50595380482141e+00 1.94588992510856e-16 1.67264628651628e-18 
1.50766414417953e+00 1.82315431821949e-16 1.56540894978046e-18 
1.50937448353765e+00 1.70815418141949e-16 1.46504333469154e-18 
1.51108482289576e+00 1.60040238639235e-16 1.37110934930926e-18 
1.51279516225388e+00 1.49944245374141e-16 1.28319506985093e-18 
1.51450550161200e+00 1.40484662646579e-16 1.20091493897084e-18 
1.51621584097011e+00 1.31621406441030e-16 1.12390807920048e-18 
1.51792618032823e+00 1.23316915210086e-16 1.05183671419462e-18 
1.51963651968635e+00 1.15535991285280e-16 9.84384690897716e-19 
1.52134685904446e+00 1.08245652248503e-16 9.21256096184169e-19 
1.52305719840258e+00 1.01414991639090e-16 8.62173961937774e-19 
1.52476753776069e+00 9.50150484108017e-17 8.06879052920645e-19 
1.52647787711881e+00 8.90186845896560e-17 7.55128732142557e-19 
1.52818821647693e+00 8.34004706179755e-17 7.06695898779255e-19 
1.52989855583504e+00 7.81365779022639e-17 6.61367994004406e-19 
1.53160889519316e+00 7.32046781127742e-17 6.18946070395744e-19 
1.53331923455128e+00 6.85838488109762e-17 5.79243920853022e-19 
1.53502957390939e+00 6.42544850076967e-17 5.42087263224794e-19 
1.53673991326751e+00 6.01982162796182e-17 5.07312977083804e-19 
1.53845025262562e+00 5.63978290951666e-17 4.74768389318199e-19 
1.54016059198374e+00 5.28371940227041e-17 4.44310605418515e-19 
1.54187093134186e+00 4.95011975144564e-17 4.15805883539726e-19 
1.54358127069997e+00 4.63756779788345e-17 3.89129048604122e-19 
1.54529161005809e+00 4.34473658718330e-17 3.64162943885457e-19 
1.54700194941621e+00 4.07038275550858e-17 3.40797917678284e-19 
1.54871228877432e+00 3.81334126839901e-17 3.18931342809459e-19 
1.55042262813244e+00 3.57252049041620e-17 2.98467166892070e-19 
1.55213296749056e+00 3.34689756483927e-17 2.79315491356208e-19 
1.55384330684867e+00 3.13551408393215e-17 2.61392177416572e-19 
1.55555364620679e+00 2.93747203152638e-17 2.44618477254460e-19 
1.55726398556490e+00 2.75192998080897e-17 2.28920688801745e-19 
1.55897432492302e+00 2.57809953127904e-17 2.14229832617494e-19 
1.56068466428114e+00 2.41524196984346e-17 2.00481349444318e-19 
1.56239500363925e+00 2.26266514196512e-17 1.87614817121843e-19 
1.56410534299737e+00 2.11972051966212e-17 1.75573685619226e-19 
1.56581568235549e+00 1.98580045398476e-17 1.64305029027753e-19 
1.56752602171360e+00 1.86033560037418e-17 1.53759313428661e-19 
1.56923636107172e+00 1.74279250603492e-17 1.43890179620638e-19 
1.57094670042983e+00 1.63267134913575e-17 1.34654239756409e-19 
1.57265703978795e+00 1.52950382029319e-17 1.26010886998547e-19 
1.57436737914607e+00 1.43285113739152e-17 1.17922117361576e-19 
1.57607771850418e+00 1.34230218535492e-17 1.10352362960650e-19 
1.57778805786230e+00 1.25747177301436e-17 1.03268335936966e-19 
1.57949839722042e+00 1.17799899970522e-17 9.66388823767427e-20 
1.58120873657853e+00 1.10354572469433e-17 9.04348455842488e-20 
1.58291907593665e+00 1.03379513296880e-17 8.46289381103020e-20 
1.58462941529477e+00 9.68450391325453e-18 7.91956219759023e-20 
1.58633975465288e+00 9.07233389080349e-18 7.41109965665230e-20 
1.58805009401100e+00 8.49883558075118e-18 6.93526937061150e-20 
1.58976043336911e+00 7.96156766991239e-18 6.48997794512865e-20 
1.59147077272723e+00 7.45824285297012e-18 6.07326621755080e-20 
1.59318111208535e+00 6.98671812445838e-18 5.68330065407128e-20 
1.59489145144346e+00 6.54498568219847e-18 5.31836529794201e-20 
1.59660179080158e+00 6.13116440371034e-18 4.97685423346094e-20 
1.59831213015970e+00 5.74349185953999e-18 4.65726453271517e-20 
1.60002246951781e+00 5.38031682971058e-18 4.35818965417264e-20 
1.60173280887593e+00 5.04009229163045e-18 4.07831326419245e-20 
1.60344314823404e+00 4.72136884978182e-18 3.81640345437546e-20 
1.60515348759216e+00 4.42278857938082e-18 3.57130732940898e-20 
1.60686382695028e+00 4.14307925794798e-18 3.34194594168173e-20 
1.60857416630839e+00 3.88104896036775e-18 3.12730955046309e-20 
1.61028450566651e+00 3.63558099455163e-18 2.92645318486201e-20 
1.61199484502463e+00 3.40562915625888e-18 2.73849249111101e-20 
1.61370518438274e+00 3.19021328297830e-18 2.56259984596584e-20 
1.61541552374086e+00 2.98841508803840e-18 2.39800071917707e-20 
1.61712586309898e+00 2.79937425729860e-18 2.24397026908053e-20 
1.61883620245709e+00 2.62228479188413e-18 2.09983015637490e-20 
1.62054654181521e+00 2.45639158146813e-18 1.96494556211053e-20 
1.62225688117332e+00 2.30098719357946e-18 1.83872239680825e-20 
1.62396722053144e+00 2.15540886532866e-18 1.72060468846441e-20 
1.62567755988956e+00 2.01903568480094e-18 1.61007213798226e-20 
1.62738789924767e+00 1.89128595016754e-18 1.50663783130351e-20 
1.62909823860579e+00 1.77161469531893e-18 1.40984609820059e-20 
1.63080857796391e+00 1.65951137152821e-18 1.31927050833322e-20 
1.63251891732202e+00 1.55449767531334e-18 1.23451199577422e-20 
1.63422925668014e+00 1.45612551328600e-18 1.15519710377305e-20 
1.63593959603825e+00 1.36397509535461e-18 1.08097634205242e-20 
1.63764993539637e+00 1.27765314819281e-18 1.01152264942696e-20 
1.63936027475449e+00 1.19679124139394e-18 9.46529954994584e-21 
1.64107061411260e+00 1.12104421920917e-18 8.85711831583558e-21 
1.64278095347072e+00 1.05008873121448e-18 8.28800235542852e-21 
1.64449129282884e+00 9.83621855670668e-19 7.75544327342089e-21 
1.64620163218695e+00 9.21359809733159e-19 7.25709367801805e-21 
1.64791197154507e+00 8.63036741036741e-19 6.79075685106548e-21 
1.64962231090318e+00 8.08403595524921e-19 6.35437708063889e-21 
1.65133265026130e+00 7.57227056716928e-19 5.94603061363013e-21 
1.65304298961942e+00 7.09288551908174e-19 5.56391718858645e-21 
1.65475332897753e+00 6.64383321083725e-19 5.20635211160647e-21 
1.65646366833565e+00 6.22319544590287e-19 4.87175884047991e-21 
1.65817400769377e+00 5.82917525861310e-19 4.55866204448827e-21 
1.65988434705188e+00 5.46008925723364e-19 4.26568110937147e-21 
1.66159468641000e+00 5.11436045030657e-19 3.99152405891988e-21 
1.66330502576812e+00 4.79051152579623e-19 3.73498186647918e-21 
1.66501536512623e+00 4.48715855447556e-19 3.49492313136853e-21 
1.66672570448435e+00 4.20300509079305e-19 3.27028909681347e-21 
1.66843604384246e+00 3.93683664614687e-19 3.06008898749515e-21 
1.67014638320058e+00 3.68751551107326e-19 2.86339564622103e-21 
1.67185672255870e+00 3.45397590433724e-19 2.67934145053508e-21 
1.67356706191681e+00 3.23521942830105e-19 2.50711449131588e-21 
1.67527740127493e+00 3.03031081124631e-19 2.34595499656085e-21 
1.67698774063305e+00 2.83837391854393e-19 2.19515198463249e-21 
1.67869807999116e+00 2.65858801570746e-19 2.05404013224980e-21 
1.68040841934928e+00 2.49018426743529e-19 1.92199684345197e-21 
1.68211875870739e+00 2.33244245774916e-19 1.79843950664427e-21 
1.68382909806551e+00 2.18468791727587e-19 1.68282292766204e-21 
1.68553943742363e+00 2.04628864459871e-19 1.57463692756277e-21 
1.68724977678174e+00 1.91665260942975e-19 1.47340409457940e-21 
1.68896011613986e+00 1.79522522612676e-19 1.37867768034606e-21 
1.69067045549798e+00 1.68148698680210e-19 1.29003963114117e-21 
1.69238079485609e+00 1.57495124394954e-19 1.20709874548628e-21 
1.69409113421421e+00 1.47516213315004e-19 1.12948894999468e-21 
1.69580147357233e+00 1.38169262701321e-19 1.05686768588312e-21 
1.69751181293044e+00 1.29414271206907e-19 9.88914399047056e-22 
1.69922215228856e+00 1.21213768084724e-19 9.25331635252546e-22 
1.70093249164667e+00 1.13532654078805e-19 8.65887732547403e-22 
1.70264283100479e+00 1.06338067146534e-19 8.10307744700405e-22 
1.70435317036291e+00 9.95992045191469e-20 7.58294375533963e-22 
1.70606350972102e+00 9.32872126488723e-20 7.09618818950364e-22 
1.70777384907914e+00 8.73750639243451e-20 6.64066942626120e-22 
1.70948418843726e+00 8.18374411792847e-20 6.41766454251194e-22 
