Energy(eV)           EEDF(eV^-(3/2))      Anisotropy(eV^-(3/2))
9.42824571161618e-04 1.53344244928579e+01 1.54795405569110e-02 
2.82847371348486e-03 1.50709070425829e+01 1.99274228033027e-02 
4.71412285580809e-03 1.47037314317590e+01 2.70658491335815e-02 
6.59977199813133e-03 1.42945521425818e+01 3.18361337503314e-02 
8.48542114045456e-03 1.38790039685937e+01 3.53082416700002e-02 
1.03710702827778e-02 1.34700485168948e+01 3.79964376082623e-02 
1.22567194251010e-02 1.30709380149545e+01 4.01378369155969e-02 
1.41423685674243e-02 1.26831995372558e+01 4.18107471177905e-02 
1.60280177097475e-02 1.23130299434534e+01 4.31999452261843e-02 
1.79136668520707e-02 1.19506406542692e+01 4.43609709443376e-02 
1.97993159943940e-02 1.15996752252429e+01 4.52517468001527e-02 
2.16849651367172e-02 1.12606829756150e+01 4.59539613873627e-02 
2.35706142790405e-02 1.09322814017699e+01 4.64793755633639e-02 
2.54562634213637e-02 1.06162205562551e+01 4.68190869772975e-02 
2.73419125636869e-02 1.03138941133213e+01 4.69944516830307e-02 
2.92275617060102e-02 1.00264177759161e+01 4.70305133683903e-02 
3.11132108483334e-02 9.75400431845481e+00 4.70577207862949e-02 
3.29988599906566e-02 9.49039875910622e+00 4.70877184173400e-02 
3.48845091329799e-02 9.23622084131467e+00 4.70149677361274e-02 
3.67701582753031e-02 8.99196379008672e+00 4.68502271198051e-02 
3.86558074176264e-02 8.75801592703327e+00 4.66019314121864e-02 
4.05414565599496e-02 8.53467883292300e+00 4.63388114568204e-02 
4.24271057022728e-02 8.31951600871967e+00 4.60897391652251e-02 
4.43127548445961e-02 8.11202541852987e+00 4.57978893228588e-02 
4.61984039869193e-02 7.91238753855290e+00 4.54505455668318e-02 
4.80840531292425e-02 7.72073588959142e+00 4.50525118901953e-02 
4.99697022715658e-02 7.53716423090592e+00 4.46153775617843e-02 
5.18553514138890e-02 7.36148085822887e+00 4.41517203418500e-02 
5.37410005562122e-02 7.19345506279223e+00 4.36568190571138e-02 
5.56266496985355e-02 7.03310680294930e+00 4.31233983196269e-02 
5.75122988408587e-02 6.88043538749518e+00 4.25525395821799e-02 
5.93979479831820e-02 6.73542281559101e+00 4.19445810055143e-02 
6.12835971255052e-02 6.59803657893347e+00 4.12991275134340e-02 
6.31692462678284e-02 6.46823195913752e+00 4.06150543711375e-02 
6.50548954101517e-02 6.34595384343142e+00 3.98905054827261e-02 
6.69405445524749e-02 6.23113807259913e+00 3.91228878069452e-02 
6.88261936947981e-02 6.12371232659900e+00 3.83088635844743e-02 
7.07118428371214e-02 6.02359654547353e+00 3.76252237819264e-02 
7.25974919794446e-02 5.92803374605669e+00 3.71218577910639e-02 
7.44831411217678e-02 5.83663321827457e+00 3.66196229393584e-02 
7.63687902640911e-02 5.74937883974501e+00 3.60918446954878e-02 
7.82544394064143e-02 5.66624880459159e+00 3.55382465669575e-02 
8.01400885487376e-02 5.58721615910428e+00 3.49582943824974e-02 
8.20257376910608e-02 5.51224922668222e+00 3.43512000000872e-02 
8.39113868333840e-02 5.44131192442397e+00 3.37159248969060e-02 
8.57970359757073e-02 5.37436397299361e+00 3.30511839570740e-02 
8.76826851180305e-02 5.31136100075590e+00 3.23554498199064e-02 
8.95683342603537e-02 5.25225454265838e+00 3.16269582044470e-02 
9.14539834026770e-02 5.19699193396917e+00 3.08637146852016e-02 
9.33396325450002e-02 5.14551609878463e+00 3.00635034587768e-02 
9.52252816873234e-02 5.09776523323715e+00 2.92238987109845e-02 
9.71109308296467e-02 5.05367238360099e+00 2.83422792681283e-02 
9.89965799719699e-02 5.01316492005811e+00 2.74158472939178e-02 
1.00882229114293e-01 4.97616390779713e+00 2.67193980312757e-02 
1.02767878256616e-01 4.94087839415040e+00 2.62969304693018e-02 
1.04653527398940e-01 4.90724203972304e+00 2.58643030049800e-02 
1.06539176541263e-01 4.87524459955421e+00 2.54114858185577e-02 
1.08424825683586e-01 4.84487380520501e+00 2.49380576128749e-02 
1.10310474825909e-01 4.81611536592041e+00 2.44435412349777e-02 
1.12196123968233e-01 4.78895295489504e+00 2.39274064895505e-02 
1.14081773110556e-01 4.76336818097234e+00 2.33890732854565e-02 
1.15967422252879e-01 4.73934054614696e+00 2.28279151647467e-02 
1.17853071395202e-01 4.71684738929339e+00 2.22432632670297e-02 
1.19738720537526e-01 4.69586381661053e+00 2.16945336364656e-02 
1.21624369679849e-01 4.67611834823960e+00 2.12968445628951e-02 
1.23510018822172e-01 4.65716795695979e+00 2.09973550475613e-02 
1.25395667964495e-01 4.63900981918247e+00 2.06843544717928e-02 
1.27281317106818e-01 4.62164020753715e+00 2.03577172980478e-02 
1.29166966249142e-01 4.60505449410290e+00 2.00173003580871e-02 
1.31052615391465e-01 4.58924715076060e+00 1.96629436877046e-02 
1.32938264533788e-01 4.57421174673555e+00 1.92944714292492e-02 
1.34823913676111e-01 4.55994094340669e+00 1.89116928078995e-02 
1.36709562818435e-01 4.54642648646682e+00 1.85144031880526e-02 
1.38595211960758e-01 4.53365919552683e+00 1.81023852166266e-02 
1.40480861103081e-01 4.52162895126666e+00 1.76754100605742e-02 
1.42366510245404e-01 4.51032468024671e+00 1.72332387464966e-02 
1.44252159387728e-01 4.49973433750519e+00 1.67756236109958e-02 
1.46137808530051e-01 4.48984488708002e+00 1.63023098713566e-02 
1.48023457672374e-01 4.48064228060813e+00 1.58130373274836e-02 
1.49909106814697e-01 4.47211143417020e+00 1.53639162873111e-02 
1.51794755957021e-01 4.46410985603361e+00 1.50304630761924e-02 
1.53680405099344e-01 4.45647729580664e+00 1.47596020232802e-02 
1.55566054241667e-01 4.44921035872421e+00 1.44791112823727e-02 
1.57451703383990e-01 4.44230524217400e+00 1.41889189017414e-02 
1.59337352526314e-01 4.43575773314231e+00 1.38889493693586e-02 
1.61223001668637e-01 4.42956320520311e+00 1.35791240001190e-02 
1.63108650810960e-01 4.42371661507426e+00 1.32593613480735e-02 
1.64994299953283e-01 4.41821249876687e+00 1.29295776454520e-02 
1.66879949095606e-01 4.41304496735553e+00 1.25896872706544e-02 
1.68765598237930e-01 4.40820770239956e+00 1.22396032477470e-02 
1.70651247380253e-01 4.40369395104723e+00 1.19704256414478e-02 
1.72536896522576e-01 4.39935867641260e+00 1.18064098238836e-02 
1.74422545664899e-01 4.39517564406648e+00 1.16542940680177e-02 
1.76308194807223e-01 4.39114425419973e+00 1.14967480714879e-02 
1.78193843949546e-01 4.38726377583103e+00 1.13337584720545e-02 
1.80079493091869e-01 4.38353334675871e+00 1.11653107967069e-02 
1.81965142234192e-01 4.37995197344600e+00 1.09913895224173e-02 
1.83850791376516e-01 4.37651853084158e+00 1.08119781401656e-02 
1.85736440518839e-01 4.37323176213754e+00 1.06270592223902e-02 
1.87622089661162e-01 4.37009027846706e+00 1.04366144940564e-02 
1.89507738803485e-01 4.36709255854402e+00 1.02406249074621e-02 
1.91393387945809e-01 4.36423694824735e+00 1.00390707209859e-02 
1.93279037088132e-01 4.36152166015261e+00 9.83193158204999e-03 
1.95164686230455e-01 4.35894477301384e+00 9.61918661457098e-03 
1.97050335372778e-01 4.35650423119867e+00 9.40081451121979e-03 
1.98935984515101e-01 4.35419784407999e+00 9.17679363099048e-03 
2.00821633657425e-01 4.35202328538750e+00 9.07295551456211e-03 
2.02707282799748e-01 4.34985695723521e+00 9.10450246855080e-03 
2.04592931942071e-01 4.34769072016496e+00 9.14398503709542e-03 
2.06478581084394e-01 4.34552484353101e+00 9.18268384104235e-03 
2.08364230226718e-01 4.34335959380410e+00 9.22060060983868e-03 
2.10249879369041e-01 4.34119523457900e+00 9.25773707157017e-03 
2.12135528511364e-01 4.33903202658213e+00 9.29409495245896e-03 
2.14021177653687e-01 4.33687022767936e+00 9.32967597637842e-03 
2.15906826796011e-01 4.33471009288384e+00 9.36448186433724e-03 
2.17792475938334e-01 4.33255187436400e+00 9.39851433402301e-03 
2.19678125080657e-01 4.33039582145155e+00 9.43177509932332e-03 
2.21563774222980e-01 4.32824218064967e+00 9.46426586984347e-03 
2.23449423365304e-01 4.32609119564119e+00 9.49598835045376e-03 
2.25335072507627e-01 4.32394310729695e+00 9.52694424083996e-03 
2.27220721649950e-01 4.32179815368414e+00 9.55713523506685e-03 
2.29106370792273e-01 4.31965657007477e+00 9.58656302113732e-03 
2.30992019934596e-01 4.31751858895416e+00 9.61522928056104e-03 
2.32877669076920e-01 4.31538444002954e+00 9.64313568792272e-03 
2.34763318219243e-01 4.31325435023869e+00 9.67028391048256e-03 
2.36648967361566e-01 4.31112854375859e+00 9.69667560776906e-03 
2.38534616503889e-01 4.30900724201419e+00 9.72231243115812e-03 
2.40420265646213e-01 4.30689066368720e+00 9.74719602351357e-03 
2.42305914788536e-01 4.30477902472484e+00 9.77132801878219e-03 
2.44191563930859e-01 4.30267253834879e+00 9.79471004160372e-03 
2.46077213073182e-01 4.30057141506400e+00 9.81734370695716e-03 
2.47962862215506e-01 4.29847586266765e+00 9.83923061980277e-03 
2.49848511357829e-01 4.29638608625809e+00 9.92344248730275e-03 
2.51734160500152e-01 4.29424857461149e+00 1.01591716868272e-02 
2.53619809642475e-01 4.29198618624433e+00 1.04822240220441e-02 
2.55505458784799e-01 4.28959480613367e+00 1.08079931113713e-02 
2.57391107927122e-01 4.28707028960181e+00 1.11364117378281e-02 
2.59276757069445e-01 4.28440846432527e+00 1.14674102308524e-02 
2.61162406211768e-01 4.28160513241812e+00 1.18009164335405e-02 
2.63048055354091e-01 4.27865607259025e+00 1.21368556718026e-02 
2.64933704496415e-01 4.27555704238126e+00 1.24751507254799e-02 
2.66819353638738e-01 4.27230378047024e+00 1.28157218015772e-02 
2.68705002781061e-01 4.26889200906195e+00 1.31584865096573e-02 
2.70590651923384e-01 4.26531743634957e+00 1.35033598395229e-02 
2.72476301065708e-01 4.26157575905415e+00 1.38502541412525e-02 
2.74361950208031e-01 4.25766266504076e+00 1.41990791077284e-02 
2.76247599350354e-01 4.25357383601127e+00 1.45497417597411e-02 
2.78133248492677e-01 4.24930495027355e+00 1.49021464337398e-02 
2.80018897635001e-01 4.24485168558663e+00 1.52561947724142e-02 
2.81904546777324e-01 4.24020972208140e+00 1.56117857181332e-02 
2.83790195919647e-01 4.23537474525624e+00 1.59688155093754e-02 
2.85675845061970e-01 4.23034244904664e+00 1.63271776802581e-02 
2.87561494204294e-01 4.22510853896813e+00 1.66867630632509e-02 
2.89447143346617e-01 4.21966873533120e+00 1.70474597952025e-02 
2.91332792488940e-01 4.21401877652709e+00 1.74091533267480e-02 
2.93218441631263e-01 4.20815442238305e+00 1.77717264352032e-02 
2.95104090773587e-01 4.20207145758551e+00 1.81350592410601e-02 
2.96989739915910e-01 4.19576569516932e+00 1.84990292281498e-02 
2.98875389058233e-01 4.18923298007136e+00 1.88635112675832e-02 
3.00761038200556e-01 4.18246919274627e+00 1.92697756003773e-02 
3.02646687342879e-01 4.17541009120675e+00 1.97204875930686e-02 
3.04532336485203e-01 4.16804278061808e+00 2.01754806382866e-02 
3.06417985627526e-01 4.16036074424473e+00 2.06302935773048e-02 
3.08303634769849e-01 4.15235755178939e+00 2.10847027904808e-02 
3.10189283912172e-01 4.14402686751877e+00 2.15384802170539e-02 
3.12074933054496e-01 4.13536245850313e+00 2.19913934816161e-02 
3.13960582196819e-01 4.12635820295968e+00 2.24432060317990e-02 
3.15846231339142e-01 4.11700809868972e+00 2.28936772872432e-02 
3.17731880481465e-01 4.10730627159839e+00 2.33425627999794e-02 
3.19617529623789e-01 4.09724698428554e+00 2.37896144262313e-02 
3.21503178766112e-01 4.08682464469567e+00 2.42345805096738e-02 
3.23388827908435e-01 4.07603381481407e+00 2.46772060761575e-02 
3.25274477050758e-01 4.06486921939601e+00 2.51172330398479e-02 
3.27160126193082e-01 4.05332575471507e+00 2.55544004207308e-02 
3.29045775335405e-01 4.04139849731626e+00 2.59884445733834e-02 
3.30931424477728e-01 4.02908271275897e+00 2.64190994268820e-02 
3.32817073620051e-01 4.01637386433450e+00 2.68460967356962e-02 
3.34702722762375e-01 4.00326762174213e+00 2.72691663413811e-02 
3.36588371904698e-01 3.98975986970753e+00 2.76880364448351e-02 
3.38474021047021e-01 3.97584671652677e+00 2.81024338888644e-02 
3.40359670189344e-01 3.96152450251877e+00 2.85120844507592e-02 
3.42245319331667e-01 3.94678980836876e+00 2.89167131445529e-02 
3.44130968473991e-01 3.93163946334496e+00 2.93160445326005e-02 
3.46016617616314e-01 3.91607055337040e+00 2.97098030460586e-02 
3.47902266758637e-01 3.90008042893168e+00 3.00977133138490e-02 
3.49787915900960e-01 3.88366671280605e+00 3.04904647875535e-02 
3.51673565043284e-01 3.86680187856522e+00 3.09044969643217e-02 
3.53559214185607e-01 3.84944304659625e+00 3.13277672086749e-02 
3.55444863327930e-01 3.83158763466765e+00 3.17428506308536e-02 
3.57330512470253e-01 3.81323346245275e+00 3.21493975248180e-02 
3.59216161612577e-01 3.79437876158104e+00 3.25470612933560e-02 
3.61101810754900e-01 3.77502218523812e+00 3.29354990157985e-02 
3.62987459897223e-01 3.75516281728217e+00 3.33143720216491e-02 
3.64873109039546e-01 3.73480018084509e+00 3.36833464687616e-02 
3.66758758181870e-01 3.71393424638729e+00 3.40420939247016e-02 
3.68644407324193e-01 3.69256543917541e+00 3.43902919498678e-02 
3.70530056466516e-01 3.67069464615337e+00 3.47276246808754e-02 
3.72415705608839e-01 3.64832322217778e+00 3.50537834127134e-02 
3.74301354751162e-01 3.62545299558985e+00 3.53684671781262e-02 
3.76187003893486e-01 3.60208627309721e+00 3.56713833226371e-02 
3.78072653035809e-01 3.57822584394007e+00 3.59622480736296e-02 
3.79958302178132e-01 3.55387498331770e+00 3.62407871018641e-02 
3.81843951320455e-01 3.52903745505276e+00 3.65067360738105e-02 
3.83729600462779e-01 3.50371751347239e+00 3.67598411931643e-02 
3.85615249605102e-01 3.47791990448698e+00 3.69998597299121e-02 
3.87500898747425e-01 3.45164986584910e+00 3.72265605353207e-02 
3.89386547889748e-01 3.42491312657731e+00 3.74397245412503e-02 
3.91272197032072e-01 3.39771590553121e+00 3.76391452421906e-02 
3.93157846174395e-01 3.37006490912660e+00 3.78246291584570e-02 
3.95043495316718e-01 3.34196732818160e+00 3.79959962790139e-02 
3.96929144459041e-01 3.31343083388681e+00 3.81530804824436e-02 
3.98814793601365e-01 3.28446357289520e+00 3.82957299346186e-02 
4.00700442743688e-01 3.25507416152942e+00 3.84167327194355e-02 
4.02586091886011e-01 3.22529725344408e+00 3.85154195345191e-02 
4.04471741028334e-01 3.19514587224461e+00 3.85991010693405e-02 
4.06357390170657e-01 3.16462962859453e+00 3.86687678627301e-02 
4.08243039312981e-01 3.13375851933063e+00 3.87243578401904e-02 
4.10128688455304e-01 3.10254291813852e+00 3.87658233026923e-02 
4.12014337597627e-01 3.07099356552046e+00 3.87931310902030e-02 
4.13899986739950e-01 3.03912155806922e+00 3.88062627179098e-02 
4.15785635882274e-01 3.00693833706387e+00 3.88052144845290e-02 
4.17671285024597e-01 2.97445567640527e+00 3.87899975521697e-02 
4.19556934166920e-01 2.94168566991091e+00 3.87606379973220e-02 
4.21442583309243e-01 2.90864071799111e+00 3.87171768326082e-02 
4.23328232451567e-01 2.87533351372976e+00 3.86596699990365e-02 
4.25213881593890e-01 2.84177702839536e+00 3.85881883285666e-02 
4.27099530736213e-01 2.80798449640919e+00 3.85028174769062e-02 
4.28985179878536e-01 2.77396939979970e+00 3.84036578265572e-02 
4.30870829020860e-01 2.73974545217338e+00 3.82908243601904e-02 
4.32756478163183e-01 2.70532658223403e+00 3.81644465045465e-02 
4.34642127305506e-01 2.67072691688396e+00 3.80246679451565e-02 
4.36527776447829e-01 2.63596076394154e+00 3.78716464122468e-02 
4.38413425590153e-01 2.60104259451125e+00 3.77055534383057e-02 
4.40299074732476e-01 2.56598702504293e+00 3.75265740878569e-02 
4.42184723874799e-01 2.53080879911851e+00 3.73349066600998e-02 
4.44070373017122e-01 2.49552276900480e+00 3.71307623651439e-02 
4.45956022159445e-01 2.46014387701203e+00 3.69143649746437e-02 
4.47841671301769e-01 2.42468713669835e+00 3.66859504477371e-02 
4.49727320444092e-01 2.38916761396089e+00 3.64457665332623e-02 
4.51612969586415e-01 2.35360040805451e+00 3.61940723492923e-02 
4.53498618728738e-01 2.31800063257930e+00 3.59311379411002e-02 
4.55384267871062e-01 2.28238339647836e+00 3.56572438187458e-02 
4.57269917013385e-01 2.24676378508699e+00 3.53726804755126e-02 
4.59155566155708e-01 2.21115684127436e+00 3.50777478884973e-02 
4.61041215298031e-01 2.17557754671847e+00 3.47727550026993e-02 
4.62926864440355e-01 2.14004080335463e+00 3.44580191999999e-02 
4.64812513582678e-01 2.10456141503726e+00 3.41338657544664e-02 
4.66698162725001e-01 2.06915406945382e+00 3.38006272754445e-02 
4.68583811867324e-01 2.03383332032915e+00 3.34586431399387e-02 
4.70469461009648e-01 1.99861356995740e+00 3.31082589157998e-02 
4.72355110151971e-01 1.96350905209755e+00 3.27498257772530e-02 
4.74240759294294e-01 1.92853381526749e+00 3.23836999143150e-02 
4.76126408436617e-01 1.89370170647027e+00 3.20102419376552e-02 
4.78012057578940e-01 1.85902635538473e+00 3.16298162804521e-02 
4.79897706721264e-01 1.82452115905115e+00 3.12427905987936e-02 
4.81783355863587e-01 1.79019926708122e+00 3.08495351721549e-02 
4.83669005005910e-01 1.75607356741954e+00 3.04504223054706e-02 
4.85554654148233e-01 1.72215667268268e+00 3.00458257343021e-02 
4.87440303290557e-01 1.68846090709946e+00 2.96361200345601e-02 
4.89325952432880e-01 1.65499829407472e+00 2.92216800382215e-02 
4.91211601575203e-01 1.62178054439659e+00 2.88028802564397e-02 
4.93097250717526e-01 1.58881904510552e+00 2.83800943113936e-02 
4.94982899859850e-01 1.55612484904126e+00 2.79536943781909e-02 
4.96868549002173e-01 1.52370866508197e+00 2.75240506380816e-02 
4.98754198144496e-01 1.49158084908760e+00 2.70915307441795e-02 
5.00639847286819e-01 1.45975139555762e+00 2.66557253994891e-02 
5.02525496429143e-01 1.42823667291004e+00 2.62169515772083e-02 
5.04411145571466e-01 1.39704675400010e+00 2.57765070316282e-02 
5.06296794713789e-01 1.36618999016461e+00 2.53349028740636e-02 
5.08182443856112e-01 1.33567435428997e+00 2.48924730996780e-02 
5.10068092998435e-01 1.30550743687822e+00 2.44495462760012e-02 
5.11953742140759e-01 1.27569644279826e+00 2.40064451583779e-02 
5.13839391283082e-01 1.24624818871756e+00 2.35634863241253e-02 
5.15725040425405e-01 1.21716910120788e+00 2.31209798259125e-02 
5.17610689567728e-01 1.18846521551718e+00 2.26792288648035e-02 
5.19496338710052e-01 1.16014217499808e+00 2.22385294833426e-02 
5.21381987852375e-01 1.13220523118172e+00 2.17991702789904e-02 
5.23267636994698e-01 1.10465924448476e+00 2.13614321381550e-02 
5.25153286137021e-01 1.07750868553543e+00 2.09255879909910e-02 
5.27038935279345e-01 1.05075763710365e+00 2.04919025870788e-02 
5.28924584421668e-01 1.02440979661868e+00 2.00606322920331e-02 
5.30810233563991e-01 9.98468479256964e-01 1.96320249050222e-02 
5.32695882706314e-01 9.72936621581389e-01 1.92063194971233e-02 
5.34581531848638e-01 9.47816785712553e-01 1.87837462703795e-02 
5.36467180990961e-01 9.23111164011483e-01 1.83645264373646e-02 
5.38352830133284e-01 8.98821584252560e-01 1.79488721210111e-02 
5.40238479275607e-01 8.74949515264646e-01 1.75369862744032e-02 
5.42124128417931e-01 8.51496073017746e-01 1.71290626201850e-02 
5.44009777560254e-01 8.28462027132022e-01 1.67252856091899e-02 
5.45895426702577e-01 8.05847807785470e-01 1.63258303978524e-02 
5.47781075844900e-01 7.83653512996193e-01 1.59308628439208e-02 
5.49666724987223e-01 7.61878916254913e-01 1.55405395199524e-02 
5.51552374129547e-01 7.40523474483122e-01 1.51550077440380e-02 
5.53438023271870e-01 7.19586336292145e-01 1.47744056271656e-02 
5.55323672414193e-01 6.99066350518326e-01 1.43988621366122e-02 
5.57209321556516e-01 6.78962075009547e-01 1.40284971747183e-02 
5.59094970698840e-01 6.59271785638395e-01 1.36634216723784e-02 
5.60980619841163e-01 6.39993485517439e-01 1.33037376965661e-02 
5.62866268983486e-01 6.21124914392312e-01 1.29495385711883e-02 
5.64751918125809e-01 6.02663558188573e-01 1.26009090105506e-02 
5.66637567268133e-01 5.84606658688706e-01 1.22579252647090e-02 
5.68523216410456e-01 5.66951223315982e-01 1.19206552759682e-02 
5.70408865552779e-01 5.49694035002430e-01 1.15891588457863e-02 
5.72294514695102e-01 5.32831662118632e-01 1.12634878113400e-02 
5.74180163837426e-01 5.16360468443664e-01 1.09436862310047e-02 
5.76065812979749e-01 5.00276623154095e-01 1.06297905780067e-02 
5.77951462122072e-01 4.84576110811623e-01 1.03218299415082e-02 
5.79837111264395e-01 4.69254741329596e-01 1.00198262343937e-02 
5.81722760406719e-01 4.54308159899418e-01 9.72379440703422e-03 
5.83608409549042e-01 4.39731856858569e-01 9.43374266631772e-03 
5.85494058691365e-01 4.25521177482752e-01 9.14967269924666e-03 
5.87379707833688e-01 4.11671331685491e-01 8.87157990041825e-03 
5.89265356976011e-01 3.98177403609304e-01 8.59945360271871e-03 
5.91151006118335e-01 3.85034361093432e-01 8.33327731058211e-03 
5.93036655260658e-01 3.72237065003919e-01 8.07302893518232e-03 
5.94922304402981e-01 3.59780278412726e-01 7.81868103094713e-03 
5.96807953545304e-01 3.47658675613406e-01 7.57020103280603e-03 
5.98693602687628e-01 3.35866850961700e-01 7.32755149360424e-03 
6.00579251829951e-01 3.24399327530338e-01 7.09069032114021e-03 
6.02464900972274e-01 3.13250565568113e-01 6.85957101430738e-03 
6.04350550114597e-01 3.02414970754192e-01 6.63414289784559e-03 
6.06236199256921e-01 2.91886902239456e-01 6.41435135523279e-03 
6.08121848399244e-01 2.81660680467479e-01 6.20013805927305e-03 
6.10007497541567e-01 2.71730594768582e-01 5.99144119996293e-03 
6.11893146683890e-01 2.62090910721193e-01 5.78819570924400e-03 
6.13778795826214e-01 2.52735877275519e-01 5.59033348227508e-03 
6.15664444968537e-01 2.43659733635321e-01 5.39778359488414e-03 
6.17550094110860e-01 2.34856715894272e-01 5.21047251688478e-03 
6.19435743253183e-01 2.26321063424165e-01 5.02832432096800e-03 
6.21321392395506e-01 2.18047025012865e-01 4.85126088690611e-03 
6.23207041537830e-01 2.10028864750620e-01 4.67920210082863e-03 
6.25092690680153e-01 2.02260867663943e-01 4.51206604935526e-03 
6.26978339822476e-01 1.94737345096938e-01 4.34976920839548e-03 
6.28863988964799e-01 1.87452639840487e-01 4.19222662644603e-03 
6.30749638107123e-01 1.80401131010310e-01 4.03935210224136e-03 
6.32635287249446e-01 1.73577238675419e-01 3.89105835663315e-03 
6.34520936391769e-01 1.66975428238992e-01 3.74725719859656e-03 
6.36406585534092e-01 1.60590214574183e-01 3.60785968528128e-03 
6.38292234676416e-01 1.54416165917799e-01 3.47277627604468e-03 
6.40177883818739e-01 1.48447907525216e-01 3.34191698042331e-03 
6.42063532961062e-01 1.42680125090274e-01 3.21519150001702e-03 
6.43949182103385e-01 1.37107567934260e-01 3.09250936427674e-03 
6.45834831245709e-01 1.31725051968404e-01 2.97378006020321e-03 
6.47720480388032e-01 1.26527462434625e-01 2.85891315597939e-03 
6.49606129530355e-01 1.21509756429526e-01 2.74781841857345e-03 
6.51491778672678e-01 1.16666965216899e-01 2.64040592536275e-03 
6.53377427815002e-01 1.11994196334197e-01 2.53658616984201e-03 
6.55263076957325e-01 1.07486635498648e-01 2.43627016149046e-03 
6.57148726099648e-01 1.03139548318844e-01 2.33936951988364e-03 
6.59034375241971e-01 9.89482818177697e-02 2.24579656314560e-03 
6.60920024384294e-01 9.49082657733988e-02 2.15546439084631e-03 
6.62805673526618e-01 9.10150138830308e-02 2.06828696145752e-03 
6.64691322668941e-01 8.72641247576664e-02 1.98417916448785e-03 
6.66576971811264e-01 8.36512827527502e-02 1.90305688742471e-03 
6.68462620953587e-01 8.01722586416594e-02 1.82483707761625e-03 
6.70348270095911e-01 7.68229101383310e-02 1.74943779923259e-03 
6.72233919238234e-01 7.35991822754285e-02 1.67677828544923e-03 
6.74119568380557e-01 7.04971076444276e-02 1.60677898600023e-03 
6.76005217522880e-01 6.75128065039761e-02 1.53936161025128e-03 
6.77890866665204e-01 6.46424867628355e-02 1.47444916594588e-03 
6.79776515807527e-01 6.18824438436534e-02 1.41196599377974e-03 
6.81662164949850e-01 5.92290604337455e-02 1.35183779795967e-03 
6.83547814092173e-01 5.66788061289833e-02 1.29399167290450e-03 
6.85433463234496e-01 5.42282369767873e-02 1.23835612624582e-03 
6.87319112376820e-01 5.18739949241239e-02 1.18486109828622e-03 
6.89204761519143e-01 4.96128071762913e-02 1.13343797807216e-03 
6.91090410661466e-01 4.74414854721563e-02 1.08401961623798e-03 
6.92976059803790e-01 4.53569252813761e-02 1.03654033477562e-03 
6.94861708946113e-01 4.33561049290065e-02 9.90935933883724e-04 
6.96747358088436e-01 4.14360846527524e-02 9.47143696047049e-04 
6.98633007230759e-01 3.95940055979736e-02 9.05102387495353e-04 
7.00518656373082e-01 3.78270887554083e-02 8.64755800256996e-04 
7.02404305515406e-01 3.61326686316752e-02 8.26046254163077e-04 
7.04289954657729e-01 3.45081269762919e-02 7.88914005742289e-04 
7.06175603800052e-01 3.29509113735108e-02 7.53302824415682e-04 
7.08061252942375e-01 3.14585450901127e-02 7.19158719371696e-04 
7.09946902084699e-01 3.00286257562346e-02 6.86429158349436e-04 
7.11832551227022e-01 2.86588240174697e-02 6.55063053682318e-04 
7.13718200369345e-01 2.73468821620062e-02 6.25010746857312e-04 
7.15603849511668e-01 2.60906127264103e-02 5.96223991706692e-04 
7.17489498653992e-01 2.48878970834969e-02 5.68655936345126e-04 
7.19375147796315e-01 2.37366840155693e-02 5.42261103960833e-04 
7.21260796938638e-01 2.26349882761554e-02 5.16995372565594e-04 
7.23146446080961e-01 2.15808891432057e-02 4.92815953804147e-04 
7.25032095223284e-01 2.05725289665698e-02 4.69681370919510e-04 
7.26917744365608e-01 1.96081117124138e-02 4.47551435966579e-04 
7.28803393507931e-01 1.86859015070927e-02 4.26387226362368e-04 
7.30689042650254e-01 1.78042211828480e-02 4.06151060857131e-04 
7.32574691792577e-01 1.69614508275580e-02 3.86806475006661e-04 
7.34460340934901e-01 1.61560263406292e-02 3.68318196222089e-04 
7.36345990077224e-01 1.53864379969833e-02 3.50652118469604e-04 
7.38231639219547e-01 1.46512290209630e-02 3.33775276688730e-04 
7.40117288361870e-01 1.39489941718523e-02 3.17655820993981e-04 
7.42002937504194e-01 1.32783783425840e-02 3.02262990721147e-04 
7.43888586646517e-01 1.26380751730878e-02 2.87567088375781e-04 
7.45774235788840e-01 1.20268256796182e-02 2.73539453538001e-04 
7.47659884931163e-01 1.14434169012887e-02 2.60152436774371e-04 
7.49545534073487e-01 1.08866805649339e-02 2.47379373604264e-04 
7.51431183215810e-01 1.03554917693178e-02 2.35194558564936e-04 
7.53316832358133e-01 9.84876768960711e-03 2.23573219416447e-04 
7.55202481500456e-01 9.36546630293670e-03 2.12491491524578e-04 
7.57088130642779e-01 8.90458513580153e-03 2.01926392456987e-04 
7.58973779785103e-01 8.46516003392486e-03 1.91855796825123e-04 
7.60859428927426e-01 8.04626395517030e-03 1.82258411401684e-04 
7.62745078069749e-01 7.64700578598706e-03 1.73113750540895e-04 
7.64630727212072e-01 7.26652918180375e-03 1.64402111926410e-04 
7.66516376354396e-01 6.90401143171590e-03 1.56104552669290e-04 
7.68402025496719e-01 6.55866234774592e-03 1.48202865776283e-04 
7.70287674639042e-01 6.22972317889126e-03 1.40679557006495e-04 
7.72173323781365e-01 5.91646555011774e-03 1.33517822132493e-04 
7.74058972923689e-01 5.61819042639875e-03 1.26701524619984e-04 
7.75944622066012e-01 5.33422710184955e-03 1.20215173738345e-04 
7.77830271208335e-01 5.06393221395606e-03 1.14043903112571e-04 
7.79715920350658e-01 4.80668878285271e-03 1.08173449725573e-04 
7.81601569492982e-01 4.56190527556039e-03 1.02590133378203e-04 
7.83487218635305e-01 4.32901469505672e-03 9.72808366129206e-05 
7.85372867777628e-01 4.10747369401343e-03 9.22329851056886e-05 
7.87258516919951e-01 3.89676171300217e-03 8.74345285293542e-05 
7.89144166062275e-01 3.69638014293859e-03 8.28739218906224e-05 
7.91029815204598e-01 3.50585151150574e-03 7.85401073415794e-05 
7.92915464346921e-01 3.32471869327169e-03 7.44224964656979e-05 
7.94801113489244e-01 3.15254414319256e-03 7.05109530372874e-05 
7.96686762631567e-01 2.98890915316996e-03 6.67957762524597e-05 
7.98572411773891e-01 2.83341313131311e-03 6.32676844288524e-05 
8.00458060916214e-01 2.68567290353765e-03 5.99177991705943e-05 
8.02343710058537e-01 2.54532203711838e-03 5.67376299942982e-05 
8.04229359200860e-01 2.41201018579894e-03 5.37190594112343e-05 
8.06115008343184e-01 2.28540245604983e-03 5.08543284602520e-05 
8.08000657485507e-01 2.16517879405590e-03 4.81360226854941e-05 
8.09886306627830e-01 2.05103339300561e-03 4.55570585524786e-05 
8.11771955770153e-01 1.94267412024713e-03 4.31106702956944e-05 
8.13657604912477e-01 1.83982196387082e-03 4.07903971904805e-05 
8.15543254054800e-01 1.74221049827267e-03 3.85900712416315e-05 
8.17428903197123e-01 1.64958536825010e-03 3.65038052808710e-05 
8.19314552339446e-01 1.56170379117968e-03 3.45259814650903e-05 
8.21200201481770e-01 1.47833407682464e-03 3.26512401670313e-05 
8.23085850624093e-01 1.39925516432031e-03 3.08744692499136e-05 
8.24971499766416e-01 1.32425617588640e-03 2.91907937173580e-05 
8.26857148908739e-01 1.25313598681652e-03 2.75955657298403e-05 
8.28742798051063e-01 1.18570281129787e-03 2.60843549788215e-05 
8.30628447193386e-01 1.12177380361725e-03 2.46529394096406e-05 
8.32514096335709e-01 1.06117467431318e-03 2.32972962842129e-05 
8.34399745478032e-01 1.00373932083865e-03 2.20135935745695e-05 
8.36285394620355e-01 9.49309472303639e-04 2.07981816782749e-05 
8.38171043762679e-01 8.97734347872431e-04 1.96475854467870e-05 
8.40056692905002e-01 8.48870328396328e-04 1.85584965178683e-05 
8.41942342047325e-01 8.02580640869004e-04 1.75277659432193e-05 
8.43827991189648e-01 7.58735055298295e-04 1.65523971025758e-05 
8.45713640331972e-01 7.17209593595309e-04 1.56295388956070e-05 
8.47599289474295e-01 6.77886250089066e-04 1.47564792030465e-05 
8.49484938616618e-01 6.40652723282418e-04 1.39306386086074e-05 
8.51370587758941e-01 6.05402158472794e-04 1.31495643733506e-05 
8.53256236901265e-01 5.72032900869249e-04 1.24109246543095e-05 
8.55141886043588e-01 5.40448258845407e-04 1.17125029593126e-05 
8.57027535185911e-01 5.10556276976092e-04 1.10521928300937e-05 
8.58913184328234e-01 4.82269518513746e-04 1.04279927459309e-05 
8.60798833470558e-01 4.55504856969109e-04 9.83800124021225e-06 
8.62684482612881e-01 4.30183276469054e-04 9.28041222249195e-06 
8.64570131755204e-01 4.06229680572875e-04 8.75351049876178e-06 
8.66455780897527e-01 3.83572709236808e-04 8.25566748283568e-06 
8.68341430039850e-01 3.62144563624920e-04 7.78533709191390e-06 
8.70227079182174e-01 3.41880838472943e-04 7.34105181956702e-06 
8.72112728324497e-01 3.22720361719917e-04 6.92141897955462e-06 
8.73998377466820e-01 3.04605041130780e-04 6.52511711406680e-06 
8.75884026609143e-01 2.87479717641246e-04 6.15089256015274e-06 
8.77769675751467e-01 2.71292025164399e-04 5.79755616827502e-06 
8.79655324893790e-01 2.55992256606409e-04 5.46398016710173e-06 
8.81540974036113e-01 2.41533235846704e-04 5.14909516882237e-06 
8.83426623178436e-01 2.27870195445656e-04 4.85188730944415e-06 
8.85312272320760e-01 2.14960659850517e-04 4.57139551869599e-06 
8.87197921463083e-01 2.02764333877811e-04 4.30670891433554e-06 
8.89083570605406e-01 1.91242996257807e-04 4.05696431581995e-06 
8.90969219747729e-01 1.80360398033858e-04 3.82134387246514e-06 
8.92854868890052e-01 1.70082165616532e-04 3.59907280137890e-06 
8.94740518032376e-01 1.60375708299343e-04 3.38941723061167e-06 
8.96626167174699e-01 1.51210130049671e-04 3.19168214312372e-06 
8.98511816317022e-01 1.42556145395064e-04 3.00520941732012e-06 
9.00397465459346e-01 1.34385999231594e-04 2.82937596005367e-06 
9.02283114601669e-01 1.26673390387175e-04 2.66359192814183e-06 
9.04168763743992e-01 1.19393398778943e-04 2.50729903458666e-06 
9.06054412886315e-01 1.12522416009719e-04 2.35996893582539e-06 
9.07940062028638e-01 1.06038079254389e-04 2.22110169647525e-06 
9.09825711170962e-01 9.99192082927008e-05 2.09022432816870e-06 
9.11711360313285e-01 9.41457455504233e-05 1.96688939920350e-06 
9.13597009455608e-01 8.86986990161675e-05 1.85067371185774e-06 
9.15482658597931e-01 8.35600879063100e-05 1.74117704434159e-06 
9.17368307740255e-01 7.87128909554774e-05 1.63802095447597e-06 
9.19253956882578e-01 7.41409972148951e-05 1.54084764230285e-06 
9.21139606024901e-01 6.98291592456058e-05 1.44931886894366e-06 
9.23025255167224e-01 6.57629485981075e-05 1.36311492912976e-06 
9.24910904309548e-01 6.19287134743599e-05 1.28193367493392e-06 
9.26796553451871e-01 5.83135384723629e-05 1.20548958833252e-06 
9.28682202594194e-01 5.49052063176165e-05 1.13351290032626e-06 
9.30567851736517e-01 5.16921614897450e-05 1.06574875444183e-06 
9.32453500878840e-01 4.86634756563979e-05 1.00195641252813e-06 
9.34339150021164e-01 4.58088148302366e-05 9.41908500849207e-07 
9.36224799163487e-01 4.31184081683841e-05 8.85390294561030e-07 
9.38110448305810e-01 4.05830183371499e-05 8.32199038741385e-07 
9.39996097448134e-01 3.81939133681567e-05 7.82143304221522e-07 
9.41881746590457e-01 3.59428399351848e-05 7.35042376544321e-07 
9.43767395732780e-01 3.38219979841202e-05 6.90725676447292e-07 
9.45653044875103e-01 3.18240166513516e-05 6.49032210339466e-07 
9.47538694017426e-01 2.99419314088000e-05 6.09810049309288e-07 
9.49424343159750e-01 2.81691623765034e-05 5.72915835266042e-07 
9.51309992302073e-01 2.64994937463028e-05 5.38214312880258e-07 
9.53195641444396e-01 2.49270542627035e-05 5.05577886049021e-07 
9.55081290586719e-01 2.34462987094090e-05 4.74886197670093e-07 
9.56966939729043e-01 2.20519903523545e-05 4.46025731564569e-07 
9.58852588871366e-01 2.07391842923002e-05 4.18889435441182e-07 
9.60738238013689e-01 1.95032116821900e-05 3.93376363846724e-07 
9.62623887156012e-01 1.83396647665358e-05 3.69391340096228e-07 
9.64509536298336e-01 1.72443827020626e-05 3.46844636223673e-07 
9.66395185440659e-01 1.62134381207339e-05 3.25651670039192e-07 
9.68280834582982e-01 1.52431243980925e-05 3.05732718421990e-07 
9.70166483725305e-01 1.43299435915837e-05 2.87012646019595e-07 
9.72052132867628e-01 1.34705950151881e-05 2.69420648563768e-07 
9.73937782009952e-01 1.26619644182826e-05 2.52890010051259e-07 
9.75823431152275e-01 1.19011137381676e-05 2.37357873073904e-07 
9.77709080294598e-01 1.11852713971545e-05 2.22765021617282e-07 
9.79594729436921e-01 1.05118231165003e-05 2.09055675680241e-07 
9.81480378579245e-01 9.87830322080504e-06 1.96177297099331e-07 
9.83366027721568e-01 9.28238640776177e-06 1.84080405992431e-07 
9.85251676863891e-01 8.72187995936256e-06 1.72718407264756e-07 
9.87137326006214e-01 8.19471637182703e-06 1.62047426648004e-07 
9.89022975148538e-01 7.69894638262769e-06 1.52026155769765e-07 
9.90908624290861e-01 7.23273237404602e-06 1.42615705775395e-07 
9.92794273433184e-01 6.79434213370400e-06 1.33779469048551e-07 
9.94679922575507e-01 6.38214295348053e-06 1.25482988599410e-07 
9.96565571717831e-01 5.99459604914261e-06 1.17693834711379e-07 
9.98451220860154e-01 5.63025128389937e-06 1.10381488457863e-07 
1.00033687000248e+00 5.28774217992402e-06 1.03529051234682e-07 
1.00222251914480e+00 4.96580799781645e-06 9.71125114908307e-08 
1.00410816828712e+00 4.66324229733542e-06 9.10936475541154e-08 
1.00599381742945e+00 4.37889543720095e-06 8.54434523072926e-08 
1.00787946657177e+00 4.11168496869491e-06 8.01396447201859e-08 
1.00976511571409e+00 3.86059177803558e-06 7.51612697777213e-08 
1.01165076485642e+00 3.62465644563284e-06 7.04886209625601e-08 
1.01353641399874e+00 3.40297581033167e-06 6.61031671749564e-08 
1.01542206314106e+00 3.19469972738381e-06 6.19874838421671e-08 
1.01730771228339e+00 2.99902800948801e-06 5.81251879831486e-08 
1.01919336142571e+00 2.81520754080826e-06 5.45008770069757e-08 
1.02107901056803e+00 2.64252955441993e-06 5.11000710354636e-08 
1.02296465971036e+00 2.48032706414550e-06 4.79091585518883e-08 
1.02485030885268e+00 2.32797244222751e-06 4.49153451885117e-08 
1.02673595799500e+00 2.18487513474689e-06 4.21066054758624e-08 
1.02862160713733e+00 2.05047950713140e-06 3.94716373864333e-08 
1.03050725627965e+00 1.92426281251249e-06 3.69998195146397e-08 
1.03239290542197e+00 1.80573327608167e-06 3.46811707435920e-08 
1.03427855456430e+00 1.69442828896842e-06 3.25063122574789e-08 
1.03616420370662e+00 1.58991270551461e-06 3.04664317661536e-08 
1.03804985284894e+00 1.49177723815338e-06 2.85532498159057e-08 
1.03993550199127e+00 1.39963694441694e-06 2.67589880673915e-08 
1.04182115113359e+00 1.31312980089692e-06 2.50763394283080e-08 
1.04370680027591e+00 1.23191535926439e-06 2.34984399346569e-08 
1.04559244941823e+00 1.15567347972518e-06 2.20188422803647e-08 
1.04747809856056e+00 1.08410313754027e-06 2.06314909006288e-08 
1.04936374770288e+00 1.01692129848170e-06 1.93306985196561e-08 
1.05124939684520e+00 9.53861859322099e-07 1.81111240784710e-08 
1.05313504598753e+00 8.94674649671654e-07 1.69677519632085e-08 
1.05502069512985e+00 8.39124491680204e-07 1.58958724587875e-08 
1.05690634427217e+00 7.86990314315325e-07 1.48910633570939e-08 
1.05879199341450e+00 7.38064319109822e-07 1.39491726528056e-08 
1.06067764255682e+00 6.92151194444848e-07 1.30663022637760e-08 
1.06256329169914e+00 6.49067375598354e-07 1.22387927164668e-08 
1.06444894084147e+00 6.08640347943100e-07 1.14632087402997e-08 
1.06633458998379e+00 5.70707990824699e-07 1.07363257179880e-08 
1.06822023912611e+00 5.35117959788377e-07 1.00551169419237e-08 
1.07010588826844e+00 5.01727104953851e-07 9.41674162954600e-09 
1.07199153741076e+00 4.70400923461283e-07 8.81853365330420e-09 
1.07387718655308e+00 4.41013044028103e-07 8.25799094336886e-09 
1.07576283569541e+00 4.13444741766863e-07 7.73276552364562e-09 
1.07764848483773e+00 3.87584481518670e-07 7.24065414390798e-09 
1.07953413398005e+00 3.63327488055328e-07 6.77958947300475e-09 
1.08141978312238e+00 3.40575341596484e-07 6.34763182011547e-09 
1.08330543226470e+00 3.19235597176146e-07 5.94296135293153e-09 
1.08519108140702e+00 2.99221426476043e-07 5.56387078343870e-09 
1.08707673054935e+00 2.80451280821906e-07 5.20875849367269e-09 
1.08896237969167e+00 2.62848574112917e-07 4.87612207541941e-09 
1.09084802883399e+00 2.46341384524654e-07 4.56455225934201e-09 
1.09273367797632e+00 2.30862173892045e-07 4.27272721044058e-09 
1.09461932711864e+00 2.16347523741300e-07 3.99940716809453e-09 
1.09650497626096e+00 2.02737886998818e-07 3.74342941020397e-09 
1.09839062540329e+00 1.89977354460725e-07 3.50370352214176e-09 
1.10027627454561e+00 1.78013435159303e-07 3.27920695235460e-09 
1.10216192368793e+00 1.66796849812164e-07 3.06898083751401e-09 
1.10404757283026e+00 1.56281336586876e-07 2.87212608111939e-09 
1.10593322197258e+00 1.46423468457935e-07 2.68779967039978e-09 
1.10781887111490e+00 1.37182481474686e-07 2.51521121725051e-09 
1.10970452025722e+00 1.28520113298135e-07 2.35361970978049e-09 
1.11159016939955e+00 1.20400451401742e-07 2.20233046183535e-09 
1.11347581854187e+00 1.12789790366269e-07 2.06069224860750e-09 
1.11536146768419e+00 1.05656497731837e-07 1.92809461714546e-09 
1.11724711682652e+00 9.89708879014667e-08 1.80396536123618e-09 
1.11913276596884e+00 9.27051036197816e-08 1.68776815075732e-09 
1.12101841511116e+00 8.68330045782655e-08 1.57900030618291e-09 
1.12290406425349e+00 8.13300627245894e-08 1.47719070947865e-09 
1.12478971339581e+00 7.61732638781672e-08 1.38189784314380e-09 
1.12667536253813e+00 7.13410152773262e-08 1.29270794964667e-09 
1.12856101168046e+00 6.68130587053762e-08 1.20923330396242e-09 
1.13044666082278e+00 6.25703888635055e-08 1.13111059235645e-09 
1.13233230996510e+00 5.85951766778847e-08 1.05799939096596e-09 
1.13421795910743e+00 5.48706972466996e-08 9.89580738117468e-10 
1.13610360824975e+00 5.13812621501139e-08 9.25555794680714e-10 
1.13798925739207e+00 4.81121558624478e-08 8.65644587100579e-10 
1.13987490653440e+00 4.50495760212014e-08 8.09584828070113e-10 
1.14176055567672e+00 4.21805773220110e-08 7.57130810109959e-10 
1.14364620481904e+00 3.94930188222440e-08 7.08052367603916e-10 
1.14553185396137e+00 3.69755144487692e-08 6.62133903108196e-10 
1.14741750310369e+00 3.46173865175277e-08 6.19173474003693e-10 
1.14930315224601e+00 3.24086220839081e-08 5.78981935797551e-10 
1.15118880138834e+00 3.03398319536562e-08 5.41382138603275e-10 
1.15307445053066e+00 2.84022121941424e-08 5.06208173538214e-10 
1.15496009967298e+00 2.65875079953188e-08 4.73304665974525e-10 
1.15684574881531e+00 2.48879797386521e-08 4.42526112765193e-10 
1.15873139795763e+00 2.32963711407443e-08 4.13736260741056e-10 
1.16061704709995e+00 2.18058793462935e-08 3.86807523938915e-10 
1.16250269624228e+00 2.04101268525131e-08 3.61620437174914e-10 
1.16438834538460e+00 1.91031351541643e-08 3.38063143722497e-10 
1.16627399452692e+00 1.78793000049735e-08 3.16030914990511e-10 
1.16815964366925e+00 1.67333681974384e-08 2.95425700225223e-10 
1.17004529281157e+00 1.56604157688884e-08 2.76155704380468e-10 
1.17193094195389e+00 1.46558275471845e-08 2.58134992413417e-10 
1.17381659109621e+00 1.37152779546351e-08 2.41283118369850e-10 
1.17570224023854e+00 1.28347129935901e-08 2.25524777722876e-10 
1.17758788938086e+00 1.20103333417739e-08 2.10789481523019e-10 
1.17947353852318e+00 1.12385784897397e-08 1.97011251005942e-10 
1.18135918766551e+00 1.05161118569007e-08 1.84128331387043e-10 
1.18324483680783e+00 9.83980682641532e-09 1.72082923650172e-10 
1.18513048595015e+00 9.20673364280899e-09 1.60820933210954e-10 
1.18701613509248e+00 8.61414711959763e-09 1.50291734404034e-10 
1.18890178423480e+00 8.05947510736363e-09 1.40447949808214e-10 
1.19078743337712e+00 7.54030767573017e-09 1.31245243484168e-10 
1.19267308251945e+00 7.05438696549585e-09 1.22642127256459e-10 
1.19455873166177e+00 6.59959766983989e-09 1.14599779225165e-10 
1.19644438080409e+00 6.17395810599827e-09 1.07081873742689e-10 
1.19833002994642e+00 5.77561184115231e-09 1.00054422138616e-10 
1.20021567908874e+00 5.40281983847242e-09 9.34801397867315e-11 
1.20210132823106e+00 5.05394507079809e-09 8.73271605843438e-11 
1.20398697737339e+00 4.72745861390645e-09 8.15738867896973e-11 
1.20587262651571e+00 4.42193360542588e-09 7.61974471441339e-11 
1.20775827565803e+00 4.13603342529353e-09 7.11733187841801e-11 
1.20964392480036e+00 3.86850603721287e-09 6.64785631840834e-11 
1.21152957394268e+00 3.61817868150104e-09 6.20917246262228e-11 
1.21341522308500e+00 3.38395289774422e-09 5.79927351183530e-11 
1.21530087222733e+00 3.16479985698772e-09 5.41628253525854e-11 
1.21718652136965e+00 2.95975598441838e-09 5.05844413261596e-11 
1.21907217051197e+00 2.76791885465406e-09 4.72411662676752e-11 
1.22095781965430e+00 2.58844334284248e-09 4.41176475346100e-11 
1.22284346879662e+00 2.42053801579445e-09 4.11995281687630e-11 
1.22472911793894e+00 2.26346174833748e-09 3.84733828157792e-11 
1.22661476708127e+00 2.11652055097932e-09 3.59266577332438e-11 
1.22850041622359e+00 1.97906459581995e-09 3.35476146290290e-11 
1.23038606536591e+00 1.85048542844851e-09 3.13252780877149e-11 
1.23227171450824e+00 1.73021335431154e-09 2.92493863580488e-11 
1.23415736365056e+00 1.61771498874337e-09 2.73103452886161e-11 
1.23604301279288e+00 1.51249096051180e-09 2.54991852122276e-11 
1.23792866193520e+00 1.41407375935394e-09 2.38075205920287e-11 
1.23981431107753e+00 1.32202571856180e-09 2.22275122540737e-11 
1.24169996021985e+00 1.23593712422592e-09 2.07518320421085e-11 
1.24358560936217e+00 1.15542444326119e-09 1.93736297406303e-11 
1.24547125850450e+00 1.08012866282352e-09 1.80865021219701e-11 
1.24735690764682e+00 1.00971373418076e-09 1.68844639822271e-11 
1.24924255678914e+00 9.43865114528883e-10 1.57619210393964e-11 
1.25112820593147e+00 8.82288400645496e-10 1.47136445750183e-11 
1.25301385507379e+00 8.24708048649935e-10 1.37347477081603e-11 
1.25489950421611e+00 7.70866174492788e-10 1.28206631975692e-11 
1.25678515335844e+00 7.20521430130243e-10 1.19671226744080e-11 
1.25867080250076e+00 6.73447950650533e-10 1.11701372141644e-11 
1.26055645164308e+00 6.29434367912775e-10 1.04259791621024e-11 
1.26244210078541e+00 5.88282886533449e-10 9.73116513205287e-12 
1.26432774992773e+00 5.49808418314007e-10 9.08244010341944e-12 
1.26621339907005e+00 5.13837771445404e-10 8.47676254604284e-12 
1.26809904821238e+00 4.80208891052868e-10 7.91129050703111e-12 
1.26998469735470e+00 4.48770147857734e-10 7.38336859784852e-12 
1.27187034649702e+00 4.19379671933560e-10 6.89051582387834e-12 
1.27375599563935e+00 3.91904728721863e-10 6.43041420235023e-12 
1.27564164478167e+00 3.66221134649261e-10 6.00089811796628e-12 
1.27752729392399e+00 3.42212709853485e-10 5.59994436878756e-12 
1.27941294306632e+00 3.19770765681133e-10 5.22566285796645e-12 
1.28129859220864e+00 2.98793624765860e-10 4.87628788974270e-12 
1.28318424135096e+00 2.79186171632543e-10 4.55017003077543e-12 
1.28506989049329e+00 2.60859431901329e-10 4.24576850036944e-12 
1.28695553963561e+00 2.43730178285903e-10 3.96164405548282e-12 
1.28884118877793e+00 2.27720561693301e-10 3.69645233858500e-12 
1.29072683792026e+00 2.12757765838583e-10 3.44893765847765e-12 
1.29261248706258e+00 1.98773683887071e-10 3.21792717610446e-12 
1.29449813620490e+00 1.85704615730142e-10 3.00232546916866e-12 
1.29638378534723e+00 1.73490984587987e-10 2.80110945105562e-12 
1.29826943448955e+00 1.62077071714796e-10 2.61332362113005e-12 
1.30015508363187e+00 1.51410768058758e-10 2.43820435622663e-12 
1.30204073277419e+00 1.41443496951041e-10 2.27497806587421e-12 
1.30392638191652e+00 1.32129757397832e-10 2.12271685314382e-12 
1.30581203105884e+00 1.23426883927872e-10 1.98060839779524e-12 
1.30769768020116e+00 1.15294983343572e-10 1.84797845887508e-12 
1.30958332934349e+00 1.07696755514981e-10 1.72419737315697e-12 
1.31146897848581e+00 1.00597325692525e-10 1.60867712218313e-12 
1.31335462762813e+00 9.39640876027786e-11 1.50086859124652e-12 
1.31524027677046e+00 8.77665566381268e-11 1.40025900782660e-12 
1.31712592591278e+00 8.19762324949791e-11 1.30636954779866e-12 
1.31901157505510e+00 7.65664706561327e-11 1.21875309849228e-12 
1.32089722419743e+00 7.15123621513062e-11 1.13699216838073e-12 
1.32278287333975e+00 6.67906210658333e-11 1.06069693384507e-12 
1.32466852248207e+00 6.23794793012153e-11 9.89503414075243e-13 
1.32655417162440e+00 5.82585881228139e-11 9.23071765749403e-13 
1.32843982076672e+00 5.44089260595474e-11 8.61084689675133e-13 
1.33032546990904e+00 5.08127127481701e-11 8.03245942082452e-13 
1.33221111905137e+00 4.74533283406803e-11 7.49278943733284e-13 
1.33409676819369e+00 4.43152381177172e-11 6.98925480455603e-13 
1.33598241733601e+00 4.13839219735936e-11 6.51944489125661e-13 
1.33786806647834e+00 3.86458084599450e-11 6.08110923509966e-13 
1.33975371562066e+00 3.60882130949634e-11 5.67214694742061e-13 
1.34163936476298e+00 3.36992806639026e-11 5.29059681548914e-13 
1.34352501390531e+00 3.14679312540726e-11 4.93462805659614e-13 
1.34541066304763e+00 2.93838097839587e-11 4.60253168126360e-13 
1.34729631218995e+00 2.74372388014781e-11 4.29271242565872e-13 
1.34918196133228e+00 2.56191743407841e-11 4.00368121589428e-13 
1.35106761047460e+00 2.39211646405134e-11 3.73404812932947e-13 
1.35295325961692e+00 2.23353115389961e-11 3.48251582026119e-13 
1.35483890875925e+00 2.08542343737719e-11 3.24787337952268e-13 
1.35672455790157e+00 1.94710362238263e-11 3.02899059949654e-13 
1.35861020704389e+00 1.81792723433239e-11 2.82481261790943e-13 
1.36049585618622e+00 1.69729206453217e-11 2.63435491551596e-13 
1.36238150532854e+00 1.58463541030303e-11 2.45669864440572e-13 
1.36426715447086e+00 1.47943149446966e-11 2.29098626518904e-13 
1.36615280361318e+00 1.38118905261455e-11 2.13641747273912e-13 
1.36803845275551e+00 1.28944907724723e-11 1.99224539149817e-13 
1.36992410189783e+00 1.20378270873559e-11 1.85777302259859e-13 
1.37180975104015e+00 1.12378926349958e-11 1.73234992621262e-13 
1.37369540018248e+00 1.04909439057900e-11 1.61536912363053e-13 
1.37558104932480e+00 9.79348348259603e-12 1.50626420458363e-13 
1.37746669846712e+00 9.14224392977177e-12 1.40450662627797e-13 
1.37935234760945e+00 8.53417273221043e-12 1.30960319149260e-13 
1.38123799675177e+00 7.96641821627419e-12 1.22109369392578e-13 
1.38312364589409e+00 7.43631638892498e-12 1.13854871974901e-13 
1.38500929503642e+00 6.94137863546067e-12 1.06156759505314e-13 
1.38689494417874e+00 6.47928022011224e-12 9.89776469549147e-14 
1.38878059332106e+00 6.04784953735741e-12 9.22826527519217e-14 
1.39066624246339e+00 5.64505806517513e-12 8.60392317606260e-14 
1.39255189160571e+00 5.26901097461778e-12 8.02170193582986e-14 
1.39443754074803e+00 4.91793835302806e-12 7.47876858759015e-14 
1.39632318989036e+00 4.59018700098749e-12 6.97248007167748e-14 
1.39820883903268e+00 4.28421276566653e-12 6.50037055126383e-14 
1.40009448817500e+00 3.99857337566259e-12 6.06013957184535e-14 
1.40198013731733e+00 3.73192174467344e-12 5.64964100871333e-14 
1.40386578645965e+00 3.48299971346858e-12 5.26687275019413e-14 
1.40575143560197e+00 3.25063220160073e-12 4.90996706788585e-14 
1.40763708474430e+00 3.03372174215055e-12 4.57718162833829e-14 
1.40952273388662e+00 2.83124337453031e-12 4.26689110362841e-14 
1.41140838302894e+00 2.64223987199236e-12 3.97757934109286e-14 
1.41329403217127e+00 2.46581728200433e-12 3.70783205510450e-14 
1.41517968131359e+00 2.30114075907062e-12 3.45633000623117e-14 
1.41706533045591e+00 2.14743067090649e-12 3.22184263540669e-14 
1.41895097959824e+00 2.00395896011155e-12 3.00322212288373e-14 
1.42083662874056e+00 1.87004574464995e-12 2.79939784373806e-14 
1.42272227788288e+00 1.74505614153015e-12 2.60937119356159e-14 
1.42460792702521e+00 1.62839729909212e-12 2.43221075972617e-14 
1.42649357616753e+00 1.51951562425976e-12 2.26704781523040e-14 
1.42837922530985e+00 1.41789419200394e-12 2.11307211366431e-14 
1.43026487445217e+00 1.32305032509243e-12 1.96952796524842e-14 
1.43215052359450e+00 1.23453333297960e-12 1.83571057523287e-14 
1.43403617273682e+00 1.15192239941511e-12 1.71096262718248e-14 
1.43592182187914e+00 1.07482460903018e-12 1.59467109483276e-14 
1.43780747102147e+00 1.00287310379531e-12 1.48626426728426e-14 
1.43969312016379e+00 9.35725360837134e-13 1.38520897331357e-14 
1.44157876930611e+00 8.73061583657641e-13 1.29100799152337e-14 
1.44346441844844e+00 8.14583199318569e-13 1.20319763393563e-14 
1.44535006759076e+00 7.60011454639018e-13 1.12134549145570e-14 
1.44723571673308e+00 7.09086104908773e-13 1.04504833040380e-14 
1.44912136587541e+00 6.61564189044183e-13 9.73930130028676e-15 
1.45100701501773e+00 6.17218885510469e-13 9.07640251588651e-15 
1.45289266416005e+00 5.75838443705448e-13 8.45851730211734e-15 
1.45477831330238e+00 5.37225185846624e-13 7.88259681330945e-15 
1.45666396244470e+00 5.01194574728006e-13 7.34579814037119e-15 
1.45854961158702e+00 4.67574343016234e-13 6.84547044201274e-15 
1.46043526072935e+00 4.36203680039145e-13 6.37914200694599e-15 
1.46232090987167e+00 4.06932472284899e-13 5.94450818478629e-15 
1.46420655901399e+00 3.79620594077552e-13 5.53942012753091e-15 
1.46609220815632e+00 3.54137245126555e-13 5.16187428736373e-15 
1.46797785729864e+00 3.30360331864132e-13 4.81000262015273e-15 
1.46986350644096e+00 3.08175889686858e-13 4.48206344738359e-15 
1.47174915558329e+00 2.87477543406889e-13 4.17643293242622e-15 
1.47363480472561e+00 2.68166003395103e-13 3.89159712997315e-15 
1.47552045386793e+00 2.50148595063649e-13 3.62614457023708e-15 
1.47740610301026e+00 2.33338819489833e-13 3.37875934205964e-15 
1.47929175215258e+00 2.17655943127654e-13 3.14821464147777e-15 
1.48117740129490e+00 2.03024614688172e-13 2.93336675452894e-15 
1.48306305043723e+00 1.89374507396010e-13 2.73314944516306e-15 
1.48494869957955e+00 1.76639984947098e-13 2.54656872107638e-15 
1.48683434872187e+00 1.64759789602926e-13 2.37269795210016e-15 
1.48871999786420e+00 1.53676750959434e-13 2.21067331747387e-15 
1.49060564700652e+00 1.43337514024898e-13 2.05968955991627e-15 
1.49249129614884e+00 1.33692285330987e-13 1.91899602588552e-15 
1.49437694529117e+00 1.24694595885191e-13 1.78789297279959e-15 
1.49626259443349e+00 1.16301079851258e-13 1.66572812527520e-15 
1.49814824357581e+00 1.08471267917641e-13 1.55189346364561e-15 
1.50003389271813e+00 1.01167394382447e-13 1.44594556167290e-15 
1.50191954186046e+00 9.43543260851402e-14 1.34743740196463e-15 
1.50380519100278e+00 8.79992475462013e-14 1.25572705357647e-15 
1.50569084014510e+00 8.20714308475044e-14 1.17024804574976e-15 
1.50757648928743e+00 7.65422054985382e-14 1.09057775629928e-15 
1.50946213842975e+00 7.13848209766571e-14 1.01632217062851e-15 
1.51134778757207e+00 6.65743184301029e-14 9.47113949251104e-16 
1.51323343671440e+00 6.20874109345241e-14 8.82610625567160e-16 
1.51511908585672e+00 5.79023717341228e-14 8.22492925135549e-16 
1.51700473499904e+00 5.39989299362963e-14 7.66463198270601e-16 
1.51889038414137e+00 5.03581731638822e-14 7.14243958339940e-16 
1.52077603328369e+00 4.69624567020189e-14 6.65576518651729e-16 
1.52266168242601e+00 4.37953187073670e-14 6.20219721296885e-16 
1.52454733156834e+00 4.08414010761323e-14 5.77948751757200e-16 
1.52643298071066e+00 3.80863755941253e-14 5.38554033505880e-16 
1.52831862985298e+00 3.55168750171160e-14 5.01840197214643e-16 
1.53020427899531e+00 3.31204287531062e-14 4.67625119543330e-16 
1.53208992813763e+00 3.08854028399570e-14 4.35739026825493e-16 
1.53397557727995e+00 2.88009439321829e-14 4.06023659278269e-16 
1.53586122642228e+00 2.68569270297419e-14 3.78331491658692e-16 
1.53774687556460e+00 2.50439066994127e-14 3.52525006562677e-16 
1.53963252470692e+00 2.33530715559328e-14 3.28476016818609e-16 
1.54151817384925e+00 2.17762017855533e-14 3.06065033666072e-16 
1.54340382299157e+00 2.03056295091233e-14 2.85180677632819e-16 
1.54528947213389e+00 1.89342017953129e-14 2.65719129230700e-16 
1.54717512127622e+00 1.76552461471858e-14 2.47583616785006e-16 
1.54906077041854e+00 1.64625382970973e-14 2.30683938892369e-16 
1.55094641956086e+00 1.53502721558790e-14 2.14936019170949e-16 
1.55283206870319e+00 1.43130317725234e-14 2.00261491123894e-16 
1.55471771784551e+00 1.33457651701596e-14 1.86587311083778e-16 
1.55660336698783e+00 1.24437599330458e-14 1.73845397342524e-16 
1.55848901613016e+00 1.16026204276506e-14 1.61972293699038e-16 
1.56037466527248e+00 1.08182465486858e-14 1.50908855775803e-16 
1.56226031441480e+00 1.00868138882217e-14 1.40599958566793e-16 
1.56414596355712e+00 9.40475523281021e-15 1.30994223782662e-16 
1.56603161269945e+00 8.76874329987480e-15 1.22043765655826e-16 
1.56791726184177e+00 8.17567463054273e-15 1.13703953958171e-16 
1.56980291098409e+00 7.62265456161995e-15 1.05933193068249e-16 
1.57168856012642e+00 7.10698320456204e-15 9.86927160032271e-17 
1.57357420926874e+00 6.62614236410809e-15 9.19463924040037e-17 
1.57545985841106e+00 6.17778333373616e-15 8.56605495301653e-17 
1.57734550755339e+00 5.75971550929229e-15 7.98038053850718e-17 
1.57923115669571e+00 5.36989576605895e-15 7.43469131507266e-17 
1.58111680583803e+00 5.00641854818229e-15 6.92626161674480e-17 
1.58300245498036e+00 4.66750662278767e-15 6.45255127449874e-17 
1.58488810412268e+00 4.35150245429604e-15 6.01119301399034e-17 
1.58677375326500e+00 4.05686015742473e-15 5.59998070789060e-17 
1.58865940240733e+00 3.78213799012911e-15 5.21685842497760e-17 
1.59054505154965e+00 3.52599135033010e-15 4.85991022205299e-17 
1.59243070069197e+00 3.28716624268800e-15 4.52735062839288e-17 
1.59431634983430e+00 3.06449318393790e-15 4.21751577584112e-17 
1.59620199897662e+00 2.85688151740650e-15 3.92885513082141e-17 
1.59808764811894e+00 2.66331410929383e-15 3.65992378749940e-17 
1.59997329726127e+00 2.48284240113675e-15 3.40937528408184e-17 
1.60185894640359e+00 2.31458179458179e-15 3.17595490680988e-17 
1.60374459554591e+00 2.15770734619140e-15 2.95849344859963e-17 
1.60563024468824e+00 2.01144975149793e-15 2.75590139151822e-17 
1.60751589383056e+00 1.87509159891015e-15 2.56716348436745e-17 
1.60940154297288e+00 1.74796387537509e-15 2.39133368859065e-17 
1.61128719211521e+00 1.62944270690894e-15 2.22753046752996e-17 
1.61317284125753e+00 1.51894631824109e-15 2.07493239575193e-17 
1.61505849039985e+00 1.41593219687036e-15 1.93277406673407e-17 
1.61694413954218e+00 1.31989444781649e-15 1.80034227867508e-17 
1.61882978868450e+00 1.23036132626872e-15 1.67697247956098e-17 
1.62071543782682e+00 1.14689293619051e-15 1.56204545389715e-17 
1.62260108696915e+00 1.06907908373913e-15 1.45498423470728e-17 
1.62448673611147e+00 9.96537275105548e-16 1.35525122551097e-17 
1.62637238525379e+00 9.28910849076400e-16 1.26234551802731e-17 
1.62825803439611e+00 8.65867235269811e-16 1.17580039231745e-17 
1.63014368353844e+00 8.07096329603346e-16 1.09518098697912e-17 
1.63202933268076e+00 7.52308979118304e-16 1.02008212784607e-17 
1.63391498182308e+00 7.01235568812589e-16 9.50126304427512e-18 
1.63580063096541e+00 6.53624703627155e-16 8.84961784052614e-18 
1.63768628010773e+00 6.09241979190773e-16 8.24260854365422e-18 
1.63957192925005e+00 5.67868835356851e-16 7.67718185449878e-18 
1.64145757839238e+00 5.29301486966304e-16 7.15049303455968e-18 
1.64334322753470e+00 4.93349926643955e-16 6.65989168149394e-18 
1.64522887667702e+00 4.59836994784406e-16 6.20290847321210e-18 
1.64711452581935e+00 4.28597512208438e-16 5.77724281473097e-18 
1.64900017496167e+00 3.99477471274354e-16 5.38075132640742e-18 
1.65088582410399e+00 3.72333281511716e-16 5.01143711634243e-18 
1.65277147324632e+00 3.47031066108954e-16 4.66743978362863e-18 
1.65465712238864e+00 3.23446005832748e-16 4.34702610273395e-18 
1.65654277153096e+00 3.01461727186884e-16 4.04858134268890e-18 
1.65842842067329e+00 2.80969731832765e-16 3.77060117789123e-18 
1.66031406981561e+00 2.61868864493821e-16 3.51168415027443e-18 
1.66219971895793e+00 2.44064816752706e-16 3.27052464532054e-18 
1.66408536810026e+00 2.27469664324321e-16 3.04590634694650e-18 
1.66597101724258e+00 2.12001435550148e-16 2.83669613866920e-18 
1.66785666638490e+00 1.97583709010936e-16 2.64183842066895e-18 
1.66974231552723e+00 1.84145238296191e-16 2.46034981443595e-18 
1.67162796466955e+00 1.71619602100779e-16 2.29131422860852e-18 
1.67351361381187e+00 1.59944877942061e-16 2.13387826140603e-18 
1.67539926295420e+00 1.49063337905711e-16 1.98724691673150e-18 
1.67728491209652e+00 1.38921164935486e-16 1.85067961257787e-18 
1.67917056123884e+00 1.29468188282104e-16 1.72348646182453e-18 
1.68105621038117e+00 1.20657636819562e-16 1.60502480686522e-18 
1.68294185952349e+00 1.12445909024161e-16 1.49469599077078e-18 
1.68482750866581e+00 1.04792358492593e-16 1.39194234886691e-18 
1.68671315780814e+00 9.76590939510802e-17 1.29624440570364e-18 
1.68859880695046e+00 9.10107927781183e-17 1.20711826341588e-18 
1.69048445609278e+00 8.48145271291913e-17 1.12411316842683e-18 
1.69237010523510e+00 7.90396018132138e-17 1.04680924433430e-18 
1.69425575437743e+00 7.36574031277298e-17 9.74815379647921e-19 
1.69614140351975e+00 6.86412579133069e-17 9.07767259816370e-19 
1.69802705266207e+00 6.39663021373914e-17 8.45325533703062e-19 
1.69991270180440e+00 5.96093583643630e-17 7.87174105338896e-19 
1.70179835094672e+00 5.55488215118769e-17 7.33018542405224e-19 
1.70368400008904e+00 5.17645523340106e-17 6.82584593482434e-19 
1.70556964923137e+00 4.82377781094470e-17 6.35616806642057e-19 
1.70745529837369e+00 4.49510000481003e-17 5.91877242466025e-19 
1.70934094751601e+00 4.18879069623944e-17 5.51144275047986e-19 
1.71122659665834e+00 3.90332947800101e-17 5.13211474970774e-19 
1.71311224580066e+00 3.63729915034492e-17 4.77886568663490e-19 
1.71499789494298e+00 3.38937872483886e-17 4.44990468923147e-19 
1.71688354408531e+00 3.15833690176188e-17 4.14356371741334e-19 
1.71876919322763e+00 2.94302598905189e-17 3.85828914907694e-19 
1.72065484236995e+00 2.74237623296127e-17 3.59263394170782e-19 
1.72254049151228e+00 2.55539053258928e-17 3.34525033024616e-19 
1.72442614065460e+00 2.38113951233816e-17 3.11488302457419e-19 
1.72631178979692e+00 2.21875692809166e-17 2.90036287248917e-19 
1.72819743893925e+00 2.06743538454865e-17 2.70060095635464e-19 
1.73008308808157e+00 1.92642234266777e-17 2.51458309379272e-19 
1.73196873722389e+00 1.79501639760046e-17 2.34136471480258e-19 
1.73385438636622e+00 1.67256380881453e-17 2.18006608957497e-19 
1.73574003550854e+00 1.55845526534641e-17 2.02986788302859e-19 
1.73762568465086e+00 1.45212287027286e-17 1.89000701373072e-19 
1.73951133379319e+00 1.35303732956732e-17 1.75977279638957e-19 
1.74139698293551e+00 1.26070533150878e-17 1.63850334852648e-19 
1.74328263207783e+00 1.17466710374553e-17 1.52558224326081e-19 
1.74516828122016e+00 1.09449413598770e-17 1.42043539137353e-19 
1.74705393036248e+00 1.01978705711561e-17 1.32252813696592e-19 
1.74893957950480e+00 9.50173656248563e-18 1.23136255210053e-19 
1.75082522864713e+00 8.85307038025838e-18 1.14647491681026e-19 
1.75271087778945e+00 8.24863903010530e-18 1.06743337179131e-19 
1.75459652693177e+00 7.68542944741676e-18 9.93835731962542e-20 
1.75648217607409e+00 7.16063355533104e-18 9.25307449881366e-20 
1.75836782521642e+00 6.67163433651935e-18 8.61499718758789e-20 
1.76025347435874e+00 6.21599285007975e-18 8.02087705517251e-20 
1.76213912350106e+00 5.79143612949950e-18 7.46768904988245e-20 
1.76402477264339e+00 5.39584590197797e-18 6.95261606955400e-20 
1.76591042178571e+00 5.02724807344267e-18 6.47303468315767e-20 
1.76779607092803e+00 4.68380292735819e-18 6.02650183160444e-20 
1.76968172007036e+00 4.36379598894069e-18 5.61074244068095e-20 
1.77156736921268e+00 4.06562950966568e-18 5.22363788363512e-20 
1.77345301835500e+00 3.78781453001105e-18 4.86321523520809e-20 
1.77533866749733e+00 3.52896348122475e-18 4.52763726288999e-20 
1.77722431663965e+00 3.28778328956158e-18 4.21519310488659e-20 
1.77910996578197e+00 3.06306894890914e-18 3.92428958774086e-20 
1.78099561492430e+00 2.85369753003111e-18 3.65344313977295e-20 
1.78288126406662e+00 2.65862259680807e-18 3.40127225950279e-20 
1.78476691320894e+00 2.47686900186273e-18 3.16649050101417e-20 
1.78665256235127e+00 2.30752803582702e-18 2.94789994082353e-20 
1.78853821149359e+00 2.14975290625287e-18 2.74438509324267e-20 
1.79042386063591e+00 2.00275452379485e-18 2.55490724348459e-20 
1.79230950977824e+00 1.86579757480861e-18 2.37849916986744e-20 
1.79419515892056e+00 1.73819686092326e-18 2.21426022843329e-20 
1.79608080806288e+00 1.61931388746313e-18 2.06135177512579e-20 
1.79796645720521e+00 1.50855368382362e-18 1.91899290237344e-20 
1.79985210634753e+00 1.40536184005088e-18 1.78645646851122e-20 
1.80173775548985e+00 1.30922174494344e-18 1.66306539995068e-20 
1.80362340463218e+00 1.21965201198935e-18 1.54818924738553e-20 
1.80550905377450e+00 1.13620408038072e-18 1.44124097860142e-20 
1.80739470291682e+00 1.05845997921289e-18 1.34167399165381e-20 
1.80928035205915e+00 9.86030243782243e-19 1.24897933329007e-20 
1.81116600120147e+00 9.18551973648810e-19 1.16268310852886e-20 
1.81305165034379e+00 8.55687022830917e-19 1.08234406827544e-20 
1.81493729948612e+00 7.97120313152832e-19 1.00755136275112e-20 
1.81682294862844e+00 7.42558262375699e-19 9.37922449352878e-21 
1.81870859777076e+00 6.91727319310141e-19 8.73101144340054e-21 
1.82059424691308e+00 6.44372598638433e-19 8.12755808471973e-21 
1.82247989605541e+00 6.00256608667862e-19 7.56577657397553e-21 
1.82436554519773e+00 5.59158065697050e-19 7.04279188229195e-21 
1.82625119434005e+00 5.20870789106052e-19 6.55592714320767e-21 
1.82813684348238e+00 4.85202671680918e-19 6.10269000817000e-21 
1.83002249262470e+00 4.51974720056238e-19 5.68075994051546e-21 
1.83190814176702e+00 4.21020160506662e-19 5.28797638345977e-21 
1.83379379090935e+00 3.92183605642355e-19 4.92232774204473e-21 
1.83567944005167e+00 3.65320277865294e-19 4.58194112310998e-21 
1.83756508919399e+00 3.40295285724814e-19 4.26507278119736e-21 
1.83945073833632e+00 3.16982949573152e-19 3.97009922187074e-21 
1.84133638747864e+00 2.95266173166373e-19 3.69550891726491e-21 
1.84322203662096e+00 2.75035858083995e-19 3.43989459177901e-21 
1.84510768576329e+00 2.56190358053149e-19 3.20194603872008e-21 
1.84699333490561e+00 2.38634970461212e-19 2.98044343139297e-21 
1.84887898404793e+00 2.22281462525469e-19 2.77425109464007e-21 
1.85076463319026e+00 2.07047629760460e-19 2.58231170516880e-21 
1.85265028233258e+00 1.92856884544101e-19 2.40364089117996e-21 
1.85453593147490e+00 1.79637872733177e-19 2.23732220383475e-21 
1.85642158061723e+00 1.67324116418184e-19 2.08250243498574e-21 
1.85830722975955e+00 1.55853681037393e-19 1.93838725735333e-21 
1.86019287890187e+00 1.45168865191093e-19 1.80423716496619e-21 
1.86207852804420e+00 1.35215911609839e-19 1.67936369320822e-21 
1.86396417718652e+00 1.25944737835682e-19 1.56312589923427e-21 
1.86584982632884e+00 1.17308685273449e-19 1.45492708483891e-21 
1.86773547547117e+00 1.09264285360480e-19 1.35421174509381e-21 
1.86962112461349e+00 1.01771041688418e-19 1.26046272721655e-21 
1.87150677375581e+00 9.47912269900279e-20 1.17319858520130e-21 
1.87339242289814e+00 8.82896939779975e-20 1.09197111673692e-21 
1.87527807204046e+00 8.22336990916379e-20 1.01636306986441e-21 
1.87716372118278e+00 7.65927382716684e-20 9.45986007688282e-22 
1.87904937032511e+00 7.13383939431629e-20 8.80478320260332e-22 
1.88093501946743e+00 6.64441924425703e-20 8.19503373502380e-22 
1.88282066860975e+00 6.18854711767416e-20 7.62747785731665e-22 
1.88470631775208e+00 5.76392548503952e-20 7.35118026734665e-22 
