Energy(eV)           EEDF(eV^-(3/2))      Anisotropy(eV^-(3/2))
5.67978653909098e-02 4.77377360672545e-02 9.70982609489469e-04 
1.70393596172730e-01 4.77094536214310e-02 6.84718217962815e-03 
2.83989326954549e-01 4.77001983570539e-02 6.86599572875256e-03 
3.97585057736369e-01 4.76858164294319e-02 6.91639298148973e-03 
5.11180788518188e-01 4.76617361251963e-02 6.98766325956027e-03 
6.24776519300008e-01 4.76278970703408e-02 7.06582625477881e-03 
7.38372250081828e-01 4.75840978118163e-02 7.14527222428380e-03 
8.51967980863648e-01 4.75301414282470e-02 7.22387516856251e-03 
9.65563711645467e-01 4.74658058780359e-02 7.30003989596341e-03 
1.07915944242729e+00 4.73912606242888e-02 7.37308266994808e-03 
1.19275517320911e+00 4.73078943215347e-02 7.44358350933606e-03 
1.30635090399093e+00 4.72150533542270e-02 7.51140723529583e-03 
1.41994663477275e+00 4.71125834839589e-02 7.57697865358080e-03 
1.53354236555457e+00 4.70008852387616e-02 7.64024351816217e-03 
1.64713809633639e+00 4.68817729113333e-02 7.70176234236849e-03 
1.76073382711820e+00 4.67556646349910e-02 7.76127620127785e-03 
1.87432955790002e+00 4.66224978124744e-02 7.81819192174006e-03 
1.98792528868184e+00 4.64813791317387e-02 7.87185354985452e-03 
2.10152101946366e+00 4.63300038087819e-02 7.92121195109624e-03 
2.21511675024548e+00 4.61699471004085e-02 7.96609522653976e-03 
2.32871248102730e+00 4.60014209154563e-02 8.00594434518406e-03 
2.44230821180912e+00 4.58236796425193e-02 8.04023493267575e-03 
2.55590394259094e+00 4.56367759231175e-02 8.06831720956616e-03 
2.66949967337276e+00 4.54386894068561e-02 8.08929513734901e-03 
2.78309540415458e+00 4.52295235473678e-02 8.10327218114300e-03 
2.89669113493640e+00 4.50097897319203e-02 8.11084682539365e-03 
3.01028686571822e+00 4.47803260638253e-02 8.11270084281850e-03 
3.12388259650004e+00 4.45419113405812e-02 8.10939740480897e-03 
3.23747832728186e+00 4.42951343697953e-02 8.10120839500636e-03 
3.35107405806368e+00 4.40401581753953e-02 8.08820811813354e-03 
3.46466978884550e+00 4.37771595815477e-02 8.07046696955808e-03 
3.57826551962732e+00 4.35063275801352e-02 8.04794591084676e-03 
3.69186125040914e+00 4.32280357287671e-02 8.02058821612618e-03 
3.80545698119096e+00 4.29428715911843e-02 7.98864029748126e-03 
3.91905271197278e+00 4.26510523029898e-02 7.95254946106443e-03 
4.03264844275460e+00 4.23527924825073e-02 7.91266336270855e-03 
4.14624417353642e+00 4.20475674995701e-02 7.86930003977311e-03 
4.25983990431824e+00 4.17354032170726e-02 7.82262427535614e-03 
4.37343563510006e+00 4.14165316462202e-02 7.77277485723625e-03 
4.48703136588188e+00 4.10911890372545e-02 7.71997209823498e-03 
4.60062709666370e+00 4.07600815146013e-02 7.66442610268146e-03 
4.71422282744552e+00 4.04241819253585e-02 7.60629383469251e-03 
4.82781855822734e+00 4.00837078214510e-02 7.54583640011732e-03 
4.94141428900916e+00 3.97388723227843e-02 7.48326298225220e-03 
5.05501001979098e+00 3.93898868980321e-02 7.41868022334359e-03 
5.16860575057280e+00 3.90358103954739e-02 7.35235114447570e-03 
5.28220148135461e+00 3.86768530952237e-02 7.28440068128597e-03 
5.39579721213643e+00 3.83132399634295e-02 7.21501967808308e-03 
5.50939294291825e+00 3.79451912466491e-02 7.14440980584704e-03 
5.62298867370007e+00 3.75729205724069e-02 7.07275285893633e-03 
5.73658440448189e+00 3.71966371629787e-02 7.00018412110840e-03 
5.85018013526371e+00 3.68165470339386e-02 6.92683312553172e-03 
5.96377586604553e+00 3.64328512286092e-02 6.85282836730948e-03 
6.07737159682735e+00 3.60456482797339e-02 6.77828744123865e-03 
6.19096732760917e+00 3.56546938473038e-02 6.70337594257582e-03 
6.30456305839099e+00 3.52601846430626e-02 6.62819728046955e-03 
6.41815878917281e+00 3.48623109599336e-02 6.55287861558297e-03 
6.53175451995463e+00 3.44612559426761e-02 6.47754926724609e-03 
6.64535025073645e+00 3.40571948399106e-02 6.40233311728391e-03 
6.75894598151827e+00 3.36502952114184e-02 6.32733876696103e-03 
6.87254171230009e+00 3.32407175148999e-02 6.25265769145078e-03 
6.98613744308191e+00 3.28286157371848e-02 6.17833078809092e-03 
7.09973317386373e+00 3.24130332861482e-02 6.10447163564808e-03 
7.21332890464555e+00 3.19923420562739e-02 6.03124129449711e-03 
7.32692463542737e+00 3.15667468270144e-02 5.95859548690085e-03 
7.44052036620919e+00 3.11364453469397e-02 5.88659209674032e-03 
7.55411609699101e+00 3.07016280807155e-02 5.81528561690401e-03 
7.66771182777283e+00 3.02624782010118e-02 5.74472522377170e-03 
7.78130755855465e+00 2.98191716876699e-02 5.67495329340575e-03 
7.89490328933647e+00 2.93718776408781e-02 5.60600414485851e-03 
8.00849902011829e+00 2.89207586947980e-02 5.53792895901325e-03 
8.12209475090011e+00 2.84671015975735e-02 5.47068123605387e-03 
8.23569048168193e+00 2.80118554909481e-02 5.40428017042483e-03 
8.34928621246375e+00 2.75551183255015e-02 5.33878705639579e-03 
8.46288194324556e+00 2.70969831671754e-02 5.27421721452915e-03 
8.57647767402739e+00 2.66375382006390e-02 5.21058415598582e-03 
8.69007340480920e+00 2.61768668846811e-02 5.14789850699336e-03 
8.80366913559102e+00 2.57150481719705e-02 5.08616783906760e-03 
8.91726486637284e+00 2.52521567330195e-02 5.02539701908203e-03 
9.03086059715466e+00 2.47882631513034e-02 4.96558856778788e-03 
9.14445632793648e+00 2.43234341155173e-02 4.90674290650753e-03 
9.25805205871830e+00 2.38577325985765e-02 4.84885855800938e-03 
9.37164778950012e+00 2.33912180386969e-02 4.79193254705823e-03 
9.48524352028194e+00 2.29239464651603e-02 4.73596086869233e-03 
9.59883925106376e+00 2.24559706065070e-02 4.68093841731720e-03 
9.71243498184558e+00 2.19873400439603e-02 4.62685884746951e-03 
9.82603071262740e+00 2.15181013622378e-02 4.57371470155936e-03 
9.93962644340922e+00 2.10482982929622e-02 4.52149768018313e-03 
1.00532221741910e+01 2.05779718238112e-02 4.47026853058165e-03 
1.01668179049729e+01 2.01136589197884e-02 4.41966632406774e-03 
1.02804136357547e+01 1.96554578675420e-02 4.36995980685987e-03 
1.03940093665365e+01 1.92032551952094e-02 4.32114548304231e-03 
1.05076050973183e+01 1.87569393044107e-02 4.27321042042706e-03 
1.06212008281001e+01 1.83164004747911e-02 4.22614152206430e-03 
1.07347965588820e+01 1.78815308727940e-02 4.17992543972781e-03 
1.08483922896638e+01 1.74522245737786e-02 4.13454845441032e-03 
1.09619880204456e+01 1.70283775949677e-02 4.08999655885723e-03 
1.10755837512274e+01 1.66098878998448e-02 4.04625565260634e-03 
1.11891794820092e+01 1.61966553904516e-02 4.00331151323454e-03 
1.13027752127911e+01 1.57885819175114e-02 3.96114979305359e-03 
1.14163709435729e+01 1.53855712731727e-02 3.91975624699722e-03 
1.15299666743547e+01 1.49875291543231e-02 3.87904892599577e-03 
1.16435624051365e+01 1.45943536155065e-02 3.83867634742484e-03 
1.17571581359183e+01 1.42059500694255e-02 3.79812648975337e-03 
1.18707538667002e+01 1.38223291311386e-02 3.75704836012022e-03 
1.19843495974820e+01 1.34435083455745e-02 3.71526815994569e-03 
1.20979453282638e+01 1.30695653532118e-02 3.67275164790545e-03 
1.22115410590456e+01 1.27005884234300e-02 3.62957138652617e-03 
1.23251367898274e+01 1.23366253645707e-02 3.58581208847774e-03 
1.24387325206093e+01 1.19777154193916e-02 3.54155430873863e-03 
1.25523282513911e+01 1.16238895911271e-02 3.49687589261737e-03 
1.26659239821729e+01 1.12751709723360e-02 3.45185197181069e-03 
1.27795197129547e+01 1.09315750670969e-02 3.40655500471526e-03 
1.28931154437365e+01 1.05931101071226e-02 3.36104664511975e-03 
1.30067111745184e+01 1.02597755589549e-02 3.31526038592435e-03 
1.31203069053002e+01 9.93154219702090e-03 3.26890653474803e-03 
1.32339026360820e+01 9.60841609472580e-03 3.22169500321022e-03 
1.33474983668638e+01 9.29046739383761e-03 3.17354924167711e-03 
1.34610940976456e+01 8.97776310883717e-03 3.12452382936288e-03 
1.35746898284275e+01 8.67037083349560e-03 3.07470619174104e-03 
1.36882855592093e+01 8.36834619588476e-03 3.02420365905223e-03 
1.38018812899911e+01 8.07173849880854e-03 2.97312219811533e-03 
1.39154770207729e+01 7.78057972522556e-03 2.92144300774378e-03 
1.40290727515547e+01 7.49486451016044e-03 2.86896125006583e-03 
1.41426684823365e+01 7.21462403042893e-03 2.81548713825529e-03 
1.42562642131184e+01 6.93993113522822e-03 2.76097351224770e-03 
1.43698599439002e+01 6.67085244300139e-03 2.70545162593245e-03 
1.44834556746820e+01 6.40746426300357e-03 2.64900324479157e-03 
1.45970514054638e+01 6.14983414079386e-03 2.59173182285604e-03 
1.47106471362456e+01 5.89801305212413e-03 2.53373917917188e-03 
1.48242428670275e+01 5.65205302088685e-03 2.47515020399588e-03 
1.49378385978093e+01 5.41199194628219e-03 2.41611606679178e-03 
1.50514343285911e+01 5.17785842723830e-03 2.35692117294450e-03 
1.51650300593729e+01 4.95157735360361e-03 2.29751791675408e-03 
1.52786257901547e+01 4.73313551864123e-03 2.23820212928223e-03 
1.53922215209366e+01 4.52240911956748e-03 2.17911368782331e-03 
1.55058172517184e+01 4.31926287719991e-03 2.12037358235740e-03 
1.56194129825002e+01 4.12355147235293e-03 2.06209259347980e-03 
1.57330087132820e+01 3.93512089198382e-03 2.00436899928594e-03 
1.58466044440638e+01 3.75377507768515e-03 1.94654671681105e-03 
1.59602001748457e+01 3.57939006004633e-03 1.88875933320541e-03 
1.60737959056275e+01 3.41179327780743e-03 1.83121446723775e-03 
1.61873916364093e+01 3.25094151343988e-03 1.77406222104306e-03 
1.63009873671911e+01 3.09663131580279e-03 1.71747057210645e-03 
1.64145830979729e+01 2.94877190200975e-03 1.66150935047204e-03 
1.65281788287548e+01 2.80715053359972e-03 1.60623566428578e-03 
1.66417745595366e+01 2.67163130151403e-03 1.55159498798790e-03 
1.67553702903184e+01 2.54200571236171e-03 1.49759880793706e-03 
1.68689660211002e+01 2.41818021773811e-03 1.44430502486649e-03 
1.69825617518820e+01 2.29995277631794e-03 1.39176544059061e-03 
1.70961574826639e+01 2.18693065391167e-03 1.34000384212095e-03 
1.72097532134457e+01 2.07841043717310e-03 1.28914770867954e-03 
1.73233489442275e+01 1.97434734309515e-03 1.23917137533951e-03 
1.74369446750093e+01 1.87459796983366e-03 1.19015489514216e-03 
1.75505404057911e+01 1.77910553087698e-03 1.14213744113652e-03 
1.76641361365730e+01 1.68772144647354e-03 1.09518567417889e-03 
1.77777318673548e+01 1.60037933332006e-03 1.04932004399089e-03 
1.78913275981366e+01 1.51692865035240e-03 1.00459383520188e-03 
1.80049233289184e+01 1.43729575751944e-03 9.61048400008916e-04 
1.81185190597002e+01 1.36135341572180e-03 9.18802740744019e-04 
1.82321147904821e+01 1.28902944855273e-03 8.77914127508659e-04 
1.83457105212639e+01 1.22015641062531e-03 8.38416790109059e-04 
1.84593062520457e+01 1.15463484085116e-03 8.00272846526868e-04 
1.85729019828275e+01 1.09230558636523e-03 7.63480524461066e-04 
1.86864977136093e+01 1.03307164775854e-03 7.27998254095640e-04 
1.88000934443912e+01 9.76782645292465e-04 6.93819281835850e-04 
1.89136891751730e+01 9.23344757252197e-04 6.60899574946393e-04 
1.90272849059548e+01 8.72616642709831e-04 6.29253923640688e-04 
1.91408806367366e+01 8.24525800483974e-04 5.98879150787789e-04 
1.92544763675184e+01 7.78937529191757e-04 5.69788815231166e-04 
1.93680720983003e+01 7.35755767806858e-04 5.41932720465077e-04 
1.94816678290821e+01 6.94848442360224e-04 5.15281900686323e-04 
1.95952635598639e+01 6.56126299089797e-04 4.89779614569817e-04 
1.97088592906457e+01 6.19468273154726e-04 4.65397083052128e-04 
1.98224550214275e+01 5.84791691060022e-04 4.42080311869900e-04 
1.99360507522094e+01 5.51985844778345e-04 4.19800934663251e-04 
2.00496464829912e+01 5.20974385753387e-04 3.98517642808057e-04 
2.01632422137730e+01 4.91632929277158e-04 3.78235916460947e-04 
2.02768379445548e+01 4.63888128005774e-04 3.58914022455111e-04 
2.03904336753366e+01 4.37646707871564e-04 3.40520790316410e-04 
2.05040294061185e+01 4.12842939753506e-04 3.23006219124069e-04 
2.06176251369003e+01 3.89392446397558e-04 3.06340452045152e-04 
2.07312208676821e+01 3.67235294007275e-04 2.90477442049886e-04 
2.08448165984639e+01 3.46295241552961e-04 2.75389226208114e-04 
2.09584123292457e+01 3.26517723290447e-04 2.61033831407730e-04 
2.10720080600275e+01 3.07834204646307e-04 2.47387831696104e-04 
2.11856037908094e+01 2.90196665302033e-04 2.34415233954062e-04 
2.12991995215912e+01 2.73542263160984e-04 2.22093031775757e-04 
2.14127952523730e+01 2.57825260608947e-04 2.10384603032561e-04 
2.15263909831548e+01 2.42989170421132e-04 1.99266452095758e-04 
2.16399867139366e+01 2.28992632716303e-04 1.88705162753235e-04 
2.17535824447185e+01 2.15784918253443e-04 1.78679047665151e-04 
2.18671781755003e+01 2.03328669496013e-04 1.69157647160631e-04 
2.19807739062821e+01 1.91578368788934e-04 1.60122934026736e-04 
2.20943696370639e+01 1.80501815664323e-04 1.51553032234095e-04 
2.22079653678457e+01 1.70060503081941e-04 1.43435126727678e-04 
2.23215610986276e+01 1.60222383083227e-04 1.35745504548608e-04 
2.24351568294094e+01 1.50949491429412e-04 1.28465417101581e-04 
2.25487525601912e+01 1.42213177408624e-04 1.21569994008797e-04 
2.26623482909730e+01 1.33979683675957e-04 1.15042261610722e-04 
2.27759440217548e+01 1.26223409308036e-04 1.08859902181408e-04 
2.28895397525367e+01 1.18914345689297e-04 1.03007558532315e-04 
2.30031354833185e+01 1.12029628082274e-04 9.74653226584725e-05 
2.31167312141003e+01 1.05542680590117e-04 9.22195293565896e-05 
2.32303269448821e+01 9.94331365494065e-05 8.72523958193388e-05 
2.33439226756639e+01 9.36772425370163e-05 8.25513941858817e-05 
2.34575184064458e+01 8.82567342757010e-05 7.81003409174867e-05 
2.35711141372276e+01 8.31505208025698e-05 7.38878347695546e-05 
2.36847098680094e+01 7.83423195885540e-05 6.98993719511316e-05 
2.37983055987912e+01 7.38134083686299e-05 6.61246655907456e-05 
2.39119013295730e+01 6.95492775947971e-05 6.25507180810155e-05 
2.40254970603549e+01 6.55333120148293e-05 5.91686008094450e-05 
2.41390927911367e+01 6.17528746273435e-05 5.59671416053867e-05 
2.42526885219185e+01 5.81932282008996e-05 5.29383443035751e-05 
2.43662842527003e+01 5.48427407257698e-05 5.00717167401787e-05 
2.44798799834821e+01 5.16882315831973e-05 4.73595737396676e-05 
2.45934757142640e+01 4.87193631735012e-05 4.47924175953162e-05 
2.47070714450458e+01 4.59244635152215e-05 4.23633385116486e-05 
2.48206671758276e+01 4.32943487544330e-05 4.00638464952698e-05 
2.49342629066094e+01 4.08186849507013e-05 3.78877290346935e-05 
2.50478586373912e+01 3.84893164605270e-05 3.58262532003856e-05 
2.51614543681731e+01 3.62915659879462e-05 3.38765371987714e-05 
2.52750500989549e+01 3.42183205241888e-05 3.20309544185272e-05 
2.53886458297367e+01 3.22620386511316e-05 3.02845729404421e-05 
2.55022415605185e+01 3.04167968203957e-05 2.86315460997425e-05 
2.56158372913003e+01 2.86758675664123e-05 2.70675192957550e-05 
2.57294330220822e+01 2.70339484017736e-05 2.55872448844583e-05 
2.58430287528640e+01 2.54850395088429e-05 2.41867945749632e-05 
2.59566244836458e+01 2.40243961229135e-05 2.28614974928638e-05 
2.60702202144276e+01 2.26467016768820e-05 2.16081190402273e-05 
2.61838159452094e+01 2.13479333046009e-05 2.04227073523730e-05 
2.62974116759913e+01 2.01232392535564e-05 1.93022439990121e-05 
2.64110074067731e+01 1.89687493863328e-05 1.82428243543901e-05 
2.65246031375549e+01 1.78801509323916e-05 1.72414826735099e-05 
2.66381988683367e+01 1.68539928578028e-05 1.62947309138829e-05 
2.67517945991185e+01 1.58864418150504e-05 1.53999080892953e-05 
2.68653903299004e+01 1.49744210340049e-05 1.45538985011914e-05 
2.69789860606822e+01 1.41145235749223e-05 1.37543151012509e-05 
2.70925817914640e+01 1.33040068172199e-05 1.29983749502021e-05 
2.72061775222458e+01 1.25398430452029e-05 1.22839371356273e-05 
2.73197732530276e+01 1.18195879144677e-05 1.16085160475596e-05 
2.74333689838095e+01 1.11405509474838e-05 1.09701918708423e-05 
2.75469647145913e+01 1.05005540035320e-05 1.03667446749112e-05 
2.76605604453731e+01 9.89720648275767e-06 9.79645321422342e-06 
2.77741561761549e+01 9.32856777929755e-06 9.25733495688066e-06 
2.78877519069367e+01 8.79251392731737e-06 8.74784695050597e-06 
2.80013476377185e+01 8.28731623576858e-06 8.26620417838776e-06 
2.81149433685004e+01 7.81107478765132e-06 7.81099759382583e-06 
2.82285390992822e+01 7.36224215153010e-06 7.38062546044972e-06 
2.83421348300640e+01 6.93914910255749e-06 6.97384412935777e-06 
2.84557305608458e+01 6.54043081301591e-06 6.58925151038745e-06 
2.85693262916276e+01 6.16460376017219e-06 6.22574470745884e-06 
2.86829220224095e+01 5.81045208186098e-06 5.88207064098939e-06 
2.87965177531913e+01 5.47665748352389e-06 5.55724024522613e-06 
2.89101134839731e+01 5.16213705136719e-06 5.25013363521407e-06 
2.90237092147549e+01 4.86571949425173e-06 4.95986391889014e-06 
2.91373049455367e+01 4.58644053576777e-06 4.68543029052521e-06 
2.92509006763186e+01 4.32325966339265e-06 4.42603755198607e-06 
2.93644964071004e+01 4.07531845392402e-06 4.18079132428155e-06 
2.94780921378822e+01 3.84169273331232e-06 3.94897866218837e-06 
2.95916878686640e+01 3.62161851580388e-06 3.72980028482899e-06 
2.97052835994458e+01 3.41427511665056e-06 3.52261700320402e-06 
2.98188793302277e+01 3.21898279715033e-06 3.32671449155638e-06 
2.99324750610095e+01 3.03501293086382e-06 3.14151967191144e-06 
3.00460707917913e+01 2.86176093272391e-06 2.96635726872726e-06 
3.01596665225731e+01 2.69831483331289e-06 2.80090819526042e-06 
3.02732622533549e+01 2.54413357830318e-06 2.64457748429667e-06 
3.03868579841368e+01 2.39866566417522e-06 2.49690106677890e-06 
3.05004537149186e+01 2.26145325595845e-06 2.35737026471623e-06 
3.06140494457004e+01 2.13200484601834e-06 2.22557308821223e-06 
3.07276451764822e+01 2.00991147481247e-06 2.10105498164174e-06 
3.08412409072640e+01 1.89473516116239e-06 1.98344670538193e-06 
3.09548366380459e+01 1.78611067345023e-06 1.87234211598924e-06 
3.10684323688277e+01 1.68364777925837e-06 1.76741035558703e-06 
3.11820280996095e+01 1.58702036152984e-06 1.66828858160434e-06 
3.12956238303913e+01 1.49588077714045e-06 1.57468038826308e-06 
3.14092195611731e+01 1.40993788984512e-06 1.48626165709548e-06 
3.15228152919550e+01 1.32888203904473e-06 1.40276689967768e-06 
3.16364110227368e+01 1.25245336619212e-06 1.32390662442280e-06 
3.17500067535186e+01 1.18037608045187e-06 1.24944308215885e-06 
3.18636024843004e+01 1.11241828435169e-06 1.17911774094923e-06 
3.19771982150822e+01 1.04833438552351e-06 1.11271773373271e-06 
3.20907939458641e+01 9.87917477779134e-07 1.05001220544736e-06 
3.22043896766459e+01 9.30948890473644e-07 9.90810602247595e-07 
3.23179854074277e+01 8.77244050183318e-07 9.34906806794993e-07 
3.24315811382095e+01 8.26608283920421e-07 8.82130270727710e-07 
3.25451768689913e+01 7.78876971633701e-07 8.32296986034227e-07 
3.26587725997732e+01 7.33876828824851e-07 7.85254337415934e-07 
3.27723683305550e+01 6.91461059644967e-07 7.40838074303167e-07 
3.28859640613368e+01 6.51475440234562e-07 6.98911652919872e-07 
3.29995597921186e+01 6.13789094131637e-07 6.59328475663924e-07 
3.31131555229004e+01 5.78264781579854e-07 6.21966398548737e-07 
3.32267512536823e+01 5.44785841803664e-07 5.86694594313474e-07 
3.33403469844641e+01 5.13230167071838e-07 5.53403817974201e-07 
3.34539427152459e+01 4.83493788819541e-07 5.21977328797047e-07 
3.35675384460277e+01 4.55468079691470e-07 4.92317434119441e-07 
3.36811341768095e+01 4.29060401288545e-07 4.64319973962315e-07 
3.37947299075914e+01 4.04174133927326e-07 4.37897598569220e-07 
3.39083256383732e+01 3.80726752035897e-07 4.12957380731334e-07 
3.40219213691550e+01 3.58632330817912e-07 3.89427395307541e-07 
3.41355170999368e+01 3.37823114693698e-07 3.67231676088394e-07 
3.42491128307186e+01 3.18223527748839e-07 3.46306530585121e-07 
3.43627085615004e+01 2.99766054257880e-07 3.26577567308265e-07 
3.44763042922823e+01 2.82380978382028e-07 3.07979771478161e-07 
3.45899000230641e+01 2.66008420724539e-07 2.90444716450967e-07 
3.47034957538459e+01 2.50586638297957e-07 2.73914619097731e-07 
3.48170914846277e+01 2.36062522042051e-07 2.58328770730469e-07 
3.49306872154095e+01 2.22381385874567e-07 2.43635814425774e-07 
3.50442829461914e+01 2.09496123393938e-07 2.29780620901136e-07 
3.51578786769732e+01 1.97357103124788e-07 2.16716509625717e-07 
3.52714744077550e+01 1.85922724250587e-07 2.04394722707044e-07 
3.53850701385368e+01 1.75150398710288e-07 1.92775012081430e-07 
3.54986658693186e+01 1.65003345468178e-07 1.81815395613404e-07 
3.56122616001005e+01 1.55443798780829e-07 1.71480184788488e-07 
3.57258573308823e+01 1.46439096905598e-07 1.61732073299486e-07 
3.58394530616641e+01 1.37955749889845e-07 1.52539292320481e-07 
3.59530487924459e+01 1.29964754461235e-07 1.43868689746679e-07 
3.60666445232277e+01 1.22436411944924e-07 1.35691986437494e-07 
3.61802402540096e+01 1.15344968198326e-07 1.27979721376311e-07 
3.62938359847914e+01 1.08664086255725e-07 1.20706722394273e-07 
3.64074317155732e+01 1.02370897483801e-07 1.13846807956372e-07 
3.65210274463550e+01 9.64420457854690e-08 1.07377571687367e-07 
3.66346231771368e+01 9.08572250783034e-08 1.01275745875951e-07 
3.67482189079187e+01 8.55957224899866e-08 9.55213864244867e-08 
3.68618146387005e+01 8.06395076258803e-08 9.00938148144060e-08 
3.69754103694823e+01 7.59702114653720e-08 8.49752789747486e-08 
3.70890061002641e+01 7.15718245055373e-08 8.01474010691826e-08 
3.72026018310459e+01 6.74280561434774e-08 7.55943803202401e-08 
3.73161975618278e+01 6.35246914708724e-08 7.12998832266473e-08 
3.74297932926096e+01 5.98472829593686e-08 6.72498459506430e-08 
3.75433890233914e+01 5.63832093166974e-08 6.34297515101153e-08 
3.76569847541732e+01 5.31196574295967e-08 5.98270821919685e-08 
3.77705804849550e+01 5.00454211309002e-08 5.64289352885801e-08 
3.78841762157369e+01 4.71491367024312e-08 5.32241693824591e-08 
3.79977719465187e+01 4.44208545809401e-08 5.02013162750324e-08 
3.81113676773005e+01 4.18504963893160e-08 4.73504595975333e-08 
3.82249634080823e+01 3.94292283908903e-08 4.46614059459157e-08 
3.83385591388641e+01 3.71481120829321e-08 4.21253293758685e-08 
3.84521548696460e+01 3.49993045361846e-08 3.97331693277395e-08 
3.85657506004278e+01 3.29748781393705e-08 3.74770703497593e-08 
3.86793463312096e+01 3.10678697569442e-08 3.53489785990987e-08 
3.87929420619914e+01 2.92712483007156e-08 3.33419024119418e-08 
3.89065377927732e+01 2.75788318482263e-08 3.14486826096833e-08 
3.90201335235551e+01 2.59843844216173e-08 2.96630963313833e-08 
3.91337292543369e+01 2.44824177732115e-08 2.79787794987159e-08 
3.92473249851187e+01 2.30674011093032e-08 2.63901934854876e-08 
3.93609207159005e+01 2.17344621273699e-08 2.48916808209025e-08 
3.94745164466823e+01 2.04786954784122e-08 2.34783118244854e-08 
3.95881121774642e+01 1.92957757877487e-08 2.21450569909043e-08 
3.97017079082460e+01 1.81813524444616e-08 2.08875285625844e-08 
3.98153036390278e+01 1.71315857222844e-08 1.97012551096242e-08 
3.99288993698096e+01 1.61426170515541e-08 1.85823311330487e-08 
4.00424951005914e+01 1.52110379474014e-08 1.75270321472590e-08 
4.01560908313733e+01 1.43336692720894e-08 1.65320726968278e-08 
4.02696865621551e+01 1.35074566366455e-08 1.55941098080131e-08 
4.03832822929369e+01 1.27293024809351e-08 1.47099917530868e-08 
4.04968780237187e+01 1.19964654990468e-08 1.38764884828074e-08 
4.06104737545005e+01 1.13062059090206e-08 1.30907727217581e-08 
4.07240694852823e+01 1.06560968215662e-08 1.23499826275886e-08 
4.08376652160642e+01 1.00437145481103e-08 1.16516104692653e-08 
4.09512609468460e+01 9.46691027188361e-09 1.09931202397665e-08 
4.10648566776278e+01 8.92353961109873e-09 1.03722873363048e-08 
4.11784524084096e+01 8.41169970993690e-09 9.78686413671005e-09 
4.12920481391915e+01 7.92949302459323e-09 9.23487693308143e-09 
4.14056438699733e+01 7.47523428473767e-09 8.71433338193742e-09 
4.15192396007551e+01 7.04724412249584e-09 8.22348213563481e-09 
4.16328353315369e+01 6.64402977587339e-09 7.76055685897323e-09 
4.17464310623187e+01 6.26410474756859e-09 7.32400330103854e-09 
4.18600267931006e+01 5.90614661893273e-09 6.91225525177420e-09 
4.19736225238824e+01 5.56883941816613e-09 6.52393318672686e-09 
4.20872182546642e+01 5.25101147651259e-09 6.15764812954188e-09 
4.22008139854460e+01 4.95149761368668e-09 5.81217547133880e-09 
4.23144097162278e+01 4.66925958840079e-09 5.48628322075671e-09 
4.24280054470096e+01 4.40326558130958e-09 5.17888413790631e-09 
4.25416011777915e+01 4.15259546205404e-09 4.88888530255534e-09 
4.26551969085733e+01 3.91633537395374e-09 4.61532130072297e-09 
4.27687926393551e+01 3.69366975295027e-09 4.35722243258574e-09 
4.28823883701369e+01 3.48378910011308e-09 4.11373133993927e-09 
4.29959841009187e+01 3.28597043848033e-09 3.88398751599650e-09 
4.31095798317006e+01 3.09949660470372e-09 3.66722945732412e-09 
4.32231755624824e+01 2.92372661288384e-09 3.46269343447053e-09 
4.33367712932642e+01 2.75802501016206e-09 3.26970298667469e-09 
4.34503670240460e+01 2.60182342795376e-09 3.08758017090804e-09 
4.35639627548278e+01 2.45455873216320e-09 2.91572398652119e-09 
4.36775584856097e+01 2.31572687802399e-09 2.75353254576569e-09 
4.37911542163915e+01 2.18482874747698e-09 2.60047181413450e-09 
4.39047499471733e+01 2.06141728091802e-09 2.45600734204930e-09 
4.40183456779551e+01 1.94505003527298e-09 2.31966453109749e-09 
4.41319414087369e+01 1.83533044153993e-09 2.19096873806650e-09 
4.42455371395188e+01 1.73186623993953e-09 2.06949812422518e-09 
4.43591328703006e+01 1.63430560380247e-09 1.95483109251109e-09 
4.44727286010824e+01 1.54230071522922e-09 1.84659264353539e-09 
4.45863243318642e+01 1.45553940151437e-09 1.74440823727896e-09 
4.46999200626460e+01 1.37371320806984e-09 1.64794446305363e-09 
4.48135157934279e+01 1.29654511137546e-09 1.55686853105974e-09 
4.49271115242097e+01 1.22376152728216e-09 1.47088396198605e-09 
4.50407072549915e+01 1.15511659284550e-09 1.38970280106556e-09 
4.51543029857733e+01 1.09037535236813e-09 1.31306689087585e-09 
4.52678987165551e+01 1.02931896546787e-09 1.24071944915069e-09 
4.53814944473370e+01 9.71730242398477e-10 1.17242434962262e-09 
4.54950901781188e+01 9.17413775906850e-10 1.10794527235269e-09 
4.56086859089006e+01 8.66177058872325e-10 1.04707131054468e-09 
4.57222816396824e+01 8.17846781483933e-10 9.89592644197859e-10 
4.58358773704642e+01 7.72252280421932e-10 9.35321877701349e-10 
4.59494731012461e+01 7.29239815605554e-10 8.84072680554662e-10 
4.60630688320279e+01 6.88658059019192e-10 8.35678514605157e-10 
4.61766645628097e+01 6.50370604982003e-10 7.89973874970982e-10 
4.62902602935915e+01 6.14243243714724e-10 7.46810730729543e-10 
4.64038560243733e+01 5.80154926766344e-10 7.06042043931319e-10 
4.65174517551552e+01 5.47986602780206e-10 6.67536207323079e-10 
4.66310474859370e+01 5.17630831512418e-10 6.31162561559267e-10 
4.67446432167188e+01 4.88981987292705e-10 5.96804077771415e-10 
4.68582389475006e+01 4.61944690513294e-10 5.64344626673509e-10 
4.69718346782824e+01 4.36425208860415e-10 5.33680122206007e-10 
4.70854304090643e+01 4.12338853798691e-10 5.04707327503046e-10 
4.71990261398461e+01 3.89602431038096e-10 4.77333649227824e-10 
4.73126218706279e+01 3.68140730881716e-10 4.51467292126038e-10 
4.74262176014097e+01 3.47879898056337e-10 4.27025869854731e-10 
4.75398133321915e+01 3.28753128535022e-10 4.03927743234079e-10 
4.76534090629734e+01 3.10694845148292e-10 3.82099592696330e-10 
4.77670047937552e+01 2.93645699314458e-10 3.61468795808217e-10 
4.78806005245370e+01 2.77547453066805e-10 3.41970088405238e-10 
4.79941962553188e+01 2.62347371755110e-10 3.23538854843114e-10 
4.81077919861006e+01 2.47993725538824e-10 3.06116989100231e-10 
4.82213877168824e+01 2.34439648328963e-10 2.89646986856736e-10 
4.83349834476643e+01 2.21639182639768e-10 2.74077104053197e-10 
4.84485791784461e+01 2.09550670618062e-10 2.59356153575936e-10 
4.85621749092279e+01 1.98133275617839e-10 2.45438046698107e-10 
4.86757706400097e+01 1.87349962937705e-10 2.32277209118980e-10 
4.87893663707915e+01 1.77164439759727e-10 2.19832580165952e-10 
4.89029621015734e+01 1.67543776030995e-10 2.08063573410747e-10 
4.90165578323552e+01 1.58455711642550e-10 1.96933599282251e-10 
4.91301535631370e+01 1.49870961614901e-10 1.86406504652891e-10 
4.92437492939188e+01 1.41760845717871e-10 1.76449676436777e-10 
4.93573450247006e+01 1.34099316635808e-10 1.67030902569831e-10 
4.94709407554825e+01 1.26860872760488e-10 1.58121107099044e-10 
4.95845364862643e+01 1.20022343218583e-10 1.49691582014072e-10 
4.96981322170461e+01 1.13561049408153e-10 1.41716398144059e-10 
4.98117279478279e+01 1.07456376580588e-10 1.34169963461704e-10 
4.99253236786097e+01 1.01688153924574e-10 1.27029148683096e-10 
5.00389194093916e+01 9.62380387304947e-11 1.20268950092571e-10 
5.01525151401734e+01 9.10819313813586e-11 1.13872025552748e-10 
5.02661108709552e+01 8.62031084390987e-11 1.07816708306667e-10 
5.03797066017370e+01 8.15863427663085e-11 1.02084673796017e-10 
5.04933023325188e+01 7.72177641871336e-11 9.66582532042277e-11 
5.06068980633007e+01 7.30837512614553e-11 9.15214266521919e-11 
5.07204937940825e+01 6.91718907989779e-11 8.66583764452229e-11 
5.08340895248643e+01 6.54699971816768e-11 8.20547534937389e-11 
5.09476852556461e+01 6.19669607317666e-11 7.76963966086042e-11 
5.10612809864279e+01 5.86518798097977e-11 7.35704527328477e-11 
5.11748767172098e+01 5.55148109878696e-11 6.96642431002331e-11 
5.12884724479916e+01 5.25460008727860e-11 6.59662542600788e-11 
5.14020681787734e+01 4.97365495175108e-11 6.24651341457016e-11 
5.15156639095552e+01 4.70777304387526e-11 5.91505688888930e-11 
5.16292596403370e+01 4.45615773604126e-11 5.60123938152260e-11 
5.17428553711189e+01 4.21802822367401e-11 5.30413692929199e-11 
5.18564511019007e+01 3.99267142401275e-11 5.02283934117548e-11 
5.19700468326825e+01 3.77938867855873e-11 4.75651885652225e-11 
5.20836425634643e+01 3.57754166329857e-11 4.50436041061450e-11 
5.21972382942461e+01 3.38650519545698e-11 4.26562239967768e-11 
5.23108340250280e+01 3.20570785021103e-11 4.03957490910990e-11 
5.24244297558098e+01 3.03459016828887e-11 3.82555349834521e-11 
5.25380254865916e+01 2.87264059307151e-11 3.62290447660059e-11 
5.26516212173734e+01 2.71935845715647e-11 3.43103251436067e-11 
5.27652169481552e+01 2.57428578212583e-11 3.24935215737166e-11 
5.28788126789371e+01 2.43697449425041e-11 3.07732997768016e-11 
5.29924084097189e+01 2.30701456599090e-11 2.91444161014913e-11 
5.31060041405007e+01 2.18400497467182e-11 2.76020907313291e-11 
5.32195998712825e+01 2.06757860898393e-11 2.61416269444917e-11 
5.33331956020643e+01 1.95737654069452e-11 2.47587415861134e-11 
5.34467913328462e+01 1.85307007015870e-11 2.34492276223920e-11 
5.35603870636280e+01 1.75433793082338e-11 2.22092468015862e-11 
5.36739827944098e+01 1.66088580426205e-11 2.10350305479580e-11 
5.37875785251916e+01 1.57242612114076e-11 1.99231391638682e-11 
5.39011742559734e+01 1.48869533788607e-11 1.88701966797012e-11 
5.40147699867553e+01 1.40943603658949e-11 1.78731204453804e-11 
5.41283657175371e+01 1.33441222150244e-11 1.69288860569400e-11 
5.42419614483189e+01 1.26339345465758e-11 1.60347307404343e-11 
5.43555571791007e+01 1.19616840042991e-11 1.51879449220650e-11 
5.44691529098825e+01 1.13253076397447e-11 1.43860524141536e-11 
5.45827486406643e+01 1.07229128563242e-11 1.36266255894829e-11 
5.46963443714462e+01 1.01526527609640e-11 1.29074450305289e-11 
5.48099401022280e+01 9.61283239072004e-12 1.22263356185017e-11 
5.49235358330098e+01 9.10179820780773e-12 1.15813080009965e-11 
5.50371315637916e+01 8.61803218631573e-12 1.09704132141592e-11 
5.51507272945734e+01 8.16005383631740e-12 1.03918680514409e-11 
5.52643230253553e+01 7.72650354579059e-12 9.84392611027273e-12 
5.53779187561371e+01 7.31605570488092e-12 9.32498890480048e-12 
5.54915144869189e+01 6.92749253689900e-12 8.83349146989695e-12 
5.56051102177007e+01 6.55962705775475e-12 8.36800084845969e-12 
5.57187059484826e+01 6.21136848741595e-12 7.92711459923170e-12 
5.58323016792644e+01 5.88165392455267e-12 7.50954810171820e-12 
5.59458974100462e+01 5.56950630389470e-12 7.11404450329360e-12 
5.60594931408280e+01 5.27397379441815e-12 6.73945211883386e-12 
5.61730888716098e+01 4.99418115671390e-12 6.38464451978935e-12 
5.62866846023916e+01 4.72927598656102e-12 6.04858915882538e-12 
5.64002803331735e+01 4.47847422801048e-12 5.73027645167608e-12 
5.65138760639553e+01 4.24101248462342e-12 5.42878062748510e-12 
5.66274717947371e+01 4.01618835695728e-12 5.14319678524295e-12 
5.67410675255189e+01 3.80331813262780e-12 4.87269485564307e-12 
5.68546632563007e+01 3.60177253995145e-12 4.61646372991240e-12 
5.69682589870826e+01 3.41093920665187e-12 4.37375911746389e-12 
5.70818547178644e+01 3.23025435338145e-12 4.14385394762298e-12 
5.71954504486462e+01 3.05916948051868e-12 3.92608081756593e-12 
5.73090461794280e+01 2.89717946512353e-12 3.71978795835982e-12 
5.74226419102098e+01 2.74379299690792e-12 3.52437688820191e-12 
5.75362376409917e+01 2.59855748896271e-12 3.33926331479312e-12 
5.76498333717735e+01 2.46103283854334e-12 3.16391053855959e-12 
5.77634291025553e+01 2.33081351483354e-12 2.99779473463868e-12 
5.78770248333371e+01 2.20750526850010e-12 2.84043458852418e-12 
5.79906205641189e+01 2.09074471811605e-12 2.69136046412288e-12 
5.81042162949008e+01 1.98017867521691e-12 2.55014069918533e-12 
5.82178120256826e+01 1.87548151416398e-12 2.41635422185139e-12 
5.83314077564644e+01 1.77633681731733e-12 2.28961388449594e-12 
5.84450034872462e+01 1.68245278051926e-12 2.16954214075665e-12 
5.85585992180280e+01 1.59354591655086e-12 2.05579175316954e-12 
5.86721949488099e+01 1.50935471957506e-12 1.94802418658289e-12 
5.87857906795917e+01 1.42962519476253e-12 1.84592798687672e-12 
5.88993864103735e+01 1.35412297949999e-12 1.74919958560695e-12 
5.90129821411553e+01 1.28262049339581e-12 1.65755961320017e-12 
5.91265778719371e+01 1.21490769146540e-12 1.57073584414908e-12 
5.92401736027190e+01 1.15078065204933e-12 1.48847767811282e-12 
5.93537693335008e+01 1.09005111718884e-12 1.41054098555197e-12 
5.94673650642826e+01 1.03253635665355e-12 1.33670096364429e-12 
5.95809607950644e+01 9.78067633015574e-13 1.26673866934983e-12 
5.96945565258462e+01 9.26481198293589e-13 1.20045243354140e-12 
5.98081522566281e+01 8.77625805560960e-13 1.13764589249485e-12 
5.99217479874099e+01 8.31354710940032e-13 1.07813812282837e-12 
6.00353437181917e+01 7.87532339701824e-13 1.02175313683588e-12 
6.01489394489735e+01 7.46027317583581e-13 9.68328701661483e-13 
6.02625351797553e+01 7.06718115658488e-13 9.17706953368546e-13 
6.03761309105372e+01 6.69486838421086e-13 8.69742242565281e-13 
6.04897266413190e+01 6.34224511293131e-13 8.24292824954725e-13 
6.06033223721008e+01 6.00825471187540e-13 7.81227995178582e-13 
6.07169181028826e+01 5.69192026753240e-13 7.40420609051428e-13 
6.08305138336644e+01 5.39229473964950e-13 7.01753392039650e-13 
6.09441095644463e+01 5.10850232849633e-13 6.65112291021964e-13 
6.10577052952281e+01 4.83969418071543e-13 6.30392077757070e-13 
6.11713010260099e+01 4.58508511260372e-13 5.97490437628808e-13 
6.12848967567917e+01 4.34391424450188e-13 5.66312947363039e-13 
6.13984924875735e+01 4.11547760414816e-13 5.36767818567484e-13 
6.15120882183554e+01 3.89909313817423e-13 5.08770319932439e-13 
6.16256839491372e+01 3.69412966016222e-13 4.82238102609273e-13 
6.17392796799190e+01 3.49997574985875e-13 4.57095129238984e-13 
6.18528754107008e+01 3.31606545788538e-13 4.33267516388671e-13 
6.19664711414826e+01 3.14185065830702e-13 4.10687025719541e-13 
6.20800668722645e+01 2.97682387526766e-13 3.89287365960026e-13 
6.21936626030463e+01 2.82049370334864e-13 3.69007295275741e-13 
6.23072583338281e+01 2.67240508004949e-13 3.49787331705138e-13 
6.24208540646099e+01 2.53211743164870e-13 3.31572510266407e-13 
6.25344497953917e+01 2.39922267880355e-13 3.14309456461117e-13 
6.26480455261735e+01 2.27332580404301e-13 2.97948836751666e-13 
6.27616412569554e+01 2.15406084528193e-13 2.82442754834489e-13 
6.28752369877372e+01 2.04107361513884e-13 2.67746929777315e-13 
6.29888327185190e+01 1.93403590837056e-13 2.53818379259043e-13 
6.31024284493008e+01 1.83263013343384e-13 2.40617355799548e-13 
6.32160241800826e+01 1.73656193432808e-13 2.28105285156751e-13 
6.33296199108645e+01 1.64554652164153e-13 2.16246487651408e-13 
6.34432156416463e+01 1.55931988667682e-13 2.05006343456317e-13 
6.35568113724281e+01 1.47762664302642e-13 1.94352823025957e-13 
6.36704071032099e+01 1.40022999077522e-13 1.84254854170106e-13 
6.37840028339917e+01 1.32690090076936e-13 1.74683682852358e-13 
6.38975985647736e+01 1.25742696892838e-13 1.65611419723672e-13 
6.40111942955554e+01 1.19160279412636e-13 1.57012250194744e-13 
6.41247900263372e+01 1.12923784687569e-13 1.48861140594533e-13 
6.42383857571190e+01 1.07014790838251e-13 1.41134914304152e-13 
6.43519814879008e+01 1.01416206387819e-13 1.33811099912768e-13 
6.44655772186827e+01 9.61115085183759e-14 1.26868888320219e-13 
6.45791729494645e+01 9.10853646561949e-14 1.20288107212805e-13 
6.46927686802463e+01 8.63229546247503e-14 1.14050072365412e-13 
6.48063644110281e+01 8.18105231698308e-14 1.08136674509606e-13 
6.49199601418099e+01 7.75347767191709e-14 1.02531136599776e-13 
6.50335558725918e+01 7.34833745590452e-14 9.72172006858259e-14 
6.51471516033736e+01 6.96443919448180e-14 9.21798015823655e-14 
6.52607473341554e+01 6.60067567754058e-14 8.74043427276079e-14 
6.53743430649372e+01 6.25597717178980e-14 8.28772955411769e-14 
6.54879387957190e+01 5.92935024577150e-14 7.85855544902570e-14 
6.56015345265009e+01 5.61983523149606e-14 7.45169703684331e-14 
6.57151302572827e+01 5.32654074675798e-14 7.06597758374319e-14 
6.58287259880645e+01 5.04860582634059e-14 6.70030599486804e-14 
6.59423217188463e+01 4.78523062091771e-14 6.35362564214168e-14 
6.60559174496281e+01 4.53564268252418e-14 6.02495659311954e-14 
6.61695131804100e+01 4.29912426554269e-14 5.71335002556804e-14 
6.62831089111918e+01 4.07498230813731e-14 5.41792580874196e-14 
6.63967046419736e+01 3.86257271341681e-14 5.13783188714574e-14 
6.65103003727554e+01 3.66127361970108e-14 4.87227772983016e-14 
6.66238961035372e+01 3.47050699755692e-14 4.62049814249702e-14 
6.67374918343191e+01 3.28971484654314e-14 4.38178304227928e-14 
6.68510875651009e+01 3.11837840624917e-14 4.15544521154934e-14 
6.69646832958827e+01 2.95599695739245e-14 3.94084680264063e-14 
6.70782790266645e+01 2.80210491181734e-14 3.73737060091670e-14 
6.71918747574463e+01 2.65625293152172e-14 3.54444362090425e-14 
6.73054704882282e+01 2.51802313296821e-14 3.36151149504524e-14 
6.74190662190100e+01 2.38701226924914e-14 3.18805948097863e-14 
6.75326619497918e+01 2.26284525790676e-14 3.02358963398949e-14 
6.76462576805736e+01 2.14516019961102e-14 2.86763951353618e-14 
6.77598534113554e+01 2.03362041515596e-14 2.71976183567590e-14 
6.78734491421372e+01 1.92790109900961e-14 2.57954113010954e-14 
6.79870448729191e+01 1.82770003065165e-14 2.44657560114150e-14 
6.81006406037009e+01 1.73272568365333e-14 2.32049196150377e-14 
6.82142363344827e+01 1.64270675808867e-14 2.20092926153504e-14 
6.83278320652645e+01 1.55738158552191e-14 2.08755210057060e-14 
6.84414277960464e+01 1.47650661288841e-14 1.98003620766571e-14 
6.85550235268282e+01 1.39984696151864e-14 1.87808020844400e-14 
6.86686192576100e+01 1.32718397842915e-14 1.78139276902804e-14 
6.87822149883918e+01 1.25830682293214e-14 1.68970307715955e-14 
6.88958107191736e+01 1.19301918839021e-14 1.60274937779128e-14 
6.90094064499554e+01 1.13113180398018e-14 1.52028831054693e-14 
6.91230021807373e+01 1.07246841845390e-14 1.44208468566398e-14 
6.92365979115191e+01 1.01685911697811e-14 1.36791980233281e-14 
6.93501936423009e+01 9.64145648363472e-15 1.29758232998510e-14 
6.94637893730827e+01 9.14175467909626e-15 1.23087571957571e-14 
6.95773851038645e+01 8.66806480507746e-15 1.16761007014471e-14 
6.96909808346464e+01 8.21901730198045e-15 1.10760873244703e-14 
6.98045765654282e+01 7.79333623527948e-15 1.05070105376408e-14 
6.99181722962100e+01 7.38979195233342e-15 9.96728262333188e-15 
7.00317680269918e+01 7.00723869104985e-15 9.45539280658536e-15 
7.01453637577737e+01 6.64459625074744e-15 8.96992800979665e-15 
7.02589594885555e+01 6.30083755115998e-15 8.50952876287420e-15 
7.03725552193373e+01 5.97496590165542e-15 8.07291023475877e-15 
7.04861509501191e+01 5.66605252857050e-15 7.65882593151360e-15 
7.05997466809009e+01 5.37320298385408e-15 7.26611592058049e-15 
7.07133424116827e+01 5.09558363960457e-15 6.89366063066886e-15 
7.08269381424646e+01 4.83239174724783e-15 6.54041805753561e-15 
7.09405338732464e+01 4.58287902768261e-15 6.20538255729366e-15 
7.10541296040282e+01 4.34632498157162e-15 5.88761799932409e-15 
7.11677253348100e+01 4.12205789559309e-15 5.58622100951740e-15 
7.12813210655918e+01 3.90943104841787e-15 5.30035051481102e-15 
7.13949167963737e+01 3.70784141797030e-15 5.02919495244759e-15 
7.15085125271555e+01 3.51670846678039e-15 4.77199860154648e-15 
7.16221082579373e+01 3.33549080354116e-15 4.52803232745839e-15 
7.17357039887191e+01 3.16366726630713e-15 4.29661705215206e-15 
7.18492997195009e+01 3.00075176355094e-15 4.07709764989587e-15 
7.19628954502828e+01 2.84627640461095e-15 3.86886386945891e-15 
7.20764911810646e+01 2.69980472049981e-15 3.67132703930724e-15 
7.21900869118464e+01 2.56091661851437e-15 3.48393872014078e-15 
7.23036826426282e+01 2.42922016088111e-15 3.30616991512934e-15 
7.24172783734100e+01 2.30433814491138e-15 3.13752770065230e-15 
7.25308741041919e+01 2.18591859787082e-15 2.97753667033115e-15 
7.26444698349737e+01 2.07362280583082e-15 2.82575376458047e-15 
7.27580655657555e+01 1.96713466564446e-15 2.68175170677272e-15 
7.28716612965373e+01 1.86615000501067e-15 2.54513222796865e-15 
7.29852570273191e+01 1.77038491688237e-15 2.41551127988184e-15 
7.30988527581010e+01 1.67956623049046e-15 2.29253082959677e-15 
7.32124484888828e+01 1.59343893968198e-15 2.17584565744362e-15 
7.33260442196646e+01 1.51175769998365e-15 2.06513387733547e-15 
7.34396399504464e+01 1.43429345007619e-15 1.96008514853716e-15 
7.35532356812282e+01 1.36082582362194e-15 1.86041006019350e-15 
7.36668314120101e+01 1.29114905215390e-15 1.76582960456373e-15 
7.37804271427919e+01 1.22506519253608e-15 1.67608354913478e-15 
7.38940228735737e+01 1.16238938983037e-15 1.59092103544714e-15 
7.40076186043555e+01 1.10294383206771e-15 1.51010804868236e-15 
7.41212143351373e+01 1.04656244301707e-15 1.43341902094997e-15 
7.42348100659191e+01 9.93085485567852e-16 1.36064349622170e-15 
7.43484057967010e+01 9.42363746643268e-16 1.29157863009154e-15 
7.44620015274828e+01 8.94253719060307e-16 1.22603513724433e-15 
7.45755972582646e+01 8.48621333996844e-16 1.16383059136672e-15 
7.46891929890464e+01 8.05337658824845e-16 1.10479473277336e-15 
7.48027887198283e+01 7.64282226466732e-16 1.04876348262051e-15 
7.49163844506101e+01 7.25339193487275e-16 9.95583679911032e-16 
7.50299801813919e+01 6.88400310266878e-16 9.45104044048171e-16 
7.51435759121737e+01 6.53350337660087e-16 8.97194060426694e-16 
7.52571716429555e+01 6.20089831181408e-16 8.51719801526214e-16 
7.53707673737374e+01 5.88526575499175e-16 8.08556884266909e-16 
7.54843631045192e+01 5.58574331866820e-16 7.67586650619216e-16 
7.55979588353010e+01 5.30150107805883e-16 7.28698244918670e-16 
7.57115545660828e+01 5.03176280661383e-16 6.91784827220386e-16 
7.58251502968646e+01 4.77578156167495e-16 6.56746570032600e-16 
7.59387460276464e+01 4.53285864928439e-16 6.23487271498364e-16 
7.60523417584283e+01 4.30232179174855e-16 5.91917032569453e-16 
7.61659374892101e+01 4.08354206543371e-16 5.61949227598853e-16 
7.62795332199919e+01 3.87591437607583e-16 5.33502896162516e-16 
7.63931289507737e+01 3.67887258703597e-16 5.06500033191755e-16 
7.65067246815556e+01 3.49187205742283e-16 4.80867725981146e-16 
7.66203204123374e+01 3.31440315485640e-16 4.56535730017851e-16 
7.67339161431192e+01 3.14597563757033e-16 4.33438378429193e-16 
7.68475118739010e+01 2.98613072484360e-16 4.11512413241224e-16 
7.69611076046828e+01 2.83442712757544e-16 3.90698691572726e-16 
7.70747033354646e+01 2.69045183092903e-16 3.70940245328577e-16 
7.71882990662465e+01 2.55380759866051e-16 3.52183805918852e-16 
7.73018947970283e+01 2.42412260585226e-16 3.34378068204350e-16 
7.74154905278101e+01 2.30103926088744e-16 3.17475053028529e-16 
7.75290862585919e+01 2.18422281140010e-16 3.01428553817654e-16 
7.76426819893737e+01 2.07335134439499e-16 2.86195354314754e-16 
7.77562777201556e+01 1.96812347525515e-16 2.71733838554140e-16 
7.78698734509374e+01 1.86824940132278e-16 2.58005079216072e-16 
7.79834691817192e+01 1.77345777203229e-16 2.44971593712818e-16 
7.80970649125010e+01 1.68348768452371e-16 2.32598316966842e-16 
7.82106606432828e+01 1.59809482243857e-16 2.20851488202410e-16 
7.83242563740647e+01 1.51704429395927e-16 2.09699520472385e-16 
7.84378521048465e+01 1.44011611740908e-16 1.99112004312219e-16 
7.85514478356283e+01 1.36709881272494e-16 1.89060485000527e-16 
7.86650435664101e+01 1.29779430363463e-16 1.79517570827674e-16 
7.87786392971919e+01 1.23201218295596e-16 1.70457627929473e-16 
7.88922350279738e+01 1.16957409363488e-16 1.61855982101347e-16 
7.90058307587556e+01 1.11030859673884e-16 1.53689539984817e-16 
7.91194264895374e+01 1.05405508696193e-16 1.45936074582860e-16 
7.92330222203192e+01 1.00065919971243e-16 1.38574780622254e-16 
7.93466179511010e+01 9.49976310745466e-17 1.31585634955602e-16 
7.94602136818829e+01 9.01867425484109e-17 1.24949893104125e-16 
7.95738094126647e+01 8.56202307120691e-17 1.18649516667127e-16 
7.96874051434465e+01 8.12855797330616e-17 1.12667617297417e-16 
7.98010008742283e+01 7.71710612439211e-17 1.06987944070407e-16 
7.99145966050101e+01 7.32654050068224e-17 1.01595280477059e-16 
8.00281923357920e+01 6.95580488730346e-17 9.64752153656492e-17 
8.01417880665738e+01 6.60390863447405e-17 9.16141789357403e-17 
8.02553837973556e+01 6.26990385022571e-17 8.69991719560141e-17 
8.03689795281374e+01 5.95287121860019e-17 8.26178309603164e-17 
8.04825752589192e+01 5.65194923047611e-17 7.84581921842761e-17 
8.05961709897011e+01 5.36631052446178e-17 7.45090536765987e-17 
8.07097667204829e+01 5.09517968183130e-17 7.07596437632941e-17 
8.08233624512647e+01 4.83781205728527e-17 6.71998755178718e-17 
8.09369581820465e+01 4.59350968189134e-17 6.38200500375751e-17 
8.10505539128283e+01 4.36160232019658e-17 6.06110839380230e-17 
8.11641496436102e+01 4.14146168342751e-17 5.75642437648329e-17 
8.12777453743920e+01 3.93248447748514e-17 5.46713493883305e-17 
8.13913411051738e+01 3.73410510692093e-17 5.19245362645084e-17 
8.15049368359556e+01 3.54578050339070e-17 4.93164372971639e-17 
8.16185325667374e+01 3.36700148153369e-17 4.68399700109654e-17 
8.17321282975193e+01 3.19727915982758e-17 4.44884991733526e-17 
8.18457240283011e+01 3.03615511220254e-17 4.22556462540658e-17 
8.19593197590829e+01 2.88318921321492e-17 4.01354348537399e-17 
8.20729154898647e+01 2.73796871379925e-17 3.81221201025914e-17 
8.21865112206465e+01 2.60009736051988e-17 3.62103187236500e-17 
8.23001069514283e+01 2.46920351009905e-17 3.43948562719608e-17 
8.24137026822102e+01 2.34493038844289e-17 3.26708834649740e-17 
8.25272984129920e+01 2.22694334630222e-17 3.10337393857851e-17 
8.26408941437738e+01 2.11492113800643e-17 2.94790555387845e-17 
8.27544898745556e+01 2.00856240965529e-17 2.80026333389694e-17 
8.28680856053375e+01 1.90757789021340e-17 2.66005371952765e-17 
8.29816813361193e+01 1.81169619385238e-17 2.52689847853904e-17 
8.30952770669011e+01 1.72065682742299e-17 2.40044303302181e-17 
8.32088727976829e+01 1.63421537984002e-17 2.28034663121446e-17 
8.33224685284647e+01 1.55213726010356e-17 2.16628979800504e-17 
8.34360642592465e+01 1.47420233883015e-17 2.05796553106521e-17 
8.35496599900284e+01 1.40019934006883e-17 1.95508596727136e-17 
8.36632557208102e+01 1.32992999312993e-17 1.85737449577497e-17 
8.37768514515920e+01 1.26320400955101e-17 1.76457172331920e-17 
8.38904471823738e+01 1.19984279716884e-17 1.67642840819298e-17 
8.40040429131556e+01 1.13967496083813e-17 1.59271079858911e-17 
8.41176386439375e+01 1.08253962515256e-17 1.51319430150998e-17 
8.42312343747193e+01 1.02828240399741e-17 1.43766826042908e-17 
8.43448301055011e+01 9.76758373379333e-18 1.36593028227267e-17 
8.44584258362829e+01 9.27828460684286e-18 1.29779051361805e-17 
8.45720215670647e+01 8.81362104658961e-18 1.23306655693230e-17 
8.46856172978466e+01 8.37234020423840e-18 1.17158729819450e-17 
8.47992130286284e+01 7.95326579709226e-18 1.11318835084428e-17 
8.49128087594102e+01 7.55526912300552e-18 1.05771548218283e-17 
8.50264044901920e+01 7.17729036107699e-18 1.00502052994042e-17 
8.51400002209738e+01 6.81831259857642e-18 9.54964469744038e-18 
8.52535959517557e+01 6.47738089431700e-18 9.07413755009205e-18 
8.53671916825375e+01 6.15357900319849e-18 8.62243063264113e-18 
8.54807874133193e+01 5.84604643853659e-18 8.19332015169331e-18 
8.55943831441011e+01 5.55395761250060e-18 7.78567633517114e-18 
8.57079788748829e+01 5.27653710858316e-18 7.39841401941961e-18 
8.58215746056648e+01 5.01304098575160e-18 7.03051466829715e-18 
8.59351703364466e+01 4.76277044982904e-18 6.68100000326962e-18 
8.60487660672284e+01 4.52505509566429e-18 6.34895172210726e-18 
8.61623617980102e+01 4.29926514616280e-18 6.03348785587601e-18 
8.62759575287920e+01 4.08479643041410e-18 5.73378042811228e-18 
8.63895532595739e+01 3.88108134129040e-18 5.44903425347909e-18 
8.65031489903557e+01 3.68757536877359e-18 5.17850275428584e-18 
8.66167447211375e+01 3.50376691101127e-18 4.92146894935481e-18 
8.67303404519193e+01 3.32916520085508e-18 4.67725962189935e-18 
8.68439361827011e+01 3.16330909093987e-18 4.44522826921485e-18 
8.69575319134830e+01 3.00575622854490e-18 4.22476779330516e-18 
8.70711276442648e+01 2.85609092261823e-18 4.01529520903115e-18 
8.71847233750466e+01 2.71391443714861e-18 3.81626301315324e-18 
8.72983191058284e+01 2.57885203658719e-18 3.62714546840339e-18 
8.74119148366102e+01 2.45054428150209e-18 3.44744878940432e-18 
8.75255105673921e+01 2.32865333865678e-18 3.27669883910100e-18 
8.76391062981739e+01 2.21285517488063e-18 3.11445025529545e-18 
8.77527020289557e+01 2.10284520896333e-18 2.96027541330665e-18 
8.78662977597375e+01 1.99833131052985e-18 2.81377260371817e-18 
8.79798934905193e+01 1.89903886278498e-18 2.67455613011225e-18 
8.80934892213012e+01 1.80470448291465e-18 2.54226363731336e-18 
8.82070849520830e+01 1.71508055742765e-18 2.41654722744383e-18 
8.83206806828648e+01 1.62992960926329e-18 2.29708002752666e-18 
8.84342764136466e+01 1.54902836096212e-18 2.18354821635068e-18 
8.85478721444284e+01 1.47216268161998e-18 2.07565691028743e-18 
8.86614678752102e+01 1.39913122734285e-18 1.97312300995459e-18 
8.87750636059921e+01 1.32974090792808e-18 1.87568047618968e-18 
8.88886593367739e+01 1.26381014879534e-18 1.78307391024767e-18 
8.90022550675557e+01 1.20116482365139e-18 1.69506328310545e-18 
8.91158507983375e+01 1.14164117747047e-18 1.61141817363385e-18 
8.92294465291194e+01 1.08508217698095e-18 1.53192200809828e-18 
8.93430422599012e+01 1.03134013011571e-18 1.45636688857315e-18 
8.94566379906830e+01 9.80273411157641e-19 1.38455739372749e-18 
8.95702337214648e+01 9.31748808353668e-19 1.31630593668800e-18 
8.96838294522466e+01 8.85638585038558e-19 1.25143617275623e-18 
8.97974251830285e+01 8.41822583779508e-19 1.18977883220999e-18 
8.99110209138103e+01 8.00185588813089e-19 1.13117477582267e-18 
9.00246166445921e+01 7.60619212111644e-19 1.07547264777633e-18 
9.01382123753739e+01 7.23021006411255e-19 1.02252971281199e-18 
9.02518081061557e+01 6.87293492433331e-19 9.72209300588504e-19 
9.03654038369375e+01 6.53342589353798e-19 9.24381803686242e-19 
9.04789995677194e+01 6.21079791187513e-19 8.78922325610757e-19 
9.05925952985012e+01 5.90420257127909e-19 8.35713437954804e-19 
9.07061910292830e+01 5.61284166913194e-19 7.94642462373432e-19 
9.08197867600648e+01 5.33595007024310e-19 7.55603448481998e-19 
9.09333824908466e+01 5.07280785638142e-19 7.18494733799563e-19 
9.10469782216285e+01 4.82272494463517e-19 6.83220717483385e-19 
9.11605739524103e+01 4.58505197922469e-19 6.49689669620887e-19 
9.12741696831921e+01 4.35916652505152e-19 6.17815322015405e-19 
9.13877654139739e+01 4.14448283283780e-19 5.87514901173430e-19 
9.15013611447557e+01 3.94043944548767e-19 5.58710555137552e-19 
9.16149568755376e+01 3.74650795385764e-19 5.31327587172577e-19 
9.17285526063194e+01 3.56218187040134e-19 5.05295735656276e-19 
9.18421483371012e+01 3.38698448058337e-19 4.80547587847877e-19 
9.19557440678830e+01 3.22045885336695e-19 4.57019728070608e-19 
9.20693397986648e+01 3.06217488228838e-19 4.34651313078099e-19 
9.21829355294467e+01 2.91172031586110e-19 4.13385102172966e-19 
9.22965312602285e+01 2.76870707249083e-19 3.93166177596647e-19 
9.24101269910103e+01 2.63276318597446e-19 3.73942868805464e-19 
9.25237227217921e+01 2.50353846963497e-19 3.55665603020835e-19 
9.26373184525739e+01 2.38069728293695e-19 3.38287734610767e-19 
9.27509141833558e+01 2.26392361234524e-19 3.21764512470824e-19 
9.28645099141376e+01 2.15291457479362e-19 3.06053824319147e-19 
9.29781056449194e+01 2.04738497572384e-19 2.91115268952834e-19 
9.30917013757012e+01 1.94706147384787e-19 2.76910824244058e-19 
9.32052971064830e+01 1.85168667051731e-19 2.63404013548111e-19 
9.33188928372649e+01 1.76101386801846e-19 2.50560505274670e-19 
9.34324885680467e+01 1.67481073877745e-19 2.38347363827628e-19 
9.35460842988285e+01 1.59285461641625e-19 2.26733587807558e-19 
9.36596800296103e+01 1.51493578824632e-19 2.15689436852983e-19 
9.37732757603921e+01 1.44085326457686e-19 2.05186914797600e-19 
9.38868714911740e+01 1.37041773342699e-19 1.95199164669682e-19 
9.40004672219558e+01 1.30344775919120e-19 1.85700902471748e-19 
9.41140629527376e+01 1.23977243445097e-19 1.76667873390032e-19 
9.42276586835194e+01 1.17922796413393e-19 1.68077241276817e-19 
9.43412544143012e+01 1.12166004568066e-19 1.59907099834991e-19 
9.44548501450831e+01 1.06692079934477e-19 1.52136822357101e-19 
9.45684458758649e+01 1.01487090472445e-19 1.44746622289374e-19 
9.46820416066467e+01 9.65376841894274e-20 1.37717867310250e-19 
9.47956373374285e+01 9.18312809404401e-20 1.31032684251653e-19 
9.49092330682103e+01 8.73558244560480e-20 1.24674241177527e-19 
9.50228287989922e+01 8.30999545390067e-20 1.18626392154370e-19 
9.51364245297740e+01 7.90527841637819e-20 1.12873930612059e-19 
9.52500202605558e+01 7.52040540867333e-20 1.07402269916883e-19 
9.53636159913376e+01 7.15439324653811e-20 1.02197670958002e-19 
9.54772117221194e+01 6.80631536901168e-20 9.72469548899635e-20 
9.55908074529013e+01 6.47528382328671e-20 9.25377075844532e-20 
9.57044031836831e+01 6.16046173212454e-20 8.80580212804154e-20 
9.58179989144649e+01 5.86104709607301e-20 8.37966782685861e-20 
9.59315946452467e+01 5.57628399045826e-20 7.97429185203338e-20 
9.60451903760285e+01 5.30544800039676e-20 7.58866047285581e-20 
9.61587861068104e+01 5.04785627768118e-20 7.22180132851205e-20 
9.62723818375922e+01 4.80285444289488e-20 6.87279825830646e-20 
9.63859775683740e+01 4.56982561905584e-20 6.54077249806012e-20 
9.64995732991558e+01 4.34817865206612e-20 6.22489600736419e-20 
9.66131690299376e+01 4.13735622592218e-20 5.92437455248819e-20 
9.67267647607194e+01 3.93682426791621e-20 5.63845968399501e-20 
9.68403604915013e+01 3.74607923941752e-20 5.36643351560482e-20 
9.69539562222831e+01 3.56463860586669e-20 5.10761948975282e-20 
9.70675519530649e+01 3.39204738745003e-20 4.86136868123391e-20 
9.71811476838467e+01 3.22786958615316e-20 4.62706947416122e-20 
9.72947434146285e+01 3.07169407197167e-20 4.40413523661261e-20 
9.74083391454104e+01 2.92312687026199e-20 4.19201301978501e-20 
9.75219348761922e+01 2.78179645135213e-20 3.99017246547995e-20 
9.76355306069740e+01 2.64734679127412e-20 3.79811362689201e-20 
9.77491263377558e+01 2.51944212566465e-20 3.61535698479113e-20 
9.78627220685376e+01 2.39776070580143e-20 3.44145047919855e-20 
9.79763177993195e+01 2.28199907143112e-20 3.27596218758566e-20 
9.80899135301013e+01 2.17186631716334e-20 3.11848498613311e-20 
9.82035092608831e+01 2.06708804808720e-20 2.96862680034691e-20 
9.83171049916649e+01 1.96740132260755e-20 2.82601796124220e-20 
9.84307007224467e+01 1.87255810470055e-20 2.69030392236514e-20 
9.85442964532286e+01 1.78232071225835e-20 2.56115037303261e-20 
9.86578921840104e+01 1.69646492080040e-20 2.43823668121601e-20 
9.87714879147922e+01 1.61477586643396e-20 2.32125883269586e-20 
9.88850836455740e+01 1.53705095044776e-20 2.20992360470345e-20 
9.89986793763558e+01 1.46309614548645e-20 2.10395851436598e-20 
9.91122751071377e+01 1.39272821987701e-20 2.00310415185365e-20 
9.92258708379195e+01 1.32577157355138e-20 1.90711266311047e-20 
9.93394665687013e+01 1.26206056893992e-20 1.81574708400195e-20 
9.94530622994831e+01 1.20143641479583e-20 1.72878067898996e-20 
9.95666580302649e+01 1.14374954452123e-20 1.64599430368920e-20 
9.96802537610468e+01 1.08885668242459e-20 1.56718905225652e-20 
9.97938494918286e+01 1.03662235903404e-20 1.49217501954706e-20 
9.99074452226104e+01 9.86916749123354e-21 1.42076916644641e-20 
1.00021040953392e+02 9.39617334569528e-21 1.35279399726535e-20 
1.00134636684174e+02 8.94599318024329e-21 1.28809000875380e-20 
1.00248232414956e+02 8.51749260829552e-21 1.22649745894855e-20 
1.00361828145738e+02 8.10961905539486e-21 1.16786448907049e-20 
1.00475423876519e+02 7.72137839388050e-21 1.11204780678203e-20 
1.00589019607301e+02 7.35181780040012e-21 1.05890960211182e-20 
1.00702615338083e+02 7.00003902786354e-21 1.00832106173446e-20 
1.00816211068865e+02 6.66517887632651e-21 9.60162307395067e-21 
1.00929806799647e+02 6.34642251752601e-21 9.14315578064338e-21 
1.01043402530429e+02 6.04298861588854e-21 8.70670115313382e-21 
1.01156998261210e+02 5.75413933224431e-21 8.29119310609662e-21 
1.01270593991992e+02 5.47916739304468e-21 7.89562535640965e-21 
1.01384189722774e+02 5.21740485476542e-21 7.51903275639458e-21 
1.01497785453556e+02 4.96821144871324e-21 7.16050424223978e-21 
1.01611381184338e+02 4.73098247070233e-21 6.81916600762655e-21 
1.01724976915120e+02 4.50513827491088e-21 6.49419316173847e-21 
1.01838572645901e+02 4.29013137658342e-21 6.18475108860554e-21 
1.01952168376683e+02 4.08543993105162e-21 5.89009272946126e-21 
1.02065764107465e+02 3.89056823599204e-21 5.60953261575131e-21 
1.02179359838247e+02 3.70504198171944e-21 5.34239380895162e-21 
1.02292955569029e+02 3.52841235764542e-21 5.08803951196648e-21 
1.02406551299810e+02 3.36024916142557e-21 4.84585701344054e-21 
1.02520147030592e+02 3.20014599781537e-21 4.61525847074911e-21 
1.02633742761374e+02 3.04771333765010e-21 4.39568878818505e-21 
1.02747338492156e+02 2.90258318634102e-21 4.18661559223107e-21 
1.02860934222938e+02 2.76440282511577e-21 3.98753613332875e-21 
1.02974529953720e+02 2.63283901532539e-21 3.79796824606449e-21 
1.03088125684501e+02 2.50757235449681e-21 3.61745656527386e-21 
1.03201721415283e+02 2.38830106287498e-21 3.44556437385296e-21 
1.03315317146065e+02 2.27473589354220e-21 3.28187920165852e-21 
1.03428912876847e+02 2.16660354295394e-21 3.12600547332211e-21 
1.03542508607629e+02 2.06364206041300e-21 2.97756955153107e-21 
1.03656104338410e+02 1.96560392016340e-21 2.83621310592298e-21 
1.03769700069192e+02 1.87225188093803e-21 2.70159765615118e-21 
1.03883295799974e+02 1.78336175340462e-21 2.57339859076846e-21 
1.03996891530756e+02 1.69871866539380e-21 2.45130925992304e-21 
1.04110487261538e+02 1.61811955510147e-21 2.33503558019096e-21 
1.04224082992320e+02 1.54136980200511e-21 2.22429972175037e-21 
1.04337678723101e+02 1.46828547317898e-21 2.11883524146981e-21 
1.04451274453883e+02 1.39869028386839e-21 2.01839040491484e-21 
1.04564870184665e+02 1.33241762153398e-21 1.92272379571406e-21 
1.04678465915447e+02 1.26930780362073e-21 1.83160730871008e-21 
1.04792061646229e+02 1.20920990148343e-21 1.74482218877180e-21 
1.04905657377010e+02 1.15197926609899e-21 1.66216172776653e-21 
1.05019253107792e+02 1.09747917180947e-21 1.58342769062073e-21 
1.05132848838574e+02 1.04557858361832e-21 1.50843274552038e-21 
1.05246444569356e+02 9.96153638694554e-22 1.43699723919597e-21 
1.05360040300138e+02 9.49085631497924e-22 1.36895138681687e-21 
1.05473636030920e+02 9.04262349195935e-22 1.30413236223493e-21 
1.05587231761701e+02 8.61576253208055e-22 1.24238627139243e-21 
1.05700827492483e+02 8.20925683075559e-22 1.18356552664427e-21 
1.05814423223265e+02 7.82213215127200e-22 1.12753062511847e-21 
1.05928018954047e+02 7.45346747892212e-22 1.07414777928634e-21 
1.06041614684829e+02 7.10238020492171e-22 1.02329051957246e-21 
1.06155210415610e+02 6.76803591383718e-22 9.74837556089390e-22 
1.06268806146392e+02 6.44963500794747e-22 9.28674222866470e-22 
1.06382401877174e+02 6.14642153410671e-22 8.84690548140723e-22 
1.06495997607956e+02 5.85767110716399e-22 8.42782555838994e-22 
1.06609593338738e+02 5.58269887185137e-22 8.02850524046675e-22 
1.06723189069520e+02 5.32084859777771e-22 7.64800157816364e-22 
1.06836784800301e+02 5.07149986244394e-22 7.28541017445393e-22 
1.06950380531083e+02 4.83405820284970e-22 6.93987575278739e-22 
1.07063976261865e+02 4.60796159720321e-22 6.61057797237211e-22 
1.07177571992647e+02 4.39267156946026e-22 6.29674095016886e-22 
1.07291167723429e+02 4.18767903961965e-22 5.99762045941912e-22 
1.07404763454210e+02 3.99249628767584e-22 5.71251250823385e-22 
1.07518359184992e+02 3.80666223548651e-22 5.44074178681723e-22 
1.07631954915774e+02 3.62973518577484e-22 5.18166939501941e-22 
1.07745550646556e+02 3.46129759234589e-22 4.93468241696691e-22 
1.07859146377338e+02 3.30094949802097e-22 4.69920088070638e-22 
1.07972742108120e+02 3.14831284439515e-22 4.47466835090869e-22 
1.08086337838901e+02 3.00302554001528e-22 4.26055819540475e-22 
1.08199933569683e+02 2.86474535584906e-22 4.05636509741155e-22 
1.08313529300465e+02 2.73314456171026e-22 3.86161069625852e-22 
1.08427125031247e+02 2.60791344909516e-22 3.67583593030667e-22 
1.08540720762029e+02 2.48875547988608e-22 3.49860611240078e-22 
1.08654316492811e+02 2.37539047415270e-22 3.32950402342358e-22 
1.08767912223592e+02 2.26755022059435e-22 3.16813447691177e-22 
1.08881507954374e+02 2.16498136325643e-22 3.01411809109945e-22 
1.08995103685156e+02 2.06744142806133e-22 2.86709539163622e-22 
1.09108699415938e+02 1.97470143911387e-22 2.72672119711448e-22 
1.09222295146720e+02 1.88654232007316e-22 2.59266830386514e-22 
1.09335890877501e+02 1.80275726777884e-22 2.46462242640905e-22 
1.09449486608283e+02 1.72314849117996e-22 2.34228550382530e-22 
1.09563082339065e+02 1.64752936737272e-22 2.22537114238630e-22 
1.09676678069847e+02 1.57572148437003e-22 2.11360757894676e-22 
1.09790273800629e+02 1.50755660227289e-22 2.00673357827849e-22 
1.09903869531411e+02 1.44287396937402e-22 1.90450108526949e-22 
1.10017465262192e+02 1.38152210906211e-22 1.80667153422434e-22 
1.10131060992974e+02 1.32335638164009e-22 1.71301821835301e-22 
1.10244656723756e+02 1.26824061566046e-22 1.62332297259662e-22 
1.10358252454538e+02 1.21604489043441e-22 1.53737828588879e-22 
1.10471848185320e+02 1.16664702879628e-22 1.45498432295030e-22 
1.10585443916101e+02 1.11993057761179e-22 1.37595080208842e-22 
1.10699039646883e+02 1.07578617745180e-22 1.30009432491980e-22 
1.10812635377665e+02 1.03410972050116e-22 1.22724004000661e-22 
1.10926231108447e+02 9.94803611269124e-23 1.15721925265150e-22 
1.11039826839229e+02 9.57775083178260e-23 1.08987089242644e-22 
1.11153422570011e+02 9.22937363235531e-23 1.02503937807089e-22 
1.11267018300792e+02 8.90208130263200e-23 9.62575904926162e-23 
1.11380614031574e+02 8.59510595387892e-23 9.02336542588579e-23 
1.11494209762356e+02 8.30772086380450e-23 8.44183356396774e-23 
1.11607805493138e+02 8.03925054878005e-23 7.87982717873424e-23 
1.11721401223920e+02 7.78905772643946e-23 7.33606272705303e-23 
1.11834996954701e+02 7.55655275609286e-23 6.80929446174857e-23 
1.11948592685483e+02 7.34118159061833e-23 6.29832268505265e-23 
1.12062188416265e+02 7.14243467868654e-23 5.80198059459749e-23 
1.12175784147047e+02 6.95983578668144e-23 5.31914120479241e-23 
1.12289379877829e+02 6.79295045006783e-23 4.84870584433402e-23 
1.12402975608611e+02 6.64137555550817e-23 4.38960982642244e-23 
1.12516571339392e+02 6.50474742330391e-23 3.94081247416927e-23 
1.12630167070174e+02 6.38273204819298e-23 3.50130160814744e-23 
1.12743762800956e+02 6.27503289021636e-23 3.07008499127126e-23 
1.12857358531738e+02 6.18138167997751e-23 2.64619369056969e-23 
1.12970954262520e+02 6.10154599147179e-23 2.22867484711613e-23 
1.13084549993301e+02 6.03532052394673e-23 1.81659395800771e-23 
1.13198145724083e+02 5.98253452713630e-23 1.40902888987469e-23 
1.13311741454865e+02 5.94304347735112e-23 1.00507111673180e-23 
1.13425337185647e+02 5.91673642314172e-23 6.03820907632311e-24 
1.13538932916429e+02 5.90352797793325e-23 4.03812428072494e-24 
