Energy(eV)           EEDF(eV^-(3/2))      Anisotropy(eV^-(3/2))
1.14600915890052e-03 4.20695083349773e+00 2.66633898436861e-03 
3.43802747670155e-03 4.18333297661722e+00 3.68540076970649e-03 
5.73004579450259e-03 4.14741040009409e+00 5.33725192217152e-03 
8.02206411230362e-03 4.10715818876429e+00 6.52560890204148e-03 
1.03140824301047e-02 4.06525197852416e+00 7.42996936557339e-03 
1.26061007479057e-02 4.02353437449435e+00 8.14359527451729e-03 
1.48981190657067e-02 3.98243619129628e+00 8.74046206079864e-03 
1.71901373835078e-02 3.94219886181529e+00 9.28411037969369e-03 
1.94821557013088e-02 3.90223937455795e+00 9.77238421404831e-03 
2.17741740191098e-02 3.86307606378519e+00 1.01983496669013e-02 
2.40661923369109e-02 3.82447535108708e+00 1.05623788424289e-02 
2.63582106547119e-02 3.78697809009179e+00 1.08236710772486e-02 
2.86502289725129e-02 3.75104657658729e+00 1.09853347769096e-02 
3.09422472903140e-02 3.71707227083800e+00 1.11636194135212e-02 
3.32342656081150e-02 3.68384544140658e+00 1.13911933011158e-02 
3.55262839259160e-02 3.65146061695638e+00 1.15683861104824e-02 
3.78183022437171e-02 3.62013211549792e+00 1.16861245078721e-02 
4.01103205615181e-02 3.59004748344859e+00 1.17839930874733e-02 
4.24023388793191e-02 3.56094258362593e+00 1.19015404433489e-02 
4.46943571971202e-02 3.53259899352533e+00 1.20079904279550e-02 
4.69863755149212e-02 3.50513482485113e+00 1.20731088028754e-02 
4.92783938327222e-02 3.47865484077243e+00 1.21001765942252e-02 
5.15704121505233e-02 3.45322827066111e+00 1.21013189812315e-02 
5.38624304683243e-02 3.42883427725978e+00 1.20760583227283e-02 
5.61544487861253e-02 3.40554305685342e+00 1.20140258278634e-02 
5.84464671039264e-02 3.38341493171279e+00 1.19154410556801e-02 
6.07384854217274e-02 3.36250074847885e+00 1.17803584078456e-02 
6.30305037395285e-02 3.34284219632783e+00 1.16086733580096e-02 
6.53225220573295e-02 3.32447204604073e+00 1.14001298902712e-02 
6.76145403751305e-02 3.30741431138308e+00 1.11543294051084e-02 
6.99065586929316e-02 3.29168433458303e+00 1.09236693715506e-02 
7.21985770107326e-02 3.27697335345597e+00 1.07807807390832e-02 
7.44905953285336e-02 3.26292577930545e+00 1.06802681322484e-02 
7.67826136463347e-02 3.24956086065668e+00 1.05572949187761e-02 
7.90746319641357e-02 3.23689444150109e+00 1.04118402602637e-02 
8.13666502819367e-02 3.22493901893428e+00 1.02438352399437e-02 
8.36586685997378e-02 3.21370378594831e+00 1.00531652492486e-02 
8.59506869175388e-02 3.20319465964537e+00 9.83967277189266e-03 
8.82427052353398e-02 3.19341429523136e+00 9.60316061015497e-03 
9.05347235531409e-02 3.18436208624963e+00 9.34339560590089e-03 
9.28267418709419e-02 3.17603415162805e+00 9.06011291912592e-03 
9.51187601887429e-02 3.16842331023883e+00 8.75302094103246e-03 
9.74107785065440e-02 3.16151904381029e+00 8.42180693980421e-03 
9.97027968243450e-02 3.15530744918550e+00 8.11099998615677e-03 
1.01994815142146e-01 3.14963427022319e+00 7.90663487039910e-03 
1.04286833459947e-01 3.14426193187143e+00 7.77125814127707e-03 
1.06578851777748e-01 3.13919182898279e+00 7.62330081425527e-03 
1.08870870095549e-01 3.13442437907741e+00 7.46271738385105e-03 
1.11162888413350e-01 3.12995902289501e+00 7.28945451506796e-03 
1.13454906731151e-01 3.12579422341654e+00 7.10345184303707e-03 
1.15746925048952e-01 3.12192746342680e+00 6.90464286703355e-03 
1.18038943366753e-01 3.11835524170061e+00 6.69295595012017e-03 
1.20330961684554e-01 3.11507306790738e+00 6.51204673176570e-03 
1.22622980002355e-01 3.11198790171969e+00 6.39177696786175e-03 
1.24914998320156e-01 3.10905084205632e+00 6.28917598362459e-03 
1.27207016637957e-01 3.10626217463164e+00 6.17891285153782e-03 
1.29499034955758e-01 3.10362182596397e+00 6.06097327187626e-03 
1.31791053273559e-01 3.10112936351528e+00 5.93534069646878e-03 
1.34083071591361e-01 3.09878399556675e+00 5.80199653351519e-03 
1.36375089909162e-01 3.09658457084089e+00 5.66092037354271e-03 
1.38667108226963e-01 3.09452957788252e+00 5.51209023875706e-03 
1.40959126544764e-01 3.09261714421268e+00 5.35548285877115e-03 
1.43251144862565e-01 3.09084503527080e+00 5.19107397676057e-03 
1.45543163180366e-01 3.08921065316228e+00 5.01883869160243e-03 
1.47835181498167e-01 3.08771103523033e+00 4.83875184383979e-03 
1.50127199815968e-01 3.08634285247247e+00 4.67748917223145e-03 
1.52419218133769e-01 3.08507164817947e+00 4.56008371793059e-03 
1.54711236451570e-01 3.08387151795387e+00 4.46054470930239e-03 
1.57003254769371e-01 3.08274179640403e+00 4.35616120784669e-03 
1.59295273087172e-01 3.08168167736478e+00 4.24692601195246e-03 
1.61587291404973e-01 3.08069021370565e+00 4.13283160884041e-03 
1.63879309722774e-01 3.07976631710157e+00 4.01387026854829e-03 
1.66171328040575e-01 3.07890875776879e+00 3.89003414941412e-03 
1.68463346358376e-01 3.07811616416953e+00 3.76131541775953e-03 
1.70755364676177e-01 3.07738702268858e+00 3.66159393345140e-03 
1.73047382993978e-01 3.07669300688612e+00 3.60126071878186e-03 
1.75339401311779e-01 3.07602843451353e+00 3.54556053637243e-03 
1.77631419629580e-01 3.07539320444429e+00 3.48721257920983e-03 
1.79923437947381e-01 3.07478717346676e+00 3.42621554607602e-03 
1.82215456265182e-01 3.07421015627944e+00 3.36256801508323e-03 
1.84507474582983e-01 3.07366192548071e+00 3.29626845710405e-03 
1.86799492900784e-01 3.07314221155322e+00 3.22731525049991e-03 
1.89091511218585e-01 3.07265070284330e+00 3.15570669734013e-03 
1.91383529536386e-01 3.07218704553555e+00 3.08144104128708e-03 
1.93675547854187e-01 3.07175084362298e+00 3.00451648750036e-03 
1.95967566171988e-01 3.07134165887283e+00 2.92493122497547e-03 
1.98259584489789e-01 3.07095901078863e+00 2.84268345173296e-03 
2.00551602807591e-01 3.07060237656864e+00 2.79510768978809e-03 
2.02843621125392e-01 3.07025224431598e+00 2.79824109504760e-03 
2.05135639443193e-01 3.06990196068062e+00 2.81432359153837e-03 
2.07427657760994e-01 3.06955159013796e+00 2.83006300839382e-03 
2.09719676078795e-01 3.06920119644868e+00 2.84545952410785e-03 
2.12011694396596e-01 3.06885084265915e+00 2.86051331722428e-03 
2.14303712714397e-01 3.06850059110197e+00 2.87522456624521e-03 
2.16595731032198e-01 3.06815050339646e+00 2.88959344954196e-03 
2.18887749349999e-01 3.06780064044910e+00 2.90362014528861e-03 
2.21179767667800e-01 3.06745106245412e+00 2.91730483138983e-03 
2.23471785985601e-01 3.06710182889393e+00 2.93064768540421e-03 
2.25763804303402e-01 3.06675299853973e+00 2.94364888446510e-03 
2.28055822621203e-01 3.06640462945199e+00 2.95630860522505e-03 
2.30347840939004e-01 3.06605677898097e+00 2.96862702376998e-03 
2.32639859256805e-01 3.06570950376733e+00 2.98060431555886e-03 
2.34931877574606e-01 3.06536285974262e+00 2.99224065535759e-03 
2.37223895892407e-01 3.06501690212986e+00 3.00353621716659e-03 
2.39515914210208e-01 3.06467168544411e+00 3.01449117416528e-03 
2.41807932528009e-01 3.06432726349300e+00 3.02510569861166e-03 
2.44099950845810e-01 3.06398368937735e+00 3.03537996182276e-03 
2.46391969163611e-01 3.06364101549171e+00 3.04531413410293e-03 
2.48683987481412e-01 3.06329929352493e+00 3.05490838466969e-03 
2.50976005799213e-01 3.06295857446078e+00 3.11809053339486e-03 
2.53268024117014e-01 3.06259495601364e+00 3.23856188291862e-03 
2.55560042434815e-01 3.06220550356216e+00 3.36476398076255e-03 
2.57852060752616e-01 3.06178914444918e+00 3.49261638659043e-03 
2.60144079070417e-01 3.06134478971376e+00 3.62211133825584e-03 
2.62436097388218e-01 3.06087133424275e+00 3.75324070884553e-03 
2.64728115706020e-01 3.06036765693006e+00 3.88599599558212e-03 
2.67020134023821e-01 3.05983262084387e+00 4.02036830886361e-03 
2.69312152341622e-01 3.05926507340199e+00 4.15634836137329e-03 
2.71604170659423e-01 3.05866384655554e+00 4.29392645724214e-03 
2.73896188977224e-01 3.05802775698133e+00 4.43309248130902e-03 
2.76188207295025e-01 3.05735560628286e+00 4.57383588839544e-03 
2.78480225612826e-01 3.05664618120050e+00 4.71614569265008e-03 
2.80772243930627e-01 3.05589825383078e+00 4.86001045693108e-03 
2.83064262248428e-01 3.05511058185522e+00 5.00541828223717e-03 
2.85356280566229e-01 3.05428190877873e+00 5.15235679721111e-03 
2.87648298884030e-01 3.05341096417793e+00 5.30081314766569e-03 
2.89940317201831e-01 3.05249646395956e+00 5.45077398618965e-03 
2.92232335519632e-01 3.05153711062908e+00 5.60222546180729e-03 
2.94524353837433e-01 3.05053159356992e+00 5.75515320971550e-03 
2.96816372155234e-01 3.04947858933325e+00 5.90954234110492e-03 
2.99108390473035e-01 3.04837676193871e+00 6.06744342355249e-03 
3.01400408790836e-01 3.04722324026823e+00 6.24547018900184e-03 
3.03692427108637e-01 3.04600403319549e+00 6.44102862557688e-03 
3.05984445426438e-01 3.04471698705184e+00 6.63842136441918e-03 
3.08276463744239e-01 3.04335992832094e+00 6.83761982626976e-03 
3.10568482062040e-01 3.04193066437732e+00 7.03859433993678e-03 
3.12860500379841e-01 3.04042698425405e+00 7.24131412269115e-03 
3.15152518697642e-01 3.03884665943983e+00 7.44574726115179e-03 
3.17444537015443e-01 3.03718744470609e+00 7.65186069267551e-03 
3.19736555333244e-01 3.03544707896438e+00 7.85962018728168e-03 
3.22028573651045e-01 3.03362328615445e+00 8.06899033014482e-03 
3.24320591968846e-01 3.03171377616342e+00 8.27993450466616e-03 
3.26612610286647e-01 3.02971624577638e+00 8.49241487620354e-03 
3.28904628604448e-01 3.02762837965857e+00 8.70639237646836e-03 
3.31196646922249e-01 3.02544785136965e+00 8.92182668859079e-03 
3.33488665240050e-01 3.02317232441013e+00 9.13867623294499e-03 
3.35780683557852e-01 3.02079945330015e+00 9.35689815376160e-03 
3.38072701875653e-01 3.01832688469098e+00 9.57644830654943e-03 
3.40364720193454e-01 3.01575225850908e+00 9.79728124635086e-03 
3.42656738511255e-01 3.01307320913312e+00 1.00193502169182e-02 
3.44948756829056e-01 3.01028736660381e+00 1.02426071408162e-02 
3.47240775146857e-01 3.00739235786664e+00 1.04670026104824e-02 
3.49532793464658e-01 3.00438580804750e+00 1.06965003423589e-02 
3.51824811782459e-01 3.00126073225585e+00 1.09405056620358e-02 
3.54116830100260e-01 2.99800336791459e+00 1.11947933446088e-02 
3.56408848418061e-01 2.99461068273896e+00 1.14501433137682e-02 
3.58700866735862e-01 2.99107964855601e+00 1.17064836182320e-02 
3.60992885053663e-01 2.98740724340407e+00 1.19637404160030e-02 
3.63284903371464e-01 2.98359045368303e+00 1.22218379739021e-02 
3.65576921689265e-01 2.97962627635472e+00 1.24806986692525e-02 
3.67868940007066e-01 2.97551172119291e+00 1.27402429937991e-02 
3.70160958324867e-01 2.97124381308176e+00 1.30003895599200e-02 
3.72452976642668e-01 2.96681959436208e+00 1.32610551092140e-02 
3.74744994960469e-01 2.96223612722407e+00 1.35221545235122e-02 
3.77037013278270e-01 2.95749049614562e+00 1.37836008383817e-02 
3.79329031596071e-01 2.95257981037467e+00 1.40453052591929e-02 
3.81621049913872e-01 2.94750120645442e+00 1.43071771798034e-02 
3.83913068231673e-01 2.94225185078973e+00 1.45691242039258e-02 
3.86205086549474e-01 2.93682894225311e+00 1.48310521692321e-02 
3.88497104867275e-01 2.93122971482858e+00 1.50928651742385e-02 
3.90789123185076e-01 2.92545144029151e+00 1.53544656080242e-02 
3.93081141502877e-01 2.91949143092236e+00 1.56157541828565e-02 
3.95373159820678e-01 2.91334704225228e+00 1.58766299697432e-02 
3.97665178138479e-01 2.90701567583827e+00 1.61369904369428e-02 
3.99957196456281e-01 2.90049478206552e+00 1.63940979782773e-02 
4.02249214774082e-01 2.89378620073770e+00 1.66450945727023e-02 
4.04541233091883e-01 2.88689234539257e+00 1.68925310728159e-02 
4.06833251409684e-01 2.87981106515357e+00 1.71390746290788e-02 
4.09125269727485e-01 2.87254026398797e+00 1.73846247451010e-02 
4.11417288045286e-01 2.86507790322503e+00 1.76290797736142e-02 
4.13709306363087e-01 2.85742200408195e+00 1.78723369684293e-02 
4.16001324680888e-01 2.84957065019503e+00 1.81142925390257e-02 
4.18293342998689e-01 2.84152199015317e+00 1.83548417077733e-02 
4.20585361316490e-01 2.83327424003092e+00 1.85938787697961e-02 
4.22877379634291e-01 2.82482568591807e+00 1.88312971554567e-02 
4.25169397952092e-01 2.81617468644272e+00 1.90669894954438e-02 
4.27461416269893e-01 2.80731967528471e+00 1.93008476884484e-02 
4.29753434587694e-01 2.79825916367633e+00 1.95327629713986e-02 
4.32045452905495e-01 2.78899174288671e+00 1.97626259922396e-02 
4.34337471223296e-01 2.77951608668691e+00 1.99903268852063e-02 
4.36629489541097e-01 2.76983095379193e+00 2.02157553485516e-02 
4.38921507858898e-01 2.75993519027634e+00 2.04388007247009e-02 
4.41213526176699e-01 2.74982773195995e+00 2.06593520827559e-02 
4.43505544494500e-01 2.73950760675978e+00 2.08772983033041e-02 
4.45797562812301e-01 2.72897393700478e+00 2.10925281654755e-02 
4.48089581130102e-01 2.71822594170950e+00 2.13049304361726e-02 
4.50381599447903e-01 2.70726293880300e+00 2.15143939613953e-02 
4.52673617765704e-01 2.69608434730915e+00 2.17208077595878e-02 
4.54965636083505e-01 2.68468968947454e+00 2.19240611169183e-02 
4.57257654401306e-01 2.67307859284009e+00 2.21240436843972e-02 
4.59549672719107e-01 2.66125079225256e+00 2.23206455767419e-02 
4.61841691036908e-01 2.64920613181201e+00 2.25137574728764e-02 
4.64133709354709e-01 2.63694456675141e+00 2.27032707179644e-02 
4.66425727672511e-01 2.62446616524446e+00 2.28890774268602e-02 
4.68717745990312e-01 2.61177111013777e+00 2.30710705888529e-02 
4.71009764308113e-01 2.59885970060360e+00 2.32491441735709e-02 
4.73301782625914e-01 2.58573235370930e+00 2.34231932379356e-02 
4.75593800943715e-01 2.57238960589971e+00 2.35931140340132e-02 
4.77885819261516e-01 2.55883211438879e+00 2.37588041176201e-02 
4.80177837579317e-01 2.54506065845671e+00 2.39201624575465e-02 
4.82469855897118e-01 2.53107614064902e+00 2.40770895452361e-02 
4.84761874214919e-01 2.51687958787406e+00 2.42294875047777e-02 
4.87053892532720e-01 2.50247215239538e+00 2.43772602030348e-02 
4.89345910850521e-01 2.48785511271567e+00 2.45203133597588e-02 
4.91637929168322e-01 2.47302987434905e+00 2.46585546575199e-02 
4.93929947486123e-01 2.45799797047835e+00 2.47918938512699e-02 
4.96221965803924e-01 2.44276106249457e+00 2.49202428773788e-02 
4.98513984121725e-01 2.42732094041539e+00 2.50435159619602e-02 
5.00806002439526e-01 2.41167952318010e+00 2.51595903851024e-02 
5.03098020757327e-01 2.39584441406457e+00 2.52681182098424e-02 
5.05390039075128e-01 2.37981875312709e+00 2.53711076828379e-02 
5.07682057392929e-01 2.36360483134134e+00 2.54688455884818e-02 
5.09974075710730e-01 2.34720506138211e+00 2.55612634079018e-02 
5.12266094028531e-01 2.33062197722811e+00 2.56482953990582e-02 
5.14558112346332e-01 2.31385823363819e+00 2.57298786873126e-02 
5.16850130664133e-01 2.29691660549929e+00 2.58059533539372e-02 
5.19142148981934e-01 2.27979998704513e+00 2.58764625224086e-02 
5.21434167299735e-01 2.26251139094443e+00 2.59413524423124e-02 
5.23726185617536e-01 2.24505394725792e+00 2.60005725706873e-02 
5.26018203935337e-01 2.22743090226349e+00 2.60540756506561e-02 
5.28310222253138e-01 2.20964561714893e+00 2.61018177871672e-02 
5.30602240570940e-01 2.19170156657219e+00 2.61437585196957e-02 
5.32894258888741e-01 2.17360233708895e+00 2.61798608917407e-02 
5.35186277206542e-01 2.15535162544791e+00 2.62100915169685e-02 
5.37478295524343e-01 2.13695323675392e+00 2.62344206418578e-02 
5.39770313842144e-01 2.11841108249989e+00 2.62528222046856e-02 
5.42062332159945e-01 2.09972917846811e+00 2.62652738907230e-02 
5.44354350477746e-01 2.08091164250216e+00 2.62717571835052e-02 
5.46646368795547e-01 2.06196269215075e+00 2.62722574120366e-02 
5.48938387113348e-01 2.04288664218490e+00 2.62667637938178e-02 
5.51230405431149e-01 2.02368790199045e+00 2.62552694735619e-02 
5.53522423748950e-01 2.00437097283768e+00 2.62377715574923e-02 
5.55814442066751e-01 1.98494044503047e+00 2.62142711431243e-02 
5.58106460384552e-01 1.96540099493728e+00 2.61847733444190e-02 
5.60398478702353e-01 1.94575738190683e+00 2.61492873122237e-02 
5.62690497020154e-01 1.92601444507132e+00 2.61078262499174e-02 
5.64982515337955e-01 1.90617710004026e+00 2.60604074241838e-02 
5.67274533655756e-01 1.88625033548840e+00 2.60070521708438e-02 
5.69566551973557e-01 1.86623920964134e+00 2.59477858956935e-02 
5.71858570291358e-01 1.84614884666246e+00 2.58826380702939e-02 
5.74150588609159e-01 1.82598443294540e+00 2.58116422226731e-02 
5.76442606926960e-01 1.80575121331610e+00 2.57348359229115e-02 
5.78734625244761e-01 1.78545448714894e+00 2.56522607635932e-02 
5.81026643562562e-01 1.76509960440141e+00 2.55639623351037e-02 
5.83318661880363e-01 1.74469196157236e+00 2.54699901957753e-02 
5.85610680198164e-01 1.72423699758840e+00 2.53703978368919e-02 
5.87902698515965e-01 1.70374018962391e+00 2.52652426425686e-02 
5.90194716833766e-01 1.68320704885972e+00 2.51545858445374e-02 
5.92486735151567e-01 1.66264311618591e+00 2.50384924718729e-02 
5.94778753469368e-01 1.64205395785443e+00 2.49170312957116e-02 
5.97070771787169e-01 1.62144516108697e+00 2.47902747690221e-02 
5.99362790104971e-01 1.60082232964410e+00 2.46582989614944e-02 
6.01654808422772e-01 1.58019107936153e+00 2.45211834896302e-02 
6.03946826740573e-01 1.55955703365938e+00 2.43790114421187e-02 
6.06238845058374e-01 1.53892581903078e+00 2.42318693005996e-02 
6.08530863376175e-01 1.51830306051568e+00 2.40798468559239e-02 
6.10822881693976e-01 1.49769437716634e+00 2.39230371200245e-02 
6.13114900011777e-01 1.47710537751057e+00 2.37615362335298e-02 
6.15406918329578e-01 1.45654165501921e+00 2.35954433692514e-02 
6.17698936647379e-01 1.43600878358393e+00 2.34248606316907e-02 
6.19990954965180e-01 1.41551231301199e+00 2.32498929527231e-02 
6.22282973282981e-01 1.39505776454394e+00 2.30706479836143e-02 
6.24574991600782e-01 1.37465062640087e+00 2.28872359835403e-02 
6.26867009918583e-01 1.35429634936731e+00 2.26997697047875e-02 
6.29159028236384e-01 1.33400034241608e+00 2.25083642748154e-02 
6.31451046554185e-01 1.31376796838119e+00 2.23131370753732e-02 
6.33743064871986e-01 1.29360453968503e+00 2.21142076188645e-02 
6.36035083189787e-01 1.27351531412578e+00 2.19116974221601e-02 
6.38327101507588e-01 1.25350549073089e+00 2.17057298780712e-02 
6.40619119825389e-01 1.23358020568266e+00 2.14964301246891e-02 
6.42911138143190e-01 1.21374452832138e+00 2.12839249128095e-02 
6.45203156460991e-01 1.19400345723175e+00 2.10683424716622e-02 
6.47495174778792e-01 1.17436191641795e+00 2.08498123731661e-02 
6.49787193096593e-01 1.15482475157255e+00 2.06284653949374e-02 
6.52079211414394e-01 1.13539672644449e+00 2.04044333822789e-02 
6.54371229732195e-01 1.11608251931087e+00 2.01778491093765e-02 
6.56663248049996e-01 1.09688671955748e+00 1.99488461399377e-02 
6.58955266367797e-01 1.07781382437234e+00 1.97175586874999e-02 
6.61247284685598e-01 1.05886823555682e+00 1.94841214756412e-02 
6.63539303003399e-01 1.04005425645828e+00 1.92486695983244e-02 
6.65831321321200e-01 1.02137608902809e+00 1.90113383805986e-02 
6.68123339639002e-01 1.00283783100885e+00 1.87722632398947e-02 
6.70415357956803e-01 9.84443473253950e-01 1.85315795481343e-02 
6.72707376274604e-01 9.66196897182871e-01 1.82894224948736e-02 
6.74999394592405e-01 9.48101872374958e-01 1.80459269517068e-02 
6.77291412910206e-01 9.30162054304396e-01 1.78012273381402e-02 
6.79583431228007e-01 9.12380982218744e-01 1.75554574891526e-02 
6.81875449545808e-01 8.94762077163148e-01 1.73087505246460e-02 
6.84167467863609e-01 8.77308640152082e-01 1.70612387209881e-02 
6.86459486181410e-01 8.60023850490195e-01 1.68130533848429e-02 
6.88751504499211e-01 8.42910764243573e-01 1.65643247294829e-02 
6.91043522817012e-01 8.25972312862422e-01 1.63151817537612e-02 
6.93335541134813e-01 8.09211301955961e-01 1.60657521239225e-02 
6.95627559452614e-01 7.92630410219976e-01 1.58161620584224e-02 
6.97919577770415e-01 7.76232188517254e-01 1.55665362159181e-02 
7.00211596088216e-01 7.60019059110834e-01 1.53168986855345e-02 
7.02503614406017e-01 7.43993947134434e-01 1.50673142689643e-02 
7.04795632723818e-01 7.28159404464598e-01 1.48180223541071e-02 
7.07087651041619e-01 7.12517401081603e-01 1.45692153350232e-02 
7.09379669359420e-01 6.97069778003030e-01 1.43210069179664e-02 
7.11671687677221e-01 6.81818247325236e-01 1.40735086512360e-02 
7.13963705995022e-01 6.66764392408307e-01 1.38268298418590e-02 
7.16255724312823e-01 6.51909668202614e-01 1.35810774763631e-02 
7.18547742630624e-01 6.37255401714828e-01 1.33363561457219e-02 
7.20839760948425e-01 6.22802792611052e-01 1.30927679745402e-02 
7.23131779266226e-01 6.08552913954488e-01 1.28504125545366e-02 
7.25423797584027e-01 5.94506713074887e-01 1.26093868823750e-02 
7.27715815901828e-01 5.80665012566805e-01 1.23697853018832e-02 
7.30007834219629e-01 5.67028511413510e-01 1.21316994506916e-02 
7.32299852537430e-01 5.53597786233209e-01 1.18952182113113e-02 
7.34591870855232e-01 5.40373292644091e-01 1.16604276666663e-02 
7.36883889173033e-01 5.27355366744510e-01 1.14274110600811e-02 
7.39175907490834e-01 5.14544226704518e-01 1.11962487597183e-02 
7.41467925808635e-01 5.01939974464764e-01 1.09670182274524e-02 
7.43759944126436e-01 4.89542597538701e-01 1.07397939921567e-02 
7.46051962444237e-01 4.77351970913878e-01 1.05146476273703e-02 
7.48343980762038e-01 4.65367859048016e-01 1.02916477333067e-02 
7.50635999079839e-01 4.53589917955460e-01 1.00708599231559e-02 
7.52928017397640e-01 4.42017697379506e-01 9.85234681362296e-03 
7.55220035715441e-01 4.30650643046027e-01 9.63616801964248e-03 
7.57512054033242e-01 4.19488098993777e-01 9.42238015319720e-03 
7.59804072351043e-01 4.08529309976665e-01 9.21103682616270e-03 
7.62096090668844e-01 3.97773423933272e-01 9.00218865709667e-03 
7.64388108986645e-01 3.87219494518852e-01 8.79588328188166e-03 
7.66680127304446e-01 3.76866483695008e-01 8.59216536812498e-03 
7.68972145622247e-01 3.66713264372271e-01 8.39107663321497e-03 
7.71264163940048e-01 3.56758623100748e-01 8.19265586592711e-03 
7.73556182257849e-01 3.47001262804080e-01 7.99693895146826e-03 
7.75848200575650e-01 3.37439805551912e-01 7.80395889984298e-03 
7.78140218893451e-01 3.28072795366137e-01 7.61374587742167e-03 
7.80432237211252e-01 3.18898701056216e-01 7.42632724158732e-03 
7.82724255529053e-01 3.09915919078905e-01 7.24172757833342e-03 
7.85016273846854e-01 3.01122776417776e-01 7.05996874268256e-03 
7.87308292164655e-01 2.92517533478020e-01 6.88106990179325e-03 
7.89600310482456e-01 2.84098386992032e-01 6.70504758061995e-03 
7.91892328800257e-01 2.75863472931410e-01 6.53191570998943e-03 
7.94184347118058e-01 2.67810869421069e-01 6.36168567695495e-03 
7.96476365435859e-01 2.59938599651247e-01 6.19436637728885e-03 
7.98768383753661e-01 2.52244634783318e-01 6.02996426997309e-03 
8.01060402071462e-01 2.44726896845406e-01 5.86848343354741e-03 
8.03352420389263e-01 2.37383261613914e-01 5.70992562417397e-03 
8.05644438707064e-01 2.30211561477208e-01 5.55429033527761e-03 
8.07936457024865e-01 2.23209588277808e-01 5.40157485862277e-03 
8.10228475342666e-01 2.16375096129581e-01 5.25177434668693e-03 
8.12520493660467e-01 2.09705804206539e-01 5.10488187619265e-03 
8.14812511978268e-01 2.03199399500015e-01 4.96088851266258e-03 
8.17104530296069e-01 1.96853539541087e-01 4.81978337586198e-03 
8.19396548613870e-01 1.90665855085313e-01 4.68155370599608e-03 
8.21688566931671e-01 1.84633952756919e-01 4.54618493053241e-03 
8.23980585249472e-01 1.78755417649805e-01 4.41366073151951e-03 
8.26272603567273e-01 1.73027815882809e-01 4.28396311327707e-03 
8.28564621885074e-01 1.67448697106866e-01 4.15707247033543e-03 
8.30856640202875e-01 1.62015596961833e-01 4.03296765550501e-03 
8.33148658520676e-01 1.56726039480897e-01 3.91162604796033e-03 
8.35440676838477e-01 1.51577539440634e-01 3.79302362122570e-03 
8.37732695156278e-01 1.46567604654956e-01 3.67713501095424e-03 
8.40024713474079e-01 1.41693738211292e-01 3.56393358239588e-03 
8.42316731791880e-01 1.36953440647539e-01 3.45339149745220e-03 
8.44608750109681e-01 1.32344212068446e-01 3.34547978122212e-03 
8.46900768427482e-01 1.27863554200230e-01 3.24016838794547e-03 
8.49192786745283e-01 1.23508972382388e-01 3.13742626625528e-03 
8.51484805063084e-01 1.19277977495786e-01 3.03722142365481e-03 
8.53776823380885e-01 1.15168087826275e-01 2.93952099013928e-03 
8.56068841698686e-01 1.11176830863174e-01 2.84429128088630e-03 
8.58360860016487e-01 1.07301745032146e-01 2.75149785794379e-03 
8.60652878334288e-01 1.03540381362075e-01 2.66110559084845e-03 
8.62944896652090e-01 9.98903050857051e-02 2.57307871611196e-03 
8.65236914969891e-01 9.63490971739224e-02 2.48738089551721e-03 
8.67528933287692e-01 9.29143558036607e-02 2.40397527317019e-03 
8.69820951605493e-01 8.95836977595516e-02 2.32282453125832e-03 
8.72112969923294e-01 8.63547597695291e-02 2.24389094447013e-03 
8.74404988241095e-01 8.32251997747168e-02 2.16713643303484e-03 
8.76697006558896e-01 8.01926981340217e-02 2.09252261434568e-03 
8.78989024876697e-01 7.72549587639584e-02 2.02001085313370e-03 
8.81281043194498e-01 7.44097102143186e-02 1.94956231016374e-03 
8.83573061512299e-01 7.16547066803915e-02 1.88113798942762e-03 
8.85865079830100e-01 6.89877289525205e-02 1.81469878381383e-03 
8.88157098147901e-01 6.64065853038646e-02 1.75020551923644e-03 
8.90449116465702e-01 6.39091123173044e-02 1.68761899720987e-03 
8.92741134783503e-01 6.14931756525039e-02 1.62690003585949e-03 
8.95033153101304e-01 5.91566707542038e-02 1.56800950936144e-03 
8.97325171419105e-01 5.68975235028825e-02 1.51090838580849e-03 
8.99617189736906e-01 5.47136908089767e-02 1.45555776350196e-03 
9.01909208054707e-01 5.26031611519064e-02 1.40191890567233e-03 
9.04201226372508e-01 5.05639550651935e-02 1.34995327363481e-03 
9.06493244690309e-01 4.85941255690075e-02 1.29962255838828e-03 
9.08785263008110e-01 4.66917585515105e-02 1.25088871066896e-03 
9.11077281325911e-01 4.48549731004049e-02 1.20371396947264e-03 
9.13369299643712e-01 4.30819217861207e-02 1.15806088906167e-03 
9.15661317961513e-01 4.13707908981008e-02 1.11389236447511e-03 
9.17953336279314e-01 3.97198006356696e-02 1.07117165556260e-03 
9.20245354597115e-01 3.81272052549821e-02 1.02986240956450e-03 
9.22537372914916e-01 3.65912931735704e-02 9.89928682262509e-04 
9.24829391232717e-01 3.51103870340112e-02 9.51334957727021e-04 
9.27121409550518e-01 3.36828437282468e-02 9.14046166688550e-04 
9.29413427868319e-01 3.23070543840957e-02 8.78027703562481e-04 
9.31705446186121e-01 3.09814443154890e-02 8.43245442157466e-04 
9.33997464503922e-01 2.97044729379659e-02 8.09665750098894e-04 
9.36289482821723e-01 2.84746336509571e-02 7.77255502000126e-04 
9.38581501139524e-01 2.72904536883763e-02 7.45982091415023e-04 
9.40873519457325e-01 2.61504939390279e-02 7.15813441606087e-04 
9.43165537775126e-01 2.50533487383268e-02 6.86718015163303e-04 
9.45457556092927e-01 2.39976456328106e-02 6.58664822509336e-04 
9.47749574410728e-01 2.29820451189043e-02 6.31623429327244e-04 
9.50041592728529e-01 2.20052403573805e-02 6.05563962947254e-04 
9.52333611046330e-01 2.10659568649326e-02 5.80457117729444e-04 
9.54625629364131e-01 2.01629521842579e-02 5.56274159479326e-04 
9.56917647681932e-01 1.92950155340191e-02 5.32986928933493e-04 
9.59209665999733e-01 1.84609674400266e-02 5.10567844352468e-04 
9.61501684317534e-01 1.76596593489567e-02 4.88989903257852e-04 
9.63793702635335e-01 1.68899732258884e-02 4.68226683350709e-04 
9.66085720953136e-01 1.61508211369127e-02 4.48252342647878e-04 
9.68377739270937e-01 1.54411448180352e-02 4.29041618872706e-04 
9.70669757588738e-01 1.47599152315597e-02 4.10569828136243e-04 
9.72961775906539e-01 1.41061321111090e-02 3.92812862944572e-04 
9.75253794224340e-01 1.34788234964003e-02 3.75747189567490e-04 
9.77545812542141e-01 1.28770452588626e-02 3.59349844803169e-04 
9.79837830859942e-01 1.22998806191455e-02 3.43598432172955e-04 
9.82129849177743e-01 1.17464396575322e-02 3.28471117579719e-04 
9.84421867495544e-01 1.12158588182367e-02 3.13946624462597e-04 
9.86713885813345e-01 1.07073004085257e-02 3.00004228480240e-04 
9.89005904131146e-01 1.02199520935717e-02 2.86623751753960e-04 
9.91297922448947e-01 9.75302638790688e-03 2.73785556701360e-04 
9.93589940766748e-01 9.30576014431048e-03 2.61470539490310e-04 
9.95881959084549e-01 8.87741404092849e-03 2.49660123142267e-04 
9.98173977402350e-01 8.46727206738633e-03 2.38336250313114e-04 
1.00046599572015e+00 8.07464101062162e-03 2.27486566992525e-04 
1.00275801403795e+00 7.69898192281156e-03 2.17095781050441e-04 
1.00505003235575e+00 7.33967927340945e-03 2.07145548560975e-04 
1.00734205067355e+00 6.99607988066937e-03 1.97618555182252e-04 
1.00963406899136e+00 6.66755365443411e-03 1.88498526084990e-04 
1.01192608730916e+00 6.35349292624201e-03 1.79769724477307e-04 
1.01421810562696e+00 6.05331179186640e-03 1.71416938143963e-04 
1.01651012394476e+00 5.76644546640335e-03 1.63425466109366e-04 
1.01880214226256e+00 5.49234965200113e-03 1.55781105435084e-04 
1.02109416058036e+00 5.23049991830349e-03 1.48470138161816e-04 
1.02338617889816e+00 4.98039109565829e-03 1.41479318405089e-04 
1.02567819721596e+00 4.74153668112376e-03 1.34795859613183e-04 
1.02797021553376e+00 4.51346825728588e-03 1.28407421995119e-04 
1.03026223385157e+00 4.29573492388314e-03 1.22302100125890e-04 
1.03255425216937e+00 4.08790274221784e-03 1.16468410735428e-04 
1.03484627048717e+00 3.88955419231776e-03 1.10895280687233e-04 
1.03713828880497e+00 3.70028764279663e-03 1.05572035151927e-04 
1.03943030712277e+00 3.51971683334820e-03 1.00488385980487e-04 
1.04172232544057e+00 3.34747036979519e-03 9.56344202813061e-05 
1.04401434375837e+00 3.18319123160212e-03 9.10005892047315e-05 
1.04630636207617e+00 3.02653629174936e-03 8.65776969382061e-05 
1.04859838039397e+00 2.87717584885491e-03 8.23568899146641e-05 
1.05089039871177e+00 2.73479317142025e-03 7.83296462363691e-05 
1.05318241702958e+00 2.59908405406741e-03 7.44877653159337e-05 
1.05547443534738e+00 2.46975638562538e-03 7.08233577358456e-05 
1.05776645366518e+00 2.34652972891652e-03 6.73288353274302e-05 
1.06005847198298e+00 2.22913491208568e-03 6.39969014697983e-05 
1.06235049030078e+00 2.11731363130867e-03 6.08205416089676e-05 
1.06464250861858e+00 2.01081806471013e-03 5.77930139970145e-05 
1.06693452693638e+00 1.90941049731554e-03 5.49078406507916e-05 
1.06922654525418e+00 1.81286295685749e-03 5.21587985294453e-05 
1.07151856357198e+00 1.72095686025127e-03 4.95399109296897e-05 
1.07381058188978e+00 1.63348267055170e-03 4.70454390975301e-05 
1.07610260020759e+00 1.55023956419930e-03 4.46698740548791e-05 
1.07839461852539e+00 1.47103510836112e-03 4.24079286392817e-05 
1.08068663684319e+00 1.39568494816932e-03 4.02545297547562e-05 
1.08297865516099e+00 1.32401250365823e-03 3.82048108315535e-05 
1.08527067347879e+00 1.25584867619946e-03 3.62541044924596e-05 
1.08756269179659e+00 1.19103156423304e-03 3.43979354230995e-05 
1.08985471011439e+00 1.12940618809215e-03 3.26320134435434e-05 
1.09214672843219e+00 1.07082422371813e-03 3.09522267783811e-05 
1.09443874674999e+00 1.01514374506273e-03 2.93546355222996e-05 
1.09673076506779e+00 9.62228974974403e-04 2.78354652980860e-05 
1.09902278338560e+00 9.11950044366223e-04 2.63911011038767e-05 
1.10131480170340e+00 8.64182759463472e-04 2.50180813463820e-05 
1.10360682002120e+00 8.18808376930243e-04 2.37130920567343e-05 
1.10589883833900e+00 7.75713386675463e-04 2.24729612855400e-05 
1.10819085665680e+00 7.34789302140323e-04 2.12946536736558e-05 
1.11048287497460e+00 6.95932457870797e-04 2.01752651951574e-05 
1.11277489329240e+00 6.59043814180802e-04 1.91120180689313e-05 
1.11506691161020e+00 6.24028768713644e-04 1.81022558352838e-05 
1.11735892992800e+00 5.90796974711654e-04 1.71434385939388e-05 
1.11965094824581e+00 5.59262165806276e-04 1.62331383997792e-05 
1.12194296656361e+00 5.29341987143453e-04 1.53690348126745e-05 
1.12423498488141e+00 5.00957832661788e-04 1.45489105977371e-05 
1.12652700319921e+00 4.74034688343742e-04 1.37706475723484e-05 
1.12881902151701e+00 4.48500981263037e-04 1.30322225963108e-05 
1.13111103983481e+00 4.24288434254366e-04 1.23317037014901e-05 
1.13340305815261e+00 4.01331926034608e-04 1.16672463573370e-05 
1.13569507647041e+00 3.79569356607843e-04 1.10370898686981e-05 
1.13798709478821e+00 3.58941517789671e-04 1.04395539023574e-05 
1.14027911310601e+00 3.39391968689576e-04 9.87303513878036e-06 
1.14257113142382e+00 3.20866915993340e-04 9.33600404557309e-06 
1.14486314974162e+00 3.03315098890879e-04 8.82700176920437e-06 
1.14715516805942e+00 2.86687678498171e-04 8.34463714158600e-06 
1.14944718637722e+00 2.70938131625339e-04 7.88758379815133e-06 
1.15173920469502e+00 2.56022148746353e-04 7.45457740412108e-06 
1.15403122301282e+00 2.41897536029150e-04 7.04441298569755e-06 
1.15632324133062e+00 2.28524121288420e-04 6.65594236298071e-06 
1.15861525964842e+00 2.15863663726654e-04 6.28807168145612e-06 
1.16090727796622e+00 2.03879767332427e-04 5.93975903896094e-06 
1.16319929628402e+00 1.92537797808264e-04 5.61001220509287e-06 
1.16549131460183e+00 1.81804802903761e-04 5.29788643008718e-06 
1.16778333291963e+00 1.71649436032941e-04 5.00248234024669e-06 
1.17007535123743e+00 1.62041883058136e-04 4.72294391707181e-06 
1.17236736955523e+00 1.52953792125903e-04 4.45845655730052e-06 
1.17465938787303e+00 1.44358206443727e-04 4.20824521112974e-06 
1.17695140619083e+00 1.36229499889435e-04 3.97157259595400e-06 
1.17924342450863e+00 1.28543315348367e-04 3.74773748302017e-06 
1.18153544282643e+00 1.21276505676461e-04 3.53607305446079e-06 
1.18382746114423e+00 1.14407077190450e-04 3.33594532823191e-06 
1.18611947946204e+00 1.07914135589347e-04 3.14675164854509e-06 
1.18841149777984e+00 1.01777834214383e-04 2.96791923944620e-06 
1.19070351609764e+00 9.59793245573979e-05 2.79890381925630e-06 
1.19299553441544e+00 9.05007089305828e-05 2.63918827365293e-06 
1.19528755273324e+00 8.53249952132187e-05 2.48828138523129e-06 
1.19757957105104e+00 8.04360535938020e-05 2.34571661744666e-06 
1.19987158936884e+00 7.58185752286186e-05 2.21100025173115e-06 
1.20216360768664e+00 7.14576881958385e-05 2.08365991264648e-06 
1.20445562600444e+00 6.73392661017242e-05 1.96334919779576e-06 
1.20674764432224e+00 6.34503612208283e-05 1.84974108696327e-06 
1.20903966264005e+00 5.97786839389030e-05 1.74247789545036e-06 
1.21133168095785e+00 5.63125713356122e-05 1.64122003504185e-06 
1.21362369927565e+00 5.30409571457276e-05 1.54564515958728e-06 
1.21591571759345e+00 4.99533430454133e-05 1.45544734723343e-06 
1.21820773591125e+00 4.70397712118636e-05 1.37033631795470e-06 
1.22049975422905e+00 4.42907981061902e-05 1.29003668506471e-06 
1.22279177254685e+00 4.16974694310578e-05 1.21428723942985e-06 
1.22508379086465e+00 3.92512962161401e-05 1.14284026514153e-06 
1.22737580918245e+00 3.69442319860129e-05 1.07546088544049e-06 
1.22966782750026e+00 3.47686509666094e-05 1.01192643772228e-06 
1.23195984581806e+00 3.27173272878455e-05 9.52025876488396e-07 
1.23425186413586e+00 3.07834151414683e-05 8.95559203142509e-07 
1.23654388245366e+00 2.89604298545961e-05 8.42336921565785e-07 
1.23883590077146e+00 2.72422298407993e-05 7.92179518439102e-07 
1.24112791908926e+00 2.56229993919204e-05 7.44916967313396e-07 
1.24341993740706e+00 2.40972322751449e-05 7.00388255462083e-07 
1.24571195572486e+00 2.26597161011179e-05 6.58440932581651e-07 
1.24800397404266e+00 2.13055174301453e-05 6.18930680438053e-07 
1.25029599236046e+00 2.00299675847387e-05 5.81720902587378e-07 
1.25258801067827e+00 1.88286491379367e-05 5.46682333329496e-07 
1.25488002899607e+00 1.76973830479911e-05 5.13692665082853e-07 
1.25717204731387e+00 1.66322164111154e-05 4.82636193397441e-07 
1.25946406563167e+00 1.56294108050789e-05 4.53403478851134e-07 
1.26175608394947e+00 1.46854311974806e-05 4.25891025102011e-07 
1.26404810226727e+00 1.37969353935538e-05 4.00000972395980e-07 
1.26634012058507e+00 1.29607639993417e-05 3.75640805855135e-07 
1.26863213890287e+00 1.21739308770409e-05 3.52723077897586e-07 
1.27092415722067e+00 1.14336140702333e-05 3.31165144164104e-07 
1.27321617553847e+00 1.07371471776275e-05 3.10888912350903e-07 
1.27550819385628e+00 1.00820111547940e-05 2.91820603371127e-07 
1.27780021217408e+00 9.46582652421917e-06 2.73890524290136e-07 
1.28009223049188e+00 8.88634597481038e-06 2.57032852501608e-07 
1.28238424880968e+00 8.34144733277052e-06 2.41185430632655e-07 
1.28467626712748e+00 7.82912688651151e-06 2.26289571686684e-07 
1.28696828544528e+00 7.34749304900794e-06 2.12289873952665e-07 
1.28926030376308e+00 6.89476034169364e-06 1.99134045228659e-07 
1.29155232208088e+00 6.46924368468217e-06 1.86772735926098e-07 
1.29384434039868e+00 6.06935297874514e-06 1.75159380639313e-07 
1.29613635871648e+00 5.69358796511163e-06 1.64250047782126e-07 
1.29842837703429e+00 5.34053334975789e-06 1.54003296910165e-07 
1.30072039535209e+00 5.00885417943938e-06 1.44387183816172e-07 
1.30301241366989e+00 4.69732557091141e-06 1.35365060566030e-07 
1.30530443198769e+00 4.40476093655713e-06 1.26895404216996e-07 
1.30759645030549e+00 4.13003371492092e-06 1.18944020043343e-07 
1.30988846862329e+00 3.87208241174910e-06 1.11479990582955e-07 
1.31218048694109e+00 3.62990696371855e-06 1.04474189166357e-07 
1.31447250525889e+00 3.40256529751494e-06 9.78991797397832e-08 
1.31676452357669e+00 3.18917007426433e-06 9.17291220609872e-08 
1.31905654189450e+00 2.98888560980280e-06 8.59396819944365e-08 
1.32134856021230e+00 2.80092496172747e-06 8.05079466455173e-08 
1.32364057853010e+00 2.62454717461162e-06 7.54123440857832e-08 
1.32593259684790e+00 2.45905467518565e-06 7.06325674331756e-08 
1.32822461516570e+00 2.30379080968626e-06 6.61495030624921e-08 
1.33051663348350e+00 2.15813751595854e-06 6.19451627322506e-08 
1.33280865180130e+00 2.02151312326096e-06 5.80026194244810e-08 
1.33510067011910e+00 1.89337027307151e-06 5.43059467039006e-08 
1.33739268843690e+00 1.77319395452590e-06 5.08401614124025e-08 
1.33968470675470e+00 1.66049964843596e-06 4.75911695238486e-08 
1.34197672507251e+00 1.55483157413865e-06 4.45457149927982e-08 
1.34426874339031e+00 1.45576103371493e-06 4.16913314390552e-08 
1.34656076170811e+00 1.36288484839244e-06 3.90162965177933e-08 
1.34885278002591e+00 1.27582388220815e-06 3.65095888325276e-08 
1.35114479834371e+00 1.19422164825681e-06 3.41608472553665e-08 
1.35343681666151e+00 1.11774299308893e-06 3.19603325258118e-08 
1.35572883497931e+00 1.04607285504862e-06 2.98988910058857e-08 
1.35802085329711e+00 9.78915092557307e-07 2.79679204755681e-08 
1.36031287161491e+00 9.15991378554717e-07 2.61593378584464e-08 
1.36260488993272e+00 8.57040157504005e-07 2.44655487731081e-08 
1.36489690825052e+00 8.01815661553921e-07 2.28794188111746e-08 
1.36718892656832e+00 7.50086982627803e-07 2.13942464479810e-08 
1.36948094488612e+00 7.01637197377523e-07 2.00037374967679e-08 
1.37177296320392e+00 6.56262542100574e-07 1.87019810218797e-08 
1.37406498152172e+00 6.13771634870607e-07 1.74834266308643e-08 
1.37635699983952e+00 5.73984742276413e-07 1.63428630695563e-08 
1.37864901815732e+00 5.36733088301770e-07 1.52753980482091e-08 
1.38094103647512e+00 5.01858203009195e-07 1.42764392305249e-08 
1.38323305479292e+00 4.69211308814714e-07 1.33416763210324e-08 
1.38552507311073e+00 4.38652742258576e-07 1.24670641896800e-08 
1.38781709142853e+00 4.10051409288781e-07 1.16488069757619e-08 
1.39010910974633e+00 3.83284272180463e-07 1.08833431163821e-08 
1.39240112806413e+00 3.58235866315064e-07 1.01673312475916e-08 
1.39469314638193e+00 3.34797845138880e-07 9.49763692911610e-09 
1.39698516469973e+00 3.12868551711403e-07 8.87132014623739e-09 
1.39927718301753e+00 2.92352615339983e-07 8.28562354489382e-09 
1.40156920133533e+00 2.73160571879049e-07 7.73796135845014e-09 
1.40386121965313e+00 2.55208506349605e-07 7.22590898684010e-09 
1.40615323797093e+00 2.38417716608157e-07 6.74719319092904e-09 
1.40844525628874e+00 2.22714396863872e-07 6.29968286697290e-09 
1.41073727460654e+00 2.08029339908735e-07 5.88138036797555e-09 
1.41302929292434e+00 1.94297656988050e-07 5.49041334057113e-09 
1.41532131124214e+00 1.81458514297817e-07 5.12502704778801e-09 
1.41761332955994e+00 1.69454885151694e-07 4.78357714968915e-09 
1.41990534787774e+00 1.58233316913357e-07 4.46452291543675e-09 
1.42219736619554e+00 1.47743711840437e-07 4.16642084179941e-09 
1.42448938451334e+00 1.37939121033825e-07 3.88791865451292e-09 
1.42678140283114e+00 1.28775550731275e-07 3.62774967022387e-09 
1.42907342114895e+00 1.20211780226892e-07 3.38472749799406e-09 
1.43136543946675e+00 1.12209190738501e-07 3.15774106052504e-09 
1.43365745778455e+00 1.04731604583105e-07 2.94574991637978e-09 
1.43594947610235e+00 9.77451340567702e-08 2.74777986553650e-09 
1.43824149442015e+00 9.12180394495075e-08 2.56291882161026e-09 
1.44053351273795e+00 8.51205956579948e-08 2.39031293502406e-09 
1.44282553105575e+00 7.94249668895956e-08 2.22916295230623e-09 
1.44511754937355e+00 7.41050889799961e-08 2.07872079753691e-09 
1.44740956769135e+00 6.91365588741067e-08 1.93828636276606e-09 
1.44970158600915e+00 6.44965308456740e-08 1.80720449498147e-09 
1.45199360432696e+00 6.01636190554375e-08 1.68486216791914e-09 
1.45428562264476e+00 5.61178060706992e-08 1.57068582768351e-09 
1.45657764096256e+00 5.23403569909339e-08 1.46413890178250e-09 
1.45886965928036e+00 4.88137388446148e-08 1.36471946178385e-09 
1.46116167759816e+00 4.55215449418349e-08 1.27195803036837e-09 
1.46345369591596e+00 4.24484238856216e-08 1.18541552409195e-09 
1.46574571423376e+00 3.95800129621338e-08 1.10468132367531e-09 
1.46803773255156e+00 3.69028756462543e-08 1.02937146411817e-09 
1.47032975086936e+00 3.44044429744886e-08 9.59126937386373e-10 
1.47262176918716e+00 3.20729585516150e-08 8.93612100845844e-10 
1.47491378750497e+00 2.98974269712405e-08 8.32513185019233e-10 
1.47720580582277e+00 2.78675654433476e-08 7.75536894619891e-10 
1.47949782414057e+00 2.59737584341136e-08 7.22409097175165e-10 
1.48178984245837e+00 2.42070151347835e-08 6.72873593887943e-10 
1.48408186077617e+00 2.25589295872229e-08 6.26690967703005e-10 
1.48637387909397e+00 2.10216433039969e-08 5.83637503844244e-10 
1.48866589741177e+00 1.95878102304569e-08 5.43504178370945e-10 
1.49095791572957e+00 1.82505639053981e-08 5.06095710567342e-10 
1.49324993404737e+00 1.70034866854067e-08 4.71229675230210e-10 
1.49554195236517e+00 1.58405809060751e-08 4.38735671155327e-10 
1.49783397068298e+00 1.47562418608632e-08 4.08454542345984e-10 
1.50012598900078e+00 1.37452324855308e-08 3.80266630312830e-10 
1.50241800731858e+00 1.28027474015165e-08 3.54048763060282e-10 
1.50471002563638e+00 1.19242617926885e-08 3.29638880156435e-10 
1.50700204395418e+00 1.11054751657919e-08 3.06895315556880e-10 
1.50929406227198e+00 1.03423727294874e-08 2.85705535122231e-10 
1.51158608058978e+00 9.63120664801261e-09 2.65964516411579e-10 
1.51387809890758e+00 8.96847850826690e-09 2.47574253630845e-10 
1.51617011722538e+00 8.35092292294477e-09 2.30443294752874e-10 
1.51846213554319e+00 7.77549219719681e-09 2.14486308750716e-10 
1.52075415386099e+00 7.23934199084982e-09 1.99623681014967e-10 
1.52304617217879e+00 6.73981791249095e-09 1.85781135147565e-10 
1.52533819049659e+00 6.27444298572983e-09 1.72889379438383e-10 
1.52763020881439e+00 5.84090593171422e-09 1.60883776437891e-10 
1.52992222713219e+00 5.43705021550306e-09 1.49704034139475e-10 
1.53221424544999e+00 5.06086380721098e-09 1.39293917379077e-10 
1.53450626376779e+00 4.71046961194280e-09 1.29600978148026e-10 
1.53679828208559e+00 4.38411652544823e-09 1.20576303597724e-10 
1.53909030040339e+00 4.08017107515756e-09 1.12174280592415e-10 
1.54138231872120e+00 3.79710960881923e-09 1.04352375739029e-10 
1.54367433703900e+00 3.53351099536142e-09 9.70709298912795e-11 
1.54596635535680e+00 3.28804980484989e-09 9.02929661891786e-11 
1.54825837367460e+00 3.05948993652489e-09 8.39840107550246e-11 
1.55055039199240e+00 2.84667866587733e-09 7.81119252231299e-11 
1.55284241031020e+00 2.64854108357862e-09 7.26467503331868e-11 
1.55513442862800e+00 2.46407490081588e-09 6.75605598665196e-11 
1.55742644694580e+00 2.29234559721248e-09 6.28273242507001e-11 
1.55971846526360e+00 2.13248188903983e-09 5.84227832013263e-11 
1.56201048358141e+00 1.98367149685578e-09 5.43243268103398e-11 
1.56430250189921e+00 1.84515719304462e-09 5.05108845282843e-11 
1.56659452021701e+00 1.71623311098843e-09 4.69628215235175e-11 
1.56888653853481e+00 1.59624129877507e-09 4.36618419347393e-11 
1.57117855685261e+00 1.48456850144913e-09 4.05908985644450e-11 
1.57347057517041e+00 1.38064315684350e-09 3.77341085901640e-11 
1.57576259348821e+00 1.28393259099482e-09 3.50766748977339e-11 
1.57805461180601e+00 1.19394040005087e-09 3.26048126665152e-11 
1.58034663012381e+00 1.11020400642448e-09 3.03056808604624e-11 
1.58263864844161e+00 1.03229237774167e-09 2.81673183014448e-11 
1.58493066675942e+00 9.59803897874187e-10 2.61785840222557e-11 
1.58722268507722e+00 8.92364380041464e-10 2.43291016164460e-11 
1.58951470339502e+00 8.29625212617608e-10 2.26092073205480e-11 
1.59180672171282e+00 7.71261628888087e-10 2.10099015815115e-11 
1.59409874003062e+00 7.16971092570579e-10 1.95228038783149e-11 
1.59639075834842e+00 6.66471791447898e-10 1.81401105818177e-11 
1.59868277666622e+00 6.19501231960041e-10 1.68545556510571e-11 
1.60097479498402e+00 5.75814928069418e-10 1.56593739774103e-11 
1.60326681330182e+00 5.35185178150365e-10 1.45482672004124e-11 
1.60555883161962e+00 4.97399924062838e-10 1.35153718305913e-11 
1.60785084993743e+00 4.62261686952708e-10 1.25552295254990e-11 
1.61014286825523e+00 4.29586574678820e-10 1.16627593752406e-11 
1.61243488657303e+00 3.99203356101659e-10 1.08332320632661e-11 
1.61472690489083e+00 3.70952597781478e-10 1.00622457770399e-11 
1.61701892320863e+00 3.44685858926451e-10 9.34570375147701e-12 
1.61931094152643e+00 3.20264940705173e-10 8.67979333577252e-12 
1.62160295984423e+00 2.97561186293836e-10 8.06096648148265e-12 
1.62389497816203e+00 2.76454828267715e-10 7.48592155647777e-12 
1.62618699647983e+00 2.56834380170404e-10 6.95158639570646e-12 
1.62847901479763e+00 2.38596069303452e-10 6.45510250561823e-12 
1.63077103311544e+00 2.21643307974603e-10 5.99381034461170e-12 
1.63306305143324e+00 2.05886200625668e-10 5.56523560703505e-12 
1.63535506975104e+00 1.91241084431927e-10 5.16707644308647e-12 
1.63764708806884e+00 1.77630101124640e-10 4.79719155146667e-12 
1.63993910638664e+00 1.64980797937520e-10 4.45358908584446e-12 
1.64223112470444e+00 1.53225755717448e-10 4.13441632012864e-12 
1.64452314302224e+00 1.42302242370090e-10 3.83795002121202e-12 
1.64681516134004e+00 1.32151889932770e-10 3.56258748128550e-12 
1.64910717965784e+00 1.22720393680773e-10 3.30683816502406e-12 
1.65139919797565e+00 1.13957231779518e-10 3.06931592994017e-12 
1.65369121629345e+00 1.05815404094301e-10 2.84873178099563e-12 
1.65598323461125e+00 9.82511888620839e-11 2.64388712317297e-12 
1.65827525292905e+00 9.12239160164021e-11 2.45366747814534e-12 
1.66056727124685e+00 8.46957560373698e-11 2.27703663345975e-12 
1.66285928956465e+00 7.86315232743242e-11 2.11303119477316e-12 
1.66515130788245e+00 7.29984927591970e-11 1.96075551366506e-12 
1.66744332620025e+00 6.77662295945863e-11 1.81937696540187e-12 
1.66973534451805e+00 6.29064300620201e-11 1.68812155275695e-12 
1.67202736283585e+00 5.83927736533349e-11 1.56626981360355e-12 
1.67431938115366e+00 5.42007852817117e-11 1.45315301150398e-12 
1.67661139947146e+00 5.03077069789705e-11 1.34814958992329e-12 
1.67890341778926e+00 4.66923784324461e-11 1.25068187200751e-12 
1.68119543610706e+00 4.33351257583834e-11 1.16021298908984e-12 
1.68348745442486e+00 4.02176579494959e-11 1.07624402223024e-12 
1.68577947274266e+00 3.73229704723220e-11 9.98311342158939e-13 
1.68807149106046e+00 3.46352555254664e-11 9.25984133988403e-13 
1.69036350937826e+00 3.21398185028979e-11 8.58862093985148e-13 
1.69265552769606e+00 2.98230002373465e-11 7.96573286557846e-13 
1.69494754601386e+00 2.76721046276432e-11 7.38772150424594e-13 
1.69723956433167e+00 2.56753312807232e-11 6.85137643674663e-13 
1.69953158264947e+00 2.38217128240802e-11 6.35371518141679e-13 
1.70182360096727e+00 2.21010565678475e-11 5.89196714159456e-13 
1.70411561928507e+00 2.05038902175000e-11 5.46355867381887e-13 
1.70640763760287e+00 1.90214113585158e-11 5.06609919917189e-13 
1.70869965592067e+00 1.76454404533188e-11 4.69736828557297e-13 
1.71099167423847e+00 1.63683771085216e-11 4.35530363377695e-13 
1.71328369255627e+00 1.51831593869958e-11 4.03798990444056e-13 
1.71557571087407e+00 1.40832259546900e-11 3.74364832791792e-13 
1.71786772919188e+00 1.30624808664681e-11 3.47062704245297e-13 
1.72015974750968e+00 1.21152608086248e-11 3.21739211017007e-13 
1.72245176582748e+00 1.12363046282114e-11 2.98251916374453e-13 
1.72474378414528e+00 1.04207249909384e-11 2.76468563987793e-13 
1.72703580246308e+00 9.66398202026578e-12 2.56266355872604e-13 
1.72932782078088e+00 8.96185878040049e-12 2.37531281124317e-13 
1.73161983909868e+00 8.31043847534339e-12 2.20157491903127e-13 
1.73391185741648e+00 7.70608324491029e-12 2.04046723372762e-13 
1.73620387573428e+00 7.14541444683732e-12 1.89107754524254e-13 
1.73849589405208e+00 6.62529432170922e-12 1.75255907028119e-13 
1.74078791236989e+00 6.14280894455793e-12 1.62412579456070e-13 
1.74307993068769e+00 5.69525237360353e-12 1.50504814397497e-13 
1.74537194900549e+00 5.28011191278176e-12 1.39464896167549e-13 
1.74766396732329e+00 4.89505441045409e-12 1.29229976963374e-13 
1.74995598564109e+00 4.53791352205400e-12 1.19741729473885e-13 
1.75224800395889e+00 4.20667786941559e-12 1.10946024086994e-13 
1.75454002227669e+00 3.89948003418075e-12 1.02792628967288e-13 
1.75683204059449e+00 3.61458632701309e-12 9.52349313972773e-14 
1.75912405891229e+00 3.35038727838195e-12 8.82296788872342e-14 
1.76141607723010e+00 3.10538880043818e-12 8.17367386627912e-14 
1.76370809554790e+00 2.87820397300349e-12 7.57188742364624e-14 
1.76600011386570e+00 2.66754540995559e-12 7.01415378595189e-14 
1.76829213218350e+00 2.47221816532664e-12 6.49726777347009e-14 
1.77058415050130e+00 2.29111314125998e-12 6.01825589484794e-14 
1.77287616881910e+00 2.12320096260231e-12 5.57435971543854e-14 
1.77516818713690e+00 1.96752628535948e-12 5.16302041067101e-14 
1.77746020545470e+00 1.82320250852623e-12 4.78186442069446e-14 
1.77975222377250e+00 1.68940686092474e-12 4.42869012840276e-14 
1.78204424209030e+00 1.56537583666465e-12 4.10145548840936e-14 
1.78433626040811e+00 1.45040095467875e-12 3.79826653962429e-14 
1.78662827872591e+00 1.34382481950190e-12 3.51736673881446e-14 
1.78892029704371e+00 1.24503746205674e-12 3.25712705692914e-14 
1.79121231536151e+00 1.15347294069392e-12 3.01603678406635e-14 
1.79350433367931e+00 1.06860618411691e-12 2.79269499276393e-14 
1.79579635199711e+00 9.89950059107616e-13 2.58580261284303e-14 
1.79808837031491e+00 9.17052647165379e-13 2.39415507432687e-14 
1.80038038863271e+00 8.49494715286367e-13 2.21663547802318e-14 
1.80267240695051e+00 7.86887367146102e-13 2.05220825621061e-14 
1.80496442526831e+00 7.28869861912470e-13 1.89991328852081e-14 
1.80725644358612e+00 6.75107588813617e-13 1.75886044057450e-14 
1.80954846190392e+00 6.25290186419804e-13 1.62822449522333e-14 
1.81184048022172e+00 5.79129796374832e-13 1.50724044838224e-14 
1.81413249853952e+00 5.36359442035005e-13 1.39519914342014e-14 
1.81642451685732e+00 4.96731523145530e-13 1.29144321992106e-14 
1.81871653517512e+00 4.60016418309320e-13 1.19536335434206e-14 
1.82100855349292e+00 4.26001187584477e-13 1.10639477168864e-14 
1.82330057181072e+00 3.94488368087456e-13 1.02401400880997e-14 
1.82559259012852e+00 3.65294855981777e-13 9.47735911294045e-15 
1.82788460844632e+00 3.38250868699786e-13 8.77110847223471e-15 
1.83017662676413e+00 3.13198981679885e-13 8.11722122242850e-15 
1.83246864508193e+00 2.89993234306024e-13 7.51183581495168e-15 
1.83476066339973e+00 2.68498300112273e-13 6.95137385012910e-15 
1.83705268171753e+00 2.48588716664938e-13 6.43251944105271e-15 
1.83934470003533e+00 2.30148170859733e-13 5.95220007171050e-15 
1.84163671835313e+00 2.13068835673727e-13 5.50756884192115e-15 
1.84392873667093e+00 1.97250754692770e-13 5.09598799929296e-15 
1.84622075498873e+00 1.82601270996246e-13 4.71501366555194e-15 
1.84851277330653e+00 1.69034497223807e-13 4.36238167120539e-15 
1.85080479162434e+00 1.56470823874418e-13 4.03599441865965e-15 
1.85309680994214e+00 1.44836463097787e-13 3.73390869962561e-15 
1.85538882825994e+00 1.34063025433220e-13 3.45432439795609e-15 
1.85768084657774e+00 1.24087127132134e-13 3.19557401399119e-15 
1.85997286489554e+00 1.14850025868846e-13 2.95611295106999e-15 
1.86226488321334e+00 1.06297282800742e-13 2.73451050912311e-15 
1.86455690153114e+00 9.83784490843408e-14 2.52944153421347e-15 
1.86684891984894e+00 9.10467750888954e-14 2.33967867656454e-15 
1.86914093816674e+00 8.42589406747174e-14 2.16408521302499e-15 
1.87143295648454e+00 7.79748050200684e-14 2.00160839308585e-15 
1.87372497480235e+00 7.21571745888384e-14 1.85127327050672e-15 
1.87601699312015e+00 6.67715879319220e-14 1.71217698533876e-15 
1.87830901143795e+00 6.17861161087427e-14 1.58348346366776e-15 
1.88060102975575e+00 5.71711776022723e-14 1.46441850475537e-15 
1.88289304807355e+00 5.28993666816079e-14 1.35426522744226e-15 
1.88518506639135e+00 4.89452942411466e-14 1.25235984970714e-15 
1.88747708470915e+00 4.52854402150388e-14 1.15808777715939e-15 
1.88976910302695e+00 4.18980167302806e-14 1.07087997799261e-15 
1.89206112134475e+00 3.87628412218802e-14 9.90209623550203e-16 
1.89435313966256e+00 3.58612187893193e-14 9.15588975161368e-16 
1.89664515798036e+00 3.31758331253449e-14 8.46566499304995e-16 
1.89893717629816e+00 3.06906453962326e-14 7.82719149048146e-16 
1.90122919461596e+00 2.83907915202915e-14 7.23537288384864e-16 
1.90352121293376e+00 2.62622956349822e-14 6.68696110583754e-16 
1.90581323125156e+00 2.42924684473457e-14 6.17988326676576e-16 
1.90810524956936e+00 2.24695541289954e-14 5.71104279782282e-16 
1.91039726788716e+00 2.07826621356711e-14 5.27757360725619e-16 
1.91268928620496e+00 1.92217039684105e-14 4.87682304613797e-16 
1.91498130452276e+00 1.77773345211667e-14 4.50633612356088e-16 
1.91727332284057e+00 1.64408976849960e-14 4.16384088037540e-16 
1.91956534115837e+00 1.52043759024522e-14 3.84723483713219e-16 
1.92185735947617e+00 1.40603433876748e-14 3.55457243797785e-16 
1.92414937779397e+00 1.30019227479685e-14 3.28405341790254e-16 
1.92644139611177e+00 1.20227447615448e-14 3.03401202598307e-16 
1.92873341442957e+00 1.11169110836333e-14 2.80290704213595e-16 
1.93102543274737e+00 1.02789596694689e-14 2.58931252941629e-16 
1.93331745106517e+00 9.50383271780124e-15 2.39190926809630e-16 
1.93560946938297e+00 8.78684695264270e-15 2.20947682165301e-16 
1.93790148770077e+00 8.12366607403805e-15 2.04088618841227e-16 
1.94019350601858e+00 7.51027522078350e-15 1.88509299595240e-16 
1.94248552433638e+00 6.94295729929888e-15 1.74113119848664e-16 
1.94477754265418e+00 6.41827104333363e-15 1.60810724033485e-16 
1.94706956097198e+00 5.93303067891742e-15 1.48519465127791e-16 
1.94936157928978e+00 5.48428707800291e-15 1.37162904207794e-16 
1.95165359760758e+00 5.06931029264106e-15 1.26670347075790e-16 
1.95394561592538e+00 4.68557336932276e-15 1.16976415237704e-16 
1.95623763424318e+00 4.33073735035788e-15 1.08020648702765e-16 
1.95852965256098e+00 4.00263737588285e-15 9.97471382622935e-17 
1.96082167087878e+00 3.69926980632683e-15 9.21041850757652e-17 
1.96311368919659e+00 3.41878029095980e-15 8.50439855509951e-17 
1.96540570751439e+00 3.15945271352340e-15 7.85223396525829e-17 
1.96769772583219e+00 2.91969895093766e-15 7.24983809092827e-17 
1.96998974414999e+00 2.69804938571150e-15 6.69343265176318e-17 
1.97228176246779e+00 2.49314411698586e-15 6.17952460566289e-17 
1.97457378078559e+00 2.30372481913141e-15 5.70488474371635e-17 
1.97686579910339e+00 2.12862720052814e-15 5.26652788109072e-17 
1.97915781742119e+00 1.96677401859315e-15 4.86169452570216e-17 
1.98144983573899e+00 1.81716861031453e-15 4.48783391518679e-17 
1.98374185405680e+00 1.67888890051060e-15 4.14258832074067e-17 
1.98603387237460e+00 1.55108185278182e-15 3.82377852386017e-17 
1.98832589069240e+00 1.43295833067265e-15 3.52939037893301e-17 
1.99061790901020e+00 1.32378833892611e-15 3.25756238104290e-17 
1.99290992732800e+00 1.22289661690870e-15 3.00657416429571e-17 
1.99520194564580e+00 1.12965855831958e-15 2.77483586148407e-17 
1.99749396396360e+00 1.04349643318659e-15 2.56087826101423e-17 
1.99978598228140e+00 9.63875889903879e-16 2.36334370175166e-17 
2.00207800059920e+00 8.90302716691255e-16 2.18097765082706e-17 
2.00437001891700e+00 8.22319843362490e-16 2.01262091350904e-17 
2.00666203723481e+00 7.59504565688097e-16 1.85720242801542e-17 
2.00895405555261e+00 7.01465975934574e-16 1.71373260162432e-17 
2.01124607387041e+00 6.47842584364563e-16 1.58129714767944e-17 
2.01353809218821e+00 5.98300117597360e-16 1.45905138607899e-17 
2.01583011050601e+00 5.52529480763168e-16 1.34621497261270e-17 
2.01812212882381e+00 5.10244871343177e-16 1.24206702508193e-17 
2.02041414714161e+00 4.71182033476414e-16 1.14594161651909e-17 
2.02270616545941e+00 4.35096642338437e-16 1.05722360802826e-17 
2.02499818377721e+00 4.01762808960953e-16 9.75344795811992e-18 
2.02729020209501e+00 3.70971696569734e-16 8.99780348841426e-18 
2.02958222041282e+00 3.42530240174768e-16 8.30045515379106e-18 
2.03187423873062e+00 3.16259961755199e-16 7.65692578187201e-18 
2.03416625704842e+00 2.91995873945724e-16 7.06308039756439e-18 
2.03645827536622e+00 2.69585465653988e-16 6.51510020282923e-18 
2.03875029368402e+00 2.48887763523118e-16 6.00945852408636e-18 
2.04104231200182e+00 2.29772463602624e-16 5.54289857934659e-18 
2.04333433031962e+00 2.12119128007129e-16 5.11241292820896e-18 
2.04562634863742e+00 1.95816441728045e-16 4.71522447808832e-18 
2.04791836695522e+00 1.80761525120731e-16 4.34876892950835e-18 
2.05021038527303e+00 1.66859297920793e-16 4.01067855206057e-18 
2.05250240359083e+00 1.54021890950046e-16 3.69876719074395e-18 
2.05479442190863e+00 1.42168101956928e-16 3.41101640991114e-18 
2.05708644022643e+00 1.31222892299519e-16 3.14556268899980e-18 
2.05937845854423e+00 1.21116921423345e-16 2.90068559066166e-18 
2.06167047686203e+00 1.11786116312144e-16 2.67479682785803e-18 
2.06396249517983e+00 1.03171273299185e-16 2.46643016200187e-18 
2.06625451349763e+00 9.52176898206539e-17 2.27423206932722e-18 
2.06854653181543e+00 8.78748238722845e-17 2.09695311738689e-18 
2.07083855013323e+00 8.10959790967843e-17 1.93343999794705e-18 
2.07313056845104e+00 7.48380135837249e-17 1.78262816658896e-18 
2.07542258676884e+00 6.90610706062698e-17 1.64353504306736e-18 
2.07771460508664e+00 6.37283296512929e-17 1.51525372993489e-18 
2.08000662340444e+00 5.88057762218288e-17 1.39694721014299e-18 
2.08229864172224e+00 5.42619890041373e-17 1.28784298729090e-18 
2.08459066004004e+00 5.00679430966073e-17 1.18722813493395e-18 
2.08688267835784e+00 4.61968280948977e-17 1.09444472389656e-18 
2.08917469667564e+00 4.26238799176834e-17 1.00888559887959e-18 
2.09146671499344e+00 3.93262253406683e-17 9.29990477819797e-19 
2.09375873331124e+00 3.62827382836446e-17 8.57242349465072e-19 
2.09605075162905e+00 3.34739069667701e-17 7.90164146483586e-19 
2.09834276994685e+00 3.08817111183203e-17 7.28315673140976e-19 
2.10063478826465e+00 2.84895084773507e-17 6.71379609835587e-19 
2.10292680658245e+00 2.62820523476775e-17 6.18983696767446e-19 
2.10521882490025e+00 2.42451527613219e-17 5.70686279997812e-19 
2.10751084321805e+00 2.23656709102038e-17 5.26146801330809e-19 
2.10980286153585e+00 2.06314769901918e-17 4.85073720754020e-19 
2.11209487985365e+00 1.90313729663726e-17 4.47198046213308e-19 
2.11438689817145e+00 1.75550212300656e-17 4.12271595372036e-19 
2.11667891648926e+00 1.61928786997542e-17 3.80065390917369e-19 
2.11897093480706e+00 1.49361359520192e-17 3.50368179190095e-19 
2.12126295312486e+00 1.37766609999092e-17 3.22985062694070e-19 
2.12355497144266e+00 1.27069473651710e-17 2.97736237761899e-19 
2.12584698976046e+00 1.17200661175639e-17 2.74455829319176e-19 
2.12813900807826e+00 1.08096215792547e-17 2.52990815304760e-19 
2.13043102639606e+00 9.96971041519932e-18 2.33200033872896e-19 
2.13272304471386e+00 9.19488385158802e-18 2.14953267028112e-19 
2.13501506303166e+00 8.48011278400769e-18 1.98130394828986e-19 
2.13730708134946e+00 7.82075555506866e-18 1.82620614745118e-19 
2.13959909966727e+00 7.21252819796962e-18 1.68321721165723e-19 
2.14189111798507e+00 6.65147695793528e-18 1.55139440440837e-19 
2.14418313630287e+00 6.13395291775223e-18 1.42986817189541e-19 
2.14647515462067e+00 5.65658856683760e-18 1.31783647936060e-19 
2.14876717293847e+00 5.21627616548403e-18 1.21455958436193e-19 
2.15105919125627e+00 4.81014776720835e-18 1.11935521335112e-19 
2.15335120957407e+00 4.43555677256055e-18 1.03159411054865e-19 
2.15564322789187e+00 4.09006089738799e-18 9.50695930476502e-20 
2.15793524620967e+00 3.77140644745759e-18 8.76125447704036e-20 
2.16022726452747e+00 3.47751379957078e-18 8.07389059390886e-20 
2.16251928284528e+00 3.20646399691337e-18 7.44031558082871e-20 
2.16481130116308e+00 2.95648637341281e-18 6.85633153947104e-20 
2.16710331948088e+00 2.72594712837141e-18 6.31806727229737e-20 
2.16939533779868e+00 2.51333877864738e-18 5.82195293195109e-20 
2.17168735611648e+00 2.31727042120225e-18 5.36469663167551e-20 
2.17397937443428e+00 2.13645874395892e-18 4.94326286555280e-20 
2.17627139275208e+00 1.96971972765017e-18 4.55485259897748e-20 
2.17856341106988e+00 1.81596098571332e-18 4.19688490050703e-20 
2.18085542938768e+00 1.67417469332963e-18 3.86697999614024e-20 
2.18314744770549e+00 1.54343106044201e-18 3.56294363622210e-20 
2.18543946602329e+00 1.42287230703604e-18 3.28275267362158e-20 
2.18773148434109e+00 1.31170710215700e-18 3.02454175962841e-20 
2.19002350265889e+00 1.20920543108141e-18 2.78659107121685e-20 
2.19231552097669e+00 1.11469385778249e-18 2.56731498997329e-20 
2.19460753929449e+00 1.02755115234248e-18 2.36525165912399e-20 
2.19689955761229e+00 9.47204255287004e-19 2.17905335076665e-20 
2.19919157593009e+00 8.73124552961628e-19 2.00744449389169e-20 
2.20148359424789e+00 8.04824023622596e-19 1.84911113949712e-20 
2.20377561256569e+00 7.41850783327345e-19 1.70307317835881e-20 
2.20606763088350e+00 6.83790588751083e-19 1.56853631058381e-20 
2.20835964920130e+00 6.30261303539974e-19 1.44459747590973e-20 
2.21065166751910e+00 5.80910418267268e-19 1.33042429903020e-20 
2.21294368583690e+00 5.35412761265161e-19 1.22524957526740e-20 
2.21523570415470e+00 4.93468385697800e-19 1.12836618492095e-20 
2.21752772247250e+00 4.54800619358297e-19 1.03912240309263e-20 
2.21981974079030e+00 4.19154264705209e-19 9.56917574347354e-21 
2.22211175910810e+00 3.86293937607911e-19 8.81198123935397e-21 
2.22440377742590e+00 3.56002534151718e-19 8.11453879483653e-21 
2.22669579574371e+00 3.28079815667934e-19 7.47214679078549e-21 
2.22898781406151e+00 3.02341102906333e-19 6.88047243523404e-21 
2.23127983237931e+00 2.78616070962560e-19 6.33552292269747e-21 
2.23357185069711e+00 2.56747637215012e-19 5.83361884106978e-21 
2.23586386901491e+00 2.36590935118870e-19 5.37136965157511e-21 
2.23815588733271e+00 2.18012367252780e-19 4.94565108074592e-21 
2.24044790565051e+00 2.00888731519838e-19 4.55358427586105e-21 
2.24273992396831e+00 1.85106414871913e-19 4.19251658677679e-21 
2.24503194228611e+00 1.70560649358186e-19 3.86000384769841e-21 
2.24732396060391e+00 1.57154825697529e-19 3.55379404223427e-21 
2.24961597892172e+00 1.44799859942719e-19 3.27181224411425e-21 
2.25190799723952e+00 1.33413609144640e-19 3.01214673429578e-21 
2.25420001555732e+00 1.22920332238829e-19 2.77303620287869e-21 
2.25649203387512e+00 1.13250192666845e-19 2.55285795135304e-21 
2.25878405219292e+00 1.04338799512923e-19 2.35011701725845e-21 
2.26107607051072e+00 9.61267841837895e-20 2.16343614938129e-21 
2.26336808882852e+00 8.85594098880594e-20 1.99154656719608e-21 
2.26566010714632e+00 8.15862113825903e-20 1.83327944340638e-21 
2.26795212546412e+00 7.51606626480554e-20 1.68755805319026e-21 
2.27024414378192e+00 6.92398703358737e-20 1.55339053813845e-21 
2.27253616209973e+00 6.37842909947635e-20 1.42986323691631e-21 
2.27482818041753e+00 5.87574702385614e-20 1.31613453841107e-21 
2.27712019873533e+00 5.41258021585581e-20 1.21142921656692e-21 
2.27941221705313e+00 4.98583074143478e-20 1.11503320928504e-21 
2.28170423537093e+00 4.59264285578937e-20 1.02628880669396e-21 
2.28399625368873e+00 4.23038412569513e-20 9.44590216797207e-22 
2.28628827200653e+00 3.89662801868698e-20 8.69379478996604e-22 
2.28858029032433e+00 3.58913784547628e-20 8.00142698288270e-22 
2.29087230864213e+00 3.30585195077140e-20 7.66584388866199e-22 
