Energy(eV)           EEDF(eV^-(3/2))      Anisotropy(eV^-(3/2))
8.55169679058157e-04 5.21612426838251e+01 5.86865585626513e-02 
2.56550903717447e-03 5.05700966398503e+01 6.96553719831637e-02 
4.27584839529078e-03 4.86218901894412e+01 8.58757270351861e-02 
5.98618775340710e-03 4.65741602910066e+01 9.57744142535388e-02 
7.69652711152341e-03 4.45600021758214e+01 1.02962536467693e-01 
9.40686646963973e-03 4.25942709142428e+01 1.08508714644944e-01 
1.11172058277560e-02 4.07256115849456e+01 1.12853322398888e-01 
1.28275451858724e-02 3.89264683967198e+01 1.15775524003884e-01 
1.45378845439887e-02 3.72109167610960e+01 1.18150213436571e-01 
1.62482239021050e-02 3.55808741554467e+01 1.19555823495795e-01 
1.79585632602213e-02 3.40168378382676e+01 1.20112961731163e-01 
1.96689026183376e-02 3.25233077879941e+01 1.20338152461610e-01 
2.13792419764539e-02 3.10994104402033e+01 1.20091992073483e-01 
2.30895813345702e-02 2.97384998344792e+01 1.19484413309136e-01 
2.47999206926866e-02 2.84416452951943e+01 1.18755864689319e-01 
2.65102600508029e-02 2.72092052067536e+01 1.17948853515702e-01 
2.82205994089192e-02 2.60410406716147e+01 1.17094749456768e-01 
2.99309387670355e-02 2.49366787426776e+01 1.16045662658159e-01 
3.16412781251518e-02 2.38884929862903e+01 1.14602662412706e-01 
3.33516174832681e-02 2.28876095267646e+01 1.12929586533905e-01 
3.50619568413844e-02 2.19333922628123e+01 1.11229849456010e-01 
3.67722961995008e-02 2.10250257914335e+01 1.09519658458659e-01 
3.84826355576171e-02 2.01615664403505e+01 1.07811651362312e-01 
4.01929749157334e-02 1.93419837296465e+01 1.06022150910728e-01 
4.19033142738497e-02 1.85612732732377e+01 1.04098286226297e-01 
4.36136536319660e-02 1.78160190076427e+01 1.02131556982603e-01 
4.53239929900823e-02 1.71053329749954e+01 1.00181591775232e-01 
4.70343323481986e-02 1.64282843692820e+01 9.82550360014135e-02 
4.87446717063150e-02 1.57839161448409e+01 9.63570225979868e-02 
5.04550110644313e-02 1.51712588602450e+01 9.44764236037769e-02 
5.21653504225476e-02 1.45886184671497e+01 9.26120468239791e-02 
5.38756897806639e-02 1.40348420771769e+01 9.07793848655025e-02 
5.55860291387802e-02 1.35090168149034e+01 8.89835049593906e-02 
5.72963684968965e-02 1.30102460361271e+01 8.72247234476366e-02 
5.90067078550128e-02 1.25376550685052e+01 8.55024234539709e-02 
6.07170472131291e-02 1.20903959891242e+01 8.38150570628733e-02 
6.24273865712455e-02 1.16676515780980e+01 8.21601232346355e-02 
6.41377259293618e-02 1.12686385567269e+01 8.05341209236631e-02 
6.58480652874781e-02 1.08926101902171e+01 7.89324763981435e-02 
6.75584046455944e-02 1.05388583071187e+01 7.73494434105074e-02 
6.92687440037107e-02 1.02067147591709e+01 7.57797444454279e-02 
7.09790833618270e-02 9.89512207934726e+00 7.42559770016788e-02 
7.26894227199433e-02 9.59797896337113e+00 7.27966598115431e-02 
7.43997620780597e-02 9.31486574281709e+00 7.13588646125558e-02 
7.61101014361760e-02 9.04537323282968e+00 6.99416037938183e-02 
7.78204407942923e-02 8.78910383787775e+00 6.85434936610983e-02 
7.95307801524086e-02 8.54567243727060e+00 6.71627507691139e-02 
8.12411195105249e-02 8.31470706749745e+00 6.57971832001944e-02 
8.29514588686412e-02 8.09584941388512e+00 6.44441769435567e-02 
8.46617982267576e-02 7.88875511958993e+00 6.31006775574687e-02 
8.63721375848739e-02 7.69309391547391e+00 6.17631673564475e-02 
8.80824769429902e-02 7.50854956989957e+00 6.04276384647658e-02 
8.97928163011065e-02 7.33481965286252e+00 5.90895622252564e-02 
9.15031556592228e-02 7.17161510414298e+00 5.77438556595875e-02 
9.32134950173391e-02 7.01865959029550e+00 5.63848459555689e-02 
9.49238343754554e-02 6.87568863035493e+00 5.50062343227536e-02 
9.66341737335717e-02 6.74244846520945e+00 5.36010610243465e-02 
9.83445130916881e-02 6.61869464084685e+00 5.21616739756562e-02 
1.00054852449804e-01 6.50419027137524e+00 5.08352591838829e-02 
1.01765191807921e-01 6.39657976578981e+00 4.97905970571317e-02 
1.03475531166037e-01 6.29385002536722e+00 4.88886262797347e-02 
1.05185870524153e-01 6.19590398232085e+00 4.79808018692614e-02 
1.06896209882270e-01 6.10264602116760e+00 4.70658333987922e-02 
1.08606549240386e-01 6.01398195916430e+00 4.61422872315108e-02 
1.10316888598502e-01 5.92981898418706e+00 4.52085864099710e-02 
1.12027227956619e-01 5.85006554982694e+00 4.42630107216121e-02 
1.13737567314735e-01 5.77463122723123e+00 4.33036971162052e-02 
1.15447906672851e-01 5.70342651301616e+00 4.23286406752088e-02 
1.17158246030968e-01 5.63636259242243e+00 4.13356963598077e-02 
1.18868585389084e-01 5.57335105678829e+00 4.03225817934461e-02 
1.20578924747200e-01 5.51430357438968e+00 3.94687199011536e-02 
1.22289264105316e-01 5.45780334257331e+00 3.88277854470703e-02 
1.23999603463433e-01 5.40355705945071e+00 3.82154279121889e-02 
1.25709942821549e-01 5.35153299425741e+00 3.75943119880985e-02 
1.27420282179665e-01 5.30169913136745e+00 3.69639436206713e-02 
1.29130621537782e-01 5.25402316659019e+00 3.63237805630391e-02 
1.30840960895898e-01 5.20847249340937e+00 3.56732334907627e-02 
1.32551300254014e-01 5.16501417928636e+00 3.50116672180187e-02 
1.34261639612131e-01 5.12361493213883e+00 3.43384020432218e-02 
1.35971978970247e-01 5.08424105710026e+00 3.36527152546065e-02 
1.37682318328363e-01 5.04685840366673e+00 3.29538428284837e-02 
1.39392657686480e-01 5.01143230334410e+00 3.22409813550728e-02 
1.41102997044596e-01 4.97792749792362e+00 3.15132902290593e-02 
1.42813336402712e-01 4.94630805853635e+00 3.07698941442361e-02 
1.44523675760829e-01 4.91653729566792e+00 3.00098859337641e-02 
1.46234015118945e-01 4.88857766035641e+00 2.92323297997672e-02 
1.47944354477061e-01 4.86239063684665e+00 2.84362649780917e-02 
1.49654693835177e-01 4.83793662703663e+00 2.76750337472595e-02 
1.51365033193294e-01 4.81496930918199e+00 2.70846780812354e-02 
1.53075372551410e-01 4.79298133246757e+00 2.66194923189903e-02 
1.54785711909526e-01 4.77196047749630e+00 2.61440368205729e-02 
1.56496051267643e-01 4.75189405905604e+00 2.56580406015988e-02 
1.58206390625759e-01 4.73276891248835e+00 2.51612201895574e-02 
1.59916729983875e-01 4.71457137802489e+00 2.46532804890472e-02 
1.61627069341992e-01 4.69728728315632e+00 2.41339157142227e-02 
1.63337408700108e-01 4.68090192310405e+00 2.36028103943328e-02 
1.65047748058224e-01 4.66540003947253e+00 2.30596404584743e-02 
1.66758087416341e-01 4.65076579716712e+00 2.25040744059156e-02 
1.68468426774457e-01 4.63698275967151e+00 2.19357745686786e-02 
1.70178766132573e-01 4.62403386278806e+00 2.14535728903529e-02 
1.71889105490690e-01 4.61165412743863e+00 2.11312942684712e-02 
1.73599444848806e-01 4.59967605633989e+00 2.08702462152468e-02 
1.75309784206922e-01 4.58809704292614e+00 2.06027820698610e-02 
1.77020123565039e-01 4.57691427869637e+00 2.03288493265808e-02 
1.78730462923155e-01 4.56612475286458e+00 2.00483916780129e-02 
1.80440802281271e-01 4.55572525169764e+00 1.97613491726404e-02 
1.82151141639387e-01 4.54571235754769e+00 1.94676583800147e-02 
1.83861480997504e-01 4.53608244758690e+00 1.91672525640421e-02 
1.85571820355620e-01 4.52683169225263e+00 1.88600618648091e-02 
1.87282159713736e-01 4.51795605341161e+00 1.85460134893880e-02 
1.88992499071853e-01 4.50945128225225e+00 1.82250319121124e-02 
1.90702838429969e-01 4.50131291691468e+00 1.78970390848271e-02 
1.92413177788085e-01 4.49353627986885e+00 1.75619546576104e-02 
1.94123517146202e-01 4.48611647505160e+00 1.72196962105663e-02 
1.95833856504318e-01 4.47904838477408e+00 1.68701794972430e-02 
1.97544195862434e-01 4.47232666641196e+00 1.65133187003310e-02 
1.99254535220551e-01 4.46594574889128e+00 1.61622053053054e-02 
2.00964874578667e-01 4.45987884239619e+00 1.60142938600645e-02 
2.02675213936783e-01 4.45381708015645e+00 1.60640601996739e-02 
2.04385553294900e-01 4.44776107769105e+00 1.61125997074048e-02 
2.06095892653016e-01 4.44171144231409e+00 1.61599193678686e-02 
2.07806232011132e-01 4.43566877318420e+00 1.62060261459622e-02 
2.09516571369248e-01 4.42963366135433e+00 1.62509269853125e-02 
2.11226910727365e-01 4.42360668982199e+00 1.62946288067447e-02 
2.12937250085481e-01 4.41758843357994e+00 1.63371385067715e-02 
2.14647589443597e-01 4.41157945966711e+00 1.63784629561373e-02 
2.16357928801714e-01 4.40558032722002e+00 1.64186089983743e-02 
2.18068268159830e-01 4.39959158752440e+00 1.64575834483980e-02 
2.19778607517946e-01 4.39361378406715e+00 1.64953930911327e-02 
2.21488946876063e-01 4.38764745258857e+00 1.65320446801671e-02 
2.23199286234179e-01 4.38169312113482e+00 1.65675449364526e-02 
2.24909625592295e-01 4.37575131011065e+00 1.66019005469993e-02 
2.26619964950412e-01 4.36982253233223e+00 1.66351181636298e-02 
2.28330304308528e-01 4.36390729308027e+00 1.66672044017721e-02 
2.30040643666644e-01 4.35800609015326e+00 1.66981658392476e-02 
2.31750983024761e-01 4.35211941392078e+00 1.67280090150986e-02 
2.33461322382877e-01 4.34624774737703e+00 1.67567404284651e-02 
2.35171661740993e-01 4.34039156619438e+00 1.67843665374727e-02 
2.36882001099110e-01 4.33455133877703e+00 1.68108937581361e-02 
2.38592340457226e-01 4.32872752631473e+00 1.68363284633126e-02 
2.40302679815342e-01 4.32292058283650e+00 1.68606769816673e-02 
2.42013019173458e-01 4.31713095526441e+00 1.68839455966769e-02 
2.43723358531575e-01 4.31135908346733e+00 1.69061405456550e-02 
2.45433697889691e-01 4.30560540031468e+00 1.69272680187815e-02 
2.47144037247807e-01 4.29987033173015e+00 1.69473341581881e-02 
2.48854376605924e-01 4.29415429674536e+00 1.69663450570689e-02 
2.50564715964040e-01 4.28845770755343e+00 1.71746666344679e-02 
2.52275055322156e-01 4.28252050745727e+00 1.76090948079141e-02 
2.53985394680273e-01 4.27628231350861e+00 1.80821445359788e-02 
2.55695734038389e-01 4.26973541650253e+00 1.85559802400204e-02 
2.57406073396505e-01 4.26287217041531e+00 1.90303681995725e-02 
2.59116412754622e-01 4.25568500174786e+00 1.95050690468146e-02 
2.60826752112738e-01 4.24816641905194e+00 1.99798378786312e-02 
2.62537091470854e-01 4.24030902262873e+00 2.04544243825411e-02 
2.64247430828971e-01 4.23210551438874e+00 2.09285729766931e-02 
2.65957770187087e-01 4.22354870786098e+00 2.14020229641144e-02 
2.67668109545203e-01 4.21463153833872e+00 2.18745087013580e-02 
2.69378448903319e-01 4.20534707314812e+00 2.23457597816660e-02 
2.71088788261436e-01 4.19568852202521e+00 2.28155012327190e-02 
2.72799127619552e-01 4.18564924758606e+00 2.32834537290355e-02 
2.74509466977668e-01 4.17522277587386e+00 2.37493338190133e-02 
2.76219806335785e-01 4.16440280696618e+00 2.42128541665923e-02 
2.77930145693901e-01 4.15318322562454e+00 2.46737238074608e-02 
2.79640485052017e-01 4.14155811196796e+00 2.51316484196897e-02 
2.81350824410134e-01 4.12952175215131e+00 2.55863306086389e-02 
2.83061163768250e-01 4.11706864902857e+00 2.60374702059161e-02 
2.84771503126366e-01 4.10419353278047e+00 2.64847645821555e-02 
2.86481842484483e-01 4.09089137148537e+00 2.69279089733175e-02 
2.88192181842599e-01 4.07715738161164e+00 2.73665968201354e-02 
2.89902521200715e-01 4.06298703840917e+00 2.78005201203527e-02 
2.91612860558832e-01 4.04837608617747e+00 2.82293697932736e-02 
2.93323199916948e-01 4.03332054838679e+00 2.86528360561353e-02 
2.95033539275064e-01 4.01781673762905e+00 2.90706088117820e-02 
2.96743878633181e-01 4.00186126537440e+00 2.94823780470248e-02 
2.98454217991297e-01 3.98545105150929e+00 2.98878342410423e-02 
3.00164557349413e-01 3.96858333363180e+00 3.03220016102534e-02 
3.01874896707529e-01 3.95117020927608e+00 3.08064451962975e-02 
3.03585236065646e-01 3.93314934199861e+00 3.13043579522181e-02 
3.05295575423762e-01 3.91451640394413e+00 3.17917404364937e-02 
3.07005914781878e-01 3.89526768518621e+00 3.22680976354286e-02 
3.08716254139995e-01 3.87540011096827e+00 3.27329405111986e-02 
3.10426593498111e-01 3.85491125802557e+00 3.31857870297224e-02 
3.12136932856227e-01 3.83379936992008e+00 3.36261631943856e-02 
3.13847272214344e-01 3.81206337132140e+00 3.40536040823573e-02 
3.15557611572460e-01 3.78970288116893e+00 3.44676548801203e-02 
3.17267950930576e-01 3.76671822465261e+00 3.48678719147849e-02 
3.18978290288693e-01 3.74311044395213e+00 3.52538236776643e-02 
3.20688629646809e-01 3.71888130767730e+00 3.56250918365467e-02 
3.22398969004925e-01 3.69403331895545e+00 3.59812722330678e-02 
3.24109308363042e-01 3.66856972211537e+00 3.63219758615678e-02 
3.25819647721158e-01 3.64249450792076e+00 3.66468298258220e-02 
3.27529987079274e-01 3.61581241731069e+00 3.69554782700387e-02 
3.29240326437390e-01 3.58852894360853e+00 3.72475832805607e-02 
3.30950665795507e-01 3.56065033316577e+00 3.75228257547746e-02 
3.32661005153623e-01 3.53218358441170e+00 3.77809062337866e-02 
3.34371344511739e-01 3.50313644528538e+00 3.80215456955199e-02 
3.36081683869856e-01 3.47351740903129e+00 3.82444863050061e-02 
3.37792023227972e-01 3.44333570834580e+00 3.84494921187684e-02 
3.39502362586088e-01 3.41260130786704e+00 3.86363497403333e-02 
3.41212701944205e-01 3.38132489500658e+00 3.88048689240734e-02 
3.42923041302321e-01 3.34951786912730e+00 3.89548831247691e-02 
3.44633380660437e-01 3.31719232907748e+00 3.90862499904646e-02 
3.46343720018554e-01 3.28436105909746e+00 3.91988517964010e-02 
3.48054059376670e-01 3.25103751312089e+00 3.92925958180333e-02 
3.49764398734786e-01 3.21723579749867e+00 3.93764523992472e-02 
3.51474738092903e-01 3.18293165273860e+00 3.94651167289475e-02 
3.53185077451019e-01 3.14807268685109e+00 3.95475712233520e-02 
3.54895416809135e-01 3.11267692758634e+00 3.96073511628133e-02 
3.56605756167251e-01 3.07676322133447e+00 3.96444701385312e-02 
3.58316095525368e-01 3.04035120012717e+00 3.96589779000520e-02 
3.60026434883484e-01 3.00346124650235e+00 3.96509602679618e-02 
3.61736774241600e-01 2.96611445633952e+00 3.96205389349221e-02 
3.63447113599717e-01 2.92833259978249e+00 3.95678711557808e-02 
3.65157452957833e-01 2.89013808037430e+00 3.94931493280392e-02 
3.66867792315949e-01 2.85155389253719e+00 3.93966004644723e-02 
3.68578131674066e-01 2.81260357753737e+00 3.92784855602349e-02 
3.70288471032182e-01 2.77331117808076e+00 3.91390988572997e-02 
3.71998810390298e-01 2.73370119169145e+00 3.89787670095449e-02 
3.73709149748415e-01 2.69379852302944e+00 3.87978481522860e-02 
3.75419489106531e-01 2.65362843530839e+00 3.85967308804885e-02 
3.77129828464647e-01 2.61321650097698e+00 3.83758331402957e-02 
3.78840167822764e-01 2.57258855183001e+00 3.81356010389095e-02 
3.80550507180880e-01 2.53177062871696e+00 3.78765075781927e-02 
3.82260846538996e-01 2.49078893101596e+00 3.75990513176761e-02 
3.83971185897113e-01 2.44966976604130e+00 3.73037549729411e-02 
3.85681525255229e-01 2.40843949855117e+00 3.69911639555751e-02 
3.87391864613345e-01 2.36712450052071e+00 3.66618448610973e-02 
3.89102203971461e-01 2.32575110134245e+00 3.63163839114162e-02 
3.90812543329578e-01 2.28434553861295e+00 3.59553853584980e-02 
3.92522882687694e-01 2.24293390966001e+00 3.55794698559957e-02 
3.94233222045810e-01 2.20154212395999e+00 3.51892728056326e-02 
3.95943561403927e-01 2.16019585658903e+00 3.47854426851359e-02 
3.97653900762043e-01 2.11892050284591e+00 3.43686393644639e-02 
3.99364240120159e-01 2.07774113417703e+00 3.39391088254678e-02 
4.01074579478276e-01 2.03668622584548e+00 3.34948553402478e-02 
4.02784918836392e-01 1.99580494093998e+00 3.30374732458858e-02 
4.04495258194508e-01 1.95511933396738e+00 3.25709110984980e-02 
4.06205597552625e-01 1.91465097789077e+00 3.20958125801794e-02 
4.07915936910741e-01 1.87442093364630e+00 3.16128217032336e-02 
4.09626276268857e-01 1.83444972137264e+00 3.11225814360008e-02 
4.11336615626974e-01 1.79475729340777e+00 3.06257323617513e-02 
4.13046954985090e-01 1.75536300910003e+00 3.01229113746030e-02 
4.14757294343206e-01 1.71628561147275e+00 2.96147504161561e-02 
4.16467633701323e-01 1.67754320577357e+00 2.91018752562688e-02 
4.18177973059439e-01 1.63915323993233e+00 2.85849043211027e-02 
4.19888312417555e-01 1.60113248694332e+00 2.80644475712755e-02 
4.21598651775671e-01 1.56349702918049e+00 2.75411054326640e-02 
4.23308991133788e-01 1.52626224464670e+00 2.70154677820944e-02 
4.25019330491904e-01 1.48944279515091e+00 2.64881129898513e-02 
4.26729669850020e-01 1.45305261640050e+00 2.59596070206391e-02 
4.28440009208137e-01 1.41710490998906e+00 2.54305025943241e-02 
4.30150348566253e-01 1.38161213725364e+00 2.49013384074892e-02 
4.31860687924369e-01 1.34658601496955e+00 2.43726384165441e-02 
4.33571027282486e-01 1.31203751284491e+00 2.38449111828458e-02 
4.35281366640602e-01 1.27797685277184e+00 2.33186492800111e-02 
4.36991705998718e-01 1.24441350978629e+00 2.27943287633342e-02 
4.38702045356835e-01 1.21135621468355e+00 2.22724087009705e-02 
4.40412384714951e-01 1.17881295823282e+00 2.17533307663002e-02 
4.42122724073067e-01 1.14679099692968e+00 2.12375188906584e-02 
4.43833063431184e-01 1.11529686022245e+00 2.07253789753980e-02 
4.45543402789300e-01 1.08433635914509e+00 2.02172986620511e-02 
4.47253742147416e-01 1.05391459628669e+00 1.97136471591674e-02 
4.48964081505532e-01 1.02403597702549e+00 1.92147751242319e-02 
4.50674420863649e-01 9.94704221953256e-01 1.87210145989108e-02 
4.52384760221765e-01 9.65922380414753e-01 1.82326789957282e-02 
4.54095099579881e-01 9.37692845085631e-01 1.77500631341532e-02 
4.55805438937998e-01 9.10017367511519e-01 1.72734433239654e-02 
4.57515778296114e-01 8.82897074530673e-01 1.68030774936705e-02 
4.59226117654230e-01 8.56332485502545e-01 1.63392053616596e-02 
4.60936457012347e-01 8.30323530264907e-01 1.58820486477363e-02 
4.62646796370463e-01 8.04869567742772e-01 1.54318113225912e-02 
4.64357135728579e-01 7.79969405133261e-01 1.49886798927585e-02 
4.66067475086696e-01 7.55621317591725e-01 1.45528237185731e-02 
4.67777814444812e-01 7.31823068345839e-01 1.41243953626309e-02 
4.69488153802928e-01 7.08571929166057e-01 1.37035309662585e-02 
4.71198493161045e-01 6.85864701122677e-01 1.32903506515104e-02 
4.72908832519161e-01 6.63697735561820e-01 1.28849589462354e-02 
4.74619171877277e-01 6.42066955234871e-01 1.24874452297901e-02 
4.76329511235393e-01 6.20967875518336e-01 1.20978841970134e-02 
4.78039850593510e-01 6.00395625663577e-01 1.17163363381380e-02 
4.79750189951626e-01 5.80344970018546e-01 1.13428484323624e-02 
4.81460529309742e-01 5.60810329166389e-01 1.09774540528831e-02 
4.83170868667859e-01 5.41785800928618e-01 1.06201740812518e-02 
4.84881208025975e-01 5.23265181183422e-01 1.02710172290052e-02 
4.86591547384091e-01 5.05241984452661e-01 9.92998056459376e-03 
4.88301886742208e-01 4.87709464214011e-01 9.59705004372632e-03 
4.90012226100324e-01 4.70660632897759e-01 9.27220104133329e-03 
4.91722565458440e-01 4.54088281530675e-01 8.95539888344744e-03 
4.93432904816557e-01 4.37984998992426e-01 8.64659937739297e-03 
4.95143244174673e-01 4.22343190852879e-01 8.34574933877153e-03 
4.96853583532789e-01 4.07155097761585e-01 8.05278711382949e-03 
4.98563922890906e-01 3.92412813363601e-01 7.76764309588894e-03 
5.00274262249022e-01 3.78108301718572e-01 7.49030714594456e-03 
5.01984601607138e-01 3.64234721110612e-01 7.22072762277697e-03 
5.03694940965254e-01 3.50784304122625e-01 6.95877300227363e-03 
5.05405280323371e-01 3.37748490972023e-01 6.70432158596612e-03 
5.07115619681487e-01 3.25118673896703e-01 6.45726573037396e-03 
5.08825959039603e-01 3.12886211054761e-01 6.21749321348560e-03 
5.10536298397720e-01 3.01042439851996e-01 5.98488765921742e-03 
5.12246637755836e-01 2.89578689693574e-01 5.75932894888236e-03 
5.13956977113952e-01 2.78486294158187e-01 5.54069361924469e-03 
5.15667316472069e-01 2.67756602594748e-01 5.32885524680728e-03 
5.17377655830185e-01 2.57380991143421e-01 5.12368481804696e-03 
5.19087995188301e-01 2.47350873184295e-01 4.92505108537650e-03 
5.20798334546418e-01 2.37657709218548e-01 4.73282090867390e-03 
5.22508673904534e-01 2.28293016188270e-01 4.54685958227752e-03 
5.24219013262650e-01 2.19248376242416e-01 4.36703114739959e-03 
5.25929352620767e-01 2.10515444957497e-01 4.19319868996217e-03 
5.27639691978883e-01 2.02085959022722e-01 4.02522462390692e-03 
5.29350031336999e-01 1.93951743400240e-01 3.86297096007450e-03 
5.31060370695116e-01 1.86104717972028e-01 3.70629956079048e-03 
5.32770710053232e-01 1.78536903685746e-01 3.55507238033218e-03 
5.34481049411348e-01 1.71240428212574e-01 3.40915169148538e-03 
5.36191388769464e-01 1.64207531130665e-01 3.26840029843100e-03 
5.37901728127581e-01 1.57430568648349e-01 3.13268173623061e-03 
5.39612067485697e-01 1.50902017881698e-01 3.00186045720438e-03 
5.41322406843813e-01 1.44614480701405e-01 2.87580200451787e-03 
5.43032746201930e-01 1.38560687164245e-01 2.75437317331380e-03 
5.44743085560046e-01 1.32733498544604e-01 2.63744215974219e-03 
5.46453424918162e-01 1.27125909981730e-01 2.52487869825639e-03 
5.48163764276279e-01 1.21731052758465e-01 2.41655418755539e-03 
5.49874103634395e-01 1.16542196227250e-01 2.31234180556238e-03 
5.51584442992511e-01 1.11552749399198e-01 2.21211661383746e-03 
5.53294782350628e-01 1.06756262211973e-01 2.11575565182834e-03 
5.55005121708744e-01 1.02146426492096e-01 2.02313802136678e-03 
5.56715461066860e-01 9.77170766271531e-02 1.93414496182077e-03 
5.58425800424977e-01 9.34621899632146e-02 1.84865991631292e-03 
5.60136139783093e-01 8.93758869425183e-02 1.76656858941476e-03 
5.61846479141209e-01 8.54524309962422e-02 1.68775899672435e-03 
5.63556818499325e-01 8.16862282068924e-02 1.61212150673071e-03 
5.65267157857442e-01 7.80718267545282e-02 1.53954887536434e-03 
5.66977497215558e-01 7.46039161607100e-02 1.46993627362676e-03 
5.68687836573674e-01 7.12773263437002e-02 1.40318130868562e-03 
5.70398175931791e-01 6.80870264980800e-02 1.33918403881423e-03 
5.72108515289907e-01 6.50281238115517e-02 1.27784698254583e-03 
5.73818854648023e-01 6.20958620313026e-02 1.21907512240424e-03 
5.75529194006140e-01 5.92856198918933e-02 1.16277590356260e-03 
5.77239533364256e-01 5.65929094162148e-02 1.10885922777205e-03 
5.78949872722372e-01 5.40133741006386e-02 1.05723744289163e-03 
5.80660212080489e-01 5.15427869950510e-02 1.00782532833988e-03 
5.82370551438605e-01 4.91770486880358e-02 9.60540076777507e-04 
5.84080890796721e-01 4.69121852070377e-02 9.15301272319183e-04 
5.85791230154838e-01 4.47443458429060e-02 8.72030865561068e-04 
5.87501569512954e-01 4.26698009077940e-02 8.30653145699180e-04 
5.89211908871070e-01 4.06849394349619e-02 7.91094710002120e-04 
5.90922248229186e-01 3.87862668286126e-02 7.53284430890055e-04 
5.92632587587303e-01 3.69704024714741e-02 7.17153420860453e-04 
5.94342926945419e-01 3.52340772974386e-02 6.82634995489517e-04 
5.96053266303536e-01 3.35741313361637e-02 6.49664634727085e-04 
5.97763605661652e-01 3.19875112361543e-02 6.18179942691574e-04 
5.99473945019768e-01 3.04712677724589e-02 5.88120606160593e-04 
6.01184284377884e-01 2.90225533447428e-02 5.59428351942143e-04 
6.02894623736001e-01 2.76386194711378e-02 5.32046903300829e-04 
6.04604963094117e-01 2.63168142829160e-02 5.05921935603255e-04 
6.06315302452233e-01 2.50545800246954e-02 4.81001031336796e-04 
6.08025641810350e-01 2.38494505645542e-02 4.57233634646289e-04 
6.09735981168466e-01 2.26990489181136e-02 4.34571005523807e-04 
6.11446320526582e-01 2.16010847903406e-02 4.12966173777540e-04 
6.13156659884699e-01 2.05533521385307e-02 3.92373892897130e-04 
6.14866999242815e-01 1.95537267596430e-02 3.72750593924325e-04 
6.16577338600931e-01 1.86001639048923e-02 3.54054339429707e-04 
6.18287677959048e-01 1.76906959242415e-02 3.36244777688462e-04 
6.19998017317164e-01 1.68234299431894e-02 3.19283097140716e-04 
6.21708356675280e-01 1.59965455740149e-02 3.03131981214779e-04 
6.23418696033397e-01 1.52082926634089e-02 2.87755563584901e-04 
6.25129035391513e-01 1.44569890782170e-02 2.73119383928611e-04 
6.26839374749629e-01 1.37410185308086e-02 2.59190344242505e-04 
6.28549714107745e-01 1.30588284453982e-02 2.45936665769582e-04 
6.30260053465862e-01 1.24089278664638e-02 2.33327846585586e-04 
6.31970392823978e-01 1.17898854102331e-02 2.21334619886613e-04 
6.33680732182094e-01 1.12003272600504e-02 2.09928913015246e-04 
6.35391071540211e-01 1.06389352062849e-02 1.99083807257837e-04 
6.37101410898327e-01 1.01044447312953e-02 1.88773498441140e-04 
6.38811750256443e-01 9.59564313984010e-03 1.78973258352357e-04 
6.40522089614560e-01 9.11136773519002e-03 1.69659397002817e-04 
6.42232428972676e-01 8.65050404109181e-03 1.60809225751879e-04 
6.43942768330792e-01 8.21198406961868e-03 1.52401021304263e-04 
6.45653107688909e-01 7.79478463484680e-03 1.44413990590882e-04 
6.47363447047025e-01 7.39792571220415e-03 1.36828236540313e-04 
6.49073786405141e-01 7.02046884325280e-03 1.29624724745379e-04 
6.50784125763258e-01 6.66151558558841e-03 1.22785251026744e-04 
6.52494465121374e-01 6.32020600746910e-03 1.16292409893194e-04 
6.54204804479490e-01 5.99571722672059e-03 1.10129563896109e-04 
6.55915143837607e-01 5.68726199340585e-03 1.04280813873707e-04 
6.57625483195723e-01 5.39408731569350e-03 9.87309700788680e-05 
6.59335822553839e-01 5.11547312831162e-03 9.34655241827495e-05 
6.61046161911955e-01 4.85073100293023e-03 8.84706221449110e-05 
6.62756501270072e-01 4.59920289977779e-03 8.37330379393952e-05 
6.64466840628188e-01 4.36025995976332e-03 7.92401481249956e-05 
6.66177179986304e-01 4.13330133634616e-03 7.49799072469111e-05 
6.67887519344421e-01 3.91775306637045e-03 7.09408240560471e-05 
6.69597858702537e-01 3.71306697905934e-03 6.71119385314026e-05 
6.71308198060653e-01 3.51871964234608e-03 6.34827996902761e-05 
6.73018537418770e-01 3.33421134570441e-03 6.00434441704018e-05 
6.74728876776886e-01 3.15906511862889e-03 5.67843755676124e-05 
6.76439216135002e-01 2.99282578390681e-03 5.36965445121798e-05 
6.78149555493119e-01 2.83505904481748e-03 5.07713294666375e-05 
6.79859894851235e-01 2.68535060539068e-03 4.80005182276063e-05 
6.81570234209351e-01 2.54330532285477e-03 4.53762901139243e-05 
6.83280573567468e-01 2.40854639140557e-03 4.28911988232425e-05 
6.84990912925584e-01 2.28071455642976e-03 4.05381559391510e-05 
6.86701252283700e-01 2.15946735832092e-03 3.83104150708655e-05 
6.88411591641816e-01 2.04447840503221e-03 3.62015566075181e-05 
6.90121930999933e-01 1.93543667251737e-03 3.42054730691492e-05 
6.91832270358049e-01 1.83204583222033e-03 3.23163550366020e-05 
6.93542609716165e-01 1.73402360478380e-03 3.05286776426514e-05 
6.95252949074282e-01 1.64110113915842e-03 2.88371876068718e-05 
6.96963288432398e-01 1.55302241630582e-03 2.72368907969482e-05 
6.98673627790514e-01 1.46954367670223e-03 2.57230402993579e-05 
7.00383967148631e-01 1.39043287086264e-03 2.42913268894536e-05 
7.02094306506747e-01 1.31546970002445e-03 2.29375021908964e-05 
7.03804645864863e-01 1.24444407450999e-03 2.16572819320672e-05 
7.05514985222980e-01 1.17715587004762e-03 2.04467282421846e-05 
7.07225324581096e-01 1.11341470487412e-03 1.93021702749053e-05 
7.08935663939212e-01 1.05303949270287e-03 1.82201225643284e-05 
7.10646003297329e-01 9.95858014477744e-04 1.71972761983769e-05 
7.12356342655445e-01 9.41706508232832e-04 1.62304903768894e-05 
7.14066682013561e-01 8.90429276395904e-04 1.53167843400311e-05 
7.15777021371677e-01 8.41878309890830e-04 1.44533296530096e-05 
7.17487360729794e-01 7.95912928411751e-04 1.36374428334580e-05 
7.19197700087910e-01 7.52399436259275e-04 1.28665783082243e-05 
7.20908039446026e-01 7.11210793146352e-04 1.21383216866890e-05 
7.22618378804143e-01 6.72226299398802e-04 1.14503833381057e-05 
7.24328718162259e-01 6.35331294992597e-04 1.08005922608394e-05 
7.26039057520375e-01 6.00416871887001e-04 1.01868902317472e-05 
7.27749396878492e-01 5.67379599129442e-04 9.60732622431945e-06 
7.29459736236608e-01 5.36121260224546e-04 9.06005108456185e-06 
7.31170075594724e-01 5.06548602276083e-04 8.54331245396208e-06 
7.32880414952841e-01 4.78573096426632e-04 8.05544992923939e-06 
7.34590754310957e-01 4.52110709135543e-04 7.59489044892596e-06 
7.36301093669073e-01 4.27081683851245e-04 7.16014389717213e-06 
7.38011433027190e-01 4.03410332649149e-04 6.74979891550518e-06 
7.39721772385306e-01 3.81024837421224e-04 6.36251891360169e-06 
7.41432111743422e-01 3.59857060217890e-04 5.99703827045617e-06 
7.43142451101539e-01 3.39842362357039e-04 5.65215871764541e-06 
7.44852790459655e-01 3.20919431928906e-04 5.32674589669559e-06 
7.46563129817771e-01 3.03030119338978e-04 5.01972608286013e-06 
7.48273469175887e-01 2.86119280544364e-04 4.73008306790932e-06 
7.49983808534004e-01 2.70134627651830e-04 4.45685519481734e-06 
7.51694147892120e-01 2.55026586558221e-04 4.19913253751015e-06 
7.53404487250236e-01 2.40748161326103e-04 3.95605421910614e-06 
7.55114826608353e-01 2.27254804999255e-04 3.72680586234350e-06 
7.56825165966469e-01 2.14504296574085e-04 3.51061716614129e-06 
7.58535505324585e-01 2.02456623854130e-04 3.30675960248693e-06 
7.60245844682702e-01 1.91073871925576e-04 3.11454422808067e-06 
7.61956184040818e-01 1.80320117002140e-04 2.93331960539795e-06 
7.63666523398934e-01 1.70161325397769e-04 2.76246982805283e-06 
7.65376862757051e-01 1.60565257395341e-04 2.60141264556107e-06 
7.67087202115167e-01 1.51501375789048e-04 2.44959768280900e-06 
7.68797541473283e-01 1.42940758887202e-04 2.30650474973493e-06 
7.70507880831400e-01 1.34856017771088e-04 2.17164223692317e-06 
7.72218220189516e-01 1.27221217613946e-04 2.04454559299738e-06 
7.73928559547632e-01 1.20011802872418e-04 1.92477587987922e-06 
7.75638898905748e-01 1.13204526170676e-04 1.81191840215187e-06 
7.77349238263865e-01 1.06777380705144e-04 1.70558140693400e-06 
7.79059577621981e-01 1.00709536005021e-04 1.60539485083012e-06 
7.80769916980097e-01 9.49812768909529e-05 1.51100923067747e-06 
7.82480256338214e-01 8.95739454809950e-05 1.42209447495730e-06 
7.84190595696330e-01 8.44698860995937e-05 1.33833889288095e-06 
7.85900935054446e-01 7.96523929516220e-05 1.25944817829744e-06 
7.87611274412563e-01 7.51056604295844e-05 1.18514446570041e-06 
7.89321613770679e-01 7.08147359279462e-05 1.11516543573806e-06 
7.91031953128795e-01 6.67654750441507e-05 1.04926346775033e-06 
7.92742292486912e-01 6.29444990512788e-05 9.87204836972968e-07 
7.94452631845028e-01 5.93391545324785e-05 9.28768954159137e-07 
7.96162971203144e-01 5.59374750722576e-05 8.73747645475161e-07 
7.97873310561261e-01 5.27281449044968e-05 8.21944470628654e-07 
7.99583649919377e-01 4.97004644216116e-05 7.73174077284509e-07 
8.01293989277493e-01 4.68443174536704e-05 7.27261589917249e-07 
8.03004328635609e-01 4.41501402304762e-05 6.84042031337262e-07 
8.04714667993726e-01 4.16088919436446e-05 6.43359775213523e-07 
8.06425007351842e-01 3.92120268295620e-05 6.05068027996749e-07 
8.08135346709958e-01 3.69514676978022e-05 5.69028338724651e-07 
8.09845686068075e-01 3.48195808331081e-05 5.35110135265225e-07 
8.11556025426191e-01 3.28091522024329e-05 5.03190285624875e-07 
8.13266364784307e-01 3.09133649017630e-05 4.73152683015931e-07 
8.14976704142424e-01 2.91257777805461e-05 4.44887853442639e-07 
8.16687043500540e-01 2.74403051845017e-05 4.18292584626427e-07 
8.18397382858656e-01 2.58511977604233e-05 3.93269575150010e-07 
8.20107722216773e-01 2.43530242692828e-05 3.69727102755974e-07 
8.21818061574889e-01 2.29406543565323e-05 3.47578710788935e-07 
8.23528400933005e-01 2.16092422309655e-05 3.26742911821321e-07 
8.25238740291122e-01 2.03542112058571e-05 3.07142907551391e-07 
8.26949079649238e-01 1.91712390583484e-05 2.88706324108326e-07 
8.28659419007354e-01 1.80562441651958e-05 2.71364961943281e-07 
8.30369758365471e-01 1.70053723750484e-05 2.55054559527240e-07 
8.32080097723587e-01 1.60149845793749e-05 2.39714570116428e-07 
8.33790437081703e-01 1.50816449460276e-05 2.25287950884018e-07 
8.35500776439819e-01 1.42021097812090e-05 2.11720963753066e-07 
8.37211115797936e-01 1.33733169873027e-05 1.98962987299928e-07 
8.38921455156052e-01 1.25923760856482e-05 1.86966339130182e-07 
8.40631794514168e-01 1.18565587748797e-05 1.75686108160177e-07 
8.42342133872285e-01 1.11632899969169e-05 1.65079996266838e-07 
8.44052473230401e-01 1.05101394840970e-05 1.55108168796538e-07 
8.45762812588517e-01 9.89481376226694e-06 1.45733113450491e-07 
8.47473151946634e-01 9.31514858592656e-06 1.36919507089533e-07 
8.49183491304750e-01 8.76910178272014e-06 1.28634090025233e-07 
8.50893830662866e-01 8.25474648572455e-06 1.20845547387191e-07 
8.52604170020983e-01 7.77026473307727e-06 1.13524397178079e-07 
8.54314509379099e-01 7.31394141552932e-06 1.06642884648653e-07 
8.56024848737215e-01 6.88415855349946e-06 1.00174882644529e-07 
8.57735188095332e-01 6.47938988614886e-06 9.40957975951046e-08 
8.59445527453448e-01 6.09819575589261e-06 8.83824808326482e-08 
8.61155866811564e-01 5.73921827261733e-06 8.30131449463092e-08 
8.62866206169680e-01 5.40117674268472e-06 7.79672848916706e-08 
8.64576545527797e-01 5.08286334857245e-06 7.32256035915197e-08 
8.66286884885913e-01 4.78313906573591e-06 6.87699417777809e-08 
8.67997224244029e-01 4.50092980397112e-06 6.45832118380864e-08 
8.69707563602146e-01 4.23522276122057e-06 6.06493354432878e-08 
8.71417902960262e-01 3.98506297839238e-06 5.69531847443619e-08 
8.73128242318378e-01 3.74955008436045e-06 5.34805269386895e-08 
8.74838581676495e-01 3.52783522087998e-06 5.02179720165941e-08 
8.76548921034611e-01 3.31911813769180e-06 4.71529235093685e-08 
8.78259260392727e-01 3.12264444859974e-06 4.42735320698087e-08 
8.79969599750844e-01 2.93770303979112e-06 4.15686517255507e-08 
8.81679939108960e-01 2.76362362213081e-06 3.90277986542861e-08 
8.83390278467076e-01 2.59977441959693e-06 3.66411123382476e-08 
8.85100617825193e-01 2.44555998644086e-06 3.43993189632258e-08 
8.86810957183309e-01 2.30041914604841e-06 3.22936969348281e-08 
8.88521296541425e-01 2.16382304485194e-06 3.03160443917440e-08 
8.90231635899541e-01 2.03527331499800e-06 2.84586486024513e-08 
8.91941975257658e-01 1.91430033981087e-06 2.67142571381080e-08 
8.93652314615774e-01 1.80046161641097e-06 2.50760507203502e-08 
8.95362653973890e-01 1.69334021014947e-06 2.35376176483647e-08 
8.97072993332007e-01 1.59254329580662e-06 2.20929297149448e-08 
8.98783332690123e-01 1.49770078077327e-06 2.07363195262919e-08 
9.00493672048239e-01 1.40846400569190e-06 1.94624591451049e-08 
9.02204011406356e-01 1.32450451827796e-06 1.82663399810132e-08 
9.03914350764472e-01 1.24551291627307e-06 1.71432538566783e-08 
9.05624690122588e-01 1.17119775570096e-06 1.60887751819293e-08 
9.07335029480705e-01 1.10128452080430e-06 1.50987441721074e-08 
9.09045368838821e-01 1.03551465223729e-06 1.41692510504017e-08 
9.10755708196937e-01 9.73644630275067e-07 1.32966211773639e-08 
9.12466047555054e-01 9.15445109977160e-07 1.24774010540093e-08 
9.14176386913170e-01 8.60700105409507e-07 1.17083451479475e-08 
9.15886726271286e-01 8.09206220187381e-07 1.09864034948640e-08 
9.17597065629403e-01 7.60771921751438e-07 1.03087100303809e-08 
9.19307404987519e-01 7.15216856930802e-07 9.67257160988938e-09 
9.21017744345635e-01 6.72371206481215e-07 9.07545767636505e-09 
9.22728083703751e-01 6.32075076413300e-07 8.51499053846148e-09 
9.24438423061868e-01 5.94177924046125e-07 7.98893622333260e-09 
9.26148762419984e-01 5.58538016834997e-07 7.49519587067187e-09 
9.27859101778100e-01 5.25021922129987e-07 7.03179763637653e-09 
9.29569441136217e-01 4.93504026123517e-07 6.59688907605965e-09 
9.31279780494333e-01 4.63866080341631e-07 6.18872998034396e-09 
9.32990119852449e-01 4.35996774124675e-07 5.80568563548723e-09 
9.34700459210566e-01 4.09791331629292e-07 5.44622048441240e-09 
9.36410798568682e-01 3.85151131965103e-07 5.10889216465457e-09 
9.38121137926798e-01 3.61983351156559e-07 4.79234590109296e-09 
9.39831477284915e-01 3.40200624693275e-07 4.49530923261618e-09 
9.41541816643031e-01 3.19720729501096e-07 4.21658705307622e-09 
9.43252156001147e-01 3.00466284231272e-07 3.95505694802499e-09 
9.44962495359264e-01 2.82364466826704e-07 3.70966480980152e-09 
9.46672834717380e-01 2.65346748382445e-07 3.47942071454976e-09 
9.48383174075496e-01 2.49348642372649e-07 3.26339504570277e-09 
9.50093513433612e-01 2.34309468368168e-07 3.06071484936833e-09 
9.51803852791729e-01 2.20172129418136e-07 2.87056040790058e-09 
9.53514192149845e-01 2.06882902315333e-07 2.69216201874193e-09 
9.55224531507961e-01 1.94391240008963e-07 2.52479696637390e-09 
9.56934870866078e-01 1.82649585469986e-07 2.36778667592653e-09 
9.58645210224194e-01 1.71613196353255e-07 2.22049403766593e-09 
9.60355549582310e-01 1.61239979837746e-07 2.08232089221118e-09 
9.62065888940427e-01 1.51490337061102e-07 1.95270566692638e-09 
9.63776228298543e-01 1.42327016597700e-07 1.83112115449502e-09 
9.65486567656659e-01 1.33714976460665e-07 1.71707242521168e-09 
9.67196907014776e-01 1.25621254137645e-07 1.61009486502391e-09 
9.68907246372892e-01 1.18014844197998e-07 1.50975233182618e-09 
9.70617585731008e-01 1.10866583035273e-07 1.41563542294931e-09 
9.72327925089125e-01 1.04149040333652e-07 1.32735984720512e-09 
9.74038264447241e-01 9.78364168704184e-08 1.24456489523769e-09 
9.75748603805357e-01 9.19044482886071e-08 1.16691200230191e-09 
9.77458943163473e-01 8.63303144948386e-08 1.09408339793750e-09 
9.79169282521590e-01 8.10925543570222e-08 1.02578083733397e-09 
9.80879621879706e-01 7.61709853951872e-08 9.61724409490446e-10 
9.82589961237822e-01 7.15466281762326e-08 9.01651417564172e-10 
9.84300300595939e-01 6.72016351399275e-08 8.45315327075104e-10 
9.86010639954055e-01 6.31192235991095e-08 7.92484777890910e-10 
9.87720979312171e-01 5.92836126717569e-08 7.42942656159169e-10 
9.89431318670288e-01 5.56799639165082e-08 6.96485222581357e-10 
9.91141658028404e-01 5.22943254563205e-08 6.52921293637803e-10 
9.92851997386520e-01 4.91135793873225e-08 6.12071472574826e-10 
9.94562336744637e-01 4.61253922815956e-08 5.73767427155315e-10 
9.96272676102753e-01 4.33181686036180e-08 5.37851211352937e-10 
9.97983015460869e-01 4.06810068704958e-08 5.04174628338448e-10 
9.99693354818986e-01 3.82036583958944e-08 4.72626995299561e-10 
1.00140369417710e+00 3.58765185496639e-08 4.43128635318315e-10 
1.00311403353522e+00 3.36905835888594e-08 4.15517143718479e-10 
1.00482437289333e+00 3.16373225454280e-08 3.89620303401223e-10 
1.00653471225145e+00 2.97087173722667e-08 3.65332039603967e-10 
1.00824505160957e+00 2.78972322704958e-08 3.42552811810826e-10 
1.00995539096768e+00 2.61957848398140e-08 3.21189213172301e-10 
1.01166573032580e+00 2.45977189443244e-08 3.01153594348954e-10 
1.01337606968392e+00 2.30967791925219e-08 2.82363710299123e-10 
1.01508640904203e+00 2.16870869360687e-08 2.64742388619773e-10 
1.01679674840015e+00 2.03631176975761e-08 2.48217218133262e-10 
1.01850708775827e+00 1.91196799428793e-08 2.32720256491623e-10 
1.02021742711638e+00 1.79518951182494e-08 2.18187755643883e-10 
1.02192776647450e+00 1.68551788776610e-08 2.04559904081613e-10 
1.02363810583261e+00 1.58252234296330e-08 1.91780584843306e-10 
1.02534844519073e+00 1.48579809373035e-08 1.79797148319714e-10 
1.02705878454885e+00 1.39496479093016e-08 1.68560198960092e-10 
1.02876912390696e+00 1.30966505226542e-08 1.58023395033698e-10 
1.03047946326508e+00 1.22956308224252e-08 1.48143260651985e-10 
1.03218980262320e+00 1.15434337460416e-08 1.38879009304964e-10 
1.03390014198131e+00 1.08370949233314e-08 1.30192378210404e-10 
1.03561048133943e+00 1.01738292061830e-08 1.22047472816959e-10 
1.03732082069754e+00 9.55101988445698e-09 1.14410620842210e-10 
1.03903116005566e+00 8.96620854734130e-09 1.07250235264145e-10 
1.04074149941378e+00 8.41708555175104e-09 1.00536685719792e-10 
1.04245183877189e+00 7.90148106164147e-09 9.42421777978917e-11 
1.04416217813001e+00 7.41735662424116e-09 8.83406397435964e-11 
1.04587251748813e+00 6.96279725122095e-09 8.28076161224440e-11 
1.04758285684624e+00 6.53600397470797e-09 7.76201680183507e-11 
1.04929319620436e+00 6.13528684983505e-09 7.27567793661944e-11 
1.05100353556247e+00 5.75905837719273e-09 6.81972690438340e-11 
1.05271387492059e+00 5.40582732012923e-09 6.39227083712210e-11 
1.05442421427871e+00 5.07419289332920e-09 5.99153436856923e-11 
1.05613455363682e+00 4.76283930049999e-09 5.61585236826672e-11 
1.05784489299494e+00 4.47053060030962e-09 5.26366312298889e-11 
1.05955523235306e+00 4.19610588095921e-09 4.93350193811294e-11 
1.06126557171117e+00 3.93847472493715e-09 4.62399513319747e-11 
1.06297591106929e+00 3.69661294659934e-09 4.33385440759930e-11 
1.06468625042741e+00 3.46955858625111e-09 4.06187155343286e-11 
1.06639658978552e+00 3.25640814537745e-09 3.80691349456103e-11 
1.06810692914364e+00 3.05631304858173e-09 3.56791763160641e-11 
1.06981726850175e+00 2.86847631865237e-09 3.34388747419423e-11 
1.07152760785987e+00 2.69214945198588e-09 3.13388854278506e-11 
1.07323794721799e+00 2.52662948235534e-09 2.93704452353384e-11 
1.07494828657610e+00 2.37125622172934e-09 2.75253366062396e-11 
1.07665862593422e+00 2.22540966751981e-09 2.57958537147587e-11 
1.07836896529234e+00 2.08850756627069e-09 2.41747707112301e-11 
1.08007930465045e+00 1.96000312439554e-09 2.26553119288670e-11 
1.08178964400857e+00 1.83938285713263e-09 2.12311239326873e-11 
1.08349998336668e+00 1.72616456741380e-09 1.98962492972119e-11 
1.08521032272480e+00 1.61989544683905e-09 1.86451020064708e-11 
1.08692066208292e+00 1.52015029141606e-09 1.74724443763776e-11 
1.08863100144103e+00 1.42652982516215e-09 1.63733654056632e-11 
1.09034134079915e+00 1.33865912507958e-09 1.53432604673094e-11 
1.09205168015727e+00 1.25618614140316e-09 1.43778122578253e-11 
1.09376201951538e+00 1.17878030738431e-09 1.34729729267841e-11 
1.09547235887350e+00 1.10613123321935e-09 1.26249473138005e-11 
1.09718269823162e+00 1.03794747905279e-09 1.18301772245974e-11 
1.09889303758973e+00 9.73955402290184e-10 1.10853266820150e-11 
1.10060337694785e+00 9.13898074740697e-10 1.03872680917539e-11 
1.10231371630596e+00 8.57534265378523e-10 9.73306926634645e-12 
1.10402405566408e+00 8.04637484764559e-10 9.11998125432405e-12 
1.10573439502220e+00 7.54995087407633e-10 8.54542692481370e-12 
1.10744473438031e+00 7.08407428567796e-10 8.00699026085586e-12 
1.10915507373843e+00 6.64687072214355e-10 7.50240631761294e-12 
1.11086541309655e+00 6.23658047048795e-10 7.02955180433649e-12 
1.11257575245466e+00 5.85155147688473e-10 6.58643625149444e-12 
1.11428609181278e+00 5.49023278281581e-10 6.17119372683808e-12 
1.11599643117089e+00 5.15116835988041e-10 5.78207506642099e-12 
1.11770677052901e+00 4.83299131915369e-10 5.41744058867785e-12 
1.11941710988713e+00 4.53441847243626e-10 5.07575326163770e-12 
1.12112744924524e+00 4.25424522410038e-10 4.75557229519249e-12 
1.12283778860336e+00 3.99134077352103e-10 4.45554713207481e-12 
1.12454812796148e+00 3.74464360928579e-10 4.17441181282481e-12 
1.12625846731959e+00 3.51315727751100e-10 3.91097969155296e-12 
1.12796880667771e+00 3.29594640765703e-10 3.66413848073757e-12 
1.12967914603583e+00 3.09213298023723e-10 3.43284560464122e-12 
1.13138948539394e+00 2.90089282175657e-10 3.21612384219134e-12 
1.13309982475206e+00 2.72145231310085e-10 3.01305724135471e-12 
1.13481016411017e+00 2.55308529842940e-10 2.82278728814686e-12 
1.13652050346829e+00 2.39511018240578e-10 2.64450931446052e-12 
1.13823084282641e+00 2.24688720433622e-10 2.47746912987530e-12 
1.13994118218452e+00 2.10781587847593e-10 2.32095986352972e-12 
1.14165152154264e+00 1.97733259041277e-10 2.17431900299816e-12 
1.14336186090076e+00 1.85490834004782e-10 2.03692561792396e-12 
1.14507220025887e+00 1.74004662226585e-10 1.90819775691864e-12 
1.14678253961699e+00 1.63228143692757e-10 1.78759000694933e-12 
1.14849287897510e+00 1.53117542032183e-10 1.67459120510426e-12 
1.15020321833322e+00 1.43631809069229e-10 1.56872229325305e-12 
1.15191355769134e+00 1.34732420089972e-10 1.46953430670672e-12 
1.15362389704945e+00 1.26383219170206e-10 1.37660648853390e-12 
1.15533423640757e+00 1.18550273952870e-10 1.28954452170769e-12 
1.15704457576569e+00 1.11201739299713e-10 1.20797887174279e-12 
1.15875491512380e+00 1.04307729276840e-10 1.13156323293884e-12 
1.16046525448192e+00 9.78401969665771e-11 1.05997307177282e-12 
1.16217559384004e+00 9.17728216288794e-11 9.92904261384609e-13 
1.16388593319815e+00 8.60809027644381e-11 9.30071801476209e-13 
1.16559627255627e+00 8.07412606588145e-11 8.71208618297704e-13 
1.16730661191438e+00 7.57321430124859e-11 8.16064439724456e-13 
1.16901695127250e+00 7.10331372856731e-11 7.64404740740360e-13 
1.17072729063062e+00 6.66250884093705e-11 7.16009754933593e-13 
1.17243762998873e+00 6.24900215351766e-11 6.70673547884332e-13 
1.17414796934685e+00 5.86110695164272e-11 6.28203148580454e-13 
1.17585830870497e+00 5.49724048318264e-11 5.88417735237616e-13 
1.17756864806308e+00 5.15591756803336e-11 5.51147872125710e-13 
1.17927898742120e+00 4.83574459925668e-11 5.16234794215240e-13 
1.18098932677932e+00 4.53541391194801e-11 4.83529736655557e-13 
1.18269966613743e+00 4.25369849736365e-11 4.52893306283135e-13 
1.18441000549555e+00 3.98944704120732e-11 4.24194892532514e-13 
1.18612034485366e+00 3.74157926626078e-11 3.97312115286345e-13 
1.18783068421178e+00 3.50908156075011e-11 3.72130307354517e-13 
1.18954102356990e+00 3.29100287497312e-11 3.48542029416360e-13 
1.19125136292801e+00 3.08645086977825e-11 3.26446615395008e-13 
1.19296170228613e+00 2.89458830148553e-11 3.05749746359680e-13 
1.19467204164425e+00 2.71462962877978e-11 2.86363051170439e-13 
1.19638238100236e+00 2.54583782798880e-11 2.68203732191393e-13 
1.19809272036048e+00 2.38752140398790e-11 2.51194214502823e-13 
1.19980305971859e+00 2.23903158475093e-11 2.35253005407595e-13 
1.20151339907671e+00 2.09975905451307e-11 2.20300548362583e-13 
1.20322373843483e+00 1.96913193073214e-11 2.06284742402511e-13 
1.20493407779294e+00 1.84661474498297e-11 1.93159276872342e-13 
1.20664441715106e+00 1.73170511248544e-11 1.80867689866130e-13 
1.20835475650918e+00 1.62393169359287e-11 1.69357093295951e-13 
1.21006509586729e+00 1.52285228050992e-11 1.58577947160850e-13 
1.21177543522541e+00 1.42805200157285e-11 1.48483848039827e-13 
1.21348577458352e+00 1.33914163589214e-11 1.39031330914956e-13 
1.21519611394164e+00 1.25575603159717e-11 1.30179683486690e-13 
1.21690645329976e+00 1.17755262133518e-11 1.21890772195968e-13 
1.21861679265787e+00 1.10421002906401e-11 1.14128879216956e-13 
1.22032713201599e+00 1.03542676254257e-11 1.06860549730411e-13 
1.22203747137411e+00 9.70919986264231e-12 1.00054448830938e-13 
1.22374781073222e+00 9.10424369899889e-12 9.36812274619694e-14 
1.22545815009034e+00 8.53691007618576e-12 8.77133968103282e-14 
1.22716848944846e+00 8.00486403936871e-12 8.21252106279118e-14 
1.22887882880657e+00 7.50591522014119e-12 7.68925549814183e-14 
1.23058916816469e+00 7.03800890560267e-12 7.19928449624007e-14 
1.23229950752280e+00 6.59921765757574e-12 6.74049279192935e-14 
1.23400984688092e+00 6.18773344817678e-12 6.31089928005835e-14 
1.23572018623904e+00 5.80186028002267e-12 5.90864852241160e-14 
1.23743052559715e+00 5.44000726129803e-12 5.53200279117097e-14 
1.23914086495527e+00 5.10068210773046e-12 5.17933461509335e-14 
1.24085120431339e+00 4.78248504523359e-12 4.84911979671561e-14 
1.24256154367150e+00 4.48410308858515e-12 4.53993087088996e-14 
1.24427188302962e+00 4.20430467301694e-12 4.25043097682044e-14 
1.24598222238773e+00 3.94193461701063e-12 3.97936811752139e-14 
1.24769256174585e+00 3.69590939592430e-12 3.72556978225972e-14 
1.24940290110397e+00 3.46521270732394e-12 3.48793790908004e-14 
1.25111324046208e+00 3.24889131006735e-12 3.26544416595325e-14 
1.25282357982020e+00 3.04605112028906e-12 3.05712553043979e-14 
1.25453391917832e+00 2.85585354846927e-12 2.86208014902463e-14 
1.25624425853643e+00 2.67751206274043e-12 2.67946345846776e-14 
1.25795459789455e+00 2.51028896449654e-12 2.50848455262581e-14 
1.25966493725267e+00 2.35349236322602e-12 2.34840277924260e-14 
1.26137527661078e+00 2.20647333829225e-12 2.19852455218302e-14 
1.26308561596890e+00 2.06862327614016e-12 2.05820036550011e-14 
1.26479595532701e+00 1.93937137211489e-12 1.92682199658280e-14 
1.26650629468513e+00 1.81818228674366e-12 1.80381988643573e-14 
1.26821663404325e+00 1.70455394695537e-12 1.68866068589605e-14 
1.26992697340136e+00 1.59801548329848e-12 1.58084495729762e-14 
1.27163731275948e+00 1.49812529476742e-12 1.47990502175506e-14 
1.27334765211760e+00 1.40446923336366e-12 1.38540294285972e-14 
1.27505799147571e+00 1.31665890100235e-12 1.29692863816071e-14 
1.27676833083383e+00 1.23433005182982e-12 1.21409811034850e-14 
1.27847867019194e+00 1.15714109344435e-12 1.13655179056851e-14 
1.28018900955006e+00 1.08477168091295e-12 1.06395298677039e-14 
1.28189934890818e+00 1.01692139785330e-12 9.95986430446435e-15 
1.28360968826629e+00 9.53308519202683e-13 9.32356915532105e-15 
1.28532002762441e+00 8.93668850627088e-13 8.72788023635270e-15 
1.28703036698253e+00 8.37754639834777e-13 8.17020930128836e-15 
1.28874070634064e+00 7.85333555350244e-13 7.64813285986959e-15 
1.29045104569876e+00 7.36187728578537e-13 7.15938170568366e-15 
1.29216138505688e+00 6.90112855246970e-13 6.70183110853542e-15 
1.29387172441499e+00 6.46917352552509e-13 6.27349162926456e-15 
1.29558206377311e+00 6.06421568569596e-13 5.87250051757576e-15 
1.29729240313122e+00 5.68457040685678e-13 5.49711365594261e-15 
1.29900274248934e+00 5.32865800031158e-13 5.14569801498173e-15 
1.30071308184746e+00 4.99499719057679e-13 4.81712163878777e-15 
1.30242342120557e+00 4.68220138076814e-13 4.50990903863420e-15 
1.30413376056369e+00 4.38896787279250e-13 4.22230104153606e-15 
1.30584409992181e+00 4.11407496002783e-13 3.95301659824629e-15 
1.30755443927992e+00 3.85637711772412e-13 3.70088955843647e-15 
1.30926477863804e+00 3.61480026038217e-13 3.46482790137905e-15 
1.31097511799615e+00 3.38833729384960e-13 3.24380902972537e-15 
1.31268545735427e+00 3.17604394385533e-13 3.03687536164500e-15 
1.31439579671239e+00 2.97703484383534e-13 2.84313020244035e-15 
1.31610613607050e+00 2.79047986596344e-13 2.66173387794390e-15 
1.31781647542862e+00 2.61560068029716e-13 2.49190011312370e-15 
1.31952681478674e+00 2.45166752788284e-13 2.33289264037025e-15 
1.32123715414485e+00 2.29799619454066e-13 2.18402202291941e-15 
1.32294749350297e+00 2.15394517287312e-13 2.04464267978567e-15 
1.32465783286109e+00 2.01891300081158e-13 1.91415009944188e-15 
1.32636817221920e+00 1.89233576573994e-13 1.79197823028815e-15 
1.32807851157732e+00 1.77368476391331e-13 1.67759703670947e-15 
1.32978885093543e+00 1.66246430552715e-13 1.57051021022977e-15 
1.33149919029355e+00 1.55820965638956e-13 1.47025302593400e-15 
1.33320952965167e+00 1.46048510771097e-13 1.37639033495156e-15 
1.33491986900978e+00 1.36888216605084e-13 1.28851468437705e-15 
1.33663020836790e+00 1.28301785595532e-13 1.20624455655015e-15 
1.33834054772602e+00 1.20253312828212e-13 1.12922272012746e-15 
1.34005088708413e+00 1.12709136764394e-13 1.05711468585850e-15 
1.34176122644225e+00 1.05637699280875e-13 9.89607260426386e-16 
1.34347156580036e+00 9.90094144277761e-14 9.26407192134296e-16 
1.34518190515848e+00 9.27965453620634e-14 8.67239902612685e-16 
1.34689224451660e+00 8.69730889483492e-14 8.11848299090816e-16 
1.34860258387471e+00 8.15146675501336e-14 7.59991662122039e-16 
1.35031292323283e+00 7.63984275642136e-14 7.11444603975808e-16 
1.35202326259095e+00 7.16029442787739e-14 6.65996093212702e-16 
1.35373360194906e+00 6.71081326617147e-14 6.23448541242848e-16 
1.35544394130718e+00 6.28951637102058e-14 5.83616946934152e-16 
1.35715428066530e+00 5.89463860153802e-14 5.46328095586066e-16 
1.35886462002341e+00 5.52452522175719e-14 5.11419808818144e-16 
1.36057495938153e+00 5.17762500476758e-14 4.78740242141276e-16 
1.36228529873964e+00 4.85248376691182e-14 4.48147227184439e-16 
1.36399563809776e+00 4.54773830526710e-14 4.19507655741710e-16 
1.36570597745588e+00 4.26211071329850e-14 3.92696902984001e-16 
1.36741631681399e+00 3.99440305113267e-14 3.67598287348439e-16 
1.36912665617211e+00 3.74349234836441e-14 3.44102564775961e-16 
1.37083699553023e+00 3.50832591868212e-14 3.22107455115496e-16 
1.37254733488834e+00 3.28791696688614e-14 3.01517198651427e-16 
1.37425767424646e+00 3.08134047008191e-14 2.82242140840701e-16 
1.37596801360457e+00 2.88772931596330e-14 2.64198343467314e-16 
1.37767835296269e+00 2.70627068216413e-14 2.47307220535650e-16 
1.37938869232081e+00 2.53620264165261e-14 2.31495197330637e-16 
1.38109903167892e+00 2.37681098007841e-14 2.16693391172460e-16 
1.38280937103704e+00 2.22742621185900e-14 2.02837312487002e-16 
1.38451971039516e+00 2.08742078261404e-14 1.89866584900730e-16 
1.38623004975327e+00 1.95620644632804e-14 1.77724683150667e-16 
1.38794038911139e+00 1.83323180634485e-14 1.66358687676912e-16 
1.38965072846951e+00 1.71798000997596e-14 1.55719054837046e-16 
1.39136106782762e+00 1.60996658714066e-14 1.45759401749138e-16 
1.39307140718574e+00 1.50873742405317e-14 1.36436304833112e-16 
1.39478174654385e+00 1.41386686353104e-14 1.27709111179354e-16 
1.39649208590197e+00 1.32495592402425e-14 1.19539761928719e-16 
1.39820242526009e+00 1.24163062995654e-14 1.11892626899977e-16 
1.39991276461820e+00 1.16354044643188e-14 1.04734349749211e-16 
1.40162310397632e+00 1.09035681179221e-14 9.80337029912009e-17 
1.40333344333444e+00 1.02177176191820e-14 9.17614522553253e-17 
1.40504378269255e+00 9.57496640545698e-15 8.58902291884547e-17 
1.40675412205067e+00 8.97260890227302e-15 8.03944124545959e-17 
1.40846446140878e+00 8.40810918903563e-15 7.52500163160434e-17 
1.41017480076690e+00 7.87909037362000e-15 7.04345863135349e-17 
1.41188514012502e+00 7.38332463156715e-15 6.59271015935870e-17 
1.41359547948313e+00 6.91872386837378e-15 6.17078834598992e-17 
1.41530581884125e+00 6.48333096595282e-15 5.77585097526253e-17 
1.41701615819937e+00 6.07531157676940e-15 5.40617346844994e-17 
1.41872649755748e+00 5.69294643143353e-15 5.06014137863939e-17 
1.42043683691560e+00 5.33462412766547e-15 4.73624336369864e-17 
1.42214717627372e+00 4.99883437055183e-15 4.43306460718961e-17 
1.42385751563183e+00 4.68416163588735e-15 4.14928065870342e-17 
1.42556785498995e+00 4.38927923015753e-15 3.88365166690525e-17 
1.42727819434806e+00 4.11294372236796e-15 3.63501698027694e-17 
1.42898853370618e+00 3.85398972447361e-15 3.40229009213668e-17 
1.43069887306430e+00 3.61132499861264e-15 3.18445390800484e-17 
1.43240921242241e+00 3.38392587071023e-15 2.98055631478128e-17 
1.43411955178053e+00 3.17083293129354e-15 2.78970603250525e-17 
1.43582989113865e+00 2.97114700555543e-15 2.61106873069365e-17 
1.43754023049676e+00 2.78402537582658e-15 2.44386339239875e-17 
1.43925056985488e+00 2.60867824066700e-15 2.28735891019976e-17 
1.44096090921299e+00 2.44436539577471e-15 2.14087089934761e-17 
1.44267124857111e+00 2.29039312283364e-15 2.00375871422306e-17 
1.44438158792923e+00 2.14611127329018e-15 1.87542265514949e-17 
1.44609192728734e+00 2.01091053486055e-15 1.75530135342690e-17 
1.44780226664546e+00 1.88421986933348e-15 1.64286932322611e-17 
1.44951260600358e+00 1.76550411094746e-15 1.53763466970572e-17 
1.45122294536169e+00 1.65426171529164e-15 1.43913694339192e-17 
1.45293328471981e+00 1.55002264930802e-15 1.34694513149538e-17 
1.45464362407793e+00 1.45234641356137e-15 1.26065577743374e-17 
1.45635396343604e+00 1.36082018849575e-15 1.17989122038421e-17 
1.45806430279416e+00 1.27505709691417e-15 1.10429794721162e-17 
1.45977464215227e+00 1.19469457540353e-15 1.03354504960511e-17 
1.46148498151039e+00 1.11939284788200e-15 9.67322779713181e-18 
1.46319532086851e+00 1.04883349487275e-15 9.05341197994154e-18 
1.46490566022662e+00 9.82718112508182e-16 8.47328907400017e-18 
1.46661599958474e+00 9.20767055643589e-16 7.93031868385935e-18 
1.46832633894286e+00 8.62718259811101e-16 7.42212289589028e-18 
1.47003667830097e+00 8.08326137074336e-16 6.94647589348567e-18 
1.47174701765909e+00 7.57360541153261e-16 6.50129423547555e-18 
1.47345735701720e+00 7.09605797478564e-16 6.08462775543709e-18 
1.47516769637532e+00 6.64859794106486e-16 5.69465104227673e-18 
1.47687803573344e+00 6.22933129679762e-16 5.32965546498941e-18 
1.47858837509155e+00 5.83648314859052e-16 4.98804170686457e-18 
1.48029871444967e+00 5.46839023873119e-16 4.66831277662297e-18 
1.48200905380779e+00 5.12349393045831e-16 4.36906746604206e-18 
1.48371939316590e+00 4.80033363354793e-16 4.08899422556902e-18 
1.48542973252402e+00 4.49754064260838e-16 3.82686543123839e-18 
1.48714007188214e+00 4.21383236220506e-16 3.58153201791247e-18 
1.48885041124025e+00 3.94800689455698e-16 3.35191845545706e-18 
1.49056075059837e+00 3.69893796706648e-16 3.13701804595625e-18 
1.49227108995648e+00 3.46557017836779e-16 2.93588852146702e-18 
1.49398142931460e+00 3.24691454291549e-16 2.74764792312242e-18 
1.49569176867272e+00 3.04204431538541e-16 2.57147074361623e-18 
1.49740210803083e+00 2.85009107733407e-16 2.40658431624854e-18 
1.49911244738895e+00 2.67024106966268e-16 2.25226543478505e-18 
1.50082278674707e+00 2.50173175546283e-16 2.10816443252873e-18 
1.50253312610518e+00 2.34385006490607e-16 1.97358997537695e-18 
1.50424346546330e+00 2.19592618207396e-16 1.84760751895104e-18 
1.50595380482141e+00 2.05733245021769e-16 1.72966326355861e-18 
1.50766414417953e+00 1.92748074849280e-16 1.61924459558977e-18 
1.50937448353765e+00 1.80582000335670e-16 1.51587157448733e-18 
1.51108482289576e+00 1.69183385649560e-16 1.41909485141013e-18 
1.51279516225388e+00 1.58503847944314e-16 1.32849372040098e-18 
1.51450550161200e+00 1.48498052567075e-16 1.24367429362931e-18 
1.51621584097011e+00 1.39123521150886e-16 1.16426779281406e-18 
1.51792618032823e+00 1.30340451780070e-16 1.08992894943452e-18 
1.51963651968635e+00 1.22111550469913e-16 1.02033450680698e-18 
1.52134685904446e+00 1.14401873249360e-16 9.55181817544817e-19 
1.52305719840258e+00 1.07178678180105e-16 8.94187530332280e-19 
1.52476753776069e+00 1.00411286687362e-16 8.37086360328049e-19 
1.52647787711881e+00 9.40709536168030e-17 7.83629937876063e-19 
1.52818821647693e+00 8.81307454689807e-17 7.33585730539765e-19 
1.52989855583504e+00 8.25654262970011e-17 6.86736033792808e-19 
1.53160889519316e+00 7.73513507855225e-17 6.42877025996152e-19 
1.53331923455128e+00 7.24663640594517e-17 6.01817883569448e-19 
1.53502957390939e+00 6.78897077990786e-17 5.63379952524916e-19 
1.53673991326751e+00 6.36019322649946e-17 5.27395972775673e-19 
1.53845025262562e+00 5.95848138610669e-17 4.93709351858767e-19 
1.54016059198374e+00 5.58212778871039e-17 4.62173484926885e-19 
1.54187093134186e+00 5.22953261547456e-17 4.32651118062887e-19 
1.54358127069997e+00 4.89919691606297e-17 4.05013752158759e-19 
1.54529161005809e+00 4.58971625301214e-17 3.79141084776091e-19 
1.54700194941621e+00 4.29977474629150e-17 3.54920487569541e-19 
1.54871228877432e+00 4.02813949287090e-17 3.32246517008652e-19 
1.55042262813244e+00 3.77365533769888e-17 3.11020456277521e-19 
1.55213296749056e+00 3.53523997397847e-17 2.91149886366757e-19 
1.55384330684867e+00 3.31187935201798e-17 2.72548284498552e-19 
1.55555364620679e+00 3.10262337723719e-17 2.55134648144000e-19 
1.55726398556490e+00 2.90658187913062e-17 2.38833143002627e-19 
1.55897432492302e+00 2.72292083413392e-17 2.23572773417844e-19 
1.56068466428114e+00 2.55085882641224e-17 2.09287073799199e-19 
1.56239500363925e+00 2.38966373159416e-17 1.95913819713267e-19 
1.56410534299737e+00 2.23864960941721e-17 1.83394757390220e-19 
1.56581568235549e+00 2.09717379213349e-17 1.71675350472891e-19 
1.56752602171360e+00 1.96463415635125e-17 1.60704542909829e-19 
1.56923636107172e+00 1.84046656676369e-17 1.50434536963785e-19 
1.57094670042983e+00 1.72414248094271e-17 1.40820585372578e-19 
1.57265703978795e+00 1.61516670505618e-17 1.31820796760590e-19 
1.57436737914607e+00 1.51307529100552e-17 1.23395953456574e-19 
1.57607771850418e+00 1.41743356607826e-17 1.15509340927234e-19 
1.57778805786230e+00 1.32783428677058e-17 1.08126588086349e-19 
1.57949839722042e+00 1.24389590896008e-17 1.01215517786413e-19 
1.58120873657853e+00 1.16526096710102e-17 9.47460068438337e-20 
1.58291907593665e+00 1.09159455557550e-17 8.86898549901144e-20 
1.58462941529477e+00 1.02258290576628e-17 8.30206621801362e-20 
1.58633975465288e+00 9.57932052821737e-18 7.77137137248709e-20 
1.58805009401100e+00 8.97366586463242e-18 7.27458727498105e-20 
1.58976043336911e+00 8.40628480540552e-18 6.80954795121609e-20 
1.59147077272723e+00 7.87475996374445e-18 6.37422571395899e-20 
1.59318111208535e+00 7.37682655237852e-18 5.96672233811776e-20 
1.59489145144346e+00 6.91036275619547e-18 5.58526079873031e-20 
1.59660179080158e+00 6.47338071188679e-18 5.22817753596097e-20 
1.59831213015970e+00 6.06401805635404e-18 4.89391521350622e-20 
1.60002246951781e+00 5.68053000803736e-18 4.58101593895170e-20 
1.60173280887593e+00 5.32128194758400e-18 4.28811491662734e-20 
1.60344314823404e+00 4.98474246638921e-18 4.01393450538392e-20 
1.60515348759216e+00 4.66947685352396e-18 3.75727865547195e-20 
1.60686382695028e+00 4.37414099342053e-18 3.51702770034924e-20 
1.60857416630839e+00 4.09747564842724e-18 3.29213348078390e-20 
1.61028450566651e+00 3.83830110197436e-18 3.08161478006231e-20 
1.61199484502463e+00 3.59551213962082e-18 2.88455305046190e-20 
1.61370518438274e+00 3.36807334668351e-18 2.70008841241356e-20 
1.61541552374086e+00 3.15501470249233e-18 2.52741590896194e-20 
1.61712586309898e+00 2.95542745257157e-18 2.36578199924111e-20 
1.61883620245709e+00 2.76846024122601e-18 2.21448127572064e-20 
1.62054654181521e+00 2.59331548811430e-18 2.07285339094902e-20 
1.62225688117332e+00 2.42924599342641e-18 1.94028018043134e-20 
1.62396722053144e+00 2.27555175725113e-18 1.81618296913020e-20 
1.62567755988956e+00 2.13157699962812e-18 1.70002004987619e-20 
1.62738789924767e+00 1.99670736862968e-18 1.59128432272139e-20 
1.62909823860579e+00 1.87036732461522e-18 1.48950108496839e-20 
1.63080857796391e+00 1.75201768954842e-18 1.39422596226216e-20 
1.63251891732202e+00 1.64115335096727e-18 1.30504297174487e-20 
1.63422925668014e+00 1.53730111085342e-18 1.22156270884790e-20 
1.63593959603825e+00 1.44001767026180e-18 1.14342064983243e-20 
1.63764993539637e+00 1.34888774114765e-18 1.07027556269297e-20 
1.63936027475449e+00 1.26352227736794e-18 1.00180801950962e-20 
1.64107061411260e+00 1.18355681733955e-18 9.37719003775204e-21 
1.64278095347072e+00 1.10864993131097e-18 8.77728606637005e-21 
1.64449129282884e+00 1.03848176664792e-18 8.21574806378688e-21 
1.64620163218695e+00 9.72752684949531e-19 7.69012325830500e-21 
1.64791197154507e+00 9.11181985201575e-19 7.19811562734303e-21 
1.64962231090318e+00 8.53506707538458e-19 6.73757588407370e-21 
1.65133265026130e+00 7.99480512528006e-19 6.30649210345908e-21 
1.65304298961942e+00 7.48872631213773e-19 5.90298094687302e-21 
1.65475332897753e+00 7.01466881450058e-19 5.52527944710414e-21 
1.65646366833565e+00 6.57060746346433e-19 5.17173731797069e-21 
1.65817400769377e+00 6.15464510902339e-19 4.84080975506031e-21 
1.65988434705188e+00 5.76500453159533e-19 4.53105069624406e-21 
1.66159468641000e+00 5.40002086431754e-19 4.24110651261486e-21 
1.66330502576812e+00 5.05813449388000e-19 3.96971010237276e-21 
1.66501536512623e+00 4.73788440969115e-19 3.71567536193279e-21 
1.66672570448435e+00 4.43790197307937e-19 3.47789201017298e-21 
1.66843604384246e+00 4.15690508001709e-19 3.25532074327653e-21 
1.67014638320058e+00 3.89369269252757e-19 3.04698869906086e-21 
1.67185672255870e+00 3.64713971550110e-19 2.85198521103364e-21 
1.67356706191681e+00 3.41619219711574e-19 2.66945783367655e-21 
1.67527740127493e+00 3.19986283243347e-19 2.49860862163826e-21 
1.67698774063305e+00 2.99722675103147e-19 2.33869064662382e-21 
1.67869807999116e+00 2.80741757073607e-19 2.18900473680166e-21 
1.68040841934928e+00 2.62962370065815e-19 2.04889642451912e-21 
1.68211875870739e+00 2.46308487778933e-19 1.91775308902366e-21 
1.68382909806551e+00 2.30708892241124e-19 1.79500128173649e-21 
1.68553943742363e+00 2.16096869850106e-19 1.68010422241998e-21 
1.68724977678174e+00 2.02409926618835e-19 1.57255945532481e-21 
1.68896011613986e+00 1.89589521413526e-19 1.47189665509917e-21 
1.69067045549798e+00 1.77580816047762e-19 1.37767557289477e-21 
1.69238079485609e+00 1.66332441168152e-19 1.28948411371530e-21 
1.69409113421421e+00 1.55796276934203e-19 1.20693653662419e-21 
1.69580147357233e+00 1.45927247558006e-19 1.12967176996416e-21 
1.69751181293044e+00 1.36683128828349e-19 1.05735183424193e-21 
1.69922215228856e+00 1.28024367799092e-19 9.89660365800526e-22 
1.70093249164667e+00 1.19913913873450e-19 9.26301234840832e-22 
1.70264283100479e+00 1.12317060564317e-19 8.66997251765043e-22 
1.70435317036291e+00 1.05201297256212e-19 8.11488956199662e-22 
1.70606350972102e+00 9.85361703370277e-20 7.59533483415994e-22 
1.70777384907914e+00 9.22931531076260e-20 7.10903503203278e-22 
1.70948418843726e+00 8.64455239147262e-20 6.87146295010970e-22 
