Energy(eV)           EEDF(eV^-(3/2))      Anisotropy(eV^-(3/2))
7.03550211328125e-04 2.38002061723762e+02 1.28642361241277e-01 
2.11065063398438e-03 2.26322573441489e+02 1.33965022954847e-01 
3.51775105664063e-03 2.14866342517907e+02 1.39941606034193e-01 
4.92485147929688e-03 2.03873419590445e+02 1.43639141031597e-01 
6.33195190195313e-03 1.93396049115246e+02 1.48106715449347e-01 
7.73905232460938e-03 1.83442584558638e+02 1.51694238709552e-01 
9.14615274726563e-03 1.73986444840012e+02 1.55034087033387e-01 
1.05532531699219e-02 1.65022248369749e+02 1.58066769467843e-01 
1.19603535925781e-02 1.56515505635086e+02 1.58722967322542e-01 
1.33674540152344e-02 1.48446048655420e+02 1.59465455373048e-01 
1.47745544378906e-02 1.40795426288761e+02 1.60030748790342e-01 
1.61816548605469e-02 1.33541668898487e+02 1.59015470880848e-01 
1.75887552832031e-02 1.26659819376787e+02 1.56920770430459e-01 
1.89958557058594e-02 1.20132718212624e+02 1.55063013160285e-01 
2.04029561285156e-02 1.13943665406780e+02 1.52838303499199e-01 
2.18100565511719e-02 1.08073650786696e+02 1.50042705998597e-01 
2.32171569738281e-02 1.02506542236894e+02 1.47279127796735e-01 
2.46242573964844e-02 9.72276151414396e+01 1.44720572770304e-01 
2.60313578191406e-02 9.22227482341926e+01 1.42372443353359e-01 
2.74384582417969e-02 8.74784357237075e+01 1.40240772364433e-01 
2.88455586644531e-02 8.29817894494397e+01 1.38332609962901e-01 
3.02526590871094e-02 7.87205346498784e+01 1.35920130418543e-01 
3.16597595097656e-02 7.46799967075495e+01 1.32620287948680e-01 
3.30668599324219e-02 7.08477857532413e+01 1.29148550619150e-01 
3.44739603550781e-02 6.72135003190908e+01 1.25846679892341e-01 
3.58810607777344e-02 6.37672233308209e+01 1.22711663339518e-01 
3.72881612003906e-02 6.04995079390283e+01 1.19740691740963e-01 
3.86952616230469e-02 5.74013622094272e+01 1.16931224098421e-01 
4.01023620457031e-02 5.44642331732990e+01 1.14009293356820e-01 
4.15094624683594e-02 5.16789776288488e+01 1.10768495740898e-01 
4.29165628910156e-02 4.90371851028778e+01 1.07477627639232e-01 
4.43236633136719e-02 4.65316159638929e+01 1.04333651590924e-01 
4.57307637363281e-02 4.41553829379056e+01 1.01332089801194e-01 
4.71378641589844e-02 4.19019366484017e+01 9.84686656376235e-02 
4.85449645816406e-02 3.97650513672797e+01 9.57393173071606e-02 
4.99520650042969e-02 3.77388110686032e+01 9.31076823624237e-02 
5.13591654269531e-02 3.58174803171550e+01 9.05332506697090e-02 
5.27662658496094e-02 3.39955971014861e+01 8.80452301950748e-02 
5.41733662722656e-02 3.22681073957990e+01 8.56771508815317e-02 
5.55804666949219e-02 3.06302125811508e+01 8.34256819540277e-02 
5.69875671175781e-02 2.90773578016229e+01 8.12877355519574e-02 
5.83946675402344e-02 2.76052208027073e+01 7.92604744671528e-02 
5.98017679628906e-02 2.62097012624425e+01 7.73413207251884e-02 
6.12088683855469e-02 2.48869106230966e+01 7.55279653075217e-02 
6.26159688082031e-02 2.36331624298798e+01 7.38183793029146e-02 
6.40230692308594e-02 2.24449631831949e+01 7.22108267674873e-02 
6.54301696535156e-02 2.13190037122912e+01 7.07038795582780e-02 
6.68372700761719e-02 2.02521510809735e+01 6.92964343774248e-02 
6.82443704988281e-02 1.92414410403985e+01 6.79877322110195e-02 
6.96514709214844e-02 1.82840710502680e+01 6.66686338887978e-02 
7.10585713441406e-02 1.73769535121176e+01 6.50116002179936e-02 
7.24656717667969e-02 1.65162727047794e+01 6.31210951090721e-02 
7.38727721894532e-02 1.56996928847667e+01 6.13157147255841e-02 
7.52798726121094e-02 1.49249966408156e+01 5.95925858482463e-02 
7.66869730347656e-02 1.41900793300752e+01 5.79489864624874e-02 
7.80940734574219e-02 1.34929437804562e+01 5.63823433453814e-02 
7.95011738800781e-02 1.28316952536439e+01 5.48902297278766e-02 
8.09082743027344e-02 1.22045366635260e+01 5.34703630165079e-02 
8.23153747253906e-02 1.16097640452299e+01 5.21206025376863e-02 
8.37224751480469e-02 1.10457622705991e+01 5.08389472404052e-02 
8.51295755707032e-02 1.05110010067868e+01 4.96235332571854e-02 
8.65366759933594e-02 1.00040309157195e+01 4.84726311746901e-02 
8.79437764160157e-02 9.52348009352073e+00 4.73846427997209e-02 
8.93508768386719e-02 9.06805075062010e+00 4.63580971163422e-02 
9.07579772613281e-02 8.63651613526872e+00 4.53916450060513e-02 
9.21650776839844e-02 8.22771770560225e+00 4.44840521316382e-02 
9.35721781066406e-02 7.84056255832841e+00 4.36341891475303e-02 
9.49792785292969e-02 7.47402112567243e+00 4.28410180678915e-02 
9.63863789519531e-02 7.12712515651882e+00 4.21035731599486e-02 
9.77934793746094e-02 6.79896600288385e+00 4.14209340789777e-02 
9.92005797972657e-02 6.48869323909614e+00 4.07921880444567e-02 
1.00607680219922e-01 6.19551364849822e+00 3.99496419573490e-02 
1.02014780642578e-01 5.91702199241094e+00 3.88700237782850e-02 
1.03421881065234e-01 5.65239698027514e+00 3.78180933197204e-02 
1.04828981487891e-01 5.40097720147907e+00 3.68112815801223e-02 
1.06236081910547e-01 5.16213480524153e+00 3.58479446025414e-02 
1.07643182333203e-01 4.93527402465843e+00 3.49264952621468e-02 
1.09050282755859e-01 4.71982978140728e+00 3.40453978637007e-02 
1.10457383178516e-01 4.51526636941703e+00 3.32031621212728e-02 
1.11864483601172e-01 4.32107621600898e+00 3.23983363645534e-02 
1.13271584023828e-01 4.13677871921965e+00 3.16294997793353e-02 
1.14678684446484e-01 3.96191916022487e+00 3.08952534444181e-02 
1.16085784869141e-01 3.79606768998593e+00 3.01942098713436e-02 
1.17492885291797e-01 3.63881838942205e+00 2.95249806845980e-02 
1.18899985714453e-01 3.48978840256004e+00 2.88861619953674e-02 
1.20307086137109e-01 3.34861714219634e+00 2.82054009306433e-02 
1.21714186559766e-01 3.21431753197620e+00 2.74565445093264e-02 
1.23121286982422e-01 3.08632928334846e+00 2.67105178772128e-02 
1.24528387405078e-01 2.96436929943409e+00 2.59930209439173e-02 
1.25935487827734e-01 2.84816807710343e+00 2.53029491332090e-02 
1.27342588250391e-01 2.73746912857944e+00 2.46392283319582e-02 
1.28749688673047e-01 2.63202843030853e+00 2.40008121016422e-02 
1.30156789095703e-01 2.53161389820749e+00 2.33866787117141e-02 
1.31563889518359e-01 2.43600488840567e+00 2.27958279630709e-02 
1.32970989941016e-01 2.34499172260784e+00 2.22272777649617e-02 
1.34378090363672e-01 2.25837523720297e+00 2.16800604232224e-02 
1.35785190786328e-01 2.17596635523589e+00 2.11532185916617e-02 
1.37192291208984e-01 2.09758568033891e+00 2.06458008317444e-02 
1.38599391631641e-01 2.02306311168633e+00 2.01568567184218e-02 
1.40006492054297e-01 1.95223747898208e+00 1.96854314221361e-02 
1.41413592476953e-01 1.88495619641418e+00 1.92305596887765e-02 
1.42820692899609e-01 1.82107493440423e+00 1.87912591309295e-02 
1.44227793322266e-01 1.76045730783725e+00 1.83665227355273e-02 
1.45634893744922e-01 1.70297457926932e+00 1.79553104854998e-02 
1.47041994167578e-01 1.64850537536640e+00 1.75565399871289e-02 
1.48449094590234e-01 1.59693541451538e+00 1.71690759916751e-02 
1.49856195012891e-01 1.54815724315368e+00 1.67857165709980e-02 
1.51263295435547e-01 1.50185474829845e+00 1.63992784945220e-02 
1.52670395858203e-01 1.45761079715423e+00 1.60175186880874e-02 
1.54077496280859e-01 1.41534693906380e+00 1.56473531744873e-02 
1.55484596703516e-01 1.37498836657276e+00 1.52882098074495e-02 
1.56891697126172e-01 1.33646377398319e+00 1.49395168526981e-02 
1.58298797548828e-01 1.29970522085090e+00 1.46007011111856e-02 
1.59705897971484e-01 1.26464800001849e+00 1.42711859359217e-02 
1.61112998394141e-01 1.23123050974524e+00 1.39503891377719e-02 
1.62520098816797e-01 1.19939412945784e+00 1.36377207769077e-02 
1.63927199239453e-01 1.16908309860434e+00 1.33325808384378e-02 
1.65334299662109e-01 1.14024439804545e+00 1.30343567932704e-02 
1.66741400084766e-01 1.11282763336324e+00 1.27424210485931e-02 
1.68148500507422e-01 1.08678491940617e+00 1.24561282966874e-02 
1.69555600930078e-01 1.06207076532190e+00 1.21771966851894e-02 
1.70962701352734e-01 1.03857073951863e+00 1.19175803127311e-02 
1.72369801775391e-01 1.01593225033374e+00 1.16768667651996e-02 
1.73776902198047e-01 9.94128245777695e-01 1.14419283044933e-02 
1.75184002620703e-01 9.73132672140325e-01 1.12125391088211e-02 
1.76591103043359e-01 9.52920441086291e-01 1.09884750029191e-02 
1.77998203466016e-01 9.33467397507128e-01 1.07695131937064e-02 
1.79405303888672e-01 9.14750288092353e-01 1.05554319983980e-02 
1.80812404311328e-01 8.96746730579585e-01 1.03460105655905e-02 
1.82219504733984e-01 8.79435183640983e-01 1.01410285899259e-02 
1.83626605156641e-01 8.62794917360673e-01 9.94026602105652e-03 
1.85033705579297e-01 8.46805984255177e-01 9.74350276776326e-03 
1.86440806001953e-01 8.31449190786160e-01 9.55051839824853e-03 
1.87847906424609e-01 8.16706069312056e-01 9.36109183780692e-03 
1.89255006847266e-01 8.02558850422430e-01 9.17500106529352e-03 
1.90662107269922e-01 7.88990435596164e-01 8.99202281006335e-03 
1.92069207692578e-01 7.75984370121793e-01 8.81193225133537e-03 
1.93476308115234e-01 7.63524816215680e-01 8.63450272225296e-03 
1.94883408537891e-01 7.51596526271041e-01 8.45950542127576e-03 
1.96290508960547e-01 7.40184816168377e-01 8.28670913393446e-03 
1.97697609383203e-01 7.29275538575534e-01 8.11587996842113e-03 
1.99104709805859e-01 7.18855056163567e-01 7.94678110897467e-03 
2.00511810228516e-01 7.08910214662808e-01 7.81562300390120e-03 
2.01918910651172e-01 6.99144316268810e-01 7.72967647954938e-03 
2.03326011073828e-01 6.89510230390026e-01 7.65033181244943e-03 
2.04733111496484e-01 6.80006707856414e-01 7.57146630214700e-03 
2.06140211919141e-01 6.70632491473183e-01 7.49309081718770e-03 
2.07547312341797e-01 6.61386316943723e-01 7.41521563916060e-03 
2.08954412764453e-01 6.52266913759766e-01 7.33785047911768e-03 
2.10361513187109e-01 6.43273006059523e-01 7.26100449371240e-03 
2.11768613609766e-01 6.34403313454562e-01 7.18468630105314e-03 
2.13175714032422e-01 6.25656551826166e-01 7.10890399627328e-03 
2.14582814455078e-01 6.17031434091898e-01 7.03366516681544e-03 
2.15989914877734e-01 6.08526670943121e-01 6.95897690743149e-03 
2.17397015300391e-01 6.00140971554179e-01 6.88484583489898e-03 
2.18804115723047e-01 5.91873044263957e-01 6.81127810245141e-03 
2.20211216145703e-01 5.83721597230518e-01 6.73827941392605e-03 
2.21618316568359e-01 5.75685339059517e-01 6.66585503763005e-03 
2.23025416991016e-01 5.67762979407071e-01 6.59400981992491e-03 
2.24432517413672e-01 5.59953229557762e-01 6.52274819853140e-03 
2.25839617836328e-01 5.52254802978438e-01 6.45207421555652e-03 
2.27246718258984e-01 5.44666415848457e-01 6.38199153024462e-03 
2.28653818681641e-01 5.37186787567034e-01 6.31250343145475e-03 
2.30060919104297e-01 5.29814641238308e-01 6.24361284986614e-03 
2.31468019526953e-01 5.22548704134763e-01 6.17532236991386e-03 
2.32875119949609e-01 5.15387708139611e-01 6.10763424145837e-03 
2.34282220372266e-01 5.08330390168732e-01 6.04055039119115e-03 
2.35689320794922e-01 5.01375492572773e-01 5.97407243377792e-03 
2.37096421217578e-01 4.94521763519980e-01 5.90820168274432e-03 
2.38503521640234e-01 4.87767957360324e-01 5.84293916110589e-03 
2.39910622062891e-01 4.81112834971492e-01 5.77828561174602e-03 
2.41317722485547e-01 4.74555164087281e-01 5.71424150754407e-03 
2.42724822908203e-01 4.68093719608933e-01 5.65080706125786e-03 
2.44131923330859e-01 4.61727283899937e-01 5.58798223516449e-03 
2.45539023753516e-01 4.55454647064806e-01 5.52576675046109e-03 
2.46946124176172e-01 4.49274607212339e-01 5.46416009642985e-03 
2.48353224598828e-01 4.43185970703862e-01 5.40316153937157e-03 
2.49760325021484e-01 4.37187552386921e-01 5.35242723171647e-03 
2.51167425444141e-01 4.31211681362321e-01 5.33042231394796e-03 
2.52574525866797e-01 4.25125913461694e-01 5.32427375822377e-03 
2.53981626289453e-01 4.18936573288348e-01 5.31287221936292e-03 
2.55388726712109e-01 4.12650196492856e-01 5.29633299142163e-03 
2.56795827134766e-01 4.06273505032941e-01 5.27478377652021e-03 
2.58202927557422e-01 3.99813382021782e-01 5.24836388314720e-03 
2.59610027980078e-01 3.93276846323629e-01 5.21722338086084e-03 
2.61017128402734e-01 3.86671027053090e-01 5.18152221894885e-03 
2.62424228825391e-01 3.80003138130662e-01 5.14142931663980e-03 
2.63831329248047e-01 3.73280453041868e-01 5.09712163240674e-03 
2.65238429670703e-01 3.66510279941094e-01 5.04878321977116e-03 
2.66645530093359e-01 3.59699937233835e-01 4.99660427680965e-03 
2.68052630516016e-01 3.52856729762788e-01 4.94078019628979e-03 
2.69459730938672e-01 3.45987925714166e-01 4.88151062302981e-03 
2.70866831361328e-01 3.39100734350887e-01 4.81899852469157e-03 
2.72273931783984e-01 3.32202284669101e-01 4.75344928178552e-03 
2.73681032206641e-01 3.25299605063918e-01 4.68506980220227e-03 
2.75088132629297e-01 3.18399604079391e-01 4.61406766509471e-03 
2.76495233051953e-01 3.11509052306863e-01 4.54065029842028e-03 
2.77902333474609e-01 3.04634565484901e-01 4.46502419393063e-03 
2.79309433897266e-01 2.97782588843231e-01 4.38739416286755e-03 
2.80716534319922e-01 2.90959382722521e-01 4.30796263509645e-03 
2.82123634742578e-01 2.84171009491635e-01 4.22692900389118e-03 
2.83530735165234e-01 2.77423321774148e-01 4.14448901807875e-03 
2.84937835587891e-01 2.70721951986533e-01 4.06083422276504e-03 
2.86344936010547e-01 2.64072303181635e-01 3.97615144940063e-03 
2.87752036433203e-01 2.57479541182816e-01 3.89062235550650e-03 
2.89159136855859e-01 2.50948587986528e-01 3.80442301397200e-03 
2.90566237278516e-01 2.44484116404173e-01 3.71772355145987e-03 
2.91973337701172e-01 2.38090545907787e-01 3.63068783510841e-03 
2.93380438123828e-01 2.31772039638560e-01 3.54347320641153e-03 
2.94787538546484e-01 2.25532502532269e-01 3.45623026088058e-03 
2.96194638969141e-01 2.19375580511526e-01 3.36910267185121e-03 
2.97601739391797e-01 2.13304660691177e-01 3.28222705659064e-03 
2.99008839814453e-01 2.07322872540340e-01 3.19573288268722e-03 
3.00415940237109e-01 2.01433089942256e-01 3.10928966871137e-03 
3.01823040659766e-01 1.95622595641098e-01 3.02279875974614e-03 
3.03230141082422e-01 1.89891797967341e-01 2.93648899429431e-03 
3.04637241505078e-01 1.84244979593732e-01 2.85057281642316e-03 
3.06044341927734e-01 1.78686060709815e-01 2.76521405561927e-03 
3.07451442350391e-01 1.73218604020197e-01 2.68056456666229e-03 
3.08858542773047e-01 1.67845821157817e-01 2.59676440005864e-03 
3.10265643195703e-01 1.62570580365188e-01 2.51394202864325e-03 
3.11672743618359e-01 1.57395415299395e-01 2.43221462347586e-03 
3.13079844041016e-01 1.52322534820564e-01 2.35168837240813e-03 
3.14486944463672e-01 1.47353833628390e-01 2.27245883499296e-03 
3.15894044886328e-01 1.42490903616945e-01 2.19461132773890e-03 
3.17301145308984e-01 1.37735045824254e-01 2.11822133407247e-03 
3.18708245731641e-01 1.33087282859911e-01 2.04335493374855e-03 
3.20115346154297e-01 1.28548371701097e-01 1.97006924683902e-03 
3.21522446576953e-01 1.24118816754732e-01 1.89841288782553e-03 
3.22929546999609e-01 1.19798883091000e-01 1.82842642571679e-03 
3.24336647422266e-01 1.15588609761014e-01 1.76014284650065e-03 
3.25743747844922e-01 1.11487823118894e-01 1.69358801462195e-03 
3.27150848267578e-01 1.07496150075912e-01 1.62878113054530e-03 
3.28557948690234e-01 1.03613031221590e-01 1.56573518181454e-03 
3.29965049112891e-01 9.98377337536056e-02 1.50445738535609e-03 
3.31372149535547e-01 9.61693641651093e-02 1.44494961909027e-03 
3.32779249958203e-01 9.26068806444611e-02 1.38720884121071e-03 
3.34186350380859e-01 8.91491051485110e-02 1.33122749576826e-03 
3.35593450803516e-01 8.57947351162921e-02 1.27699390345053e-03 
3.37000551226172e-01 8.25423547953966e-02 1.22449263668197e-03 
3.38407651648828e-01 7.93904461583369e-02 1.17370487838293e-03 
3.39814752071484e-01 7.63373993908583e-02 1.12460876391886e-03 
3.41221852494141e-01 7.33815229384699e-02 1.07717970594473e-03 
3.42628952916797e-01 7.05210531014015e-02 1.03139070200422e-03 
3.44036053339453e-01 6.77541631717803e-02 9.87212624880414e-04 
3.45443153762109e-01 6.50789721100724e-02 9.44614495815243e-04 
3.46850254184766e-01 6.24935527607506e-02 9.03563740819001e-04 
3.48257354607422e-01 5.99959396097592e-02 8.64026430381534e-04 
3.49664455030078e-01 5.75841360886557e-02 8.25877045446334e-04 
3.51071555452734e-01 5.52556734446364e-02 7.88846260891977e-04 
3.52478655875391e-01 5.30074025531036e-02 7.53017068857618e-04 
3.53885756298047e-01 5.08375382854893e-02 7.18585840963628e-04 
3.55292856720703e-01 4.87442612501964e-02 6.85517017837840e-04 
3.56699957143359e-01 4.67257251695444e-02 6.53774225855134e-04 
3.58107057566016e-01 4.47800637477807e-02 6.23320484230906e-04 
3.59514157988672e-01 4.29053970451660e-02 5.94118393921932e-04 
3.60921258411328e-01 4.10998373745069e-02 5.66130309274680e-04 
3.62328358833984e-01 3.93614947375940e-02 5.39318493368092e-04 
3.63735459256641e-01 3.76884818198323e-02 5.13645257995822e-04 
3.65142559679297e-01 3.60789185619503e-02 4.89073089223102e-04 
3.66549660101953e-01 3.45309363280723e-02 4.65564759437077e-04 
3.67956760524609e-01 3.30426816896588e-02 4.43083426787807e-04 
3.69363860947266e-01 3.16123198448743e-02 4.21592722891080e-04 
3.70770961369922e-01 3.02380376928669e-02 4.01056829634680e-04 
3.72178061792578e-01 2.89180465822450e-02 3.81440545897619e-04 
3.73585162215234e-01 2.76505847527332e-02 3.62709344957483e-04 
3.74992262637891e-01 2.64339194886040e-02 3.44829423325628e-04 
3.76399363060547e-01 2.52663490020203e-02 3.27767741713454e-04 
3.77806463483203e-01 2.41462040639017e-02 3.11492058796053e-04 
3.79213563905859e-01 2.30718493993608e-02 2.95970958402713e-04 
3.80620664328516e-01 2.20416848641451e-02 2.81173870727128e-04 
3.82027764751172e-01 2.10541464178887e-02 2.67071088114122e-04 
3.83434865173828e-01 2.01077069093146e-02 2.53633775944458e-04 
3.84841965596484e-01 1.92008766878667e-02 2.40833979105007e-04 
3.86249066019141e-01 1.83322040555658e-02 2.28644624498447e-04 
3.87656166441797e-01 1.75002755722097e-02 2.17039520014649e-04 
3.89063266864453e-01 1.67037162263626e-02 2.05993350355354e-04 
3.90470367287109e-01 1.59411894839083e-02 1.95481670074461e-04 
3.91877467709766e-01 1.52113972252872e-02 1.85480894168391e-04 
3.93284568132422e-01 1.45130795818935e-02 1.75968286524568e-04 
3.94691668555078e-01 1.38450146814831e-02 1.66921946511050e-04 
3.96098768977734e-01 1.32060183118314e-02 1.58320793966772e-04 
3.97505869400391e-01 1.25949435112955e-02 1.50144552829635e-04 
3.98912969823047e-01 1.20106800943650e-02 1.42373733618863e-04 
4.00320070245703e-01 1.14521541197412e-02 1.35005619350841e-04 
4.01727170668360e-01 1.09183669242929e-02 1.28025190258013e-04 
4.03134271091016e-01 1.04083218851657e-02 1.21398150409679e-04 
4.04541371513672e-01 9.92104125970670e-03 1.15102424502733e-04 
4.05948471936328e-01 9.45558206610664e-03 1.09122386799597e-04 
4.07355572358985e-01 9.01103525166840e-03 1.03443072329584e-04 
4.08762672781641e-01 8.58652484801249e-03 9.80501553442478e-05 
4.10169773204297e-01 8.18120711686799e-03 9.29299278941414e-05 
4.11576873626953e-01 7.79426968977917e-03 8.80692785926871e-05 
4.12983974049609e-01 7.42493070475937e-03 8.34556716248029e-05 
4.14391074472266e-01 7.07243794264272e-03 7.90771260504730e-05 
4.15798174894922e-01 6.73606796562169e-03 7.49221954466666e-05 
4.17205275317578e-01 6.41512526021230e-03 7.09799479247977e-05 
4.18612375740234e-01 6.10894138665959e-03 6.72399465552665e-05 
4.20019476162891e-01 5.81687413658171e-03 6.36922302254713e-05 
4.21426576585547e-01 5.53830670045182e-03 6.03272949530082e-05 
4.22833677008203e-01 5.27264684633238e-03 5.71360756715703e-05 
4.24240777430859e-01 5.01932611110450e-03 5.41099285032255e-05 
4.25647877853516e-01 4.77779900527644e-03 5.12406135273275e-05 
4.27054978276172e-01 4.54754223230863e-03 4.85202780532405e-05 
4.28462078698828e-01 4.32805392325719e-03 4.59414404012900e-05 
4.29869179121484e-01 4.11885288741346e-03 4.34969741939109e-05 
4.31276279544141e-01 3.91947787950262e-03 4.11800931567688e-05 
4.32683379966797e-01 3.72948688389938e-03 3.89843364277113e-05 
4.34090480389453e-01 3.54845641622304e-03 3.69035543697066e-05 
4.35497580812109e-01 3.37598084258646e-03 3.49318948824393e-05 
4.36904681234766e-01 3.21167171669368e-03 3.30637902059442e-05 
4.38311781657422e-01 3.05515713490873e-03 3.12939442085418e-05 
4.39718882080078e-01 2.90608110935229e-03 2.96173201503847e-05 
4.41125982502734e-01 2.76410295902410e-03 2.80291289131124e-05 
4.42533082925391e-01 2.62889671889529e-03 2.65248176854405e-05 
4.43940183348047e-01 2.50015056686739e-03 2.51000590939427e-05 
4.45347283770703e-01 2.37756626845215e-03 2.37507407678437e-05 
4.46754384193359e-01 2.26085863898818e-03 2.24729553262790e-05 
4.48161484616016e-01 2.14975502317728e-03 2.12629907762161e-05 
4.49568585038672e-01 2.04399479169360e-03 2.01173213090409e-05 
4.50975685461328e-01 1.94332885459332e-03 1.90325984836927e-05 
4.52382785883985e-01 1.84751919123007e-03 1.80056427841759e-05 
4.53789886306641e-01 1.75633839636252e-03 1.70334355392701e-05 
4.55196986729297e-01 1.66956924212401e-03 1.61131111923090e-05 
4.56604087151953e-01 1.58700425551102e-03 1.52419499089822e-05 
4.58011187574610e-01 1.50844531103580e-03 1.44173705112409e-05 
4.59418287997266e-01 1.43370323817985e-03 1.36369237255445e-05 
4.60825388419922e-01 1.36259744327814e-03 1.28982857338676e-05 
4.62232488842578e-01 1.29495554545861e-03 1.21992520160966e-05 
4.63639589265235e-01 1.23061302625867e-03 1.15377314726706e-05 
4.65046689687891e-01 1.16941289253812e-03 1.09117408165672e-05 
4.66453790110547e-01 1.11120535230758e-03 1.03193992239905e-05 
4.67860890533203e-01 1.05584750309244e-03 9.75892323338785e-06 
4.69267990955860e-01 1.00320303245370e-03 9.22862188270057e-06 
4.70675091378516e-01 9.53141930290441e-04 8.72689207503464e-06 
4.72082191801172e-01 9.05540212551666e-04 8.25221416323031e-06 
4.73489292223828e-01 8.60279655990254e-04 7.80314774409723e-06 
4.74896392646484e-01 8.17247543596386e-04 7.37832765337620e-06 
4.76303493069141e-01 7.76336420353696e-04 6.97646015278158e-06 
4.77710593491797e-01 7.37443858967459e-04 6.59631930076890e-06 
4.79117693914453e-01 7.00472235220740e-04 6.23674349896259e-06 
4.80524794337109e-01 6.65328512621370e-04 5.89663220646477e-06 
4.81931894759766e-01 6.31924036009855e-04 5.57494281454835e-06 
4.83338995182422e-01 6.00174333805856e-04 5.27068767451557e-06 
4.84746095605078e-01 5.69998928578573e-04 4.98293127177659e-06 
4.86153196027734e-01 5.41321155634206e-04 4.71078753946929e-06 
4.87560296450391e-01 5.14067989321703e-04 4.45341730520316e-06 
4.88967396873047e-01 4.88169876765979e-04 4.21002586476529e-06 
4.90374497295703e-01 4.63560578745976e-04 3.97986067687469e-06 
4.91781597718359e-01 4.40177017442981e-04 3.76220917331314e-06 
4.93188698141016e-01 4.17959130792759e-04 3.55639667899576e-06 
4.94595798563672e-01 3.96849733183119e-04 3.36178443677207e-06 
4.96002898986328e-01 3.76794382246528e-04 3.17776773196929e-06 
4.97409999408985e-01 3.57741251505338e-04 3.00377411190351e-06 
4.98817099831641e-01 3.39641008635011e-04 2.83926169579101e-06 
5.00224200254297e-01 3.22446699118470e-04 2.68382908813792e-06 
5.01631300676953e-01 3.06113765512163e-04 2.53702541258838e-06 
5.03038401099610e-01 2.90599719465808e-04 2.39826672407863e-06 
5.04445501522266e-01 2.75864060059435e-04 2.26706417398181e-06 
5.05852601944922e-01 2.61868252457278e-04 2.14300896640423e-06 
5.07259702367578e-01 2.48575634962155e-04 2.02571420820469e-06 
5.08666802790234e-01 2.35951330292980e-04 1.91481375241973e-06 
5.10073903212891e-01 2.23962160905479e-04 1.80996110141706e-06 
5.11481003635547e-01 2.12576568182919e-04 1.71082836679994e-06 
5.12888104058203e-01 2.01764535330355e-04 1.61710528322521e-06 
5.14295204480860e-01 1.91497513812267e-04 1.52849827343147e-06 
5.15702304903516e-01 1.81748353179726e-04 1.44472956190187e-06 
5.17109405326172e-01 1.72491234139240e-04 1.36553633470927e-06 
5.18516505748828e-01 1.63701604721320e-04 1.29066994320825e-06 
5.19923606171484e-01 1.55356119412439e-04 1.21989514935143e-06 
5.21330706594141e-01 1.47432581119551e-04 1.15298941051459e-06 
5.22737807016797e-01 1.39909885841634e-04 1.08974220181775e-06 
5.24144907439453e-01 1.32767969927843e-04 1.02995437402775e-06 
5.25552007862110e-01 1.25987759806787e-04 9.73437545221168e-07 
5.26959108284766e-01 1.19551124076244e-04 9.20013524475831e-07 
5.28366208707422e-01 1.13440827847187e-04 8.69513765944956e-07 
5.29773309130078e-01 1.07640489240477e-04 8.21778851748761e-07 
5.31180409552734e-01 1.02134537938811e-04 7.76658002196452e-07 
5.32587509975391e-01 9.69081757006710e-05 7.34008611925417e-07 
5.33994610398047e-01 9.19473387469465e-05 6.93695810614930e-07 
5.35401710820703e-01 8.72386619347519e-05 6.55592046999048e-07 
5.36808811243360e-01 8.27694446366071e-05 6.19576694967395e-07 
5.38215911666016e-01 7.85276182466926e-05 5.85535680603527e-07 
5.39623012088672e-01 7.45017152392794e-05 5.53361129068730e-07 
5.41030112511328e-01 7.06808397076934e-05 5.22951030294389e-07 
5.42437212933985e-01 6.70546393153076e-05 4.94208922498688e-07 
5.43844313356641e-01 6.36132785930645e-05 4.67043592593555e-07 
5.45251413779297e-01 6.03474135209141e-05 4.41368792595389e-07 
5.46658514201953e-01 5.72481673333273e-05 4.17102971198452e-07 
5.48065614624610e-01 5.43071074917012e-05 3.94169019712907e-07 
5.49472715047266e-01 5.15162237690215e-05 3.72494031610483e-07 
5.50879815469922e-01 4.88679073945934e-05 3.52009074959717e-07 
5.52286915892578e-01 4.63549312089923e-05 3.32648977069737e-07 
5.53694016315235e-01 4.39704307816357e-05 3.14352120696778e-07 
5.55101116737891e-01 4.17078864455220e-05 2.97060251201020e-07 
5.56508217160547e-01 3.95611062057512e-05 2.80718294073111e-07 
5.57915317583203e-01 3.75242094804058e-05 2.65274182279954e-07 
5.59322418005860e-01 3.55916116342674e-05 2.50678692907911e-07 
5.60729518428516e-01 3.37580092676473e-05 2.36885292608849e-07 
5.62136618851172e-01 3.20183662243414e-05 2.23849991380250e-07 
5.63543719273828e-01 3.03679002843757e-05 2.11531204235130e-07 
5.64950819696485e-01 2.88020705087897e-05 1.99889620340796e-07 
5.66357920119141e-01 2.73165652052218e-05 1.88888079227538e-07 
5.67765020541797e-01 2.59072904845070e-05 1.78491453689318e-07 
5.69172120964453e-01 2.45703593798826e-05 1.68666539018419e-07 
5.70579221387109e-01 2.33020815017180e-05 1.59381948234834e-07 
5.71986321809766e-01 2.20989532019537e-05 1.50608012989134e-07 
5.73393422232422e-01 2.09576482236367e-05 1.42316689834443e-07 
5.74800522655078e-01 1.98750088120988e-05 1.34481471579332e-07 
5.76207623077735e-01 1.88480372654232e-05 1.27077303448629e-07 
5.77614723500391e-01 1.78738879028986e-05 1.20080503793645e-07 
5.79021823923047e-01 1.69498594311660e-05 1.13468689107049e-07 
5.80428924345703e-01 1.60733876887206e-05 1.07220703110600e-07 
5.81836024768359e-01 1.52420387503506e-05 1.01316549696280e-07 
5.83243125191016e-01 1.44535023739655e-05 9.57373295130778e-08 
5.84650225613672e-01 1.37055857731039e-05 9.04651800027063e-08 
5.86057326036328e-01 1.29962076992048e-05 8.54832186980670e-08 
5.87464426458985e-01 1.23233928184865e-05 8.07754896081947e-08 
5.88871526881641e-01 1.16852663690028e-05 7.63269125228439e-08 
5.90278627304297e-01 1.10800490841351e-05 7.21232350788048e-08 
5.91685727726953e-01 1.05060523694404e-05 6.81509874384883e-08 
5.93092828149610e-01 9.96167372040183e-06 6.43974394393297e-08 
5.94499928572266e-01 9.44539236922841e-06 6.08505600801499e-08 
5.95907028994922e-01 8.95576514942191e-06 5.74989792177929e-08 
5.97314129417578e-01 8.49142256737297e-06 5.43319513541684e-08 
5.98721229840235e-01 8.05106507076771e-06 5.13393214002707e-08 
6.00128330262891e-01 7.63345950408097e-06 4.85114923098441e-08 
6.01535430685547e-01 7.23743574190317e-06 4.58393944811509e-08 
6.02942531108203e-01 6.86188349129740e-06 4.33144568307601e-08 
6.04349631530860e-01 6.50574925481099e-06 4.09285794484633e-08 
6.05756731953516e-01 6.16803344617332e-06 3.86741077473208e-08 
6.07163832376172e-01 5.84778765110038e-06 3.65438080274863e-08 
6.08570932798828e-01 5.54411202599584e-06 3.45308443768582e-08 
6.09978033221485e-01 5.25615282769116e-06 3.26287568357520e-08 
6.11385133644141e-01 4.98310006770237e-06 3.08314407567388e-08 
6.12792234066797e-01 4.72418528480056e-06 2.91331272945154e-08 
6.14199334489453e-01 4.47867942999752e-06 2.75283649641975e-08 
6.15606434912110e-01 4.24589085833705e-06 2.60120022097650e-08 
6.17013535334766e-01 4.02516342215857e-06 2.45791709275514e-08 
6.18420635757422e-01 3.81587466076158e-06 2.32252708926519e-08 
6.19827736180078e-01 3.61743408164965e-06 2.19459550389570e-08 
6.21234836602735e-01 3.42928152876992e-06 2.07371155461934e-08 
6.22641937025391e-01 3.25088563339067e-06 1.95948706898853e-08 
6.24049037448047e-01 3.08174234347447e-06 1.85155524125460e-08 
6.25456137870703e-01 2.92137352760935e-06 1.74956945766745e-08 
6.26863238293360e-01 2.76932564975537e-06 1.65320218622782e-08 
6.28270338716016e-01 2.62516851124931e-06 1.56214392736682e-08 
6.29677439138672e-01 2.48849405668662e-06 1.47610222221963e-08 
6.31084539561328e-01 2.35891524046749e-06 1.39480071534150e-08 
6.32491639983984e-01 2.23606495095373e-06 1.31797826888586e-08 
6.33898740406641e-01 2.11959498933469e-06 1.24538812542717e-08 
6.35305840829297e-01 2.00917510044504e-06 1.17679711676414e-08 
6.36712941251953e-01 1.90449205291451e-06 1.11198491618478e-08 
6.38120041674610e-01 1.80524876616024e-06 1.05074333181191e-08 
6.39527142097266e-01 1.71116348185661e-06 9.92875638777687e-09 
6.40934242519922e-01 1.62196897763553e-06 9.38195948098717e-09 
6.42341342942578e-01 1.53741182088238e-06 8.86528610239651e-09 
6.43748443365235e-01 1.45725166059963e-06 8.37707651462801e-09 
6.45155543787891e-01 1.38126055541162e-06 7.91576241165618e-09 
6.46562644210547e-01 1.30922233588032e-06 7.47986188505930e-09 
6.47969744633203e-01 1.24093199939397e-06 7.06797466707860e-09 
6.49376845055860e-01 1.17619513597728e-06 6.67877763529320e-09 
6.50783945478516e-01 1.11482738345494e-06 6.31102056454988e-09 
6.52191045901172e-01 1.05665391047906e-06 5.96352211257349e-09 
6.53598146323828e-01 1.00150892600569e-06 5.63516602642638e-09 
6.55005246746485e-01 9.49235213877105e-07 5.32489755768757e-09 
6.56412347169141e-01 8.99683691233838e-07 5.03172007488784e-09 
6.57819447591797e-01 8.52712989544917e-07 4.75469186236357e-09 
6.59226548014453e-01 8.08189057105640e-07 4.49292309528670e-09 
6.60633648437110e-01 7.65984781910373e-07 4.24557298118965e-09 
6.62040748859766e-01 7.25979633862913e-07 4.01184705883413e-09 
6.63447849282422e-01 6.88059325339325e-07 3.79099464577536e-09 
6.64854949705078e-01 6.52115489167975e-07 3.58230642644683e-09 
6.66262050127735e-01 6.18045373138678e-07 3.38511217303950e-09 
6.67669150550391e-01 5.85751550197863e-07 3.19877859187310e-09 
6.69076250973047e-01 5.55141643529279e-07 3.02270728835826e-09 
6.70483351395703e-01 5.26128065760288e-07 2.85633284402630e-09 
6.71890451818360e-01 4.98627771572320e-07 2.69912099946220e-09 
6.73297552241016e-01 4.72562023030599e-07 2.55056693731461e-09 
6.74704652663672e-01 4.47856166982992e-07 2.41019365987640e-09 
6.76111753086328e-01 4.24439423910823e-07 2.27755045603218e-09 
6.77518853508985e-01 4.02244687645816e-07 2.15221145265456e-09 
6.78925953931641e-01 3.81208335397091e-07 2.03377424580157e-09 
6.80333054354297e-01 3.61270047560380e-07 1.92185860732278e-09 
6.81740154776953e-01 3.42372636808490e-07 1.81610526272304e-09 
6.83147255199610e-01 3.24461885987488e-07 1.71617473636121e-09 
6.84554355622266e-01 3.07486394367314e-07 1.62174626027657e-09 
6.85961456044922e-01 2.91397431818478e-07 1.53251674313958e-09 
6.87368556467578e-01 2.76148800508323e-07 1.44819979601626e-09 
6.88775656890235e-01 2.61696703731069e-07 1.36852481181774e-09 
6.90182757312891e-01 2.47999621505479e-07 1.29323609547809e-09 
6.91589857735547e-01 2.35018192592713e-07 1.22209204206687e-09 
6.92996958158203e-01 2.22715102604616e-07 1.15486436019589e-09 
6.94404058580860e-01 2.11054977889561e-07 1.09133733822544e-09 
6.95811159003516e-01 2.00004284898908e-07 1.03130715091215e-09 
6.97218259426172e-01 1.89531234752350e-07 9.74581204270795e-10 
6.98625359848828e-01 1.79605692734765e-07 9.20977516544480e-10 
7.00032460271485e-01 1.70199092470921e-07 8.70330201383743e-10 
7.01439560694141e-01 1.61284357454895e-07 8.22480945298724e-10 
7.02846661116797e-01 1.52835820014992e-07 7.77269019549445e-10 
7.04253761539453e-01 1.44829146189780e-07 7.34544050909752e-10 
7.05660861962110e-01 1.37241269308820e-07 6.94169159858622e-10 
7.07067962384766e-01 1.30050324172478e-07 6.56015004171406e-10 
7.08475062807422e-01 1.23235584639010e-07 6.19959363744000e-10 
7.09882163230078e-01 1.16777404443228e-07 5.85886748288472e-10 
7.11289263652735e-01 1.10657161080107e-07 5.53688026640473e-10 
7.12696364075391e-01 1.04857202595234e-07 5.23260076487978e-10 
7.14103464498047e-01 9.93607971321027e-08 4.94505453396595e-10 
7.15510564920703e-01 9.41520850939762e-08 4.67332078068493e-10 
7.16917665343360e-01 8.92160337853336e-08 4.41652940830508e-10 
7.18324765766016e-01 8.45383944048682e-08 4.17385822402392e-10 
7.19731866188672e-01 8.01056612685697e-08 3.94453030048336e-10 
7.21138966611328e-01 7.59050331476780e-08 3.72781148264292e-10 
7.22546067033985e-01 7.19243766122183e-08 3.52300803200341e-10 
7.23953167456641e-01 6.81521912764496e-08 3.32946440061401e-10 
7.25360267879297e-01 6.45775768478949e-08 3.14656112771258e-10 
7.26767368301953e-01 6.11902018866816e-08 2.97371285224310e-10 
7.28174468724610e-01 5.79802741867250e-08 2.81036643486551e-10 
7.29581569147266e-01 5.49385126948431e-08 2.65599918342613e-10 
7.30988669569922e-01 5.20561208882150e-08 2.51011717618780e-10 
7.32395769992578e-01 4.93247615346973e-08 2.37225367743351e-10 
7.33802870415235e-01 4.67365327644021e-08 2.24196764035434e-10 
7.35209970837891e-01 4.42839453846357e-08 2.11884229241226e-10 
7.36617071260547e-01 4.19599013737952e-08 2.00248379863348e-10 
7.38024171683203e-01 3.97576734931468e-08 1.89251999853868e-10 
7.39431272105860e-01 3.76708859585576e-08 1.78859921265259e-10 
7.40838372528516e-01 3.56934961172480e-08 1.69038911475936e-10 
7.42245472951172e-01 3.38197770774624e-08 1.59757566628100e-10 
7.43652573373828e-01 3.20443012416510e-08 1.50986210935598e-10 
7.45059673796485e-01 3.03619246963067e-08 1.42696801538368e-10 
7.46466774219141e-01 2.87677724140212e-08 1.34862838597853e-10 
7.47873874641797e-01 2.72572242256225e-08 1.27459280344604e-10 
7.49280975064453e-01 2.58259015224334e-08 1.20462462805220e-10 
7.50688075487110e-01 2.44696546507576e-08 1.13850023950793e-10 
7.52095175909766e-01 2.31845509626596e-08 1.07600832023234e-10 
7.53502276332422e-01 2.19668634889629e-08 1.01694917809300e-10 
7.54909376755078e-01 2.08130602021560e-08 9.61134106448016e-11 
7.56316477177735e-01 1.97197938385665e-08 9.08384779434581e-11 
7.57723577600391e-01 1.86838922507499e-08 8.58532680562294e-11 
7.59130678023047e-01 1.77023492625444e-08 8.11418562776020e-11 
7.60537778445703e-01 1.67723160006706e-08 7.66891938254570e-11 
7.61944878868360e-01 1.58910926781062e-08 7.24810596306893e-11 
7.63351979291016e-01 1.50561208057512e-08 6.85040147817741e-11 
7.64759079713672e-01 1.42649758101148e-08 6.47453594780114e-11 
7.66166180136328e-01 1.35153600359097e-08 6.11930923532393e-11 
7.67573280558985e-01 1.28050961135355e-08 5.78358720394187e-11 
7.68980380981641e-01 1.21321206724689e-08 5.46629808466954e-11 
7.70387481404297e-01 1.14944783825644e-08 5.16642904433429e-11 
7.71794581826953e-01 1.08903163062021e-08 4.88302294254128e-11 
7.73201682249610e-01 1.03178785451055e-08 4.61517526719907e-11 
7.74608782672266e-01 9.77550116649006e-09 4.36203123876985e-11 
7.76015883094922e-01 9.26160739400118e-09 4.12278307394946e-11 
7.77422983517578e-01 8.77470304965402e-09 3.89666739999525e-11 
7.78830083940235e-01 8.31337223370440e-09 3.68296281140374e-11 
7.80237184362891e-01 7.87627323005805e-09 3.48098756109666e-11 
7.81644284785547e-01 7.46213462546966e-09 3.29009737870693e-11 
7.83051385208203e-01 7.06975163139360e-09 3.10968340896363e-11 
7.84458485630860e-01 6.69798259792661e-09 2.93917026356134e-11 
7.85865586053516e-01 6.34574570983194e-09 2.77801418026320e-11 
7.87272686476172e-01 6.01201585515454e-09 2.62570128333196e-11 
7.88679786898828e-01 5.69582165743036e-09 2.48174593970806e-11 
7.90086887321485e-01 5.39624266296073e-09 2.34568920566225e-11 
7.91493987744141e-01 5.11240667506611e-09 2.21709735893967e-11 
7.92901088166797e-01 4.84348722765455e-09 2.09556051168769e-11 
7.94308188589453e-01 4.58870119083835e-09 1.98069129971873e-11 
7.95715289012110e-01 4.34730650171096e-09 1.87212364390464e-11 
7.97122389434766e-01 4.11860001375450e-09 1.76951157973064e-11 
7.98529489857422e-01 3.90191545868795e-09 1.67252815125579e-11 
7.99936590280078e-01 3.69662151488859e-09 1.58086436593357e-11 
8.01343690702735e-01 3.50211997682447e-09 1.49422820694169e-11 
8.02750791125391e-01 3.31784402022552e-09 1.41234369985467e-11 
8.04157891548047e-01 3.14325655799550e-09 1.33495003066736e-11 
8.05564991970703e-01 2.97784868212704e-09 1.26180071234219e-11 
8.06972092393360e-01 2.82113818712935e-09 1.19266279720885e-11 
8.08379192816016e-01 2.67266817071154e-09 1.12731613269210e-11 
8.09786293238672e-01 2.53200570768686e-09 1.06555265798256e-11 
8.11193393661328e-01 2.39874059327302e-09 1.00717573939664e-11 
8.12600494083985e-01 2.27248415216358e-09 9.51999542296011e-12 
8.14007594506641e-01 2.15286810993375e-09 8.99848437554127e-12 
8.15414694929297e-01 2.03954352352390e-09 8.50556440668374e-12 
8.16821795351953e-01 1.93217976771317e-09 8.03966681720973e-12 
8.18228895774610e-01 1.83046357465712e-09 7.59930904490800e-12 
8.19635996197266e-01 1.73409812371570e-09 7.18308993111781e-12 
8.21043096619922e-01 1.64280217894267e-09 6.78968524761870e-12 
8.22450197042578e-01 1.55630927174463e-09 6.41784346950079e-12 
8.23857297465235e-01 1.47436692634800e-09 6.06638178047946e-12 
8.25264397887891e-01 1.39673592583536e-09 5.73418229786369e-12 
8.26671498310547e-01 1.32318961662954e-09 5.42018850509100e-12 
8.28078598733203e-01 1.25351324941457e-09 5.12340188040836e-12 
8.29485699155860e-01 1.18750335458747e-09 4.84287871090660e-12 
8.30892799578516e-01 1.12496715043461e-09 4.57772708171036e-12 
8.32299900001172e-01 1.06572198232037e-09 4.32710403068706e-12 
8.33707000423828e-01 1.00959479126565e-09 4.09021285956859e-12 
8.35114100846485e-01 9.56421610378068e-10 3.86630059288150e-12 
8.36521201269141e-01 9.06047087676459e-10 3.65465557655402e-12 
8.37928301691797e-01 8.58324033928169e-10 3.45460520851693e-12 
8.39335402114453e-01 8.13112994189857e-10 3.26551379403784e-12 
8.40742502537110e-01 7.70281841811025e-10 3.08678051892751e-12 
8.42149602959766e-01 7.29705393724246e-10 2.91783753413573e-12 
8.43556703382422e-01 6.91265045907581e-10 2.75814814560982e-12 
8.44963803805078e-01 6.54848427962904e-10 2.60720510362688e-12 
8.46370904227735e-01 6.20349075809098e-10 2.46452898612917e-12 
8.47778004650391e-01 5.87666121541400e-10 2.32966667089301e-12 
8.49185105073047e-01 5.56703999557795e-10 2.20218989164648e-12 
8.50592205495703e-01 5.27372168100376e-10 2.08169387351939e-12 
8.51999305918360e-01 4.99584845404142e-10 1.96779604346364e-12 
8.53406406341016e-01 4.73260759687954e-10 1.86013481152174e-12 
8.54813506763672e-01 4.48322912262383e-10 1.75836841904812e-12 
8.56220607186328e-01 4.24698353067167e-10 1.66217385020230e-12 
8.57627707608985e-01 4.02317967986889e-10 1.57124580323555e-12 
8.59034808031641e-01 3.81116277327637e-10 1.48529571828381e-12 
8.60441908454297e-01 3.61031244869670e-10 1.40405085856061e-12 
8.61849008876953e-01 3.42004096941731e-10 1.32725344201482e-12 
8.63256109299610e-01 3.23979150991685e-10 1.25465982067914e-12 
8.64663209722266e-01 3.06903653155630e-10 1.18603970508811e-12 
8.66070310144922e-01 2.90727624353715e-10 1.12117543128851e-12 
8.67477410567578e-01 2.75403714465589e-10 1.05986126810139e-12 
8.68884510990235e-01 2.60887064161805e-10 1.00190276242337e-12 
8.70291611412891e-01 2.47135173989710e-10 9.47116120477037e-13 
8.71698711835547e-01 2.34107780333357e-10 8.95327623034799e-13 
8.73105812258203e-01 2.21766737886908e-10 8.46373072749375e-13 
8.74512912680860e-01 2.10075908299889e-10 8.00097271826768e-13 
8.75920013103516e-01 1.99001054670536e-10 7.56353528374558e-13 
8.77327113526172e-01 1.88509741580457e-10 7.15003189850002e-13 
8.78734213948828e-01 1.78571240379880e-10 6.75915202119069e-13 
8.80141314371485e-01 1.69156439448010e-10 6.38965692719430e-13 
8.81548414794141e-01 1.60237759167450e-10 6.04037576997743e-13 
8.82955515216797e-01 1.51789071365311e-10 5.71020185864695e-13 
8.84362615639453e-01 1.43785622986616e-10 5.39808913980317e-13 
8.85769716062110e-01 1.36203963777868e-10 5.10304887247405e-13 
8.87176816484766e-01 1.29021877770323e-10 4.82414648552549e-13 
8.88583916907422e-01 1.22218318363515e-10 4.56049860752548e-13 
8.89991017330078e-01 1.15773346820050e-10 4.31127025959079e-13 
8.91398117752735e-01 1.09668073992599e-10 4.07567220226608e-13 
8.92805218175391e-01 1.03884605113393e-10 3.85295842797634e-13 
8.94212318598047e-01 9.84059874854369e-11 3.64242379105886e-13 
8.95619419020703e-01 9.32161609230859e-11 3.44340176782033e-13 
8.97026519443360e-01 8.82999107976138e-11 3.25526233947979e-13 
8.98433619866016e-01 8.36428235509833e-11 3.07740999125016e-13 
8.99840720288672e-01 7.92312445481954e-11 2.90928182118229e-13 
9.01247820711328e-01 7.50522381454007e-11 2.75034575274545e-13 
9.02654921133985e-01 7.10935498573959e-11 2.60009884544939e-13 
9.04062021556641e-01 6.73435705142330e-11 2.45806569812601e-13 
9.05469121979297e-01 6.37913023024593e-11 2.32379693978436e-13 
9.06876222401953e-01 6.04263265919825e-11 2.19686780323216e-13 
9.08283322824610e-01 5.72387734547570e-11 2.07687677692087e-13 
9.09690423247266e-01 5.42192927864036e-11 1.96344433072106e-13 
9.11097523669922e-01 5.13590269465471e-11 1.85621171157084e-13 
9.12504624092578e-01 4.86495848380700e-11 1.75483980516236e-13 
9.13911724515235e-01 4.60830173496728e-11 1.65900806004286e-13 
9.15318824937891e-01 4.36517940901004e-11 1.56841347070487e-13 
9.16725925360547e-01 4.13487813461540e-11 1.48276961642903e-13 
9.18133025783203e-01 3.91672212001708e-11 1.40180575282036e-13 
9.19540126205860e-01 3.71007117460333e-11 1.32526595314667e-13 
9.20947226628516e-01 3.51431883459677e-11 1.25290829674698e-13 
9.22354327051172e-01 3.32889058734231e-11 1.18450410192750e-13 
9.23761427473828e-01 3.15324218901965e-11 1.11983720090468e-13 
9.25168527896485e-01 2.98685807086916e-11 1.05870325448868e-13 
9.26575628319141e-01 2.82924982927760e-11 1.00090910432744e-13 
9.27982728741797e-01 2.67995479531496e-11 9.46272160651022e-14 
9.29389829164453e-01 2.53853467954494e-11 8.94619823569153e-14 
9.30796929587110e-01 2.40457428815116e-11 8.45788936081627e-14 
9.32204030009766e-01 2.27768030662908e-11 7.99625267062317e-14 
9.33611130432422e-01 2.15748014749079e-11 7.55983022573088e-14 
9.35018230855078e-01 2.04362085861612e-11 7.14724383953941e-14 
9.36425331277735e-01 1.93576808906081e-11 6.75719071221137e-14 
9.37832431700391e-01 1.83360510929976e-11 6.38843930385563e-14 
9.39239532123047e-01 1.73683188304234e-11 6.03982543379787e-14 
9.40646632545703e-01 1.64516418790722e-11 5.71024859354184e-14 
9.42053732968360e-01 1.55833278238645e-11 5.39866846170555e-14 
9.43460833391016e-01 1.47608261666408e-11 5.10410160985962e-14 
9.44867933813672e-01 1.39817208498211e-11 4.82561838880222e-14 
9.46275034236328e-01 1.32437231736811e-11 4.56233998537954e-14 
9.47682134658985e-01 1.25446650865369e-11 4.31343564050325e-14 
9.49089235081641e-01 1.18824928282175e-11 4.07812001952923e-14 
9.50496335504297e-01 1.12552609082375e-11 3.85565072664617e-14 
9.51903435926953e-01 1.06611264010583e-11 3.64532595538196e-14 
9.53310536349610e-01 1.00983435417525e-11 3.44648226776724e-14 
9.54717636772266e-01 9.56525860626378e-12 3.25849249510545e-14 
9.56124737194922e-01 9.06030506128532e-12 3.08076375368544e-14 
9.57531837617578e-01 8.58199896956764e-12 2.91273556913813e-14 
9.58938938040235e-01 8.12893463721242e-12 2.75387810348365e-14 
9.60346038462891e-01 7.69978049021668e-12 2.60369047924258e-14 
9.61753138885547e-01 7.29327516820060e-12 2.46169919529330e-14 
9.63160239308203e-01 6.90822382388749e-12 2.32745662944837e-14 
9.64567339730860e-01 6.54349461750544e-12 2.20053962299958e-14 
9.65974440153516e-01 6.19801539584989e-12 2.08054814274079e-14 
9.67381540576172e-01 5.87077054628607e-12 1.96710401622464e-14 
9.68788640998828e-01 5.56079801648181e-12 1.85984973624139e-14 
9.70195741421485e-01 5.26718649114528e-12 1.75844733072831e-14 
9.71602841844141e-01 4.98907271750182e-12 1.66257729452578e-14 
9.73009942266797e-01 4.72563897167842e-12 1.57193757959288e-14 
9.74417042689453e-01 4.47611065857671e-12 1.48624264048065e-14 
9.75824143112110e-01 4.23975403820557e-12 1.40522253203695e-14 
9.77231243534766e-01 4.01587407181445e-12 1.32862205648248e-14 
9.78638343957422e-01 3.80381238151875e-12 1.25619995715460e-14 
9.80045444380078e-01 3.60294531744058e-12 1.18772815636333e-14 
9.81452544802735e-01 3.41268212670296e-12 1.12299103494427e-14 
9.82859645225391e-01 3.23246321891325e-12 1.06178475122554e-14 
9.84266745648047e-01 3.06175852305401e-12 1.00391659725057e-14 
9.85673846070703e-01 2.90006593096702e-12 9.49204390217371e-15 
9.87080946493360e-01 2.74690982286943e-12 8.97475897206165e-15 
9.88488046916016e-01 2.60183967058137e-12 8.48568291373205e-15 
9.89895147338672e-01 2.46442871437134e-12 8.02327637888255e-15 
9.91302247761328e-01 2.33427270954171e-12 7.58608407987683e-15 
9.92709348183985e-01 2.21098873908034e-12 7.17273019604280e-15 
9.94116448606641e-01 2.09421408889811e-12 6.78191403119160e-15 
9.95523549029297e-01 1.98360518235505e-12 6.41240590860806e-15 
9.96930649451953e-01 1.87883657095167e-12 6.06304329051688e-15 
9.98337749874610e-01 1.77959997822627e-12 5.73272710973974e-15 
9.99744850297266e-01 1.68560339405510e-12 5.42071014997897e-15 
1.00115195071992e+00 1.59657027757158e-12 5.12655020933685e-15 
1.00255905114258e+00 1.51223873486191e-12 4.84891669584483e-15 
1.00396615156523e+00 1.43236055562471e-12 4.58632423557215e-15 
1.00537325198789e+00 1.35670062949596e-12 4.33795766170241e-15 
1.00678035241055e+00 1.28503625489009e-12 4.10304600295816e-15 
1.00818745283320e+00 1.21715648429376e-12 3.88086008656034e-15 
1.00959455325586e+00 1.15286150409067e-12 3.67071027124593e-15 
1.01100165367852e+00 1.09196204709675e-12 3.47194430328450e-15 
1.01240875410117e+00 1.03427883608127e-12 3.28394528881768e-15 
1.01381585452383e+00 9.79642056639974e-13 3.10612977620794e-15 
1.01522295494648e+00 9.27890857872823e-13 2.93794594242591e-15 
1.01663005536914e+00 8.78872879400175e-13 2.77887187782961e-15 
1.01803715579180e+00 8.32443803328678e-13 2.62841396399570e-15 
1.01944425621445e+00 7.88466929851263e-13 2.48610533955270e-15 
1.02085135663711e+00 7.46812775235020e-13 2.35150444924017e-15 
1.02225845705977e+00 7.07358691016384e-13 2.22419367167737e-15 
1.02366555748242e+00 6.69988503285310e-13 2.10377802156981e-15 
1.02507265790508e+00 6.34592170999062e-13 1.98988392231456e-15 
1.02647975832773e+00 6.01065462322062e-13 1.88215804518365e-15 
1.02788685875039e+00 5.69309648041180e-13 1.78026621147302e-15 
1.02929395917305e+00 5.39231211155929e-13 1.68389235420035e-15 
1.03070105959570e+00 5.10741571790522e-13 1.59273753612024e-15 
1.03210816001836e+00 4.83756826619699e-13 1.50651902100126e-15 
1.03351526044102e+00 4.58197502042857e-13 1.42496939527468e-15 
1.03492236086367e+00 4.33988320381355e-13 1.34783573732185e-15 
1.03632946128633e+00 4.11057978412096e-13 1.27487883181552e-15 
1.03773656170898e+00 3.89338937586717e-13 1.20587242667067e-15 
1.03914366213164e+00 3.68767225320012e-13 1.14060253029298e-15 
1.04055076255430e+00 3.49282246763714e-13 1.07886674693872e-15 
1.04195786297695e+00 3.30826606512548e-13 1.02047364811843e-15 
1.04336496339961e+00 3.13345939718637e-13 9.65242178088997e-16 
1.04477206382227e+00 2.96788752117960e-13 9.13001091584662e-16 
1.04617916424492e+00 2.81106268498734e-13 8.63588422038289e-16 
1.04758626466758e+00 2.66252289166384e-13 8.16850978638633e-16 
1.04899336509023e+00 2.52183053983254e-13 7.72643870659540e-16 
1.05040046551289e+00 2.38857113583439e-13 7.30830057581574e-16 
1.05180756593555e+00 2.26235207384221e-13 6.91279923607053e-16 
1.05321466635820e+00 2.14280148035535e-13 6.53870875245303e-16 
1.05462176678086e+00 2.02956711967788e-13 6.18486960716782e-16 
1.05602886720352e+00 1.92231535716314e-13 5.85018509992566e-16 
1.05743596762617e+00 1.82073017717665e-13 5.53361794349992e-16 
1.05884306804883e+00 1.72451225289038e-13 5.23418704385918e-16 
1.06025016847148e+00 1.63337806517374e-13 4.95096445486518e-16 
1.06165726889414e+00 1.54705906799062e-13 4.68307249806847e-16 
1.06306436931680e+00 1.46530089784873e-13 4.42968103864762e-16 
1.06447146973945e+00 1.38786262497667e-13 4.19000490902409e-16 
1.06587857016211e+00 1.31451604402702e-13 3.96330147214361e-16 
1.06728567058477e+00 1.24504500221962e-13 3.74886831685021e-16 
1.06869277100742e+00 1.17924476294945e-13 3.54604107818930e-16 
1.07009987143008e+00 1.11692140298768e-13 3.35419137586506e-16 
1.07150697185273e+00 1.05789124150305e-13 3.17272486444505e-16 
1.07291407227539e+00 1.00198029922441e-13 3.00107938925244e-16 
1.07432117269805e+00 9.49023786153880e-14 2.83872324221477e-16 
1.07572827312070e+00 8.98865616323727e-14 2.68515351224940e-16 
1.07713537354336e+00 8.51357948169911e-14 2.53989452505952e-16 
1.07854247396602e+00 8.06360749170244e-14 2.40249636749273e-16 
1.07994957438867e+00 7.63741383466620e-14 2.27253349187729e-16 
1.08135667481133e+00 7.23374221258245e-14 2.14960339599966e-16 
1.08276377523398e+00 6.85140268816842e-14 2.03332537462217e-16 
1.08417087565664e+00 6.48926818035398e-14 1.92333933866224e-16 
1.08557797607930e+00 6.14627114479476e-14 1.81930469836479e-16 
1.08698507650195e+00 5.82140042964499e-14 1.72089930699858e-16 
1.08839217692461e+00 5.51369829733949e-14 1.62781846179508e-16 
1.08979927734727e+00 5.22225760362217e-14 1.53977395902689e-16 
1.09120637776992e+00 4.94621912552115e-14 1.45649320029065e-16 
1.09261347819258e+00 4.68476903040817e-14 1.37771834721856e-16 
1.09402057861523e+00 4.43713647869507e-14 1.30320552199353e-16 
1.09542767903789e+00 4.20259135311317e-14 1.23272405118479e-16 
1.09683477946055e+00 3.98044210789333e-14 1.16605575055594e-16 
1.09824187988320e+00 3.77003373151749e-14 1.10299424862448e-16 
1.09964898030586e+00 3.57074581704618e-14 1.04334434687219e-16 
1.10105608072852e+00 3.38199073434311e-14 9.86921414620109e-17 
1.10246318115117e+00 3.20321189881753e-14 9.33550816688950e-17 
1.10387028157383e+00 3.03388213158895e-14 8.83067372068090e-17 
1.10527738199648e+00 2.87350210624783e-14 8.35314841912562e-17 
1.10668448241914e+00 2.72159887764045e-14 7.90145445278445e-17 
1.10809158284180e+00 2.57772448834758e-14 7.47419401093370e-17 
1.10949868326445e+00 2.44145464875499e-14 7.07004494940298e-17 
1.11090578368711e+00 2.31238748683049e-14 6.68775669309854e-17 
1.11231288410977e+00 2.19014236392709e-14 6.32614636049367e-17 
1.11371998453242e+00 2.07435875312640e-14 5.98409509805751e-17 
1.11512708495508e+00 1.96469517681998e-14 5.66054461324542e-17 
1.11653418537773e+00 1.86082820040116e-14 5.35449389529098e-17 
1.11794128580039e+00 1.76245147910445e-14 5.06499611362301e-17 
1.11934838622305e+00 1.66927485518634e-14 4.79115568428262e-17 
1.12075548664570e+00 1.58102350278946e-14 4.53212549523681e-17 
1.12216258706836e+00 1.49743711797211e-14 4.28710428197924e-17 
1.12356968749102e+00 1.41826915151842e-14 4.05533414527470e-17 
1.12497678791367e+00 1.34328608226997e-14 3.83609820334574e-17 
1.12638388833633e+00 1.27226672883927e-14 3.62871837121712e-17 
1.12779098875898e+00 1.20500159767822e-14 3.43255326032884e-17 
1.12919808918164e+00 1.14129226558171e-14 3.24699619190143e-17 
1.13060518960430e+00 1.08095079480811e-14 3.07147331789084e-17 
1.13201229002695e+00 1.02379917909394e-14 2.90544184370399e-17 
1.13341939044961e+00 9.69668818931435e-15 2.74838834716221e-17 
1.13482649087227e+00 9.18400024563546e-15 2.59982718849817e-17 
1.13623359129492e+00 8.69841545232579e-15 2.45929900645485e-17 
1.13764069171758e+00 8.23850123296030e-15 2.32636929582220e-17 
1.13904779214023e+00 7.80290071896290e-15 2.20062706199996e-17 
1.14045489256289e+00 7.39032874940284e-15 2.08168354841425e-17 
1.14186199298555e+00 6.99956808210755e-15 1.96917103284117e-17 
1.14326909340820e+00 6.62946580493170e-15 1.86274168890544e-17 
1.14467619383086e+00 6.27892993661072e-15 1.76206650922342e-17 
1.14608329425352e+00 5.94692620718620e-15 1.66683428685155e-17 
1.14749039467617e+00 5.63247500851833e-15 1.57675065188235e-17 
1.14889749509883e+00 5.33464850590217e-15 1.49153716020088e-17 
1.15030459552148e+00 5.05256790227837e-15 1.41093043157659e-17 
1.15171169594414e+00 4.78540084697846e-15 1.33468133441864e-17 
1.15311879636680e+00 4.53235898137063e-15 1.26255421466721e-17 
1.15452589678945e+00 4.29269561417472e-15 1.19432616643068e-17 
1.15593299721211e+00 4.06570351959719e-15 1.12978634210776e-17 
1.15734009763477e+00 3.85071285179866e-15 1.06873529985624e-17 
1.15874719805742e+00 3.64708916954886e-15 1.01098438638585e-17 
1.16015429848008e+00 3.45423156524871e-15 9.56355153162280e-18 
1.16156139890273e+00 3.27157089280641e-15 9.04678804213180e-18 
1.16296849932539e+00 3.09856808914559e-15 8.55795673824675e-18 
1.16437559974805e+00 2.93471258439957e-15 8.09554732509957e-18 
1.16578270017070e+00 2.77952079610658e-15 7.65813119718995e-18 
1.16718980059336e+00 2.63253470296867e-15 7.24435701841391e-18 
1.16859690101602e+00 2.49332049397109e-15 6.85294654132838e-18 
1.17000400143867e+00 2.36146728888108e-15 6.48269065269818e-18 
1.17141110186133e+00 2.23658592635510e-15 6.13244563307371e-18 
1.17281820228398e+00 2.11830781608294e-15 5.80112961881074e-18 
1.17422530270664e+00 2.00628385158560e-15 5.48771925557163e-18 
1.17563240312930e+00 1.90018338046256e-15 5.19124653294123e-18 
1.17703950355195e+00 1.79969322905335e-15 4.91079579035155e-18 
1.17844660397461e+00 1.70451677863863e-15 4.64550088504115e-18 
1.17985370439727e+00 1.61437309045785e-15 4.39454251327668e-18 
1.18126080481992e+00 1.52899607696429e-15 4.15714567653967e-18 
1.18266790524258e+00 1.44813371687468e-15 3.93257728483088e-18 
1.18407500566523e+00 1.37154731169950e-15 3.72014388966928e-18 
1.18548210608789e+00 1.29901078156235e-15 3.51918953976495e-18 
1.18688920651055e+00 1.23030999823256e-15 3.32909375272530e-18 
1.18829630693320e+00 1.16524215340478e-15 3.14926959651373e-18 
1.18970340735586e+00 1.10361516036322e-15 2.97916187471955e-18 
1.19111050777852e+00 1.04524708726674e-15 2.81824541002027e-18 
1.19251760820117e+00 9.89965620383738e-16 2.66602342052133e-18 
1.19392470862383e+00 9.37607555694571e-16 2.52202598394587e-18 
1.19533180904648e+00 8.88018317362498e-16 2.38580858491998e-18 
1.19673890946914e+00 8.41051501653404e-16 2.25695074085571e-18 
1.19814600989180e+00 7.96568444959624e-16 2.13505470217792e-18 
1.19955311031445e+00 7.54437814654169e-16 2.01971309406100e-18 
1.20096021073711e+00 7.14535217072318e-16 1.91044334120882e-18 
1.20236731115977e+00 6.76742821225379e-16 1.80696301092354e-18 
1.20377441158242e+00 6.40949047003965e-16 1.70909015108388e-18 
1.20518151200508e+00 6.07048213373578e-16 1.61652076582348e-18 
1.20658861242773e+00 5.74940226550999e-16 1.52896734720056e-18 
1.20799571285039e+00 5.44530284660584e-16 1.44615798051685e-18 
1.20940281327305e+00 5.15728597999687e-16 1.36783549820801e-18 
1.21080991369570e+00 4.88450124088418e-16 1.29375667966723e-18 
1.21221701411836e+00 4.62614316722516e-16 1.22369149450717e-18 
1.21362411454102e+00 4.38144888289398e-16 1.15742238690105e-18 
1.21503121496367e+00 4.14969584646527e-16 1.09474359877170e-18 
1.21643831538633e+00 3.93019971898269e-16 1.03546052971889e-18 
1.21784541580898e+00 3.72231234442491e-16 9.79389131689629e-19 
1.21925251623164e+00 3.52541983691356e-16 9.26355336504696e-19 
1.22065961665430e+00 3.33894076902235e-16 8.76194514457202e-19 
1.22206671707695e+00 3.16232445584478e-16 8.28750962295768e-19 
1.22347381749961e+00 2.99504932975993e-16 7.83877418996748e-19 
1.22488091792227e+00 2.83662140110319e-16 7.41434607816505e-19 
1.22628801834492e+00 2.68657280020220e-16 7.01290803196815e-19 
1.22769511876758e+00 2.54446039647803e-16 6.63321421173901e-19 
1.22910221919023e+00 2.40986449053876e-16 6.27408632014954e-19 
1.23050931961289e+00 2.28238757540792e-16 5.93440993875347e-19 
1.23191642003555e+00 2.16165316323413e-16 5.61313106335274e-19 
1.23332352045820e+00 2.04730467402109e-16 5.30925282736524e-19 
1.23473062088086e+00 1.93900438310029e-16 5.02183240298770e-19 
1.23613772130352e+00 1.83643242424161e-16 4.74997807050126e-19 
1.23754482172617e+00 1.73928584546146e-16 4.49284644659233e-19 
1.23895192214883e+00 1.64727771474308e-16 4.24963986305633e-19 
1.24035902257148e+00 1.56013627303107e-16 4.01960388772123e-19 
1.24176612299414e+00 1.47760413200156e-16 3.80202497987083e-19 
1.24317322341680e+00 1.39943751424141e-16 3.59622827286734e-19 
1.24458032383945e+00 1.32540553359492e-16 3.40157547706891e-19 
1.24598742426211e+00 1.25528951355497e-16 3.21746289651292e-19 
1.24739452468477e+00 1.18888234168778e-16 3.04331955319033e-19 
1.24880162510742e+00 1.12598785818658e-16 2.87860541307182e-19 
1.25020872553008e+00 1.06642027675036e-16 2.72280970836314e-19 
1.25161582595273e+00 1.01000363607900e-16 2.57544935076761e-19 
1.25302292637539e+00 9.56571280366430e-17 2.43606743081665e-19 
1.25443002679805e+00 9.05965367259092e-17 2.30423179859748e-19 
1.25583712722070e+00 8.58036401827916e-17 2.17953372146122e-19 
1.25724422764336e+00 8.12642795178660e-17 2.06158661453387e-19 
1.25865132806602e+00 7.69650446398302e-17 1.95002484007962e-19 
1.26005842848867e+00 7.28932346603894e-17 1.84450257198046e-19 
1.26146552891133e+00 6.90368203925504e-17 1.74469272179903e-19 
1.26287262933398e+00 6.53844088316655e-17 1.65028592308305e-19 
1.26427972975664e+00 6.19252095144109e-17 1.56098957075144e-19 
1.26568683017930e+00 5.86490026564279e-17 1.47652691257363e-19 
1.26709393060195e+00 5.55461089746008e-17 1.39663618991570e-19 
1.26850103102461e+00 5.26073611049143e-17 1.32106982508058e-19 
1.26990813144727e+00 4.98240765315411e-17 1.24959365271456e-19 
1.27131523186992e+00 4.71880319472690e-17 1.18198619288931e-19 
1.27272233229258e+00 4.46914389695993e-17 1.11803796359887e-19 
1.27412943271523e+00 4.23269211408466e-17 1.05755083053327e-19 
1.27553653313789e+00 4.00874921443602e-17 1.00033739210676e-19 
1.27694363356055e+00 3.79665351725745e-17 9.46220397828346e-20 
1.27835073398320e+00 3.59577833859935e-17 8.95032198206001e-20 
1.27975783440586e+00 3.40553014054350e-17 8.46614224474164e-20 
1.28116493482852e+00 3.22534677829061e-17 8.00816496526940e-20 
1.28257203525117e+00 3.05469583993725e-17 7.57497157527176e-20 
1.28397913567383e+00 2.89307307404161e-17 7.16522033744594e-20 
1.28538623609648e+00 2.74000090033676e-17 6.77764218254682e-20 
1.28679333651914e+00 2.59502699919532e-17 6.41103677204289e-20 
1.28820043694180e+00 2.45772297568199e-17 6.06426877420126e-20 
1.28960753736445e+00 2.32768309425019e-17 5.73626434202654e-20 
1.29101463778711e+00 2.20452308034797e-17 5.42600778210786e-20 
1.29242173820977e+00 2.08787898539537e-17 5.13253840402122e-20 
1.29382883863242e+00 1.97740611178259e-17 4.85494754049630e-20 
1.29523593905508e+00 1.87277799471568e-17 4.59237572908815e-20 
1.29664303947773e+00 1.77368543790378e-17 4.34401004659635e-20 
1.29805013990039e+00 1.67983560024122e-17 4.10908158794935e-20 
1.29945724032305e+00 1.59095113078806e-17 3.88689734391027e-20 
1.30086434074570e+00 1.50676935366134e-17 3.67701467416797e-20 
1.30227144116836e+00 1.42704151350032e-17 3.47870584737554e-20 
1.30367854159102e+00 1.35153197951378e-17 3.29109516158186e-20 
1.30508564201367e+00 1.28001758552992e-17 3.11360532260629e-20 
1.30649274243633e+00 1.21228697069841e-17 2.94569019728979e-20 
1.30789984285898e+00 1.14813995506120e-17 2.78683313099543e-20 
1.30930694328164e+00 1.08738694814822e-17 2.63654535598084e-20 
1.31071404370430e+00 1.02984838885143e-17 2.49436448573323e-20 
1.31212114412695e+00 9.75354214923378e-18 2.35985309062257e-20 
1.31352824454961e+00 9.23743360533362e-18 2.23259735047987e-20 
1.31493534497227e+00 8.74863280397683e-18 2.11220577994477e-20 
1.31634244539492e+00 8.28569499078505e-18 1.99830802265104e-20 
1.31774954581758e+00 7.84725184120386e-18 1.89055371053145e-20 
1.31915664624023e+00 7.43200741763820e-18 1.78861138472408e-20 
1.32056374666289e+00 7.03873434041828e-18 1.69216747475231e-20 
1.32197084708555e+00 6.66627016128755e-18 1.60092533283076e-20 
1.32337794750820e+00 6.31351392870241e-18 1.51460432031920e-20 
1.32478504793086e+00 5.97942293479949e-18 1.43293894350762e-20 
1.32619214835352e+00 5.66300963442291e-18 1.35567803606790e-20 
1.32759924877617e+00 5.36333872711193e-18 1.28258398565105e-20 
1.32900634919883e+00 5.07952439343055e-18 1.21343200224597e-20 
1.33041344962148e+00 4.81072767747633e-18 1.14800942604362e-20 
1.33182055004414e+00 4.55615400783758e-18 1.08611507267315e-20 
1.33322765046680e+00 4.31505084967643e-18 1.02755861379127e-20 
1.33463475088945e+00 4.08670548100310e-18 9.72159991115542e-21 
1.33604185131211e+00 3.87044288657287e-18 9.19748862095268e-21 
1.33744895173477e+00 3.66562376318496e-18 8.70164075511217e-21 
1.33885605215742e+00 3.47164263049129e-18 8.23253175387898e-21 
1.34026315258008e+00 3.28792604173489e-18 7.78871931689274e-21 
1.34167025300273e+00 3.11393088913255e-18 7.36883896351449e-21 
1.34307735342539e+00 2.94914279889612e-18 6.97159983284045e-21 
1.34448445384805e+00 2.79307461115128e-18 6.59578071045850e-21 
1.34589155427070e+00 2.64526494026365e-18 6.24022626970251e-21 
1.34729865469336e+00 2.50527681131926e-18 5.90384351582148e-21 
1.34870575511602e+00 2.37269636873157e-18 5.58559842210610e-21 
1.35011285553867e+00 2.24713165316005e-18 5.28451274760642e-21 
1.35151995596133e+00 2.12821144312727e-18 4.99966102663538e-21 
1.35292705638398e+00 2.01558415791238e-18 4.73016772078205e-21 
1.35433415680664e+00 1.90891681847987e-18 4.47520452465956e-21 
1.35574125722930e+00 1.80789406337407e-18 4.23398781708622e-21 
1.35714835765195e+00 1.71221721667188e-18 4.00577624984772e-21 
1.35855545807461e+00 1.62160340524034e-18 3.78986846661144e-21 
1.35996255849727e+00 1.53578472269100e-18 3.58560094496574e-21 
1.36136965891992e+00 1.45450743756121e-18 3.39234595493618e-21 
1.36277675934258e+00 1.37753124338271e-18 3.20950962769011e-21 
1.36418385976523e+00 1.30462854842225e-18 3.03653012848041e-21 
1.36559096018789e+00 1.23558380299545e-18 2.87287592820063e-21 
1.36699806061055e+00 1.17019286236663e-18 2.71804416822750e-21 
1.36840516103320e+00 1.10826238335213e-18 2.57155911351451e-21 
1.36981226145586e+00 1.04960925284449e-18 2.43297068917225e-21 
1.37121936187852e+00 9.94060046568772e-19 2.30185309602824e-21 
1.37262646230117e+00 9.41450516472037e-19 2.17780350090259e-21 
1.37403356272383e+00 8.91625105231236e-19 2.06044079756617e-21 
1.37544066314648e+00 8.44436486445062e-19 1.94940443456541e-21 
1.37684776356914e+00 7.99745129151128e-19 1.84435330630426e-21 
1.37825486399180e+00 7.57418885381715e-19 1.74496470396865e-21 
1.37966196441445e+00 7.17332599539369e-19 1.65093332306289e-21 
1.38106906483711e+00 6.79367738438118e-19 1.56197032450248e-21 
1.38247616525977e+00 6.43412040917112e-19 1.47780244637211e-21 
1.38388326568242e+00 6.09359185991308e-19 1.39817116361423e-21 
1.38529036610508e+00 5.77108478558612e-19 1.32283189306110e-21 
1.38669746652773e+00 5.46564551734735e-19 1.25155324136271e-21 
1.38810456695039e+00 5.17637084936142e-19 1.18411629349536e-21 
1.38951166737305e+00 4.90240536878031e-19 1.12031393966067e-21 
1.39091876779570e+00 4.64293892698308e-19 1.05995023850279e-21 
1.39232586821836e+00 4.39720424460285e-19 1.00283981468386e-21 
1.39373296864102e+00 4.16447464326339e-19 9.48807288963157e-22 
1.39514006906367e+00 3.94406189732232e-19 8.97686739025805e-22 
1.39654716948633e+00 3.73531419927209e-19 8.49321189401522e-22 
1.39795426990898e+00 3.53761423278624e-19 8.03562128903387e-22 
1.39936137033164e+00 3.35037734771603e-19 7.60269054101491e-22 
1.40076847075430e+00 3.17304983164407e-19 7.19309037426429e-22 
1.40217557117695e+00 3.00510727288673e-19 6.80556318573461e-22 
1.40358267159961e+00 2.84605301010745e-19 6.43891917949955e-22 
1.40498977202227e+00 2.69541666395878e-19 6.09203270976522e-22 
1.40639687244492e+00 2.55275274641369e-19 5.92051090051747e-22 
