Energy(eV)           EEDF(eV^-(3/2))      Anisotropy(eV^-(3/2))
2.01954618703998e-01 2.86258498913383e-02 4.43357336389669e-03 
6.05863856111995e-01 2.84561699138682e-02 1.41819952454311e-02 
1.00977309351999e+00 2.82725661331388e-02 1.34513354228843e-02 
1.41368233092799e+00 2.80600585601762e-02 1.30296604600547e-02 
1.81759156833598e+00 2.78210370770273e-02 1.26579882002541e-02 
2.22150080574398e+00 2.75597200387554e-02 1.22982299618328e-02 
2.62541004315198e+00 2.72718820332264e-02 1.19468439450392e-02 
3.02931928055997e+00 2.69492582648214e-02 1.16097050743255e-02 
3.43322851796797e+00 2.65986985976808e-02 1.12832421166483e-02 
3.83713775537597e+00 2.62236308865325e-02 1.09716623162622e-02 
4.24104699278396e+00 2.58267229596944e-02 1.06759873165478e-02 
4.64495623019196e+00 2.54053218282506e-02 1.03987930276462e-02 
5.04886546759996e+00 2.49647605535677e-02 1.01383858183102e-02 
5.45277470500795e+00 2.45032327365908e-02 9.89428058255744e-03 
5.85668394241595e+00 2.40196795115009e-02 9.66243181079107e-03 
6.26059317982395e+00 2.35147194562061e-02 9.44052867188262e-03 
6.66450241723194e+00 2.29872767662820e-02 9.22893948791086e-03 
7.06841165463994e+00 2.24382533113973e-02 9.02635070525940e-03 
7.47232089204793e+00 2.18596008039036e-02 8.83297989912067e-03 
7.87623012945593e+00 2.12482532357188e-02 8.64754528806179e-03 
8.28013936686393e+00 2.06074415830168e-02 8.46933190112131e-03 
8.68404860427193e+00 1.99459278654695e-02 8.29710674204690e-03 
9.08795784167992e+00 1.92645729485039e-02 8.13088905601167e-03 
9.49186707908792e+00 1.85642204135521e-02 7.97025986501949e-03 
9.89577631649591e+00 1.78456695514067e-02 7.81541393920925e-03 
1.02996855539039e+01 1.71168681771059e-02 7.66650769147058e-03 
1.07035947913119e+01 1.64003721992314e-02 7.52142680513562e-03 
1.11075040287199e+01 1.56957619649240e-02 7.38064313917476e-03 
1.15114132661279e+01 1.50027344778157e-02 7.24221572013596e-03 
1.19153225035359e+01 1.43206840653771e-02 7.10365097003579e-03 
1.23192317409439e+01 1.36517167147842e-02 6.96331770026682e-03 
1.27231409783519e+01 1.30017113726862e-02 6.82054868139260e-03 
1.31270502157599e+01 1.23704941454135e-02 6.67592534129531e-03 
1.35309594531679e+01 1.17579083252292e-02 6.52957134006400e-03 
1.39348686905759e+01 1.11638579368496e-02 6.38141071895210e-03 
1.43387779279839e+01 1.05880583035988e-02 6.23143216548215e-03 
1.47426871653919e+01 1.00304473580704e-02 6.07962825595831e-03 
1.51465964027999e+01 9.49061156526929e-03 5.92582768228270e-03 
1.55505056402079e+01 8.97000170835856e-03 5.76971633106704e-03 
1.59544148776159e+01 8.46877106223377e-03 5.61133299487571e-03 
1.63583241150239e+01 7.98517015574882e-03 5.44435588281663e-03 
1.67622333524319e+01 7.51992649292543e-03 5.26984763329670e-03 
1.71661425898399e+01 7.07322877711560e-03 5.09000397139861e-03 
1.75700518272478e+01 6.64753104874843e-03 4.90519580643408e-03 
1.79739610646558e+01 6.24240911942098e-03 4.71633321768577e-03 
1.83778703020638e+01 5.85821574820271e-03 4.52449461483471e-03 
1.87817795394718e+01 5.49423775355623e-03 4.33131999414979e-03 
1.91856887768798e+01 5.15078640973263e-03 4.13785243935435e-03 
1.95895980142878e+01 4.82696152075815e-03 3.94552187229249e-03 
1.99935072516958e+01 4.52267853374817e-03 3.75468558990683e-03 
2.03974164891038e+01 4.23539959552003e-03 3.56701915412408e-03 
2.08013257265118e+01 3.96336079407067e-03 3.38339251862465e-03 
2.12052349639198e+01 3.70582920644079e-03 3.20440383042615e-03 
2.16091442013278e+01 3.46270701346144e-03 3.03010373123051e-03 
2.20130534387358e+01 3.23325784549148e-03 2.86115822981356e-03 
2.24169626761438e+01 3.01738813873716e-03 2.69796582590664e-03 
2.28208719135518e+01 2.81465071907594e-03 2.54142511332756e-03 
2.32247811509598e+01 2.62464632318829e-03 2.39156128430634e-03 
2.36286903883678e+01 2.44655076358841e-03 2.24849494823312e-03 
2.40325996257758e+01 2.27996540897468e-03 2.11188423844755e-03 
2.44365088631838e+01 2.12415399777645e-03 1.98181671343488e-03 
2.48404181005918e+01 1.97870577047601e-03 1.85802888335817e-03 
2.52443273379998e+01 1.84293738880252e-03 1.74058310336952e-03 
2.56482365754078e+01 1.71588084260194e-03 1.62953487192238e-03 
2.60521458128158e+01 1.59693649266430e-03 1.52470130901570e-03 
2.64560550502238e+01 1.48575766015423e-03 1.42566623431171e-03 
2.68599642876318e+01 1.38180831067667e-03 1.33229862452262e-03 
2.72638735250398e+01 1.28477871097848e-03 1.24431860361184e-03 
2.76677827624478e+01 1.19425729589561e-03 1.16165538997701e-03 
2.80716919998558e+01 1.10991155945476e-03 1.08400533107964e-03 
2.84756012372638e+01 1.03128797778879e-03 1.01116873119306e-03 
2.88795104746718e+01 9.58087032270940e-04 9.42794421735923e-04 
2.92834197120797e+01 8.89910731125832e-04 8.78694898435621e-04 
2.96873289494877e+01 8.26490292873040e-04 8.18558444020569e-04 
3.00912381868957e+01 7.67476885085630e-04 7.62249411055753e-04 
3.04951474243037e+01 7.12611528577640e-04 7.09584795355392e-04 
3.08990566617117e+01 6.61573102173783e-04 6.60450644975068e-04 
3.13029658991197e+01 6.14136075689055e-04 6.14584901581573e-04 
3.17068751365277e+01 5.70024776914580e-04 5.71814561044797e-04 
3.21107843739357e+01 5.29040877546518e-04 5.31899879600473e-04 
3.25146936113437e+01 4.90945723011329e-04 4.94689413722607e-04 
3.29186028487517e+01 4.55567375271796e-04 4.59985790484140e-04 
3.33225120861597e+01 4.22706179179138e-04 4.27675489273258e-04 
3.37264213235677e+01 3.92218667241600e-04 3.97593030818347e-04 
3.41303305609757e+01 3.63918115226931e-04 3.69620742219389e-04 
3.45342397983837e+01 3.37663858064273e-04 3.43590552595991e-04 
3.49381490357917e+01 3.13295622321160e-04 3.19389856341400e-04 
3.53420582731997e+01 2.90695251360625e-04 2.96877476369892e-04 
3.57459675106077e+01 2.69723859950494e-04 2.75949768680937e-04 
3.61498767480157e+01 2.50270596646406e-04 2.56476870644544e-04 
3.65537859854237e+01 2.32217790426664e-04 2.38365742093173e-04 
3.69576952228317e+01 2.15474261921529e-04 2.21509865230205e-04 
3.73616044602397e+01 1.99938923727457e-04 2.05834333608880e-04 
3.77655136976477e+01 1.85534397986861e-04 1.91258015492899e-04 
3.81694229350557e+01 1.72181477988534e-04 1.77721869066564e-04 
3.85733321724637e+01 1.59808146687901e-04 1.65151095445444e-04 
3.89772414098717e+01 1.48336853888071e-04 1.53482520048146e-04 
3.93811506472797e+01 1.37705773418438e-04 1.42643624433982e-04 
3.97850598846877e+01 1.27848792119165e-04 1.32579884290783e-04 
4.01889691220956e+01 1.18712833329265e-04 1.23234587061742e-04 
4.05928783595037e+01 1.10246086939393e-04 1.14564806023272e-04 
4.09967875969116e+01 1.02401446265336e-04 1.06520923071337e-04 
4.14006968343196e+01 9.51293188865825e-05 9.90605796198272e-05 
4.18046060717276e+01 8.83892868919184e-05 9.21366301218189e-05 
4.22085153091356e+01 8.21392250575176e-05 8.57128106449980e-05 
4.26124245465436e+01 7.63448862668309e-05 7.97492493798652e-05 
4.30163337839516e+01 7.09703528212850e-05 7.42148038390031e-05 
4.34202430213596e+01 6.59860246102423e-05 6.90752436463404e-05 
4.38241522587676e+01 6.13613536912766e-05 6.43036055113620e-05 
4.42280614961756e+01 5.70710374291045e-05 5.98707759827886e-05 
4.46319707335836e+01 5.30890713837675e-05 5.57536548534303e-05 
4.50358799709916e+01 4.93938133508565e-05 5.19274531844316e-05 
4.54397892083996e+01 4.59631073577811e-05 4.83723636750697e-05 
4.58436984458076e+01 4.27784315390862e-05 4.50672548623952e-05 
4.62476076832156e+01 3.98208932841622e-05 4.19951319188610e-05 
4.66515169206236e+01 3.70746323468198e-05 3.91379627876896e-05 
4.70554261580316e+01 3.45235260200413e-05 3.64811564043754e-05 
4.74593353954396e+01 3.21539858061213e-05 3.40093100874550e-05 
4.78632446328476e+01 2.99522422929881e-05 3.17098576578867e-05 
4.82671538702556e+01 2.79066195682902e-05 2.95694591401030e-05 
4.86710631076636e+01 2.60052248234199e-05 2.75772122832953e-05 
4.90749723450716e+01 2.42381208665225e-05 2.57217659707562e-05 
4.94788815824796e+01 2.25952880520674e-05 2.39939173385321e-05 
4.98827908198876e+01 2.10681928792710e-05 2.23839186563747e-05 
5.02867000572956e+01 1.96476919756761e-05 2.08836408779459e-05 
5.06906092947036e+01 1.83245512878822e-05 1.94859027681316e-05 
5.10945185321116e+01 1.70917356831687e-05 1.81834285130200e-05 
5.14984277695196e+01 1.59432212693126e-05 1.69692846710706e-05 
5.19023370069276e+01 1.48729392812763e-05 1.58376494626361e-05 
5.23062462443355e+01 1.38756502681374e-05 1.47824413692121e-05 
5.27101554817435e+01 1.29460529661183e-05 1.37985680306429e-05 
5.31140647191515e+01 1.20796674355262e-05 1.28808300170678e-05 
5.35179739565595e+01 1.12719986114331e-05 1.20249212987393e-05 
5.39218831939675e+01 1.05191637626514e-05 1.12264211825296e-05 
5.43257924313755e+01 9.81727654373967e-06 1.04815919306731e-05 
5.47297016687835e+01 9.16297114574950e-06 9.78660951855124e-06 
5.51336109061915e+01 8.55288639138781e-06 9.13838226415291e-06 
5.55375201435995e+01 7.98424317173902e-06 8.53373632178707e-06 
5.59414293810075e+01 7.45411490237188e-06 7.96997205736634e-06 
5.63453386184155e+01 6.95992300882063e-06 7.44418142551806e-06 
5.67492478558235e+01 6.49911039421302e-06 6.95385513303895e-06 
5.71531570932315e+01 6.06944654970289e-06 6.49645647687202e-06 
5.75570663306395e+01 5.66872358558965e-06 6.06981320225421e-06 
5.79609755680475e+01 5.29501131546362e-06 5.67173498464695e-06 
5.83648848054555e+01 4.94640243019201e-06 5.30034055628497e-06 
5.87687940428635e+01 4.62122597803248e-06 4.95374139395943e-06 
5.91727032802715e+01 4.31783303705122e-06 4.63031590074489e-06 
5.95766125176795e+01 4.03477546187744e-06 4.32843324719707e-06 
5.99805217550875e+01 3.77062678115456e-06 4.04667984450981e-06 
6.03844309924955e+01 3.52413235651562e-06 3.78363888652469e-06 
6.07883402299035e+01 3.29405830221016e-06 3.53808356704722e-06 
6.11922494673115e+01 3.07931734968017e-06 3.30878824510702e-06 
6.15961587047195e+01 2.87884168620485e-06 3.09468903884560e-06 
6.20000679421275e+01 2.69168870632529e-06 2.89472512437168e-06 
6.24039771795355e+01 2.51693388099660e-06 2.70797352592415e-06 
6.28078864169435e+01 2.35375969277289e-06 2.53351560182776e-06 
6.32117956543515e+01 2.20136529627957e-06 2.37055029196480e-06 
6.36157048917594e+01 2.05904137956493e-06 2.21828167971324e-06 
6.40196141291675e+01 1.92609391462886e-06 2.07601418667325e-06 
6.44235233665754e+01 1.80190723448453e-06 1.94305769846092e-06 
6.48274326039834e+01 1.68587962986565e-06 1.81880780923071e-06 
6.52313418413914e+01 1.57747653133703e-06 1.70266595034588e-06 
6.56352510787994e+01 1.47617604314616e-06 1.59410694651503e-06 
6.60391603162074e+01 1.38151382783211e-06 1.49261146114633e-06 
6.64430695536154e+01 1.29303701445781e-06 1.39772297584402e-06 
6.68469787910234e+01 1.21034211232267e-06 1.30899068041379e-06 
6.72508880284314e+01 1.13303597313930e-06 1.22601757594054e-06 
6.76547972658394e+01 1.06076784304490e-06 1.14841215030443e-06 
6.80587065032474e+01 9.93196271870720e-07 1.07582902440506e-06 
6.84626157406554e+01 9.30016231767249e-07 1.00792802486585e-06 
6.88665249780634e+01 8.70931044849640e-07 9.44408559895070e-07 
6.92704342154714e+01 8.15675346107204e-07 8.84974926243383e-07 
6.96743434528794e+01 7.63991249431841e-07 8.29365407411939e-07 
7.00782526902874e+01 7.15647806891458e-07 7.77318432309669e-07 
7.04821619276954e+01 6.70416682245829e-07 7.28601184163546e-07 
7.08860711651034e+01 6.28096344955953e-07 6.82985802286926e-07 
7.12899804025114e+01 5.88493265307047e-07 6.40274078709779e-07 
7.16938896399194e+01 5.51433682931155e-07 6.00273335191166e-07 
7.20977988773274e+01 5.16748973040330e-07 5.62812210443744e-07 
7.25017081147354e+01 4.84287570763792e-07 5.27722649923644e-07 
7.29056173521434e+01 4.53902505184189e-07 4.94854974287730e-07 
7.33095265895514e+01 4.25461536031802e-07 4.64062547044198e-07 
7.37134358269594e+01 3.98836526858487e-07 4.35214580912583e-07 
7.41173450643674e+01 3.73912068197253e-07 4.08183075924177e-07 
7.45212543017754e+01 3.50576412128360e-07 3.82853710722126e-07 
7.49251635391833e+01 3.28728813123989e-07 3.59113370928432e-07 
7.53290727765913e+01 3.08266902077742e-07 3.36862339074974e-07 
7.57329820139993e+01 2.89093318308672e-07 3.16007894270119e-07 
7.61368912514073e+01 2.71124708650321e-07 2.96460435907650e-07 
7.65408004888153e+01 2.54285742904158e-07 2.78135435134616e-07 
7.69447097262233e+01 2.38503474470874e-07 2.60957057922304e-07 
7.73486189636313e+01 2.23711918468536e-07 2.44851303489874e-07 
7.77525282010393e+01 2.09847220877983e-07 2.29751706816926e-07 
7.81564374384473e+01 1.96851571152265e-07 2.15593467428407e-07 
7.85603466758553e+01 1.84669061769691e-07 2.02318319209932e-07 
7.89642559132633e+01 1.73249033792456e-07 1.89869503793768e-07 
7.93681651506713e+01 1.62542526302719e-07 1.78195931675561e-07 
7.97720743880793e+01 1.52505138525052e-07 1.67247876249397e-07 
8.01759836254873e+01 1.43093983543407e-07 1.56980531261272e-07 
8.05798928628953e+01 1.34270138054637e-07 1.47350320108592e-07 
8.09838021003033e+01 1.25996027427004e-07 1.38317938842574e-07 
8.13877113377113e+01 1.18237523517318e-07 1.29845191092057e-07 
8.17916205751193e+01 1.10961698882048e-07 1.21897592386499e-07 
8.21955298125273e+01 1.04138624077089e-07 1.14441654389552e-07 
8.25994390499353e+01 9.77394379672240e-08 1.07447114938669e-07 
8.30033482873433e+01 9.17378882833466e-08 1.00884606576642e-07 
8.34072575247513e+01 8.61086727428620e-08 9.47275670694042e-08 
8.38111667621593e+01 8.08287601523768e-08 8.89502368175130e-08 
8.42150759995673e+01 7.58759636595328e-08 8.35292987174361e-08 
8.46189852369753e+01 7.12300739205420e-08 7.84421619346483e-08 
8.50228944743833e+01 6.68716308854034e-08 7.36683657560341e-08 
8.54268037117913e+01 6.27828964517982e-08 6.91880939058848e-08 
8.58307129491993e+01 5.89467977536790e-08 6.49833765790041e-08 
8.62346221866073e+01 5.53477626903284e-08 6.10368178394861e-08 
8.66385314240153e+01 5.19708098169880e-08 5.73326301319796e-08 
8.70424406614232e+01 4.88022661288491e-08 5.38555390151974e-08 
8.74463498988312e+01 4.58289828639971e-08 5.05916715687825e-08 
8.78502591362392e+01 4.30389524050562e-08 4.75276133047315e-08 
8.82541683736472e+01 4.04206322754082e-08 4.46511714538086e-08 
8.86580776110552e+01 3.79634755671193e-08 4.19505789795134e-08 
8.90619868484632e+01 3.56573460804717e-08 3.94151693900031e-08 
8.94658960858712e+01 3.34929724818660e-08 3.70346394340341e-08 
8.98698053232792e+01 3.14614476642663e-08 3.47995725355731e-08 
9.02737145606872e+01 2.95546238951545e-08 3.27008565007077e-08 
9.06776237980952e+01 2.77646785574537e-08 3.07301916402182e-08 
9.10815330355032e+01 2.60844521096822e-08 2.88795698422865e-08 
9.14854422729112e+01 2.45070730940692e-08 2.71416922218117e-08 
9.18893515103192e+01 2.30262492209040e-08 2.55095195509446e-08 
9.22932607477272e+01 2.16359434184672e-08 2.39766318846760e-08 
9.26971699851352e+01 2.03306246485761e-08 2.25368404037205e-08 
9.31010792225432e+01 1.91049879336983e-08 2.11844972110343e-08 
9.35049884599512e+01 1.79541705647422e-08 1.99141600526927e-08 
9.39088976973592e+01 1.68735100348167e-08 1.87208593028279e-08 
9.43128069347672e+01 1.58587304920218e-08 1.75998082354052e-08 
9.47167161721752e+01 1.49057333611139e-08 1.65466332099029e-08 
9.51206254095832e+01 1.40107582030528e-08 1.55571232002968e-08 
9.55245346469912e+01 1.31702015360497e-08 1.46274283350547e-08 
9.59284438843992e+01 1.23807556726272e-08 1.37538432746914e-08 
9.63323531218072e+01 1.16392518778222e-08 1.29329785256156e-08 
9.67362623592152e+01 1.09427802488053e-08 1.21615730160061e-08 
9.71401715966232e+01 1.02885538854247e-08 1.14366419753052e-08 
9.75440808340311e+01 9.67401244451196e-09 1.07553147083543e-08 
9.79479900714392e+01 9.09670445931227e-09 1.01149622952076e-08 
9.83518993088472e+01 8.55437682982678e-09 9.51305712117046e-09 
9.87558085462551e+01 8.04487282392452e-09 8.94728319180983e-09 
9.91597177836631e+01 7.56620944738330e-09 8.41541445515188e-09 
9.95636270210711e+01 7.11648899995633e-09 7.91541013296228e-09 
9.99675362584791e+01 6.69396599645373e-09 7.44537024153087e-09 
1.00371445495887e+02 6.29700677282439e-09 7.00363838734152e-09 
1.00775354733295e+02 5.92410744855822e-09 6.58860744103073e-09 
1.01179263970703e+02 5.57376662135754e-09 6.19872117356796e-09 
1.01583173208111e+02 5.24460362109573e-09 5.83240824621975e-09 
1.01987082445519e+02 4.93530049141188e-09 5.48822868678131e-09 
1.02390991682927e+02 4.64464469402315e-09 5.16480318962353e-09 
1.02794900920335e+02 4.37147890799804e-09 4.86086708793038e-09 
1.03198810157743e+02 4.11473789642550e-09 4.57520921922133e-09 
1.03602719395151e+02 3.87340504793944e-09 4.30671850488494e-09 
1.04006628632559e+02 3.64654422028880e-09 4.05433105913767e-09 
1.04410537869967e+02 3.43326209965181e-09 3.81707041007235e-09 
1.04814447107375e+02 3.23273571970754e-09 3.59400171658032e-09 
1.05218356344783e+02 3.04417984362619e-09 3.38426651744654e-09 
1.05622265582191e+02 2.86687075812681e-09 3.18704308045510e-09 
1.06026174819599e+02 2.70011799391696e-09 3.00157643989357e-09 
1.06430084057007e+02 2.54328490944372e-09 2.82714403883199e-09 
1.06833993294415e+02 2.39576416066891e-09 2.66308170754965e-09 
1.07237902531823e+02 2.25699551666726e-09 2.50875387718183e-09 
1.07641811769231e+02 2.12644457125041e-09 2.36357605933913e-09 
1.08045721006639e+02 2.00361817044064e-09 2.22698900981134e-09 
1.08449630244047e+02 1.88804592854769e-09 2.09847819071050e-09 
1.08853539481455e+02 1.77929359432128e-09 1.97755134913638e-09 
1.09257448718863e+02 1.67694699430181e-09 1.86375537558224e-09 
1.09661357956271e+02 1.58062361883060e-09 1.75665683647264e-09 
1.10065267193679e+02 1.48995866725702e-09 1.65585658466255e-09 
1.10469176431087e+02 1.40461509585549e-09 1.56097284831905e-09 
1.10873085668495e+02 1.32427148398814e-09 1.47165389970467e-09 
1.11276994905903e+02 1.24863075240011e-09 1.38756335749393e-09 
1.11680904143311e+02 1.17740960774242e-09 1.30839117745736e-09 
1.12084813380719e+02 1.11034611088885e-09 1.23384087226482e-09 
1.12488722618127e+02 1.04719049020169e-09 1.16363905115126e-09 
1.12892631855535e+02 9.87711714750201e-10 1.09752430165742e-09 
1.13296541092943e+02 9.31689495107607e-10 1.03525547398895e-09 
1.13700450330351e+02 8.78919995068452e-10 9.76602003915815e-10 
1.14104359567759e+02 8.29208863245301e-10 9.21351110588396e-10 
1.14508268805167e+02 7.82376198581505e-10 8.69299369760110e-10 
1.14912178042575e+02 7.38250477123246e-10 8.20258970661336e-10 
1.15316087279983e+02 6.96672870879943e-10 7.74050374509135e-10 
1.15719996517391e+02 6.57491952355441e-10 7.30507756120730e-10 
1.16123905754799e+02 6.20567452756157e-10 6.89472604914361e-10 
1.16527814992207e+02 5.85765642580367e-10 6.50798459805049e-10 
1.16931724229615e+02 5.52962603503323e-10 6.14345329082572e-10 
1.17335633467023e+02 5.22040196893585e-10 5.79983812378003e-10 
1.17739542704431e+02 4.92888913648565e-10 5.47590232357457e-10 
1.18143451941839e+02 4.65404354230241e-10 5.17050224839749e-10 
1.18547361179247e+02 4.39489712056073e-10 4.88254489535459e-10 
1.18951270416655e+02 4.15052698779398e-10 4.61101918444728e-10 
1.19355179654063e+02 3.92007709364406e-10 4.35495885215317e-10 
1.19759088891471e+02 3.70273135098989e-10 4.11346972507117e-10 
1.20162998128879e+02 3.49773252031382e-10 3.88569730211127e-10 
1.20566907366287e+02 3.30435871784174e-10 3.67085054322898e-10 
1.20970816603695e+02 3.12193989460914e-10 3.46817353489256e-10 
1.21374725841103e+02 2.94983728891761e-10 3.27696624903608e-10 
1.21778635078511e+02 2.78745781308015e-10 3.09655976626842e-10 
1.22182544315919e+02 2.63423607332170e-10 2.92633439947484e-10 
1.22586453553327e+02 2.48964693561586e-10 2.76569801829462e-10 
1.22990362790735e+02 2.35318978538687e-10 2.61410187936232e-10 
1.23394272028143e+02 2.22439950791295e-10 2.47102165539596e-10 
1.23798181265551e+02 2.10283270285689e-10 2.33597126879034e-10 
1.24202090502959e+02 1.98807728362294e-10 2.20848628048700e-10 
1.24605999740367e+02 1.87974039874264e-10 2.08813598435959e-10 
1.25009908977775e+02 1.77745682767699e-10 1.97450885583479e-10 
1.25413818215183e+02 1.68087839319366e-10 1.86722313059528e-10 
1.25817727452591e+02 1.58968130782208e-10 1.76591405192217e-10 
1.26221636689999e+02 1.50355688922211e-10 1.67024312792960e-10 
1.26625545927407e+02 1.42221799132821e-10 1.57988695038467e-10 
1.27029455164815e+02 1.34539085890439e-10 1.49454529926719e-10 
1.27433364402223e+02 1.27282075993390e-10 1.41393133513998e-10 
1.27837273639631e+02 1.20426483657421e-10 1.33777869773740e-10 
1.28241182877039e+02 1.13949704020070e-10 1.26583289926672e-10 
1.28645092114447e+02 1.07830185425845e-10 1.19785754474013e-10 
1.29049001351855e+02 1.02047862022018e-10 1.13362677616849e-10 
1.29452910589263e+02 9.65836023684167e-11 1.07293072592581e-10 
1.29856819826671e+02 9.14195888084296e-11 1.01556888055951e-10 
1.30260729064079e+02 8.65388329215113e-11 9.61354863789792e-11 
1.30664638301487e+02 8.19255083645364e-11 9.10110605483571e-11 
1.31068547538895e+02 7.75645248879222e-11 8.61670538580353e-11 
1.31472456776303e+02 7.34418204823772e-11 8.15876473356728e-11 
1.31876366013711e+02 6.95439867264134e-11 7.72581281743006e-11 
1.32280275251119e+02 6.58585253261681e-11 7.31644389660968e-11 
1.32684184488527e+02 6.23735184738714e-11 6.92935012788977e-11 
1.33088093725935e+02 5.90778542187014e-11 6.56328190775492e-11 
1.33492002963343e+02 5.59609363102692e-11 6.21707630334072e-11 
1.33895912200751e+02 5.30128822733774e-11 5.88962214734159e-11 
1.34299821438159e+02 5.02242679031660e-11 5.57988493355214e-11 
1.34703730675567e+02 4.75863015187075e-11 5.28687595938751e-11 
1.35107639912975e+02 4.50905989989888e-11 5.00967439245967e-11 
1.35511549150383e+02 4.27293369879677e-11 4.74740036319040e-11 
1.35915458387791e+02 4.04950544885283e-11 4.49923434973565e-11 
1.36319367625199e+02 3.83807876406726e-11 4.26439331044934e-11 
1.36723276862607e+02 3.63798948023165e-11 4.04214769683726e-11 
1.37127186100015e+02 3.44861752104873e-11 3.83180041207296e-11 
1.37531095337423e+02 3.26937147068411e-11 3.63270179291610e-11 
1.37935004574831e+02 3.09969902534319e-11 3.44423105202348e-11 
1.38338913812239e+02 2.93907338120561e-11 3.26580947700987e-11 
1.38742823049647e+02 2.78700244397315e-11 3.09688512558559e-11 
1.39146732287055e+02 2.64301671160289e-11 2.93694479719971e-11 
1.39550641524463e+02 2.50667736135802e-11 2.78549727333472e-11 
1.39954550761871e+02 2.37756575886590e-11 2.64208265971328e-11 
1.40358459999279e+02 2.25529067284811e-11 2.50626091110114e-11 
1.40762369236687e+02 2.13947889786923e-11 2.37762150193898e-11 
1.41166278474095e+02 2.02978156679563e-11 2.25577214276532e-11 
1.41570187711503e+02 1.92586586427636e-11 2.14034675742337e-11 
1.41974096948911e+02 1.82742059872660e-11 2.03099551167115e-11 
1.42378006186319e+02 1.73414887679314e-11 1.92739185672684e-11 
1.42781915423727e+02 1.64577302374998e-11 1.82922371389329e-11 
1.43185824661135e+02 1.56202810497048e-11 1.73619969635584e-11 
1.43589733898543e+02 1.48266627271543e-11 1.64804131265708e-11 
1.43993643135951e+02 1.40745103444629e-11 1.56448846493241e-11 
1.44397552373359e+02 1.33616109444604e-11 1.48529255071526e-11 
1.44801461610767e+02 1.26858528091120e-11 1.41022132378910e-11 
1.45205370848175e+02 1.20452594249830e-11 1.33905278838414e-11 
1.45609280085583e+02 1.14379445674189e-11 1.27157949831869e-11 
1.46013189322991e+02 1.08621423431246e-11 1.20760315042658e-11 
1.46417098560399e+02 1.03161674061185e-11 1.14693838846457e-11 
1.46821007797807e+02 9.79844154129290e-12 1.08940801381322e-11 
1.47224917035215e+02 9.30745841228237e-12 1.03484635257318e-11 
1.47628826272623e+02 8.84180709380834e-12 9.83095011408831e-12 
1.48032735510031e+02 8.40014082324399e-12 9.34005859200381e-12 
1.48436644747439e+02 7.98119784040596e-12 8.87437264522122e-12 
1.48840553984847e+02 7.58377367749986e-12 8.43256737032589e-12 
1.49244463222255e+02 7.20673962193557e-12 8.01337590648576e-12 
1.49648372459663e+02 6.84901813458744e-12 7.61561284432126e-12 
1.50052281697071e+02 6.50959921341341e-12 7.23805595257882e-12 
1.50456190934479e+02 6.18734706042849e-12 6.87962714569832e-12 
1.50860100171887e+02 5.88128532449082e-12 6.53925865166933e-12 
1.51264009409295e+02 5.59058528924914e-12 6.21598327944962e-12 
1.51667918646703e+02 5.31446841510239e-12 5.90892583008307e-12 
1.52071827884111e+02 5.05218939270226e-12 5.61726515744786e-12 
1.52475737121519e+02 4.80304791800353e-12 5.34021413904130e-12 
1.52879646358927e+02 4.56637358721058e-12 5.07703412472227e-12 
1.53283555596335e+02 4.34153637059045e-12 4.82701709061239e-12 
1.53687464833743e+02 4.12793314571570e-12 4.58949848886387e-12 
1.54091374071151e+02 3.92499701600344e-12 4.36384134300687e-12 
1.54495283308559e+02 3.73218530185599e-12 4.14944767842532e-12 
1.54899192545967e+02 3.54898783327360e-12 3.94574434464607e-12 
1.55303101783375e+02 3.37491623865785e-12 3.75219318570716e-12 
1.55707011020783e+02 3.20951132614965e-12 3.56827839895088e-12 
1.56110920258191e+02 3.05233352773617e-12 3.39351558634379e-12 
1.56514829495599e+02 2.90296947096352e-12 3.22744048065966e-12 
1.56918738733007e+02 2.76102345184026e-12 3.06961700278106e-12 
1.57322647970415e+02 2.62612328706768e-12 2.91962720505825e-12 
1.57726557207823e+02 2.49791270329380e-12 2.77707844544098e-12 
1.58130466445231e+02 2.37605654981933e-12 2.64159441455472e-12 
1.58534375682639e+02 2.26023400423061e-12 2.51282152496267e-12 
1.58938284920047e+02 2.15014321652209e-12 2.39042090335896e-12 
1.59342194157455e+02 2.04549524220680e-12 2.27407408215380e-12 
1.59746103394863e+02 1.94601818081057e-12 2.16347585136232e-12 
1.60150012632271e+02 1.85145175738487e-12 2.05833932987246e-12 
1.60553921869679e+02 1.76155101125428e-12 1.95838958329993e-12 
1.60957831107087e+02 1.67608145558050e-12 1.86336814359092e-12 
1.61361740344495e+02 1.59482236597740e-12 1.77302730948933e-12 
1.61765649581903e+02 1.51756245552228e-12 1.68713417541349e-12 
1.62169558819311e+02 1.44410280729852e-12 1.60546554039141e-12 
1.62573468056719e+02 1.37425300913179e-12 1.52781150031702e-12 
1.62977377294127e+02 1.30783376919695e-12 1.45397089938611e-12 
1.63381286531535e+02 1.24467346087083e-12 1.38375453378162e-12 
1.63785195768943e+02 1.18461045617476e-12 1.31698108690414e-12 
1.64189105006351e+02 1.12749003656863e-12 1.25347998716818e-12 
1.64593014243759e+02 1.07316647512934e-12 1.19308777477090e-12 
1.64996923481167e+02 1.02150027394025e-12 1.13565065152177e-12 
1.65400832718575e+02 9.72360022471566e-13 1.08102123262409e-12 
1.65804741955983e+02 9.25619926513076e-13 1.02906082223964e-12 
1.66208651193391e+02 8.81161467175784e-13 9.79636508850034e-13 
1.66612560430799e+02 8.38871190133773e-13 9.32623196514273e-13 
1.67016469668207e+02 7.98642186962534e-13 8.87901006903753e-13 
1.67420378905615e+02 7.60372116852061e-13 8.45357092888587e-13 
1.67824288143023e+02 7.23964529597018e-13 8.04883314365158e-13 
1.68228197380431e+02 6.89327094964629e-13 7.66377857858975e-13 
1.68632106617839e+02 6.56372784520818e-13 7.29743156842768e-13 
1.69036015855247e+02 6.25018286525139e-13 6.94887338426919e-13 
1.69439925092655e+02 5.95185061884509e-13 6.61722362050104e-13 
1.69843834330063e+02 5.66797924840494e-13 6.30165312005087e-13 
1.70247743567471e+02 5.39785986661177e-13 6.00136731216644e-13 
1.70651652804879e+02 5.14081384516606e-13 5.71561776286663e-13 
1.71055562042287e+02 4.89620125025748e-13 5.44368725594546e-13 
1.71459471279695e+02 4.66340945613035e-13 5.18490011712640e-13 
1.71863380517103e+02 4.44186068700078e-13 4.93860885308117e-13 
1.72267289754511e+02 4.23100181525917e-13 4.70420338151024e-13 
1.72671198991919e+02 4.03031110593393e-13 4.48109906294557e-13 
1.73075108229327e+02 3.83928907440959e-13 4.26874495450666e-13 
1.73479017466734e+02 3.65746451904701e-13 4.06661308705354e-13 
1.73882926704143e+02 3.48438632670723e-13 3.87420584752661e-13 
1.74286835941550e+02 3.31962886980866e-13 3.69104636986928e-13 
1.74690745178958e+02 3.16278465989909e-13 3.51668513937870e-13 
1.75094654416366e+02 3.01346917713528e-13 3.35069137989194e-13 
1.75498563653774e+02 2.87131428280382e-13 3.19265896340893e-13 
1.75902472891182e+02 2.73597254182869e-13 3.04219868864531e-13 
1.76306382128590e+02 2.60711131464218e-13 2.89894357015351e-13 
1.76710291365998e+02 2.48441662675779e-13 2.76254191455998e-13 
1.77114200603406e+02 2.36758786886516e-13 2.63266205535955e-13 
1.77518109840814e+02 2.25634126165966e-13 2.50898614315183e-13 
1.77922019078222e+02 2.15040510059284e-13 2.39121438502625e-13 
1.78325928315630e+02 2.04952285895355e-13 2.27905947383810e-13 
1.78729837553038e+02 1.95344892046433e-13 2.17225038491270e-13 
1.79133746790446e+02 1.86195135896652e-13 2.07052737794004e-13 
1.79537656027854e+02 1.77480810803527e-13 1.97364539807967e-13 
1.79941565265262e+02 1.69180945148285e-13 1.88136959054285e-13 
1.80345474502670e+02 1.61275458455295e-13 1.79347834786085e-13 
1.80749383740078e+02 1.53745384579169e-13 1.70975928373718e-13 
1.81153292977486e+02 1.46572562917775e-13 1.63001196387512e-13 
1.81557202214894e+02 1.39739838463427e-13 1.55404429134676e-13 
1.81961111452302e+02 1.33230784473264e-13 1.48167495436055e-13 
1.82365020689710e+02 1.27029881819924e-13 1.41273018043341e-13 
1.82768929927118e+02 1.21122269865412e-13 1.34704593090093e-13 
1.83172839164526e+02 1.15493907286445e-13 1.28446498567683e-13 
1.83576748401934e+02 1.10131348239550e-13 1.22483891111876e-13 
1.83980657639342e+02 1.05021886604295e-13 1.16802544117662e-13 
1.84384566876750e+02 1.00153354832587e-13 1.11389025222984e-13 
1.84788476114158e+02 9.55142532621282e-14 1.06230462070306e-13 
1.85192385351566e+02 9.10935692248772e-14 1.01314699680607e-13 
1.85596294588974e+02 8.68808931493261e-14 9.66300877596002e-14 
1.86000203826382e+02 8.28662560331754e-14 9.21656225974048e-14 
1.86404113063790e+02 7.90402336534810e-14 8.79107570037239e-14 
1.86808022301198e+02 7.53938004247100e-14 8.38555278265498e-14 
1.87211931538606e+02 7.19184229411131e-14 7.99903850747365e-14 
1.87615840776014e+02 6.86059285427294e-14 7.63063063837503e-14 
1.88019750013422e+02 6.54485892993694e-14 7.27946433586247e-14 
1.88423659250830e+02 6.24390037814083e-14 6.94472243438308e-14 
1.88827568488238e+02 5.95701724776751e-14 6.62562376611309e-14 
1.89231477725646e+02 5.68353896107575e-14 6.32143246386861e-14 
1.89635386963054e+02 5.42283108214998e-14 6.03144111449582e-14 
1.90039296200462e+02 5.17428593693191e-14 5.75497860525227e-14 
1.90443205437870e+02 4.93732872984741e-14 5.49140124875152e-14 
1.90847114675278e+02 4.71140892482259e-14 5.24010063539802e-14 
1.91251023912686e+02 4.49600571032259e-14 5.00049356142847e-14 
1.91654933150094e+02 4.29062024044604e-14 4.77202871494439e-14 
1.92058842387502e+02 4.09478054676856e-14 4.55417761036284e-14 
1.92462751624910e+02 3.90803455233776e-14 4.34644059763786e-14 
1.92866660862318e+02 3.72995448723234e-14 4.14833870096610e-14 
1.93270570099726e+02 3.56013059724978e-14 3.95941902081470e-14 
1.93674479337134e+02 3.39817511414736e-14 3.77924738525801e-14 
1.94078388574542e+02 3.24371658884805e-14 3.60741320715309e-14 
1.94482297811950e+02 3.09640346201564e-14 3.44352286591317e-14 
1.94886207049358e+02 2.95589895880007e-14 3.28720407566908e-14 
1.95290116286766e+02 2.82188430064732e-14 3.13809992372797e-14 
1.95694025524174e+02 2.69405410505228e-14 2.99587279974426e-14 
1.96097934761582e+02 2.57211927525452e-14 2.86019902467598e-14 
1.96501843998990e+02 2.45580285424399e-14 2.73077238578859e-14 
1.96905753236398e+02 2.34484262519260e-14 2.60729929669748e-14 
1.97309662473806e+02 2.23898737413566e-14 2.48950197837659e-14 
1.97713571711214e+02 2.13799923058867e-14 2.37711409694716e-14 
1.98117480948622e+02 2.04165029796888e-14 2.26988362670208e-14 
1.98521390186030e+02 1.94972476080331e-14 2.16756891774305e-14 
1.98925299423438e+02 1.86201584611679e-14 2.06994127330771e-14 
1.99329208660846e+02 1.77832772091328e-14 1.97678140423589e-14 
1.99733117898254e+02 1.69847275148893e-14 1.88788174955348e-14 
2.00137027135662e+02 1.62227321243049e-14 1.80304291423108e-14 
2.00540936373070e+02 1.54955246557974e-14 1.72208256613585e-14 
2.00944845610478e+02 1.48014838754397e-14 1.64482034775664e-14 
2.01348754847886e+02 1.41390679207436e-14 1.57108495540389e-14 
2.01752664085294e+02 1.35068158695484e-14 1.50071224107234e-14 
2.02156573322702e+02 1.29033276330975e-14 1.43354678536009e-14 
2.02560482560110e+02 1.23272764706747e-14 1.36943954635758e-14 
2.02964391797518e+02 1.17773908430147e-14 1.30824939075079e-14 
2.03368301034926e+02 1.12524656889804e-14 1.24984097247278e-14 
2.03772210272334e+02 1.07513460451875e-14 1.19408611219142e-14 
2.04176119509742e+02 1.02729372091582e-14 1.14086188291410e-14 
2.04580028747150e+02 9.81618995055491e-15 1.09005185311788e-14 
2.04983937984558e+02 9.38010967254333e-15 1.04154435879691e-14 
2.05387847221966e+02 8.96374305755413e-15 9.95233623933529e-15 
2.05791756459374e+02 8.56618632720316e-15 9.51018200542282e-15 
2.06195665696782e+02 8.18657318123897e-15 9.08801978782256e-15 
2.06599574934190e+02 7.82408224615853e-15 8.68492778404727e-15 
2.07003484171598e+02 7.47792618013809e-15 8.30003259554380e-15 
2.07407393409006e+02 7.14735839132854e-15 7.93249650691641e-15 
2.07811302646414e+02 6.83166319427035e-15 7.58152570007044e-15 
2.08215211883822e+02 6.53016187064232e-15 7.24635876384182e-15 
2.08619121121230e+02 6.24220377407707e-15 6.92627410343928e-15 
2.09023030358638e+02 5.96717179877166e-15 6.62057955956883e-15 
2.09426939596046e+02 5.70447433988089e-15 6.32861909330662e-15 
2.09830848833454e+02 5.45355022878933e-15 6.04976340587193e-15 
2.10234758070862e+02 5.21386146548405e-15 5.78341597095636e-15 
2.10638667308270e+02 4.98489767335683e-15 5.52900455714376e-15 
2.11042576545678e+02 4.76616952825175e-15 5.28598667244809e-15 
2.11446485783086e+02 4.55721278034281e-15 5.05384190112528e-15 
2.11850395020494e+02 4.35758231201060e-15 4.83207681864382e-15 
2.12254304257902e+02 4.16685576956123e-15 4.62021806339759e-15 
2.12658213495310e+02 3.98462818879531e-15 4.41781677447394e-15 
2.13062122732718e+02 3.81051527504253e-15 4.22444232665538e-15 
2.13466031970126e+02 3.64414854132165e-15 4.03968633808948e-15 
2.13869941207534e+02 3.48517827131091e-15 3.86315700405477e-15 
2.14273850444942e+02 3.33326912042860e-15 3.69448271691215e-15 
2.14677759682350e+02 3.18810279289701e-15 3.53330694048534e-15 
2.15081668919758e+02 3.04937406096078e-15 3.37929148043084e-15 
2.15485578157166e+02 2.91679318409152e-15 3.23211184681857e-15 
2.15889487394574e+02 2.79008230596043e-15 3.09146020924590e-15 
2.16293396631982e+02 2.66897764103523e-15 2.95704120036544e-15 
2.16697305869390e+02 2.55322621288436e-15 2.82857458664361e-15 
2.17101215106798e+02 2.44258783090552e-15 2.70579147022821e-15 
2.17505124344206e+02 2.33683213710501e-15 2.58843670317430e-15 
2.17909033581614e+02 2.23574039343849e-15 2.47626544922550e-15 
2.18312942819022e+02 2.13910280742109e-15 2.36904536656399e-15 
2.18716852056430e+02 2.04672014853018e-15 2.26655349484431e-15 
2.19120761293838e+02 1.95840132589501e-15 2.16857822903680e-15 
2.19524670531246e+02 1.87396485038497e-15 2.07491650044381e-15 
2.19928579768654e+02 1.79323664023419e-15 1.98537556196972e-15 
2.20332489006062e+02 1.71605134379597e-15 1.89977043490264e-15 
2.20736398243470e+02 1.64225035130647e-15 1.81792552393277e-15 
2.21140307480878e+02 1.57168299180819e-15 1.73967230423440e-15 
2.21544216718286e+02 1.50420473137369e-15 1.66485078274505e-15 
2.21948125955694e+02 1.43967825637122e-15 1.59330740256051e-15 
2.22352035193102e+02 1.37797184037746e-15 1.52489636535998e-15 
2.22755944430510e+02 1.31896032476163e-15 1.45947773236092e-15 
2.23159853667918e+02 1.26252363823653e-15 1.39691862131019e-15 
2.23563762905326e+02 1.20854768466013e-15 1.33709148525893e-15 
2.23967672142734e+02 1.15692300072555e-15 1.27987519622149e-15 
2.24371581380142e+02 1.10754555990911e-15 1.22515348484532e-15 
2.24775490617550e+02 1.06031555519886e-15 1.17281592165275e-15 
2.25179399854958e+02 1.01513812724485e-15 1.12275650231776e-15 
2.25583309092366e+02 9.71922260287720e-16 1.07487453633679e-15 
2.25987218329774e+02 9.30581441780324e-16 1.02907336409999e-15 
2.26391127567182e+02 8.91032660816505e-16 9.85261161875296e-16 
2.26795036804590e+02 8.53197005784568e-16 9.43349778192638e-16 
2.27198946041998e+02 8.16998755623759e-16 9.03255463158820e-16 
2.27602855279406e+02 7.82365921431687e-16 8.64897812874346e-16 
2.28006764516814e+02 7.49229421803231e-16 8.28200430315563e-16 
2.28410673754222e+02 7.17523573738692e-16 7.93089967587278e-16 
2.28814582991630e+02 6.87185344156842e-16 7.59496724905146e-16 
2.29218492229038e+02 6.58154794932057e-16 7.27353781465136e-16 
2.29622401466446e+02 6.30374403428849e-16 6.96597538425055e-16 
2.30026310703854e+02 6.03789466028798e-16 6.67166930054584e-16 
2.30430219941262e+02 5.78347481216237e-16 6.39003916043252e-16 
2.30834129178670e+02 5.53998515534320e-16 6.12052765391563e-16 
2.31238038416078e+02 5.30694643367777e-16 5.86260502857503e-16 
2.31641947653486e+02 5.08390278887373e-16 5.61576258768720e-16 
2.32045856890894e+02 4.87041667232290e-16 5.37951673955026e-16 
2.32449766128302e+02 4.66607185659400e-16 5.15340309311361e-16 
2.32853675365710e+02 4.47046881330724e-16 4.93698013144649e-16 
2.33257584603118e+02 4.28322744574688e-16 4.72982384904169e-16 
2.33661493840526e+02 4.10398288938507e-16 4.53153108493148e-16 
2.34065403077934e+02 3.93238799189535e-16 4.34171465113363e-16 
2.34469312315342e+02 3.76810949703111e-16 4.16000635750752e-16 
2.34873221552750e+02 3.61083029580264e-16 3.98605258560141e-16 
2.35277130790158e+02 3.46024595812784e-16 3.81951703426477e-16 
2.35681040027566e+02 3.31606677666228e-16 3.66007669748423e-16 
2.36084949264974e+02 3.17801461399568e-16 3.50742435699026e-16 
2.36488858502382e+02 3.04582475857230e-16 3.36126492658307e-16 
2.36892767739790e+02 2.91924305824138e-16 3.22131771546445e-16 
2.37296676977198e+02 2.79802760585207e-16 3.08731310509208e-16 
2.37700586214606e+02 2.68194613271034e-16 2.95899460470344e-16 
2.38104495452014e+02 2.57077753975924e-16 2.83611582993548e-16 
2.38508404689422e+02 2.46430952697705e-16 2.71844236996330e-16 
2.38912313926830e+02 2.36233998454200e-16 2.60574904001494e-16 
2.39316223164238e+02 2.26467483645227e-16 2.49782157770089e-16 
2.39720132401646e+02 2.17112930470852e-16 2.39445414416976e-16 
2.40124041639054e+02 2.08152594746824e-16 2.29545086553678e-16 
2.40527950876462e+02 1.99569580804559e-16 2.20062355979322e-16 
2.40931860113870e+02 1.91347662975134e-16 2.10979313773472e-16 
2.41335769351278e+02 1.83471390039422e-16 2.02278753487856e-16 
2.41739678588686e+02 1.75925922762230e-16 1.93944298493091e-16 
2.42143587826094e+02 1.68697128860175e-16 1.85960213790409e-16 
2.42547497063502e+02 1.61771435118223e-16 1.78311521793060e-16 
2.42951406300910e+02 1.55135913751773e-16 1.70983831052639e-16 
2.43355315538318e+02 1.48778147774277e-16 1.63963441544690e-16 
2.43759224775726e+02 1.42686309547564e-16 1.57237188763024e-16 
2.44163134013134e+02 1.36849038192770e-16 1.50792539478394e-16 
2.44567043250542e+02 1.31255511048424e-16 1.44617449797977e-16 
2.44970952487950e+02 1.25895332028795e-16 1.38700452274989e-16 
2.45374861725358e+02 1.20758596641824e-16 1.33030526660671e-16 
2.45778770962766e+02 1.15835790300385e-16 1.27597179160432e-16 
2.46182680200174e+02 1.11117847491141e-16 1.22390324723577e-16 
2.46586589437582e+02 1.06596059136051e-16 1.17400359167088e-16 
2.46990498674990e+02 1.02262126448030e-16 1.12618051955172e-16 
2.47394407912398e+02 9.81080765232651e-17 1.08034611844393e-16 
2.47798317149806e+02 9.41263113695993e-17 1.03641589201885e-16 
2.48202226387214e+02 9.03095309856364e-17 9.94309357646023e-17 
2.48606135624622e+02 8.66507780025624e-17 9.53949156327139e-17 
2.49010044862030e+02 8.31433675743950e-17 9.15261596805350e-17 
2.49413954099438e+02 7.97809280329969e-17 8.78175844411201e-17 
2.49817863336846e+02 7.65573369758268e-17 8.42624416564676e-17 
2.50221772574254e+02 7.34667582968256e-17 8.08542443413646e-17 
2.50625681811662e+02 7.05035839142320e-17 7.75868119152122e-17 
2.51029591049070e+02 6.76624675064465e-17 7.44542027984965e-17 
2.51433500286478e+02 6.49382713734545e-17 7.14507555276209e-17 
2.51837409523886e+02 6.23260971763552e-17 6.85710272965809e-17 
2.52241318761294e+02 5.98212374721770e-17 6.58098314190738e-17 
2.52645227998702e+02 5.74192037282016e-17 6.31621812816983e-17 
2.53049137236110e+02 5.51156821119077e-17 6.06233244839710e-17 
2.53453046473518e+02 5.29065590262478e-17 5.81886917180805e-17 
2.53856955710926e+02 5.07878807745233e-17 5.58539278869947e-17 
2.54260864948334e+02 4.87558768401371e-17 5.36148454699967e-17 
2.54664774185742e+02 4.68069230807497e-17 5.14674528914423e-17 
2.55068683423150e+02 4.49375629555148e-17 4.94079119714231e-17 
2.55472592660558e+02 4.31444739342196e-17 4.74325637927094e-17 
2.55876501897966e+02 4.14244868564111e-17 4.55378898722732e-17 
2.56280411135374e+02 3.97745552696888e-17 4.37205357512641e-17 
2.56684320372782e+02 3.81917730882609e-17 4.19772755561687e-17 
2.57088229610190e+02 3.66733466004038e-17 4.03050335160882e-17 
2.57492138847598e+02 3.52166105786895e-17 3.87008516122994e-17 
2.57896048085006e+02 3.38190027200942e-17 3.71619092084473e-17 
2.58299957322414e+02 3.24780783462624e-17 3.56854935145044e-17 
2.58703866559822e+02 3.11914870610649e-17 3.42690174985638e-17 
2.59107775797230e+02 2.99569861666733e-17 3.29099929159241e-17 
2.59511685034638e+02 2.87724193427306e-17 3.16060466558165e-17 
2.59915594272046e+02 2.76357288925869e-17 3.03548961087981e-17 
2.60319503509454e+02 2.65449362658379e-17 2.91543640878112e-17 
2.60723412746862e+02 2.54981532387032e-17 2.80023563274769e-17 
2.61127321984270e+02 2.44935641176758e-17 2.68968751062420e-17 
2.61531231221678e+02 2.35294359486111e-17 2.58359986896970e-17 
2.61935140459086e+02 2.26041022537584e-17 2.48178937690876e-17 
2.62339049696494e+02 2.17159723555847e-17 2.38407966776273e-17 
2.62742958933902e+02 2.08635165126662e-17 2.29030247502316e-17 
2.63146868171310e+02 2.00452744365101e-17 2.20029591571050e-17 
2.63550777408718e+02 1.92598417037902e-17 2.11390552800933e-17 
2.63954686646126e+02 1.85058775373834e-17 2.03098270217402e-17 
2.64358595883534e+02 1.77820923833501e-17 1.95138562850597e-17 
2.64762505120942e+02 1.70872550210004e-17 1.87497786289099e-17 
2.65166414358350e+02 1.64201812029475e-17 1.80162919301837e-17 
2.65570323595758e+02 1.57797401532037e-17 1.73121432678500e-17 
2.65974232833166e+02 1.51648441776645e-17 1.66361368394705e-17 
2.66378142070574e+02 1.45744546039489e-17 1.59871219667202e-17 
2.66782051307982e+02 1.40075722778874e-17 1.53640003316942e-17 
2.67185960545390e+02 1.34632429940179e-17 1.47657150062364e-17 
2.67589869782798e+02 1.29405488011247e-17 1.41912570676450e-17 
2.67993779020206e+02 1.24386129679353e-17 1.36396555627951e-17 
2.68397688257614e+02 1.19565920275589e-17 1.31099835575300e-17 
2.68801597495022e+02 1.14936803189600e-17 1.26013489544382e-17 
2.69205506732430e+02 1.10491027063352e-17 1.21129000253761e-17 
2.69609415969838e+02 1.06221187333305e-17 1.16438170089233e-17 
2.70013325207246e+02 1.02120159590294e-17 1.11933171710794e-17 
2.70417234444654e+02 9.81811375859990e-18 1.07606471149491e-17 
2.70821143682062e+02 9.43975722269692e-18 1.03450874106615e-17 
2.71225052919470e+02 9.07632063523812e-18 9.94594555577971e-18 
2.71628962156878e+02 8.72720188769549e-18 9.56256021185271e-18 
2.72032871394286e+02 8.39182566198265e-18 9.19429475945085e-18 
2.72436780631694e+02 8.06963831536345e-18 8.84054117544978e-18 
2.72840689869102e+02 7.76011079396248e-18 8.50071413151394e-18 
2.73244599106510e+02 7.46273394789310e-18 8.17425454320816e-18 
2.73648508343918e+02 7.17702119865250e-18 7.86062416528472e-18 
2.74052417581326e+02 6.90250424759808e-18 7.55930884104498e-18 
2.74456326818734e+02 6.63873551843544e-18 7.26981355183099e-18 
2.74860236056142e+02 6.38528422538740e-18 6.99166539239555e-18 
2.75264145293550e+02 6.14173861012594e-18 6.72440903562485e-18 
2.75668054530958e+02 5.90770233891487e-18 6.46760945747046e-18 
2.76071963768366e+02 5.68279655164133e-18 6.22084778140560e-18 
2.76475873005774e+02 5.46665655988421e-18 5.98372377442881e-18 
2.76879782243182e+02 5.25893372415509e-18 5.75585203884443e-18 
2.77283691480590e+02 5.05929242727951e-18 5.53686429896180e-18 
2.77687600717998e+02 4.86741179454951e-18 5.32640591056164e-18 
2.78091509955406e+02 4.68298291902792e-18 5.12413795599859e-18 
2.78495419192814e+02 4.50571043804654e-18 4.92973404416355e-18 
2.78899328430222e+02 4.33530998907925e-18 4.74288223066812e-18 
2.79303237667630e+02 4.17150965482775e-18 4.56328208412216e-18 
2.79707146905038e+02 4.01404763011972e-18 4.39064644629680e-18 
2.80111056142446e+02 3.86267354676134e-18 4.22469874184872e-18 
2.80514965379854e+02 3.71714633362290e-18 4.06517459196323e-18 
2.80918874617262e+02 3.57723543147547e-18 3.91181934692317e-18 
2.81322783854670e+02 3.44271882996242e-18 3.76438956567869e-18 
2.81726693092078e+02 3.31338418175245e-18 3.62265075243951e-18 
2.82130602329486e+02 3.18902700149635e-18 3.48637871354703e-18 
2.82534511566894e+02 3.06945168782131e-18 3.35535748089461e-18 
2.82938420804302e+02 2.95446987065019e-18 3.22938055650220e-18 
2.83342330041710e+02 2.84390134882497e-18 3.10824900705458e-18 
2.83746239279118e+02 2.73757257333171e-18 2.99177260568903e-18 
2.84150148516526e+02 2.63531750766849e-18 2.87976807364393e-18 
2.84554057753934e+02 2.53697623625501e-18 2.77206009371389e-18 
2.84957966991342e+02 2.44239575642654e-18 2.66847969614262e-18 
2.85361876228750e+02 2.35142870154893e-18 2.56886526286184e-18 
2.85765785466158e+02 2.26393406521794e-18 2.47306108063605e-18 
2.86169694703566e+02 2.17977602708119e-18 2.38091822261584e-18 
2.86573603940973e+02 2.09882461773781e-18 2.29229319448513e-18 
2.86977513178382e+02 2.02095464046865e-18 2.20704874384165e-18 
2.87381422415790e+02 1.94604628179480e-18 2.12505261700036e-18 
2.87785331653197e+02 1.87398412112598e-18 2.04617830223530e-18 
2.88189240890606e+02 1.80465769151375e-18 1.97030388801324e-18 
2.88593150128014e+02 1.73796056990609e-18 1.89731290687240e-18 
2.88997059365421e+02 1.67379088112237e-18 1.82709370744457e-18 
2.89400968602829e+02 1.61205043307326e-18 1.75953968828974e-18 
2.89804877840238e+02 1.55264520613096e-18 1.69454746028693e-18 
2.90208787077645e+02 1.49548461632316e-18 1.63201766354922e-18 
2.90612696315053e+02 1.44048194955677e-18 1.57185454358214e-18 
2.91016605552461e+02 1.38755365516549e-18 1.51396647950251e-18 
2.91420514789869e+02 1.33661974501538e-18 1.45826516933754e-18 
2.91824424027277e+02 1.28760314417546e-18 1.40466611554333e-18 
2.92228333264685e+02 1.24043005780575e-18 1.35308787622570e-18 
2.92632242502093e+02 1.19502937423753e-18 1.30345251148527e-18 
2.93036151739501e+02 1.15133300229996e-18 1.25568489511456e-18 
2.93440060976909e+02 1.10927532249315e-18 1.20971312499906e-18 
2.93843970214317e+02 1.06879349718612e-18 1.16546789030402e-18 
2.94247879451725e+02 1.02982696592830e-18 1.12288284888893e-18 
2.94651788689133e+02 9.92317730747333e-19 1.08189404541695e-18 
2.95055697926541e+02 9.56209891976258e-19 1.04244025849189e-18 
2.95459607163949e+02 9.21449910692723e-19 1.00446246550650e-18 
2.95863516401357e+02 8.87986181742332e-19 9.67904161983850e-19 
2.96267425638765e+02 8.55769275190133e-19 9.32710869331526e-19 
2.96671334876173e+02 8.24751543497870e-19 8.98830428661454e-19 
2.97075244113581e+02 7.94887343702361e-19 8.66212547937787e-19 
2.97479153350989e+02 7.66132675958154e-19 8.34809072359129e-19 
2.97883062588397e+02 7.38445388014491e-19 8.04573567681255e-19 
2.98286971825805e+02 7.11784842567007e-19 7.75461569071987e-19 
2.98690881063213e+02 6.86112105474201e-19 7.47430197658212e-19 
2.99094790300621e+02 6.61389639574297e-19 7.20438389604579e-19 
2.99498699538029e+02 6.37581477962458e-19 6.94446543179914e-19 
2.99902608775437e+02 6.14652942123381e-19 6.69415742228588e-19 
3.00306518012845e+02 5.92568944913344e-19 6.45306851621683e-19 
3.00710427250253e+02 5.71292516536834e-19 6.22084428795764e-19 
3.01114336487661e+02 5.50793672499459e-19 5.99712476075505e-19 
3.01518245725069e+02 5.31043469945887e-19 5.78159376178538e-19 
3.01922154962477e+02 5.12014146688504e-19 5.57394602074354e-19 
3.02326064199885e+02 4.93678904056337e-19 5.37388882891680e-19 
3.02729973437293e+02 4.76012035026089e-19 5.18113956171465e-19 
3.03133882674701e+02 4.58988723909157e-19 4.99542720754178e-19 
3.03537791912109e+02 4.42585164453168e-19 4.81649008280864e-19 
3.03941701149517e+02 4.26778375041242e-19 4.64407724098786e-19 
3.04345610386925e+02 4.11546307561917e-19 4.47794636491915e-19 
3.04749519624333e+02 3.96867676900767e-19 4.31786506559280e-19 
3.05153428861741e+02 3.82722061312129e-19 4.16360893777780e-19 
3.05557338099149e+02 3.69089745080554e-19 4.01496275730398e-19 
3.05961247336557e+02 3.55951811068577e-19 3.87171868716060e-19 
3.06365156573965e+02 3.43289995514949e-19 3.73367738133943e-19 
3.06769065811373e+02 3.31086773378356e-19 3.60064632957723e-19 
3.07172975048781e+02 3.19325224321636e-19 3.47244087517239e-19 
3.07576884286189e+02 3.07989111421458e-19 3.34888268748820e-19 
3.07980793523597e+02 2.97062757463336e-19 3.22980070055773e-19 
3.08384702761005e+02 2.86531117541459e-19 3.11502970333223e-19 
3.08788611998413e+02 2.76379664858820e-19 3.00441120534094e-19 
3.09192521235821e+02 2.66594457699321e-19 2.89779213546571e-19 
3.09596430473229e+02 2.57162033991224e-19 2.79502564041860e-19 
3.10000339710637e+02 2.48069473095021e-19 2.69596988355672e-19 
3.10404248948045e+02 2.39304298447177e-19 2.60048878147801e-19 
3.10808158185453e+02 2.30854534571743e-19 2.50845089506400e-19 
3.11212067422861e+02 2.22708617175409e-19 2.41973010906921e-19 
3.11615976660269e+02 2.14855445758211e-19 2.33420460819858e-19 
3.12019885897677e+02 2.07284300580626e-19 2.25175750417594e-19 
3.12423795135085e+02 1.99984891218761e-19 2.17227589023269e-19 
3.12827704372493e+02 1.92947279869913e-19 2.09565141978203e-19 
3.13231613609901e+02 1.86161926170101e-19 2.02177943321894e-19 
3.13635522847309e+02 1.79619616346585e-19 1.95055949199760e-19 
3.14039432084717e+02 1.73311504590274e-19 1.88189457212474e-19 
3.14443341322125e+02 1.67229047602395e-19 1.81569155713476e-19 
3.14847250559533e+02 1.61364042791049e-19 1.75186049310150e-19 
3.15251159796941e+02 1.55708567794817e-19 1.69031504372748e-19 
3.15655069034349e+02 1.50255015751363e-19 1.63097180210690e-19 
3.16058978271757e+02 1.44996039413511e-19 1.57375071088964e-19 
3.16462887509165e+02 1.39924583718137e-19 1.51857442640329e-19 
3.16866796746573e+02 1.35033834140420e-19 1.46536870661739e-19 
3.17270705983981e+02 1.30317246773161e-19 1.41406182357760e-19 
3.17674615221389e+02 1.25768500592671e-19 1.36458492167964e-19 
3.18078524458797e+02 1.21381525242050e-19 1.31687147468601e-19 
3.18482433696205e+02 1.17150456907699e-19 1.27085761662039e-19 
3.18886342933613e+02 1.13069663984806e-19 1.22648163992998e-19 
3.19290252171021e+02 1.09133706287000e-19 1.18368430112812e-19 
3.19694161408429e+02 1.05337358758221e-19 1.14240835693424e-19 
3.20098070645837e+02 1.01675573759689e-19 1.10259884662466e-19 
3.20501979883245e+02 9.81435029793944e-20 1.06420266322985e-19 
3.20905889120653e+02 9.47364625604988e-20 1.02716881439852e-19 
3.21309798358061e+02 9.14499533477918e-20 9.91448025959994e-20 
3.21713707595469e+02 8.82796286399814e-20 9.56992982964783e-20 
3.22117616832877e+02 8.52213129015240e-20 9.23757963129590e-20 
3.22521526070285e+02 8.22709719381820e-20 8.91699059586610e-20 
3.22925435307693e+02 7.94247301925454e-20 8.60773841922284e-20 
3.23329344545101e+02 7.66788431578158e-20 8.30941562047166e-20 
3.23733253782509e+02 7.40297133660677e-20 8.02162840717446e-20 
3.24137163019917e+02 7.14738648695646e-20 7.74399857826558e-20 
3.24541072257325e+02 6.90079580222748e-20 7.47616062462564e-20 
3.24944981494733e+02 6.66287658712463e-20 7.21776348820580e-20 
3.25348890732141e+02 6.43331878240349e-20 6.96846788000253e-20 
3.25752799969549e+02 6.21182278048445e-20 6.72794790644284e-20 
3.26156709206957e+02 5.99810068932954e-20 6.49588858819321e-20 
3.26560618444365e+02 5.79187431112606e-20 6.27198736399623e-20 
3.26964527681773e+02 5.59287631117416e-20 6.05595179502826e-20 
3.27368436919181e+02 5.40084834726769e-20 5.84750095558159e-20 
3.27772346156589e+02 5.21554215085617e-20 5.64636330886863e-20 
3.28176255393997e+02 5.03671779570383e-20 5.45227799321200e-20 
3.28580164631405e+02 4.86414469802494e-20 5.26499285628032e-20 
3.28984073868813e+02 4.69760001388084e-20 5.08426564477460e-20 
3.29387983106221e+02 4.53686956446755e-20 4.90986218508495e-20 
3.29791892343629e+02 4.38174635252082e-20 4.74155748384048e-20 
3.30195801581037e+02 4.23203141845581e-20 4.57913404390112e-20 
3.30599710818445e+02 4.08753246679721e-20 4.42238288256644e-20 
3.31003620055853e+02 3.94806465842951e-20 4.27110197266917e-20 
3.31407529293261e+02 3.81344933875780e-20 4.12509718471178e-20 
3.31811438530669e+02 3.68351477092074e-20 3.98418084361463e-20 
3.32215347768077e+02 3.55809495802283e-20 3.84817260056379e-20 
3.32619257005485e+02 3.43703032178731e-20 3.71689809669103e-20 
3.33023166242893e+02 3.32016661178661e-20 3.59018976996913e-20 
3.33427075480301e+02 3.20735553366720e-20 3.46788561776985e-20 
3.33830984717709e+02 3.09845373884512e-20 3.34982994373152e-20 
3.34234893955117e+02 2.99332340611655e-20 3.23587221175650e-20 
3.34638803192525e+02 2.89183130578381e-20 3.12586773739565e-20 
3.35042712429933e+02 2.79384933817214e-20 3.01967662641637e-20 
3.35446621667341e+02 2.69925366661122e-20 2.91716441489880e-20 
3.35850530904749e+02 2.60792521610831e-20 2.81820108602893e-20 
3.36254440142157e+02 2.51974887003464e-20 2.72266166277910e-20 
3.36658349379565e+02 2.43461393195571e-20 2.63042529706471e-20 
3.37062258616973e+02 2.35241338126330e-20 2.54137581858395e-20 
3.37466167854381e+02 2.27304430093394e-20 2.45540089092306e-20 
3.37870077091789e+02 2.19640718770853e-20 2.37239251985623e-20 
3.38273986329197e+02 2.12240634833802e-20 2.29224627139578e-20 
3.38677895566605e+02 2.05094926024603e-20 2.21486174260029e-20 
3.39081804804013e+02 1.98194693862523e-20 2.14014183694648e-20 
3.39485714041421e+02 1.91531334382614e-20 2.06799320046072e-20 
3.39889623278829e+02 1.85096572148746e-20 1.99832555013953e-20 
3.40293532516237e+02 1.78882405317818e-20 1.93105207800454e-20 
3.40697441753645e+02 1.72881137157881e-20 1.86608882862268e-20 
3.41101350991053e+02 1.67085325116626e-20 1.80335507348633e-20 
3.41505260228461e+02 1.61487810030939e-20 1.74277273398282e-20 
3.41909169465869e+02 1.56081668902829e-20 1.68426672831864e-20 
3.42313078703277e+02 1.50860241972602e-20 1.62776443656360e-20 
3.42716987940685e+02 1.45817088927750e-20 1.57319602216948e-20 
3.43120897178093e+02 1.40946013998863e-20 1.52049393596896e-20 
3.43524806415501e+02 1.36241025347649e-20 1.46959321418291e-20 
3.43928715652909e+02 1.31696358332647e-20 1.42043101848936e-20 
3.44332624890317e+02 1.27306437841624e-20 1.37294691227049e-20 
3.44736534127725e+02 1.23065899863020e-20 1.32708243408395e-20 
3.45140443365133e+02 1.18969556545575e-20 1.28278135376746e-20 
3.45544352602541e+02 1.15012416201176e-20 1.23998927684555e-20 
3.45948261839949e+02 1.11189650890838e-20 1.19865388198767e-20 
3.46352171077357e+02 1.07496614975131e-20 1.15872455406850e-20 
3.46756080314765e+02 1.03928815040685e-20 1.12015260436227e-20 
3.47159989552173e+02 1.00481927105609e-20 1.08289093014588e-20 
3.47563898789581e+02 9.71517687145816e-21 1.04689421890798e-20 
3.47967808026989e+02 9.39343148985992e-21 1.01211863254231e-20 
3.48371717264397e+02 9.08256722795404e-21 9.78521996753677e-21 
3.48775626501805e+02 8.78220938761112e-21 9.46063508034804e-21 
3.49179535739213e+02 8.49199550706408e-21 9.14703909362404e-21 
3.49583444976621e+02 8.21157673461963e-21 8.84405218285950e-21 
3.49987354214029e+02 7.94061559793279e-21 8.55130889924965e-21 
3.50391263451437e+02 7.67878727869555e-21 8.26845564622599e-21 
3.50795172688845e+02 7.42577754189181e-21 7.99515219179183e-21 
3.51199081926253e+02 7.18128391873512e-21 7.73106932638929e-21 
3.51602991163661e+02 6.94501378422642e-21 7.47589026624860e-21 
3.52006900401069e+02 6.71668545506904e-21 7.22930847933179e-21 
3.52410809638477e+02 6.49602640471806e-21 6.99102898769798e-21 
3.52814718875885e+02 6.28277428249850e-21 6.76076634925474e-21 
3.53218628113293e+02 6.07667525613616e-21 6.53824586654229e-21 
3.53622537350701e+02 5.87748495784091e-21 6.32320171293201e-21 
3.54026446588109e+02 5.68496694504978e-21 6.11537805467900e-21 
3.54430355825517e+02 5.49889357880843e-21 5.91452731104876e-21 
3.54834265062925e+02 5.31904459414247e-21 5.72041119597405e-21 
3.55238174300333e+02 5.14520791567419e-21 5.53279910236663e-21 
3.55642083537741e+02 4.97717832967181e-21 5.35146906924214e-21 
3.56045992775149e+02 4.81475824147245e-21 5.17620628119113e-21 
3.56449902012557e+02 4.65775644184582e-21 5.00680396639652e-21 
3.56853811249965e+02 4.50598881045590e-21 4.84306200290144e-21 
3.57257720487373e+02 4.35927716971831e-21 4.68478775253807e-21 
3.57661629724781e+02 4.21744993822081e-21 4.53179476624354e-21 
3.58065538962189e+02 4.08034106575597e-21 4.38390355854238e-21 
3.58469448199597e+02 3.94779064033167e-21 4.24094040472770e-21 
3.58873357437005e+02 3.81964389852585e-21 4.10273806019298e-21 
3.59277266674413e+02 3.69575178945143e-21 3.96913464282084e-21 
3.59681175911821e+02 3.57597005501051e-21 3.83997430113716e-21 
3.60085085149229e+02 3.46015975393143e-21 3.71510617573263e-21 
3.60488994386637e+02 3.34818640689884e-21 3.59438501991455e-21 
3.60892903624045e+02 3.23992048355286e-21 3.47767023443427e-21 
3.61296812861453e+02 3.13523660784077e-21 3.36482644403463e-21 
3.61700722098861e+02 3.03401401065804e-21 3.25572260016928e-21 
3.62104631336269e+02 2.93613579110971e-21 3.15023251658552e-21 
3.62508540573677e+02 2.84148933727893e-21 3.04823403509835e-21 
3.62912449811085e+02 2.74996563940391e-21 2.94960952310308e-21 
3.63316359048493e+02 2.66145968108069e-21 2.85424509781429e-21 
3.63720268285901e+02 2.57586980065658e-21 2.76203108838116e-21 
3.64124177523309e+02 2.49309805500892e-21 2.67286131432937e-21 
3.64528086760717e+02 2.41304962572933e-21 2.58663351474860e-21 
3.64931995998125e+02 2.33563315746824e-21 2.50324867697785e-21 
3.65335905235533e+02 2.26076020573781e-21 2.42261143514732e-21 
3.65739814472941e+02 2.18834555167137e-21 2.34462944543010e-21 
3.66143723710349e+02 2.11830668850846e-21 2.26921375604817e-21 
3.66547632947757e+02 2.05056411448834e-21 2.19627822568499e-21 
3.66951542185165e+02 1.98504085529807e-21 2.12573986693574e-21 
3.67355451422573e+02 1.92166273669782e-21 2.05751830473878e-21 
3.67759360659981e+02 1.86035794041337e-21 1.99153609508784e-21 
3.68163269897389e+02 1.80105725797926e-21 1.92771822054248e-21 
3.68567179134797e+02 1.74369367774451e-21 1.86599238588086e-21 
3.68971088372205e+02 1.68820262131653e-21 1.80628854796567e-21 
3.69374997609613e+02 1.63452155952219e-21 1.74853918989937e-21 
3.69778906847021e+02 1.58259023273976e-21 1.69267888272570e-21 
3.70182816084429e+02 1.53235029381747e-21 1.63864453954385e-21 
3.70586725321837e+02 1.48374551349155e-21 1.58637500671634e-21 
3.70990634559245e+02 1.43672144841217e-21 1.53581129928018e-21 
3.71394543796653e+02 1.39122563276378e-21 1.48689621946647e-21 
3.71798453034061e+02 1.34720726968743e-21 1.43957457468085e-21 
3.72202362271469e+02 1.30461741014162e-21 1.39379282139488e-21 
3.72606271508877e+02 1.26340866613291e-21 1.34949926690840e-21 
3.73010180746285e+02 1.22353537778159e-21 1.30664373896106e-21 
3.73414089983693e+02 1.18495334675732e-21 1.26517777672415e-21 
3.73817999221101e+02 1.14761999218642e-21 1.22505432436184e-21 
3.74221908458509e+02 1.11149410280249e-21 1.18622790784342e-21 
3.74625817695917e+02 1.07653598253723e-21 1.14865434867537e-21 
3.75029726933325e+02 1.04270722012813e-21 1.11229092751111e-21 
3.75433636170733e+02 1.00997082517520e-21 1.07709611664967e-21 
3.75837545408141e+02 9.78291014036281e-22 1.04302973142635e-21 
3.76241454645549e+02 9.47633337072388e-22 1.01005268027507e-21 
3.76645363882957e+02 9.17964479737334e-22 9.78127104934604e-22 
3.77049273120365e+02 8.89252381671659e-22 9.47216147110011e-22 
3.77453182357773e+02 8.61466051954937e-22 9.17284047177606e-22 
3.77857091595181e+02 8.34575682514668e-22 8.88295895536334e-22 
3.78261000832589e+02 8.08552478408026e-22 8.60217754509417e-22 
3.78664910069997e+02 7.83368764142956e-22 8.33016456945969e-22 
3.79068819307405e+02 7.58997826133648e-22 8.06659720820701e-22 
3.79472728544813e+02 7.35414012361826e-22 7.81115963311798e-22 
3.79876637782221e+02 7.12592586053336e-22 7.56354409787799e-22 
3.80280547019629e+02 6.90509819007769e-22 7.32344923655735e-22 
3.80684456257037e+02 6.69142855530508e-22 7.09058111624340e-22 
3.81088365494445e+02 6.48469799647978e-22 6.86465169903284e-22 
3.81492274731853e+02 6.28469588299970e-22 6.64537987751371e-22 
3.81896183969261e+02 6.09122072540767e-22 6.43249124308615e-22 
3.82300093206669e+02 5.90407892239899e-22 6.22571912096193e-22 
3.82704002444077e+02 5.72308551296143e-22 6.02480224381847e-22 
3.83107911681485e+02 5.54806306238517e-22 5.82948581425113e-22 
3.83511820918893e+02 5.37884235273633e-22 5.63952049878368e-22 
3.83915730156301e+02 5.21526132951686e-22 5.45466351285192e-22 
3.84319639393709e+02 5.05716572923808e-22 5.27467778034040e-22 
3.84723548631117e+02 4.90440807691130e-22 5.09933303147675e-22 
3.85127457868525e+02 4.75684825009551e-22 4.92840509973991e-22 
3.85531367105933e+02 4.61435251911810e-22 4.76167700340273e-22 
3.85935276343341e+02 4.47679404872360e-22 4.59893833205389e-22 
3.86339185580749e+02 4.34405197577667e-22 4.43998626292099e-22 
3.86743094818157e+02 4.21601185252090e-22 4.28462497299405e-22 
3.87147004055565e+02 4.09256476029256e-22 4.13266652890353e-22 
3.87550913292973e+02 3.97360770197150e-22 3.98393025549155e-22 
3.87954822530381e+02 3.85904275427157e-22 3.83824344028888e-22 
3.88358731767789e+02 3.74877742036550e-22 3.69627116543096e-22 
3.88762641005197e+02 3.64267520812584e-22 3.55868357885410e-22 
3.89166550242605e+02 3.54060486099163e-22 3.42532257767450e-22 
3.89570459480013e+02 3.44243965075854e-22 3.29603572525608e-22 
3.89974368717421e+02 3.34805772869705e-22 3.17067549736685e-22 
3.90378277954829e+02 3.25734146347442e-22 3.04909964358012e-22 
3.90782187192237e+02 3.17017777216370e-22 2.93117049139589e-22 
3.91186096429645e+02 3.08645749978064e-22 2.81675527805392e-22 
3.91590005667053e+02 3.00607573186955e-22 2.70572550865100e-22 
3.91993914904461e+02 2.92893121238417e-22 2.59795726039416e-22 
3.92397824141869e+02 2.85492663941854e-22 2.49333059104422e-22 
3.92801733379277e+02 2.78396811838795e-22 2.38568658122710e-22 
3.93205642616685e+02 2.71631655867281e-22 2.27490659101463e-22 
3.93609551854093e+02 2.65188459545330e-22 2.16691390829204e-22 
3.94013461091501e+02 2.59058908770741e-22 2.06157699212855e-22 
3.94417370328909e+02 2.53235062917023e-22 1.95876805581886e-22 
3.94821279566317e+02 2.47709379898483e-22 1.85836256683940e-22 
3.95225188803725e+02 2.42474670235993e-22 1.76023940691392e-22 
3.95629098041133e+02 2.37524121260452e-22 1.66428041414337e-22 
3.96033007278541e+02 2.32851253893823e-22 1.57037052086447e-22 
3.96436916515949e+02 2.28449946114639e-22 1.47839733520835e-22 
3.96840825753357e+02 2.24314392216668e-22 1.38825125775959e-22 
3.97244734990765e+02 2.20439125654323e-22 1.29982510002514e-22 
3.97648644228173e+02 2.16818980556808e-22 1.21301418078764e-22 
3.98052553465581e+02 2.13449114066109e-22 1.12771597917706e-22 
3.98456462702989e+02 2.10324969898687e-22 1.04383021150409e-22 
3.98860371940397e+02 2.07442300284182e-22 9.61258516823231e-23 
3.99264281177805e+02 2.04797131379690e-22 8.79904514930600e-23 
3.99668190415213e+02 2.02385784913321e-22 7.99673522489698e-23 
4.00072099652621e+02 2.00204845267973e-22 7.20472592781775e-23 
4.00476008890029e+02 1.98251180930443e-22 6.42210260636198e-23 
4.00879918127437e+02 1.96521913072425e-22 5.64796564429430e-23 
4.01283827364845e+02 1.95014436902943e-22 4.88142818221002e-23 
4.01687736602253e+02 1.93726391584125e-22 4.12161616410421e-23 
4.02091645839661e+02 1.92655681582311e-22 3.36766631628375e-23 
4.02495555077069e+02 1.91800447765076e-22 2.61872602376957e-23 
4.02899464314477e+02 1.91159088844374e-22 1.87395155365132e-23 
4.03303373551885e+02 1.90730233509370e-22 1.13250776377929e-23 
4.03707282789292e+02 1.90512762053467e-22 7.62645821743890e-24 
