Energy(eV)           EEDF(eV^-(3/2))      Anisotropy(eV^-(3/2))
9.80657259441457e-03 7.25085283232062e-02 1.97708424011661e-05 
2.94197177832437e-02 7.25057631453171e-02 5.33728379720714e-05 
4.90328629720729e-02 7.25010923621124e-02 1.14071361348351e-04 
6.86460081609020e-02 7.24952648315577e-02 1.80743535984701e-04 
8.82591533497312e-02 7.24896454849416e-02 2.47803466281383e-04 
1.07872298538560e-01 7.24849678252452e-02 3.15085708476415e-04 
1.27485443727389e-01 7.24810932454875e-02 3.80465144866427e-04 
1.47098588916219e-01 7.24778253231668e-02 4.42070680331304e-04 
1.66711734105048e-01 7.24752724643858e-02 5.02901407645896e-04 
1.86324879293877e-01 7.24732167477128e-02 5.61282103482289e-04 
2.05938024482706e-01 7.24715183965344e-02 6.19273137623414e-04 
2.25551169671535e-01 7.24698518341904e-02 6.73174565962486e-04 
2.45164314860364e-01 7.24681369997613e-02 7.24999210659001e-04 
2.64777460049194e-01 7.24662487926978e-02 7.75959026633455e-04 
2.84390605238023e-01 7.24637381020448e-02 8.21878090703109e-04 
3.04003750426852e-01 7.24605530892625e-02 8.66189075129551e-04 
3.23616895615681e-01 7.24565188844688e-02 9.08188774893020e-04 
3.43230040804510e-01 7.24515236780280e-02 9.48133537729875e-04 
3.62843185993339e-01 7.24454914952323e-02 9.86267876170298e-04 
3.82456331182168e-01 7.24382571384289e-02 1.02232612681530e-03 
4.02069476370998e-01 7.24297644149851e-02 1.05649884575139e-03 
4.21682621559827e-01 7.24199953428719e-02 1.08886469636175e-03 
4.41295766748656e-01 7.24089279786801e-02 1.11946299105293e-03 
4.60908911937485e-01 7.23965240170043e-02 1.14831839176342e-03 
4.80522057126314e-01 7.23827494659432e-02 1.17547673255421e-03 
5.00135202315143e-01 7.23675744632635e-02 1.20097817625093e-03 
5.19748347503972e-01 7.23509887531453e-02 1.22487715609826e-03 
5.39361492692802e-01 7.23329863143262e-02 1.24722656402273e-03 
5.58974637881631e-01 7.23135496689189e-02 1.26806975958509e-03 
5.78587783070460e-01 7.22926646332906e-02 1.28745494918582e-03 
5.98200928259289e-01 7.22703201532376e-02 1.30542998951757e-03 
6.17814073448118e-01 7.22465081379822e-02 1.32204241682159e-03 
6.37427218636947e-01 7.22212232973721e-02 1.33733934848858e-03 
6.57040363825776e-01 7.21944629825586e-02 1.35136739845579e-03 
6.76653509014606e-01 7.21662270303668e-02 1.36417261626108e-03 
6.96266654203435e-01 7.21365176110422e-02 1.37579986962894e-03 
7.15879799392264e-01 7.21053427155979e-02 1.38629343466614e-03 
7.35492944581093e-01 7.20727169593586e-02 1.39569863896043e-03 
7.55106089769922e-01 7.20386487869324e-02 1.40405865092026e-03 
7.74719234958751e-01 7.20031483809265e-02 1.41141590320110e-03 
7.94332380147581e-01 7.19662275362787e-02 1.41781182630229e-03 
8.13945525336410e-01 7.19278995399023e-02 1.42328690988698e-03 
8.33558670525239e-01 7.18881790504883e-02 1.42788079319581e-03 
8.53171815714068e-01 7.18470819813259e-02 1.43163236084519e-03 
8.72784960902897e-01 7.18046253820095e-02 1.43457972209763e-03 
8.92398106091726e-01 7.17608273291571e-02 1.43675991363593e-03 
9.12011251280555e-01 7.17157068333462e-02 1.43820880389874e-03 
9.31624396469385e-01 7.16692837453754e-02 1.43896138330346e-03 
9.51237541658214e-01 7.16215786545130e-02 1.43905178416627e-03 
9.70850686847043e-01 7.15726128011598e-02 1.43851300156379e-03 
9.90463832035872e-01 7.15224080019047e-02 1.43737657199586e-03 
1.01007697722470e+00 7.14709899540297e-02 1.43564982763584e-03 
1.02969012241353e+00 7.14186230877504e-02 1.43335861724702e-03 
1.04930326760236e+00 7.13653297847836e-02 1.43055804470403e-03 
1.06891641279119e+00 7.13111324610348e-02 1.42727622828287e-03 
1.08852955798002e+00 7.12560535211747e-02 1.42354038814628e-03 
1.10814270316885e+00 7.12001153139588e-02 1.41937695954741e-03 
1.12775584835768e+00 7.11433400842079e-02 1.41481150628499e-03 
1.14736899354651e+00 7.10857499407113e-02 1.40986850775496e-03 
1.16698213873533e+00 7.10273668319289e-02 1.40457319647414e-03 
1.18659528392416e+00 7.09682123678460e-02 1.39895877685179e-03 
1.20620842911299e+00 7.09083071759539e-02 1.39307338541438e-03 
1.22582157430182e+00 7.08475543755435e-02 1.38694947502447e-03 
1.24543471949065e+00 7.07859485450536e-02 1.38058664325111e-03 
1.26504786467948e+00 7.07235105110568e-02 1.37399617114759e-03 
1.28466100986831e+00 7.06602609785356e-02 1.36719335217851e-03 
1.30427415505714e+00 7.05962204614813e-02 1.36018350208078e-03 
1.32388730024597e+00 7.05315095122844e-02 1.35297371757070e-03 
1.34350044543480e+00 7.04661862069875e-02 1.34559265400316e-03 
1.36311359062363e+00 7.04002687276771e-02 1.33805929391655e-03 
1.38272673581246e+00 7.03337749822490e-02 1.33038632499714e-03 
1.40233988100128e+00 7.02667225297230e-02 1.32258892280885e-03 
1.42195302619011e+00 7.01991283293878e-02 1.31468308633776e-03 
1.44156617137894e+00 7.01310088202239e-02 1.30668092844712e-03 
1.46117931656777e+00 7.00623801570542e-02 1.29859335705804e-03 
1.48079246175660e+00 6.99932580332230e-02 1.29043873985544e-03 
1.50040560694543e+00 6.99236569938610e-02 1.28221884280385e-03 
1.52001875213426e+00 6.98537286264023e-02 1.27391858771280e-03 
1.53963189732309e+00 6.97836109848377e-02 1.26556188203326e-03 
1.55924504251192e+00 6.97133141743666e-02 1.25717861953182e-03 
1.57885818770075e+00 6.96428480614378e-02 1.24877388265124e-03 
1.59847133288958e+00 6.95722222580421e-02 1.24035283288097e-03 
1.61808447807840e+00 6.95014461077316e-02 1.23192067658353e-03 
1.63769762326723e+00 6.94305286734419e-02 1.22348262974003e-03 
1.65731076845606e+00 6.93594787273738e-02 1.21504388388713e-03 
1.67692391364489e+00 6.92883047427532e-02 1.20660957695892e-03 
1.69653705883372e+00 6.92170148872799e-02 1.19818476865148e-03 
1.71615020402255e+00 6.91456170180943e-02 1.18977441907516e-03 
1.73576334921138e+00 6.90741186781878e-02 1.18138336915755e-03 
1.75537649440021e+00 6.90025270942493e-02 1.17301632322699e-03 
1.77498963958904e+00 6.89308491758090e-02 1.16467783569829e-03 
1.79460278477787e+00 6.88590915154193e-02 1.15637230135495e-03 
1.81421592996670e+00 6.87872603897676e-02 1.14810394664350e-03 
1.83382907515553e+00 6.87153617617586e-02 1.13987682187012e-03 
1.85344222034435e+00 6.86434012834684e-02 1.13169479535134e-03 
1.87305536553318e+00 6.85713842998663e-02 1.12356154843111e-03 
1.89266851072201e+00 6.84993158533334e-02 1.11548836096299e-03 
1.91228165591084e+00 6.84271638901505e-02 1.10753535811276e-03 
1.93189480109967e+00 6.83546801379149e-02 1.09971009837190e-03 
1.95150794628850e+00 6.82818724260762e-02 1.09194879997556e-03 
1.97112109147733e+00 6.82087482528932e-02 1.08425416558363e-03 
1.99073423666616e+00 6.81353147897698e-02 1.07662870944854e-03 
2.01034738185499e+00 6.80615788861812e-02 1.06907476029633e-03 
2.02996052704382e+00 6.79875470750486e-02 1.06159446512507e-03 
2.04957367223265e+00 6.79132255785500e-02 1.05418979359077e-03 
2.06918681742148e+00 6.78386203142611e-02 1.04686254314380e-03 
2.08879996261030e+00 6.77637369015854e-02 1.03961434407400e-03 
2.10841310779913e+00 6.76885806684811e-02 1.03238131926542e-03 
2.12802625298796e+00 6.76134100318891e-02 1.02514751797374e-03 
2.14763939817679e+00 6.75382459940339e-02 1.01798861146666e-03 
2.16725254336562e+00 6.74630898569444e-02 1.01091143723832e-03 
2.18686568855445e+00 6.73879427283000e-02 1.00391683721499e-03 
2.20647883374328e+00 6.73128055347207e-02 9.97046422462365e-04 
2.22609197893211e+00 6.72375325300255e-02 9.90315994436336e-04 
2.24570512412094e+00 6.71620962248034e-02 9.83681021584807e-04 
2.26531826930977e+00 6.70864990309886e-02 9.77132386869042e-04 
2.28493141449860e+00 6.70107431579834e-02 9.70670389177347e-04 
2.30454455968742e+00 6.69348306197839e-02 9.64295234474060e-04 
2.32415770487625e+00 6.68587632408791e-02 9.58007033570796e-04 
2.34377085006508e+00 6.67825426643601e-02 9.51805788301019e-04 
2.36338399525391e+00 6.67061703606808e-02 9.45691404424944e-04 
2.38299714044274e+00 6.66296476344206e-02 9.39663668461612e-04 
2.40261028563157e+00 6.65529756374727e-02 9.33722109652688e-04 
2.42222343082040e+00 6.64761553993066e-02 9.27866128884341e-04 
2.44183657600923e+00 6.63991878205336e-02 9.22095306355773e-04 
2.46144972119806e+00 6.63220736526277e-02 9.16409263651339e-04 
2.48106286638689e+00 6.62448135135103e-02 9.10807317251035e-04 
2.50067601157572e+00 6.61674079258282e-02 9.05318812022993e-04 
2.52028915676455e+00 6.60897701247116e-02 8.99972720211464e-04 
2.53990230195337e+00 6.60118256084813e-02 8.94738685507784e-04 
2.55951544714220e+00 6.59335760016748e-02 8.89587817139330e-04 
2.57912859233103e+00 6.58550227644906e-02 8.84519546346450e-04 
2.59874173751986e+00 6.57761671997662e-02 8.79533249490819e-04 
2.61835488270869e+00 6.56970104597161e-02 8.74628253223777e-04 
2.63796802789752e+00 6.56175535524370e-02 8.69803839363718e-04 
2.65758117308635e+00 6.55377973481742e-02 8.65059249574898e-04 
2.67719431827518e+00 6.54577425853432e-02 8.60393689750741e-04 
2.69680746346401e+00 6.53773898763184e-02 8.55806334028358e-04 
2.71642060865284e+00 6.52967397130030e-02 8.51296328595138e-04 
2.73603375384167e+00 6.52157924721644e-02 8.46862795348060e-04 
2.75564689903050e+00 6.51345484205397e-02 8.42504835233388e-04 
2.77526004421932e+00 6.50530077197322e-02 8.38221531232828e-04 
2.79487318940815e+00 6.49711704309120e-02 8.34004429375696e-04 
2.81448633459698e+00 6.48890548636777e-02 8.29827989470271e-04 
2.83409947978581e+00 6.48067191031815e-02 8.25697661967774e-04 
2.85371262497464e+00 6.47241624172500e-02 8.21637561020875e-04 
2.87332577016347e+00 6.46413840087092e-02 8.17646725771138e-04 
2.89293891535230e+00 6.45583830187982e-02 8.13724191483309e-04 
2.91255206054113e+00 6.44751585304109e-02 8.09868991314537e-04 
2.93216520572996e+00 6.43917095711748e-02 8.06080157946768e-04 
2.95177835091879e+00 6.43080351163706e-02 8.02356725091329e-04 
2.97139149610762e+00 6.42241340917006e-02 7.98697728860494e-04 
2.99100464129645e+00 6.41400053759118e-02 7.95100823281288e-04 
3.01061778648527e+00 6.40556508841097e-02 7.91532700271694e-04 
3.03023093167410e+00 6.39711405924558e-02 7.87992402504682e-04 
3.04984407686293e+00 6.38864728279843e-02 7.84512135312420e-04 
3.06945722205176e+00 6.38016458956239e-02 7.81090971154425e-04 
3.08907036724059e+00 6.37166580798494e-02 7.77727990855927e-04 
3.10868351242942e+00 6.36315076462314e-02 7.74422284252760e-04 
3.12829665761825e+00 6.35461928428888e-02 7.71172950764506e-04 
3.14790980280708e+00 6.34607119018507e-02 7.67979099897372e-04 
3.16752294799591e+00 6.33750630403319e-02 7.64839851564235e-04 
3.18713609318474e+00 6.32892444619545e-02 7.61754336127933e-04 
3.20674923837357e+00 6.32032543579430e-02 7.58721695175552e-04 
3.22636238356240e+00 6.31170909080997e-02 7.55741082523393e-04 
3.24597552875122e+00 6.30307522816941e-02 7.52811664064370e-04 
3.26558867394005e+00 6.29442366383903e-02 7.49932617513115e-04 
3.28520181912888e+00 6.28575421291137e-02 7.47103132500552e-04 
3.30481496431771e+00 6.27706668968759e-02 7.44322410515230e-04 
3.32442810950654e+00 6.26836090775747e-02 7.41589665178396e-04 
3.34404125469537e+00 6.25963668006738e-02 7.38904122659547e-04 
3.36365439988420e+00 6.25089381898220e-02 7.36265021533170e-04 
3.38326754507303e+00 6.24213213634823e-02 7.33671612467405e-04 
3.40288069026186e+00 6.23335144355414e-02 7.31123157945916e-04 
3.42249383545069e+00 6.22455155159234e-02 7.28618932530928e-04 
3.44210698063952e+00 6.21573227110558e-02 7.26158223322515e-04 
3.46172012582834e+00 6.20689341242894e-02 7.23740329283283e-04 
3.48133327101717e+00 6.19803478564450e-02 7.21364559855549e-04 
3.50094641620600e+00 6.18915620064921e-02 7.19030235961781e-04 
3.52055956139483e+00 6.18025746717776e-02 7.16736691945772e-04 
3.54017270658366e+00 6.17133839481442e-02 7.14483274541003e-04 
3.55978585177249e+00 6.16239879303258e-02 7.12269341528898e-04 
3.57939899696132e+00 6.15343847123190e-02 7.10094261611033e-04 
3.59901214215015e+00 6.14445723877360e-02 7.07948647182685e-04 
3.61862528733898e+00 6.13545647663252e-02 7.05820945250577e-04 
3.63823843252781e+00 6.12643791121820e-02 7.03719179810240e-04 
3.65785157771664e+00 6.11740134278691e-02 7.01653613257417e-04 
3.67746472290547e+00 6.10834657212841e-02 6.99623670963877e-04 
3.69707786809429e+00 6.09927340058232e-02 6.97628788306901e-04 
3.71669101328312e+00 6.09018163005344e-02 6.95668410490620e-04 
3.73630415847195e+00 6.08107106302639e-02 6.93741992364737e-04 
3.75591730366078e+00 6.07194150257951e-02 6.91848998241990e-04 
3.77553044884961e+00 6.06279275239818e-02 6.89988901713623e-04 
3.79514359403844e+00 6.05362461678759e-02 6.88161185463909e-04 
3.81475673922727e+00 6.04443690068509e-02 6.86365341085403e-04 
3.83436988441610e+00 6.03522940967218e-02 6.84600868894426e-04 
3.85398302960493e+00 6.02600194998615e-02 6.82867277746908e-04 
3.87359617479376e+00 6.01675432853145e-02 6.81164084855838e-04 
3.89320931998259e+00 6.00748635289096e-02 6.79490815610527e-04 
3.91282246517141e+00 5.99819783133692e-02 6.77847003397519e-04 
3.93243561036024e+00 5.98888857284191e-02 6.76232189423265e-04 
3.95204875554907e+00 5.97955838708965e-02 6.74645922539756e-04 
3.97166190073790e+00 5.97020708448576e-02 6.73087759073308e-04 
3.99127504592673e+00 5.96083447616851e-02 6.71559350035945e-04 
4.01088819111556e+00 5.95144003319361e-02 6.70096184718218e-04 
4.03050133630439e+00 5.94201773147116e-02 6.68696116767398e-04 
4.05011448149322e+00 5.93256739094746e-02 6.67322791875524e-04 
4.06972762668205e+00 5.92308883179551e-02 6.65975792480067e-04 
4.08934077187088e+00 5.91358187444193e-02 6.64654707442922e-04 
4.10895391705971e+00 5.90404633959385e-02 6.63359131898429e-04 
4.12856706224854e+00 5.89448204826557e-02 6.62088667105035e-04 
4.14818020743737e+00 5.88488882180525e-02 6.60842920300270e-04 
4.16779335262619e+00 5.87526648192152e-02 6.59621504558090e-04 
4.18740649781502e+00 5.86561485070999e-02 6.58424038649861e-04 
4.20701964300385e+00 5.85593375067983e-02 6.57250146909383e-04 
4.22663278819268e+00 5.84622300478020e-02 6.56099459101306e-04 
4.24624593338151e+00 5.83648243642676e-02 6.54971610291266e-04 
4.26585907857034e+00 5.82671186952812e-02 6.53866240719223e-04 
4.28547222375917e+00 5.81691112851235e-02 6.52782995675753e-04 
4.30508536894800e+00 5.80708003835350e-02 6.51721525381254e-04 
4.32469851413683e+00 5.79721842459812e-02 6.50681484868857e-04 
4.34431165932566e+00 5.78732611339184e-02 6.49662533869889e-04 
4.36392480451449e+00 5.77740293150597e-02 6.48664336701952e-04 
4.38353794970331e+00 5.76744870636415e-02 6.47686562160146e-04 
4.40315109489214e+00 5.75746326606905e-02 6.46728883409713e-04 
4.42276424008097e+00 5.74744643942915e-02 6.45790977882358e-04 
4.44237738526980e+00 5.73739805598553e-02 6.44872527176285e-04 
4.46199053045863e+00 5.72731794603874e-02 6.43973216956515e-04 
4.48160367564746e+00 5.71720594067576e-02 6.43092736857914e-04 
4.50121682083629e+00 5.70706187179705e-02 6.42200109830568e-04 
4.52082996602512e+00 5.69689021349011e-02 6.41270966759867e-04 
4.54044311121395e+00 5.68669441777711e-02 6.40335528654480e-04 
4.56005625640278e+00 5.67647432062407e-02 6.39417434808228e-04 
4.57966940159161e+00 5.66622975928911e-02 6.38516406791723e-04 
4.59928254678044e+00 5.65596057233309e-02 6.37632169727959e-04 
4.61889569196926e+00 5.64566659963036e-02 6.36764452211585e-04 
4.63850883715809e+00 5.63534768237978e-02 6.35912986231189e-04 
4.65812198234692e+00 5.62500366311594e-02 6.35077507093403e-04 
4.67773512753575e+00 5.61463438572056e-02 6.34257753348225e-04 
4.69734827272458e+00 5.60423969543410e-02 6.33453466716755e-04 
4.71696141791341e+00 5.59381943886760e-02 6.32664392020907e-04 
4.73657456310224e+00 5.58337346401466e-02 6.31890277114431e-04 
4.75618770829107e+00 5.57290162026367e-02 6.31130872816138e-04 
4.77580085347990e+00 5.56240375841014e-02 6.30385932844220e-04 
4.79541399866873e+00 5.55187973066935e-02 6.29655213752692e-04 
4.81502714385756e+00 5.54132939068900e-02 6.28938474869629e-04 
4.83464028904639e+00 5.53075259356222e-02 6.28235478236130e-04 
4.85425343423521e+00 5.52014919584058e-02 6.27545988547507e-04 
4.87386657942404e+00 5.50951905554745e-02 6.26869773095981e-04 
4.89347972461287e+00 5.49886203219133e-02 6.26206601714209e-04 
4.91309286980170e+00 5.48817798677951e-02 6.25556246720848e-04 
4.93270601499053e+00 5.47746678183179e-02 6.24918482867180e-04 
4.95231916017936e+00 5.46672828139440e-02 6.24293087285034e-04 
4.97193230536819e+00 5.45596235105403e-02 6.23679839436388e-04 
4.99154545055702e+00 5.44516885795204e-02 6.23082498997584e-04 
5.01115859574585e+00 5.43434709596712e-02 6.22554698570743e-04 
5.03077174093468e+00 5.42348916531568e-02 6.22092245701705e-04 
5.05038488612351e+00 5.41259493099054e-02 6.21641191662528e-04 
5.06999803131233e+00 5.40166425949560e-02 6.21201311752619e-04 
5.08961117650116e+00 5.39069701887548e-02 6.20772383213780e-04 
5.10922432168999e+00 5.37969307874517e-02 6.20354185188074e-04 
5.12883746687882e+00 5.36865231031968e-02 6.19946498676792e-04 
5.14845061206765e+00 5.35757458644385e-02 6.19549106500793e-04 
5.16806375725648e+00 5.34645978162210e-02 6.19161793261681e-04 
5.18767690244531e+00 5.33530777204831e-02 6.18784345303121e-04 
5.20729004763414e+00 5.32411843563577e-02 6.18416550675091e-04 
5.22690319282297e+00 5.31289165204701e-02 6.18058199097546e-04 
5.24651633801180e+00 5.30162730272393e-02 6.17709081924435e-04 
5.26612948320063e+00 5.29032527091776e-02 6.17368992111186e-04 
5.28574262838946e+00 5.27898544171919e-02 6.17037724180879e-04 
5.30535577357828e+00 5.26760770208843e-02 6.16715074191770e-04 
5.32496891876711e+00 5.25619194088544e-02 6.16400839706214e-04 
5.34458206395594e+00 5.24473804890007e-02 6.16094819760141e-04 
5.36419520914477e+00 5.23324591888231e-02 6.15796814833359e-04 
5.38380835433360e+00 5.22171544557252e-02 6.15506626820267e-04 
5.40342149952243e+00 5.21014652573176e-02 6.15224059002175e-04 
5.42303464471126e+00 5.19853905817203e-02 6.14948916019931e-04 
5.44264778990009e+00 5.18689294378666e-02 6.14681003846955e-04 
5.46226093508892e+00 5.17520808558062e-02 6.14420129763813e-04 
5.48187408027775e+00 5.16348438870088e-02 6.14166102332828e-04 
5.50148722546658e+00 5.15172176046684e-02 6.13918731373872e-04 
5.52110037065541e+00 5.13992011040064e-02 6.13677827940552e-04 
5.54071351584423e+00 5.12807935025764e-02 6.13443204297387e-04 
5.56032666103306e+00 5.11619939405671e-02 6.13214673897168e-04 
5.57993980622189e+00 5.10428015811077e-02 6.12992051359292e-04 
5.59955295141072e+00 5.09232156105706e-02 6.12775152449248e-04 
5.61916609659955e+00 5.08032352388761e-02 6.12563794057448e-04 
5.63877924178838e+00 5.06828596997959e-02 6.12357794179809e-04 
5.65839238697721e+00 5.05620882512570e-02 6.12156971898487e-04 
5.67800553216604e+00 5.04409201756450e-02 6.11961147363313e-04 
5.69761867735487e+00 5.03193547801080e-02 6.11770141773822e-04 
5.71723182254370e+00 5.01973913968589e-02 6.11583777361684e-04 
5.73684496773253e+00 5.00750293834791e-02 6.11401877373844e-04 
5.75645811292136e+00 4.99522681232206e-02 6.11224266056316e-04 
5.77607125811018e+00 4.98291070253080e-02 6.11050768638390e-04 
5.79568440329901e+00 4.97055455252408e-02 6.10881211317188e-04 
5.81529754848784e+00 4.95815830850946e-02 6.10715421242798e-04 
5.83491069367667e+00 4.94572191938218e-02 6.10553226504475e-04 
5.85452383886550e+00 4.93324533675523e-02 6.10394456116919e-04 
5.87413698405433e+00 4.92072851498931e-02 6.10238940006635e-04 
5.89375012924316e+00 4.90817141122278e-02 6.10086508999259e-04 
5.91336327443199e+00 4.89557398540150e-02 6.09936994807501e-04 
5.93297641962082e+00 4.88293620030863e-02 6.09790230019315e-04 
5.95258956480965e+00 4.87025802159437e-02 6.09646048086519e-04 
5.97220270999848e+00 4.85753941780556e-02 6.09504283313916e-04 
5.99181585518730e+00 4.84478036041527e-02 6.09367313805379e-04 
6.01142900037613e+00 4.83198046086037e-02 6.09263178120035e-04 
6.03104214556496e+00 4.81913566675704e-02 6.09189003183736e-04 
6.05065529075379e+00 4.80624595419196e-02 6.09116413046069e-04 
6.07026843594262e+00 4.79331130252023e-02 6.09045236173802e-04 
6.08988158113145e+00 4.78033169440177e-02 6.08975301783958e-04 
6.10949472632028e+00 4.76730711583759e-02 6.08906439836939e-04 
6.12910787150911e+00 4.75423755620586e-02 6.08838481029935e-04 
6.14872101669794e+00 4.74112300829791e-02 6.08771256790788e-04 
6.16833416188677e+00 4.72796346835403e-02 6.08704599272379e-04 
6.18794730707560e+00 4.71475893609911e-02 6.08638341347585e-04 
6.20756045226443e+00 4.70150941477812e-02 6.08572316604036e-04 
6.22717359745325e+00 4.68821491119148e-02 6.08506359339825e-04 
6.24678674264208e+00 4.67487543573012e-02 6.08440304559364e-04 
6.26639988783091e+00 4.66149100241049e-02 6.08373987969655e-04 
6.28601303301974e+00 4.64806162890932e-02 6.08307245977231e-04 
6.30562617820857e+00 4.63458733659812e-02 6.08239915684802e-04 
6.32523932339740e+00 4.62106815057764e-02 6.08171834888751e-04 
6.34485246858623e+00 4.60750409971194e-02 6.08102842077022e-04 
6.36446561377506e+00 4.59389521666237e-02 6.08032776427345e-04 
6.38407875896389e+00 4.58024153792122e-02 6.07961477805476e-04 
6.40369190415272e+00 4.56654310384527e-02 6.07888786763964e-04 
6.42330504934155e+00 4.55279995868895e-02 6.07814544541581e-04 
6.44291819453038e+00 4.53901215063737e-02 6.07738593062756e-04 
6.46253133971920e+00 4.52517973183906e-02 6.07660774937257e-04 
6.48214448490803e+00 4.51130275843840e-02 6.07580933460351e-04 
6.50175763009686e+00 4.49738129060787e-02 6.07498912613434e-04 
6.52137077528569e+00 4.48341539257995e-02 6.07414557064838e-04 
6.54098392047452e+00 4.46940513267876e-02 6.07327712170835e-04 
6.56059706566335e+00 4.45535058335144e-02 6.07238223977057e-04 
6.58021021085218e+00 4.44125182119916e-02 6.07145939220214e-04 
6.59982335604101e+00 4.42710892700793e-02 6.07050705330328e-04 
6.61943650122984e+00 4.41292198577895e-02 6.06952370432852e-04 
6.63904964641867e+00 4.39869108675878e-02 6.06850783351376e-04 
6.65866279160750e+00 4.38441632346908e-02 6.06745793610560e-04 
6.67827593679633e+00 4.37009779373607e-02 6.06637251439181e-04 
6.69788908198515e+00 4.35573559971963e-02 6.06525007773858e-04 
6.71750222717398e+00 4.34132984794198e-02 6.06408914262760e-04 
6.73711537236281e+00 4.32688064931612e-02 6.06288823269522e-04 
6.75672851755164e+00 4.31238811917378e-02 6.06164587877592e-04 
6.77634166274047e+00 4.29785237729306e-02 6.06036061894940e-04 
6.79595480792930e+00 4.28327354792567e-02 6.05903099858614e-04 
6.81556795311813e+00 4.26865175982373e-02 6.05765557040003e-04 
6.83518109830696e+00 4.25398714626626e-02 6.05623289450309e-04 
6.85479424349579e+00 4.23927984508511e-02 6.05476153845896e-04 
6.87440738868462e+00 4.22452999869063e-02 6.05324007734298e-04 
6.89402053387345e+00 4.20973775409679e-02 6.05166709380280e-04 
6.91363367906227e+00 4.19490326294591e-02 6.05004117812003e-04 
6.93324682425110e+00 4.18002668153292e-02 6.04836092827824e-04 
6.95285996943993e+00 4.16510817082922e-02 6.04662495003117e-04 
6.97247311462876e+00 4.15014789650595e-02 6.04483185697136e-04 
6.99208625981759e+00 4.13514602895696e-02 6.04315662291080e-04 
7.01169940500642e+00 4.12010008705989e-02 6.04324644171708e-04 
7.03131255019525e+00 4.10498536177747e-02 6.04490392399984e-04 
7.05092569538408e+00 4.08980204204327e-02 6.04647063867371e-04 
7.07053884057291e+00 4.07455032500413e-02 6.04794447258393e-04 
7.09015198576174e+00 4.05923041609115e-02 6.04932332040322e-04 
7.10976513095057e+00 4.04384252908949e-02 6.05060508488103e-04 
7.12937827613940e+00 4.02838688620723e-02 6.05178767709694e-04 
7.14899142132822e+00 4.01286371814309e-02 6.05286901672047e-04 
7.16860456651705e+00 3.99727326415299e-02 6.05384703227622e-04 
7.18821771170588e+00 3.98161577211549e-02 6.05471966140985e-04 
7.20783085689471e+00 3.96589149859607e-02 6.05548485116060e-04 
7.22744400208354e+00 3.95010070891013e-02 6.05614055823981e-04 
7.24705714727237e+00 3.93424367718485e-02 6.05668474930945e-04 
7.26667029246120e+00 3.91832068641969e-02 6.05711540126726e-04 
7.28628343765003e+00 3.90233202854563e-02 6.05743050153602e-04 
7.30589658283886e+00 3.88627800448312e-02 6.05762804835632e-04 
7.32550972802769e+00 3.87015892419861e-02 6.05770605108299e-04 
7.34512287321652e+00 3.85397510675978e-02 6.05766253048514e-04 
7.36473601840535e+00 3.83772688038924e-02 6.05749551905117e-04 
7.38434916359417e+00 3.82141458251690e-02 6.05720306129719e-04 
7.40396230878300e+00 3.80503855983083e-02 6.05678321407719e-04 
7.42357545397183e+00 3.78859916832660e-02 6.05623404689808e-04 
7.44318859916066e+00 3.77209677335509e-02 6.05555364223828e-04 
7.46280174434949e+00 3.75553174966880e-02 6.05474009587025e-04 
7.48241488953832e+00 3.73890448146648e-02 6.05379151718574e-04 
7.50202803472715e+00 3.72221536243620e-02 6.05270602952267e-04 
7.52164117991598e+00 3.70546479579678e-02 6.05148177049694e-04 
7.54125432510481e+00 3.68865319433748e-02 6.05011689233819e-04 
7.56086747029364e+00 3.67178098045605e-02 6.04860956222488e-04 
7.58048061548247e+00 3.65484858619501e-02 6.04695796262497e-04 
7.60009376067130e+00 3.63785645327615e-02 6.04516029163992e-04 
7.61970690586012e+00 3.62080503313328e-02 6.04321476334828e-04 
7.63932005104895e+00 3.60369478694311e-02 6.04111960815470e-04 
7.65893319623778e+00 3.58652618565426e-02 6.03887307314039e-04 
7.67854634142661e+00 3.56929971001449e-02 6.03647342241514e-04 
7.69815948661544e+00 3.55201585059588e-02 6.03391893747238e-04 
7.71777263180427e+00 3.53467510781814e-02 6.03120791754709e-04 
7.73738577699310e+00 3.51727799196997e-02 6.02833867997283e-04 
7.75699892218193e+00 3.49982502322838e-02 6.02530956054392e-04 
7.77661206737076e+00 3.48231673167596e-02 6.02211891387857e-04 
7.79622521255959e+00 3.46475365731620e-02 6.01876511378171e-04 
7.81583835774842e+00 3.44713635008658e-02 6.01524655361133e-04 
7.83545150293724e+00 3.42946536986968e-02 6.01156164664490e-04 
7.85506464812607e+00 3.41174128650206e-02 6.00770882645024e-04 
7.87467779331490e+00 3.39396467978104e-02 6.00368654725355e-04 
7.89429093850373e+00 3.37613613946923e-02 5.99949328430959e-04 
7.91390408369256e+00 3.35825626529686e-02 5.99512753427510e-04 
7.93351722888139e+00 3.34032566696192e-02 5.99058781557934e-04 
7.95313037407022e+00 3.32234496412793e-02 5.98587266879842e-04 
7.97274351925905e+00 3.30431478641945e-02 5.98098065702878e-04 
7.99235666444788e+00 3.28623577341534e-02 5.97577438816605e-04 
8.01196980963671e+00 3.26811090672826e-02 5.96916198285565e-04 
8.03158295482554e+00 3.24995963260572e-02 5.96129801307024e-04 
8.05119610001437e+00 3.23178252013017e-02 5.95328999216459e-04 
8.07080924520320e+00 3.21358014442192e-02 5.94513713802585e-04 
8.09042239039202e+00 3.19535308660794e-02 5.93683868745649e-04 
8.11003553558085e+00 3.17710193378930e-02 5.92839389635140e-04 
8.12964868076968e+00 3.15882727900730e-02 5.91980203987756e-04 
8.14926182595851e+00 3.14052972120829e-02 5.91106241264881e-04 
8.16887497114734e+00 3.12220986520699e-02 5.90217432890176e-04 
8.18848811633617e+00 3.10386832164863e-02 5.89313712267081e-04 
8.20810126152500e+00 3.08550570696957e-02 5.88395014796010e-04 
8.22771440671383e+00 3.06712264335664e-02 5.87461277891604e-04 
8.24732755190266e+00 3.04871975870505e-02 5.86512440999712e-04 
8.26694069709149e+00 3.03029768657494e-02 5.85548445614362e-04 
8.28655384228032e+00 3.01185706614655e-02 5.84569235294472e-04 
8.30616698746914e+00 2.99339854217398e-02 5.83574755680362e-04 
8.32578013265797e+00 2.97492276493758e-02 5.82564954510297e-04 
8.34539327784680e+00 2.95643039019493e-02 5.81539781636697e-04 
8.36500642303563e+00 2.93792207913042e-02 5.80499189042199e-04 
8.38461956822446e+00 2.91939849830342e-02 5.79443130855553e-04 
8.40423271341329e+00 2.90086031959510e-02 5.78371563367246e-04 
8.42384585860212e+00 2.88230822015376e-02 5.77284445045018e-04 
8.44345900379095e+00 2.86374288233884e-02 5.76181736549117e-04 
8.46307214897978e+00 2.84516499366347e-02 5.75063400747288e-04 
8.48268529416861e+00 2.82657524673563e-02 5.73929402729662e-04 
8.50229843935744e+00 2.80797433919794e-02 5.72779709823370e-04 
8.52191158454626e+00 2.78936297366593e-02 5.71614291606771e-04 
8.54152472973509e+00 2.77074185766507e-02 5.70433119923560e-04 
8.56113787492392e+00 2.75211170356625e-02 5.69236168896610e-04 
8.58075102011275e+00 2.73347322851996e-02 5.68023414941576e-04 
8.60036416530158e+00 2.71482715438899e-02 5.66794836780110e-04 
8.61997731049041e+00 2.69617420767982e-02 5.65550415452867e-04 
8.63959045567924e+00 2.67751511947251e-02 5.64290134332254e-04 
8.65920360086807e+00 2.65885062534929e-02 5.63013979134836e-04 
8.67881674605690e+00 2.64018146532170e-02 5.61721937933457e-04 
8.69842989124573e+00 2.62150838375642e-02 5.60414001169000e-04 
8.71804303643456e+00 2.60283212929962e-02 5.59090161661876e-04 
8.73765618162339e+00 2.58415345479999e-02 5.57750414623252e-04 
8.75726932681222e+00 2.56547311723045e-02 5.56394757665739e-04 
8.77688247200104e+00 2.54679187760839e-02 5.55023190813915e-04 
8.79649561718987e+00 2.52811050091464e-02 5.53635716514519e-04 
8.81610876237870e+00 2.50942975601106e-02 5.52232339646128e-04 
8.83572190756753e+00 2.49075041555675e-02 5.50813067528610e-04 
8.85533505275636e+00 2.47207325592301e-02 5.49377909932190e-04 
8.87494819794519e+00 2.45339905710689e-02 5.47926879086024e-04 
8.89456134313402e+00 2.43472860264345e-02 5.46459989686493e-04 
8.91417448832285e+00 2.41606267951676e-02 5.44977258905092e-04 
8.93378763351168e+00 2.39740207806949e-02 5.43478706395923e-04 
8.95340077870051e+00 2.37874759191134e-02 5.41964354302735e-04 
8.97301392388933e+00 2.36010001782606e-02 5.40434227265576e-04 
8.99262706907816e+00 2.34146015567734e-02 5.38888352427048e-04 
9.01224021426699e+00 2.32282880831329e-02 5.37326759438078e-04 
9.03185335945582e+00 2.30420678146984e-02 5.35749480463314e-04 
9.05146650464465e+00 2.28559488367274e-02 5.34156550186037e-04 
9.07107964983348e+00 2.26699392613849e-02 5.32548005812735e-04 
9.09069279502231e+00 2.24840472267393e-02 5.30923887077029e-04 
9.11030594021114e+00 2.22982808957478e-02 5.29284236243257e-04 
9.12991908539997e+00 2.21126484552285e-02 5.27629098109634e-04 
9.14953223058880e+00 2.19271581148221e-02 5.25958520010833e-04 
9.16914537577763e+00 2.17418181059413e-02 5.24272551820186e-04 
9.18875852096646e+00 2.15566366807095e-02 5.22571245951315e-04 
9.20837166615529e+00 2.13716221108879e-02 5.20854657359342e-04 
9.22798481134411e+00 2.11867826867917e-02 5.19122843541521e-04 
9.24759795653294e+00 2.10021267161955e-02 5.17375864537477e-04 
9.26721110172177e+00 2.08176625232283e-02 5.15613782928904e-04 
9.28682424691060e+00 2.06333984472576e-02 5.13836663838632e-04 
9.30643739209943e+00 2.04493428417637e-02 5.12044574929398e-04 
9.32605053728826e+00 2.02655040732033e-02 5.10237586401917e-04 
9.34566368247709e+00 2.00818905198641e-02 5.08415770992428e-04 
9.36527682766592e+00 1.98985105707087e-02 5.06579203969816e-04 
9.38488997285475e+00 1.97153726242098e-02 5.04727963132162e-04 
9.40450311804358e+00 1.95324850871761e-02 5.02862128802742e-04 
9.42411626323241e+00 1.93498563735684e-02 5.00981783825371e-04 
9.44372940842124e+00 1.91674949033079e-02 4.99087013559375e-04 
9.46334255361006e+00 1.89854091010752e-02 4.97177905873939e-04 
9.48295569879889e+00 1.88036073951010e-02 4.95254551141852e-04 
9.50256884398772e+00 1.86220982159494e-02 4.93317042232783e-04 
9.52218198917655e+00 1.84408899952918e-02 4.91365474505868e-04 
9.54179513436538e+00 1.82599911646750e-02 4.89399945801812e-04 
9.56140827955421e+00 1.80794101542805e-02 4.87420556434469e-04 
9.58102142474304e+00 1.78991553916770e-02 4.85427409181702e-04 
9.60063456993187e+00 1.77192353005666e-02 4.83420609275766e-04 
9.62024771512070e+00 1.75396582995236e-02 4.81400264393104e-04 
9.63986086030953e+00 1.73604328007275e-02 4.79366484643577e-04 
9.65947400549835e+00 1.71815672086895e-02 4.77319382559044e-04 
9.67908715068718e+00 1.70030699189734e-02 4.75259073081329e-04 
9.69870029587601e+00 1.68249493169111e-02 4.73185673549774e-04 
9.71831344106484e+00 1.66472137763126e-02 4.71099303688019e-04 
9.73792658625367e+00 1.64698716581712e-02 4.69000085590220e-04 
9.75753973144250e+00 1.62929313093638e-02 4.66888143706808e-04 
9.77715287663133e+00 1.61164010613475e-02 4.64763604829486e-04 
9.79676602182016e+00 1.59402892288510e-02 4.62626598075645e-04 
9.81637916700899e+00 1.57646041085635e-02 4.60477254872307e-04 
9.83599231219782e+00 1.55893539778192e-02 4.58315708939392e-04 
9.85560545738665e+00 1.54145470932789e-02 4.56142096272343e-04 
9.87521860257548e+00 1.52401916896093e-02 4.53956555124265e-04 
9.89483174776431e+00 1.50662959781588e-02 4.51759225987328e-04 
9.91444489295314e+00 1.48928681456321e-02 4.49550251573664e-04 
9.93405803814196e+00 1.47199163527623e-02 4.47329776795708e-04 
9.95367118333079e+00 1.45474487329816e-02 4.45097948745792e-04 
9.97328432851962e+00 1.43754733910912e-02 4.42854916675268e-04 
9.99289747370845e+00 1.42039984019294e-02 4.40563411719562e-04 
1.00125106188973e+01 1.40331195787592e-02 4.37993524681620e-04 
1.00321237640861e+01 1.38633881270442e-02 4.35191394800837e-04 
1.00517369092749e+01 1.36947990610712e-02 4.32400261844509e-04 
1.00713500544638e+01 1.35273473953371e-02 4.29620135766452e-04 
1.00909631996526e+01 1.33610281447838e-02 4.26851025932869e-04 
1.01105763448414e+01 1.31958363250298e-02 4.24092941126573e-04 
1.01301894900303e+01 1.30317669526009e-02 4.21345889551209e-04 
1.01498026352191e+01 1.28688150451584e-02 4.18609878835498e-04 
1.01694157804079e+01 1.27069756217249e-02 4.15884916037464e-04 
1.01890289255967e+01 1.25462437029090e-02 4.13171007648710e-04 
1.02086420707856e+01 1.23866143111270e-02 4.10468159598706e-04 
1.02282552159744e+01 1.22280824708234e-02 4.07776377259029e-04 
1.02478683611632e+01 1.20706432086891e-02 4.05095665447644e-04 
1.02674815063521e+01 1.19142915538771e-02 4.02426028433238e-04 
1.02870946515409e+01 1.17590225382171e-02 3.99767469939502e-04 
1.03067077967297e+01 1.16048311964273e-02 3.97119993149414e-04 
1.03263209419185e+01 1.14517125663246e-02 3.94483600709563e-04 
1.03459340871074e+01 1.12996616890329e-02 3.91858294734465e-04 
1.03655472322962e+01 1.11486736091885e-02 3.89244076810880e-04 
1.03851603774850e+01 1.09987433751452e-02 3.86640948002149e-04 
1.04047735226739e+01 1.08498660391754e-02 3.84048908852520e-04 
1.04243866678627e+01 1.07020366576707e-02 3.81467959391463e-04 
1.04439998130515e+01 1.05552502913398e-02 3.78898099138021e-04 
1.04636129582404e+01 1.04095020054047e-02 3.76339327105118e-04 
1.04832261034292e+01 1.02647868697944e-02 3.73791641803927e-04 
1.05028392486180e+01 1.01210999593373e-02 3.71255041248201e-04 
1.05224523938068e+01 9.97843635395144e-03 3.68729522958602e-04 
1.05420655389957e+01 9.83679113883203e-03 3.66215083967034e-04 
1.05616786841845e+01 9.69615940463806e-03 3.63711720821024e-04 
1.05812918293733e+01 9.55653624767616e-03 3.61219429588026e-04 
1.06009049745622e+01 9.41791677008288e-03 3.58738205859748e-04 
1.06205181197510e+01 9.28029608000481e-03 3.56268044756523e-04 
1.06401312649398e+01 9.14366929177680e-03 3.53808940931593e-04 
1.06597444101286e+01 9.00803152609820e-03 3.51360888575486e-04 
1.06793575553175e+01 8.87337791020716e-03 3.48923881420332e-04 
1.06989707005063e+01 8.73970357805296e-03 3.46497912744179e-04 
1.07185838456951e+01 8.60700367046634e-03 3.44082975375338e-04 
1.07381969908840e+01 8.47527333532796e-03 3.41679061696651e-04 
1.07578101360728e+01 8.34450772773493e-03 3.39286163649843e-04 
1.07774232812616e+01 8.21470201016526e-03 3.36904272739815e-04 
1.07970364264504e+01 8.08585135264060e-03 3.34533380038945e-04 
1.08166495716393e+01 7.95795093288683e-03 3.32173476191398e-04 
1.08362627168281e+01 7.83099593649289e-03 3.29824551417397e-04 
1.08558758620169e+01 7.70498155706765e-03 3.27486595517519e-04 
1.08754890072058e+01 7.57990299639482e-03 3.25159597876963e-04 
1.08951021523946e+01 7.45575546458601e-03 3.22843547469827e-04 
1.09147152975834e+01 7.33253418023191e-03 3.20538432863364e-04 
1.09343284427722e+01 7.21023437055153e-03 3.18244242222228e-04 
1.09539415879611e+01 7.08885127153957e-03 3.15960963312729e-04 
1.09735547331499e+01 6.96838012811195e-03 3.13688583507064e-04 
1.09931678783387e+01 6.84881619424941e-03 3.11427089787558e-04 
1.10127810235276e+01 6.73015473313931e-03 3.09176468750866e-04 
1.10323941687164e+01 6.61239101731550e-03 3.06936706612184e-04 
1.10520073139052e+01 6.49552032879641e-03 3.04707789209449e-04 
1.10716204590941e+01 6.37953795922125e-03 3.02489702007527e-04 
1.10912336042829e+01 6.26443920998440e-03 3.00282430102402e-04 
1.11108467494717e+01 6.15021939236795e-03 2.98085958225313e-04 
1.11304598946605e+01 6.03687382767246e-03 2.95900270746939e-04 
1.11500730398494e+01 5.92439784734582e-03 2.93725351681530e-04 
1.11696861850382e+01 5.81278679311043e-03 2.91561184691032e-04 
1.11892993302270e+01 5.70203601708847e-03 2.89407753089213e-04 
1.12089124754159e+01 5.59214088192543e-03 2.87265039845776e-04 
1.12285256206047e+01 5.48309676091185e-03 2.85133027590447e-04 
1.12481387657935e+01 5.37489903810331e-03 2.83011698617043e-04 
1.12677519109823e+01 5.26754310843859e-03 2.80901034887574e-04 
1.12873650561712e+01 5.16102437785615e-03 2.78801018036281e-04 
1.13069782013600e+01 5.05533826340877e-03 2.76711629373648e-04 
1.13265913465488e+01 4.95048019337657e-03 2.74632849890465e-04 
1.13462044917377e+01 4.84644560737818e-03 2.72564660261846e-04 
1.13658176369265e+01 4.74322995648023e-03 2.70507040851204e-04 
1.13854307821153e+01 4.64082870330514e-03 2.68459971714239e-04 
1.14050439273042e+01 4.53923732213720e-03 2.66423432602909e-04 
1.14246570724930e+01 4.43845129902692e-03 2.64397402969388e-04 
1.14442702176818e+01 4.33846613189372e-03 2.62381861969999e-04 
1.14638833628706e+01 4.23927733062693e-03 2.60376788469144e-04 
1.14834965080595e+01 4.14088041718512e-03 2.58382161043210e-04 
1.15031096532483e+01 4.04327092569375e-03 2.56397957984442e-04 
1.15227227984371e+01 3.94644440254121e-03 2.54424157304835e-04 
1.15423359436260e+01 3.85039640647316e-03 2.52453901135621e-04 
1.15619490888148e+01 3.75512708429849e-03 2.50449188047183e-04 
1.15815622340036e+01 3.66065856075464e-03 2.48356906593068e-04 
1.16011753791924e+01 3.56703184530811e-03 2.46158705106522e-04 
1.16207885243813e+01 3.47428515434375e-03 2.43854744268127e-04 
1.16404016695701e+01 3.38245863534923e-03 2.41427787464389e-04 
1.16600148147589e+01 3.29160244890100e-03 2.38858483475232e-04 
1.16796279599478e+01 3.20177200362776e-03 2.36146710276633e-04 
1.16992411051366e+01 3.11301851458501e-03 2.33303294882963e-04 
1.17188542503254e+01 3.02538911197479e-03 2.30338170742403e-04 
1.17384673955142e+01 2.93892735410732e-03 2.27258960090758e-04 
1.17580805407031e+01 2.85367438159334e-03 2.24072361877570e-04 
1.17776936858919e+01 2.76966868866391e-03 2.20787067312526e-04 
1.17973068310807e+01 2.68694493875729e-03 2.17412974762635e-04 
1.18169199762696e+01 2.60553408956740e-03 2.13959661241341e-04 
1.18365331214584e+01 2.52546351906478e-03 2.10425258170138e-04 
1.18561462666472e+01 2.44676429483142e-03 2.06796915357232e-04 
1.18757594118361e+01 2.36947341464454e-03 2.03073382184147e-04 
1.18953725570249e+01 2.29362410611218e-03 1.99265358792179e-04 
1.19149857022137e+01 2.21924532884710e-03 1.95383869093204e-04 
1.19345988474025e+01 2.14636195023850e-03 1.91439482291354e-04 
1.19542119925914e+01 2.07499492125005e-03 1.87442312887184e-04 
1.19738251377802e+01 2.00516145172714e-03 1.83402022007557e-04 
1.19934382829690e+01 1.93687518473222e-03 1.79327764652690e-04 
1.20130514281579e+01 1.87014666255928e-03 1.75228034382227e-04 
1.20326645733467e+01 1.80498433672442e-03 1.71111214962431e-04 
1.20522777185355e+01 1.74139208064726e-03 1.66985526776608e-04 
1.20718908637243e+01 1.67937088245241e-03 1.62858417741091e-04 
1.20915040089132e+01 1.61891900871586e-03 1.58736913117789e-04 
1.21111171541020e+01 1.56003216501977e-03 1.54627623729257e-04 
1.21307302992908e+01 1.50270365306005e-03 1.50536754830747e-04 
1.21503434444797e+01 1.44692452407947e-03 1.46470115567432e-04 
1.21699565896685e+01 1.39268372842579e-03 1.42433128947906e-04 
1.21895697348573e+01 1.33996826106020e-03 1.38430842268038e-04 
1.22091828800461e+01 1.28876330286579e-03 1.34467937922277e-04 
1.22287960252350e+01 1.23905235762935e-03 1.30548744542548e-04 
1.22484091704238e+01 1.19081738459172e-03 1.26677248407914e-04 
1.22680223156126e+01 1.14403892648299e-03 1.22857105071235e-04 
1.22876354608015e+01 1.09869623297861e-03 1.19091651152064e-04 
1.23072486059903e+01 1.05476737953114e-03 1.15383916248030e-04 
1.23268617511791e+01 1.01222938154962e-03 1.11736634919915e-04 
1.23464748963679e+01 9.71058303915040e-04 1.08152258708541e-04 
1.23660880415568e+01 9.31229365835494e-04 1.04632968144451e-04 
1.23857011867456e+01 8.92717041058633e-04 1.01180684714153e-04 
1.24053143319344e+01 8.55495153472158e-04 9.77970827494403e-05 
1.24249274771233e+01 8.19536968134972e-04 9.44836012089334e-05 
1.24445406223121e+01 7.84815277792661e-04 9.12414553235835e-05 
1.24641537675009e+01 7.51302484940914e-04 8.80716480803642e-05 
1.24837669126898e+01 7.18970679509607e-04 8.49749815207674e-05 
1.25033800578786e+01 6.87791712248392e-04 8.19520678330559e-05 
1.25229932030674e+01 6.57737263901945e-04 7.90033402194350e-05 
1.25426063482562e+01 6.28778910269487e-04 7.61290635214304e-05 
1.25622194934451e+01 6.00888183248843e-04 7.33293445888086e-05 
1.25818326386339e+01 5.74036627970253e-04 7.06041423792996e-05 
1.26014457838227e+01 5.48195856129295e-04 6.79532777782254e-05 
1.26210589290116e+01 5.23337595631846e-04 6.53764431288994e-05 
1.26406720742004e+01 4.99433736666855e-04 6.28732114662963e-05 
1.26602852193892e+01 4.76456374324958e-04 6.04430454480568e-05 
1.26798983645780e+01 4.54377847882704e-04 5.80853059783632e-05 
1.26995115097669e+01 4.33170776873286e-04 5.57992605215876e-05 
1.27191246549557e+01 4.12808094065363e-04 5.35840911039041e-05 
1.27387378001445e+01 3.93263075471747e-04 5.14389020022574e-05 
1.27583509453334e+01 3.74509367509518e-04 4.93627271211914e-05 
1.27779640905222e+01 3.56521011432474e-04 4.73545370590725e-05 
1.27975772357110e+01 3.39272465155869e-04 4.54132458661981e-05 
1.28171903808998e+01 3.22738622592001e-04 4.35377174981573e-05 
1.28368035260887e+01 3.06894830613634e-04 4.17267719686084e-05 
1.28564166712775e+01 2.91716903760260e-04 3.99791912063709e-05 
1.28760298164663e+01 2.77181136800058e-04 3.82937246223994e-05 
1.28956429616552e+01 2.63264315257986e-04 3.66690943927974e-05 
1.29152561068440e+01 2.49943724017833e-04 3.51037020779041e-05 
1.29348692520328e+01 2.37197319493920e-04 3.35956646359101e-05 
1.29544823972217e+01 2.25003826135717e-04 3.21434184038944e-05 
1.29740955424105e+01 2.13342457369430e-04 3.07457243832349e-05 
1.29937086875993e+01 2.02192897917555e-04 2.94009309566797e-05 
1.30133218327881e+01 1.91535539329592e-04 2.81052015578620e-05 
1.30329349779770e+01 1.81352596053618e-04 2.68537166058261e-05 
1.30525481231658e+01 1.71628197538134e-04 2.56442563811941e-05 
1.30721612683546e+01 1.62346604795793e-04 2.44764151868774e-05 
1.30917744135435e+01 1.53492263015998e-04 2.33494221601195e-05 
1.31113875587323e+01 1.45049976884120e-04 2.22619710566242e-05 
1.31310007039211e+01 1.37005133717277e-04 2.12127873060395e-05 
1.31506138491099e+01 1.29343566360267e-04 2.02011487616299e-05 
1.31702269942988e+01 1.22051280262447e-04 1.92265339985201e-05 
1.31898401394876e+01 1.15114505783944e-04 1.82883176248073e-05 
1.32094532846764e+01 1.08519730322614e-04 1.73858592695085e-05 
1.32290664298653e+01 1.02253686444237e-04 1.65185311419409e-05 
1.32486795750541e+01 9.63033493109362e-05 1.56856780406745e-05 
1.32682927202429e+01 9.06559541222195e-05 1.48865753300037e-05 
1.32879058654317e+01 8.52990241133346e-05 1.41203511843147e-05 
1.33075190106206e+01 8.02204373708329e-05 1.33860300820969e-05 
1.33271321558094e+01 7.54084567881667e-05 1.26827027661606e-05 
1.33467453009982e+01 7.08516670574226e-05 1.20095440997041e-05 
1.33663584461871e+01 6.65389618783719e-05 1.13657468662154e-05 
1.33859715913759e+01 6.24595407605318e-05 1.07505081918654e-05 
1.34055847365647e+01 5.86029068938831e-05 1.01630175099529e-05 
1.34251978817536e+01 5.49588723404458e-05 9.60245146922993e-06 
1.34448110269424e+01 5.15175617338902e-05 9.06797780907080e-06 
1.34644241721312e+01 4.82694146017091e-05 8.55875893517486e-06 
1.34840373173200e+01 4.52051864201779e-05 8.07391769643748e-06 
1.35036504625089e+01 4.23159672272769e-05 7.61253478596831e-06 
1.35232636076977e+01 3.95932004600725e-05 7.17372864993171e-06 
1.35428767528865e+01 3.70286475904072e-05 6.75667949974132e-06 
1.35624898980754e+01 3.46143709751432e-05 6.36058874539272e-06 
1.35821030432642e+01 3.23427311251468e-05 5.98466555798263e-06 
1.36017161884530e+01 3.02063831957945e-05 5.62812888061304e-06 
1.36213293336418e+01 2.81982727815294e-05 5.29020922406094e-06 
1.36409424788307e+01 2.63116310923774e-05 4.97015025934719e-06 
1.36605556240195e+01 2.45399695857748e-05 4.66721021919477e-06 
1.36801687692083e+01 2.28770741225603e-05 4.38066312017605e-06 
1.36997819143972e+01 2.13169987115820e-05 4.10979981711486e-06 
1.37193950595860e+01 1.98540589030587e-05 3.85392890103936e-06 
1.37390082047748e+01 1.84828248866462e-05 3.61237745168084e-06 
1.37586213499636e+01 1.71981143460858e-05 3.38449165518700e-06 
1.37782344951525e+01 1.59949851183749e-05 3.16963729736924e-06 
1.37978476403413e+01 1.48687277015985e-05 2.96720014243926e-06 
1.38174607855301e+01 1.38148576519042e-05 2.77658620681193e-06 
1.38370739307190e+01 1.28291079065935e-05 2.59718967171272e-06 
1.38566870759078e+01 1.19074360758525e-05 2.42834643089207e-06 
1.38763002210966e+01 1.10460549015321e-05 2.26941204773733e-06 
1.38959133662855e+01 1.02414122977803e-05 2.11984517821402e-06 
1.39155265114743e+01 9.49013401094769e-06 1.97912740602849e-06 
1.39351396566631e+01 8.78904270556014e-06 1.84674793075175e-06 
1.39547528018519e+01 8.13514982640026e-06 1.72227477188382e-06 
1.39743659470408e+01 7.52560963145460e-06 1.60530376447110e-06 
1.39939790922296e+01 6.95772613270708e-06 1.49535983679540e-06 
1.40135922374184e+01 6.42898786753560e-06 1.39202402774093e-06 
1.40332053826073e+01 5.93703720416396e-06 1.29502900537869e-06 
1.40528185277961e+01 5.47957502029611e-06 1.20410138807328e-06 
1.40724316729849e+01 5.05442720954260e-06 1.11889963191959e-06 
1.40920448181737e+01 4.65954369042685e-06 1.03908740444445e-06 
1.41116579633626e+01 4.29300021269577e-06 9.64361715789826e-07 
1.41312711085514e+01 3.95297604412697e-06 8.94450963569939e-07 
1.41508842537402e+01 3.63774845028426e-06 8.29093680961986e-07 
1.41704973989291e+01 3.34568915329778e-06 7.68033923745836e-07 
1.41901105441179e+01 3.07526369769173e-06 7.11027418574366e-07 
1.42097236893067e+01 2.82502534917283e-06 6.57843076312913e-07 
1.42293368344955e+01 2.59361004152044e-06 6.08254169460328e-07 
1.42489499796844e+01 2.37973672213068e-06 5.62040291795793e-07 
1.42685631248732e+01 2.18220429081934e-06 5.18997621282099e-07 
1.42881762700620e+01 1.99988377180982e-06 4.78939204715668e-07 
1.43077894152509e+01 1.83171258268198e-06 4.41685658723925e-07 
1.43274025604397e+01 1.67669288102748e-06 4.07063049679594e-07 
1.43470157056285e+01 1.53389020724693e-06 3.74908405376976e-07 
1.43666288508174e+01 1.40242763254118e-06 3.45069514373434e-07 
1.43862419960062e+01 1.28148276483345e-06 3.17401611281091e-07 
1.44058551411950e+01 1.17028514000233e-06 2.91766934850082e-07 
1.44254682863838e+01 1.06811365971566e-06 2.68034593485748e-07 
1.44450814315727e+01 9.74294083951322e-07 2.46080410265760e-07 
1.44646945767615e+01 8.88196585039159e-07 2.25786222705735e-07 
1.44843077219503e+01 8.09233577952889e-07 2.07039466513477e-07 
1.45039208671392e+01 7.36857838347817e-07 1.89732931082822e-07 
1.45235340123280e+01 6.70560349925580e-07 1.73764088829784e-07 
1.45431471575168e+01 6.09868895911863e-07 1.59036743911258e-07 
1.45627603027056e+01 5.54345554823656e-07 1.45463031663744e-07 
1.45823734478945e+01 5.03583168592944e-07 1.32961973991757e-07 
1.46019865930833e+01 4.57203307414258e-07 1.21457558893934e-07 
1.46215997382721e+01 4.14854569817586e-07 1.10878311742050e-07 
1.46412128834610e+01 3.76210946690149e-07 1.01157106496871e-07 
1.46608260286498e+01 3.40970259174079e-07 9.22309756441639e-08 
1.46804391738386e+01 3.08852664910011e-07 8.40407065754529e-08 
1.47000523190274e+01 2.79599314001051e-07 7.65304356226093e-08 
1.47196654642163e+01 2.52971220328551e-07 6.96479866473289e-08 
1.47392786094051e+01 2.28747883063436e-07 6.33451663623198e-08 
1.47588917545939e+01 2.06725731985002e-07 5.75772624490911e-08 
1.47785048997828e+01 1.86717014429672e-07 5.23025355937878e-08 
1.47981180449716e+01 1.68548719044971e-07 4.74820302064605e-08 
1.48177311901604e+01 1.52061604206097e-07 4.30795464505292e-08 
1.48373443353493e+01 1.37109202477701e-07 3.90616036205766e-08 
1.48569574805381e+01 1.23556816821130e-07 3.53971798344953e-08 
1.48765706257269e+01 1.11280683041396e-07 3.20574896018554e-08 
1.48961837709157e+01 1.00167175934226e-07 2.90158731454759e-08 
1.49157969161046e+01 9.01120468634747e-08 2.62476584683803e-08 
1.49354100612934e+01 8.10197239401261e-08 2.37300234785303e-08 
1.49550232064822e+01 7.28026563646637e-08 2.14418783963962e-08 
1.49746363516711e+01 6.53807009462036e-08 1.93637230401751e-08 
1.49942494968599e+01 5.86805592469944e-08 1.74775873204979e-08 
1.50138626420487e+01 5.26372359695708e-08 1.57668198112121e-08 
1.50334757872375e+01 4.71959629369159e-08 1.42156982551818e-08 
1.50530889324264e+01 4.22990902068537e-08 1.28111436042413e-08 
1.50727020776152e+01 3.78942258913576e-08 1.15399789755046e-08 
1.50923152228040e+01 3.39337856740557e-08 1.03901383608488e-08 
1.51119283679929e+01 3.03745777381226e-08 9.35058096753587e-09 
1.51315415131817e+01 2.71774206674760e-08 8.41121130331475e-09 
1.51511546583705e+01 2.43067920138424e-08 7.56280471465758e-09 
1.51707678035593e+01 2.17305053494278e-08 6.79693809067394e-09 
1.51903809487482e+01 1.94194137490523e-08 6.10592545065395e-09 
1.52099940939370e+01 1.73471377662125e-08 5.48275813985291e-09 
1.52296072391258e+01 1.54898160842473e-08 4.92104936582387e-09 
1.52492203843147e+01 1.38258771363084e-08 4.41498281612387e-09 
1.52688335295035e+01 1.23358300959598e-08 3.95926510738442e-09 
1.52884466746923e+01 1.10020737437984e-08 3.54908182538463e-09 
1.53080598198811e+01 9.80872181440211e-09 3.18005692575523e-09 
1.53276729650700e+01 8.74144352213518e-09 2.84821527514926e-09 
1.53472861102588e+01 7.78731805385356e-09 2.54994812303171e-09 
1.53668992554476e+01 6.93470190140944e-09 2.28198130457313e-09 
1.53865124006365e+01 6.17310798709961e-09 2.04134598540010e-09 
1.54061255458253e+01 5.49309561093856e-09 1.82535176909144e-09 
1.54257386910141e+01 4.88617031997025e-09 1.63156199825561e-09 
1.54453518362030e+01 4.34469286689270e-09 1.45777108973430e-09 
1.54649649813918e+01 3.86179648819842e-09 1.30198375391228e-09 
1.54845781265806e+01 3.43131179098476e-09 1.16239595724223e-09 
1.55041912717694e+01 3.04769859272138e-09 1.03737749589312e-09 
1.55238044169583e+01 2.70598410974342e-09 9.25456056883131e-10 
1.55434175621471e+01 2.40170693823756e-09 8.25302651151206e-10 
1.55630307073359e+01 2.13086631617390e-09 7.35718310748068e-10 
1.55826438525248e+01 1.88987619617991e-09 6.55621949683558e-10 
1.56022569977136e+01 1.67552369792201e-09 5.84039294952974e-10 
1.56218701429024e+01 1.48493154432047e-09 5.20092800883575e-10 
1.56414832880912e+01 1.31552411903814e-09 4.62992466199002e-10 
1.56610964332801e+01 1.16499681330828e-09 4.12027479101444e-10 
1.56807095784689e+01 1.03128835845644e-09 3.66558621228484e-10 
1.57003227236577e+01 9.12555866571234e-10 3.26011366564163e-10 
1.57199358688466e+01 8.07152325831259e-10 2.89869616283689e-10 
1.57395490140354e+01 7.13606319135106e-10 2.57670015101147e-10 
1.57591621592242e+01 6.30603755037149e-10 2.28996329156481e-10 
1.57787753044131e+01 5.56967249306708e-10 2.03405491486114e-10 
1.57983884496019e+01 4.91694382859515e-10 1.80571860393137e-10 
1.58180015947907e+01 4.33846873287782e-10 1.60217822570106e-10 
1.58376147399795e+01 3.82625572314913e-10 1.42078307952922e-10 
1.58572278851684e+01 3.37280411113660e-10 1.25927786035578e-10 
1.58768410303572e+01 2.97172476054773e-10 1.11551366602620e-10 
1.58964541755460e+01 2.61703747465373e-10 9.87661401077914e-11 
1.59160673207349e+01 2.30364797852865e-10 8.73984181427846e-11 
1.59356804659237e+01 2.02680074203221e-10 7.73003112464988e-11 
1.59552936111125e+01 1.78244468403528e-10 6.83318405163252e-11 
1.59749067563013e+01 1.56680781207735e-10 6.03737851542044e-11 
1.59945199014902e+01 1.37667700739838e-10 5.33138402835478e-11 
1.60141330466790e+01 1.20906761252810e-10 4.70569898295383e-11 
1.60337461918678e+01 1.06143482191476e-10 4.15140197554834e-11 
1.60533593370567e+01 9.31414736990131e-11 3.66080672047013e-11 
1.60729724822455e+01 8.16995980257566e-11 3.22666457075643e-11 
1.60925856274343e+01 7.16318857543892e-11 2.84279587927753e-11 
1.61121987726231e+01 6.27801866136497e-11 2.50343096854648e-11 
1.61318119178120e+01 5.49985231705602e-11 2.20365563009544e-11 
1.61514250630008e+01 4.81628090596727e-11 1.93888916545847e-11 
1.61710382081896e+01 4.21587062122852e-11 1.70523266438217e-11 
1.61906513533785e+01 3.68890588450906e-11 1.49905827484763e-11 
1.62102644985673e+01 3.22644990742567e-11 1.31727967689360e-11 
1.62298776437561e+01 2.82091135615537e-11 1.15703042505578e-11 
1.62494907889450e+01 2.46531948382657e-11 1.01587293603965e-11 
1.62691039341338e+01 2.15375475396048e-11 8.91547540869809e-12 
1.62887170793226e+01 1.88079085851218e-11 7.82133301040482e-12 
1.63083302245114e+01 1.64182105879686e-11 6.85852843326635e-12 
1.63279433697003e+01 1.43262959226154e-11 6.01195677295129e-12 
1.63475565148891e+01 1.24963835734705e-11 5.26766826566812e-12 
1.63671696600779e+01 1.08957836353306e-11 4.61381103192711e-12 
1.63867828052668e+01 9.49675759127436e-12 4.03945991772183e-12 
1.64063959504556e+01 8.27400446824852e-12 3.53533523631894e-12 
1.64260090956444e+01 7.20606050155826e-12 3.09289862410262e-12 
1.64456222408332e+01 6.27337917007122e-12 2.70489963899497e-12 
1.64652353860221e+01 5.45938196903609e-12 2.36467917105325e-12 
1.64848485312109e+01 4.74899457459618e-12 2.06658417693854e-12 
1.65044616763997e+01 4.12943396293111e-12 1.80538289233783e-12 
1.65240748215886e+01 3.58909876229814e-12 1.57659006084731e-12 
1.65436879667774e+01 3.11820560630614e-12 1.37615072321896e-12 
1.65633011119662e+01 2.70788784908338e-12 1.20067659262379e-12 
1.65829142571550e+01 2.35062828775122e-12 1.04708581926173e-12 
1.66025274023439e+01 2.03960640328684e-12 9.12755881719327e-13 
1.66221405475327e+01 1.76904541269202e-12 7.95290832984025e-13 
1.66417536927215e+01 1.53370999673142e-12 6.92654444756914e-13 
1.66613668379104e+01 1.32916999575740e-12 6.02988408586402e-13 
1.66809799830992e+01 1.15141529986324e-12 5.24715231363814e-13 
1.67005931282880e+01 9.97055358467814e-13 4.56396910957160e-13 
1.67202062734769e+01 8.63024855980021e-13 3.96814012943139e-13 
1.67398194186657e+01 7.46734075110544e-13 3.44856271617308e-13 
1.67594325638545e+01 6.45844624389349e-13 2.99583062875349e-13 
1.67790457090433e+01 5.58382358602313e-13 2.60139037986966e-13 
1.67986588542322e+01 4.82566956161085e-13 2.25800165424424e-13 
1.68182719994210e+01 4.16896440696447e-13 1.95908892136433e-13 
1.68378851446098e+01 3.60018011982430e-13 1.69909057533070e-13 
1.68574982897987e+01 3.10791115826000e-13 1.47296218920777e-13 
1.68771114349875e+01 2.68189779472740e-13 1.27644029454658e-13 
1.68967245801763e+01 2.31349538144367e-13 1.10566291915493e-13 
1.69163377253651e+01 1.99493759750239e-13 9.57368191399764e-14 
1.69359508705540e+01 1.71968465209317e-13 8.28605258075145e-14 
1.69555640157428e+01 1.48186870293517e-13 7.16883332912244e-14 
1.69751771609316e+01 1.27655157132628e-13 6.19952031831369e-14 
1.69947903061205e+01 1.09930814398263e-13 5.35906816251400e-14 
1.70144034513093e+01 9.46371211919822e-14 4.63027531509155e-14 
1.70340165964981e+01 8.14295608772893e-14 3.99890596501477e-14 
1.70536297416869e+01 7.00331700889278e-14 3.45179572791916e-14 
1.70732428868758e+01 6.02012625979751e-14 2.97810810537914e-14 
1.70928560320646e+01 5.17261820612411e-14 2.56807206366570e-14 
1.71124691772534e+01 4.44218837407295e-14 2.21343924504974e-14 
1.71320823224423e+01 3.81318938025107e-14 1.90678271700352e-14 
1.71516954676311e+01 3.27162168618198e-14 1.64183904184943e-14 
1.71713086128199e+01 2.80572075276364e-14 1.41297652197437e-14 
1.71909217580087e+01 2.40497554041786e-14 1.21545014571313e-14 
1.72105349031976e+01 2.06056022894941e-14 1.04499957051866e-14 
1.72301480483864e+01 1.76460028893188e-14 8.98038441550596e-15 
1.72497611935752e+01 1.51048890353584e-14 7.71351330011703e-15 
1.72693743387641e+01 1.29233951371435e-14 6.62233825612284e-15 
1.72889874839529e+01 1.10521701514363e-14 5.68264700044795e-15 
1.73086006291417e+01 9.44730372190232e-15 4.87409222977497e-15 
1.73282137743306e+01 8.07201032687939e-15 4.17848331064459e-15 
1.73478269195194e+01 6.89360475865972e-15 3.58054572857494e-15 
1.73674400647082e+01 5.88472529517637e-15 3.06664346989970e-15 
1.73870532098970e+01 5.02109329838326e-15 2.62533550045425e-15 
1.74066663550859e+01 4.28239899531760e-15 2.24642261320191e-15 
1.74262795002747e+01 3.65064556354048e-15 1.92135392001829e-15 
1.74458926454635e+01 3.11078874249936e-15 1.64251746603509e-15 
1.74655057906524e+01 2.64951555586032e-15 1.40353626126634e-15 
1.74851189358412e+01 2.25570485707629e-15 1.19874154818653e-15 
1.75047320810300e+01 1.91952850425619e-15 1.02338774950226e-15 
1.75243452262188e+01 1.63278204069709e-15 8.73262246565284e-16 
1.75439583714077e+01 1.38822455111066e-15 7.44840996666359e-16 
1.75635715165965e+01 1.17981543586724e-15 6.35000083560807e-16 
1.75831846617853e+01 1.00223054934649e-15 5.41128056584077e-16 
1.76027978069742e+01 8.51031266534016e-16 4.60913172114113e-16 
1.76224109521630e+01 7.22310535579670e-16 3.92424259841257e-16 
1.76420240973518e+01 6.12813266025647e-16 3.33954126005721e-16 
1.76616372425406e+01 5.19677920947292e-16 2.84077600325132e-16 
1.76812503877295e+01 4.40522007126008e-16 2.41536515490756e-16 
1.77008635329183e+01 3.73253781470172e-16 2.05281257630405e-16 
1.77204766781071e+01 3.16132792815488e-16 1.74386455896416e-16 
1.77400898232960e+01 2.67632938623587e-16 1.48080641974047e-16 
1.77597029684848e+01 2.26485221324022e-16 1.25684574094171e-16 
1.77793161136736e+01 1.91578337535534e-16 1.06632349901887e-16 
1.77989292588625e+01 1.61988790746826e-16 9.04263772498097e-17 
1.78185424040513e+01 1.36908859417008e-16 7.66523615941925e-17 
1.78381555492401e+01 1.15667746411330e-16 6.49464942744688e-17 
1.78577686944289e+01 9.76794804260434e-17 5.50060620609387e-17 
1.78773818396178e+01 8.24577290973892e-17 4.65655837529625e-17 
1.78969949848066e+01 6.95781852116877e-17 3.94042996126025e-17 
1.79166081299954e+01 5.86889132002757e-17 3.33288486787017e-17 
1.79362212751843e+01 4.94832410132280e-17 2.81785405983692e-17 
1.79558344203731e+01 4.17069670767469e-17 2.38128043780316e-17 
1.79754475655619e+01 3.51388575884755e-17 2.01148883189540e-17 
1.79950607107507e+01 2.95956532985906e-17 1.69829970516083e-17 
1.80146738559396e+01 2.49180814012821e-17 1.43332430823721e-17 
1.80342870011284e+01 2.09741204298159e-17 1.20923807762835e-17 
1.80539001463172e+01 1.76486050153141e-17 1.01990197922321e-17 
1.80735132915061e+01 1.48463723579304e-17 8.59922905792684e-18 
1.80931264366949e+01 1.24850002417282e-17 7.24837716346755e-18 
1.81127395818837e+01 1.04964137385338e-17 6.10769486112900e-18 
1.81323527270725e+01 8.82170099368301e-18 5.14511352181225e-18 
1.81519658722614e+01 7.41222741921209e-18 4.33280043191011e-18 
1.81715790174502e+01 6.22593960949929e-18 3.64774422324599e-18 
1.81911921626390e+01 5.22813630107832e-18 3.06999006891067e-18 
1.82108053078279e+01 4.38883666058867e-18 2.58304757680699e-18 
1.82304184530167e+01 3.68331256159287e-18 2.17262882966344e-18 
1.82500315982055e+01 3.09021713395557e-18 1.82693197457377e-18 
1.82696447433944e+01 2.59195142398907e-18 1.53574002831777e-18 
1.82892578885832e+01 2.17333526405994e-18 1.29061761945145e-18 
1.83088710337720e+01 1.82185926854326e-18 1.08426826785588e-18 
1.83284841789608e+01 1.52674205135676e-18 9.10670578877185e-19 
1.83480973241497e+01 1.27910301168286e-18 7.64620457545269e-19 
1.83677104693385e+01 1.07129442793756e-18 6.41825180929002e-19 
1.83873236145273e+01 8.97019648753824e-19 5.38577752612453e-19 
1.84069367597162e+01 7.50860503260517e-19 4.51821735426348e-19 
1.84265499049050e+01 6.28357949820142e-19 3.78919897842075e-19 
1.84461630500938e+01 5.25678093987672e-19 3.17698793889027e-19 
1.84657761952826e+01 4.39667081691205e-19 2.66284605449359e-19 
1.84853893404715e+01 3.67615357413925e-19 2.23133725126752e-19 
1.85050024856603e+01 3.07294930257667e-19 1.86916422584386e-19 
1.85246156308491e+01 2.56793174565330e-19 1.56537775535130e-19 
1.85442287760380e+01 2.14538061529149e-19 1.31055329193678e-19 
1.85638419212268e+01 1.79181126862332e-19 1.09693386839728e-19 
1.85834550664156e+01 1.49614506860557e-19 9.17848006684093e-20 
1.86030682116044e+01 1.24888625049521e-19 7.67807043890596e-20 
1.86226813567933e+01 1.04223661477440e-19 6.42094131454928e-20 
1.86422945019821e+01 8.69517262149504e-20 5.36830349561228e-20 
1.86619076471709e+01 7.25245575744285e-20 4.48684857617913e-20 
1.86815207923598e+01 6.04729451258038e-20 3.74919687689184e-20 
1.87011339375486e+01 5.04118803789160e-20 3.13185577523561e-20 
1.87207470827374e+01 4.20121165716951e-20 2.61552235607705e-20 
1.87403602279263e+01 3.50036033391320e-20 2.18364697764170e-20 
1.87599733731151e+01 2.91555758559055e-20 1.82263717694485e-20 
1.87795865183039e+01 2.42788370909081e-20 1.52084823710248e-20 
1.87991996634927e+01 2.02118340973994e-20 1.26872015553059e-20 
1.88188128086816e+01 1.68221687989240e-20 1.05806910360712e-20 
1.88384259538704e+01 1.39968720494487e-20 8.82179143137919e-21 
1.88580390990592e+01 1.16433996996102e-20 7.35305461087872e-21 
1.88776522442481e+01 9.68284644531664e-21 6.12735580656855e-21 
1.88972653894369e+01 8.05059970138701e-21 5.10441472033715e-21 
1.89168785346257e+01 6.69160988985975e-21 4.25120258945765e-21 
1.89364916798145e+01 5.56081769442353e-21 3.53950865292225e-21 
1.89561048250034e+01 4.61986123286146e-21 2.94620980702930e-21 
1.89757179701922e+01 3.83735386500048e-21 2.45157023586180e-21 
1.89953311153810e+01 3.18659421603912e-21 2.03944047673470e-21 
1.90149442605699e+01 2.64574942876989e-21 1.69609968744640e-21 
1.90345574057587e+01 2.19624483487196e-21 1.41030402913019e-21 
1.90541705509475e+01 1.82284531840783e-21 1.17241477434729e-21 
1.90737836961363e+01 1.51262133412621e-21 9.74502877598279e-22 
1.90933968413252e+01 1.25501597040257e-21 8.09825578585608e-22 
1.91130099865140e+01 1.04107432096147e-21 6.72871350119518e-22 
1.91326231317028e+01 8.63486789765926e-22 5.58955537280108e-22 
1.91522362768917e+01 7.16056075096037e-22 4.64249892042346e-22 
1.91718494220805e+01 5.93724982930530e-22 3.85502046452309e-22 
1.91914625672693e+01 4.92208033335257e-22 3.20054836526681e-22 
1.92110757124582e+01 4.08009224124037e-22 2.65651834926062e-22 
1.92306888576470e+01 3.38167602988959e-22 2.20449928620014e-22 
1.92503020028358e+01 2.80268552419171e-22 1.82884613043456e-22 
1.92699151480246e+01 2.32268198147373e-22 1.51678122367594e-22 
1.92895282932135e+01 1.92500552272801e-22 1.25746191591308e-22 
1.93091414384023e+01 1.59556415000819e-22 1.04203257711649e-22 
1.93287545835911e+01 1.32287903178434e-22 8.62979745184943e-23 
1.93483677287800e+01 1.09724989369196e-22 7.14164805600314e-23 
1.93679808739688e+01 9.10784157750554e-23 5.90378358397085e-23 
1.93875940191576e+01 7.56822073967188e-23 4.87360022026744e-23 
1.94072071643464e+01 6.29956325025708e-23 4.01490739250823e-23 
1.94268203095353e+01 5.25636250776087e-23 3.29803796264806e-23 
1.94464334547241e+01 4.40182407758422e-23 2.69772579252993e-23 
1.94660465999129e+01 3.70514153583356e-23 2.19315273487790e-23 
1.94856597451018e+01 3.14162395272489e-23 1.76648638409383e-23 
1.95052728902906e+01 2.69082034819284e-23 1.40287687646582e-23 
1.95248860354794e+01 2.33665504217694e-23 1.08945115592831e-23 
1.95444991806682e+01 2.06613481730750e-23 8.15263600959930e-24 
1.95641123258571e+01 1.86951655244022e-23 5.70606039659592e-24 
1.95837254710459e+01 1.73941335476338e-23 3.46908360947018e-24 
1.96033386162347e+01 1.67102156139454e-23 2.39224653684132e-24 
