Energy(eV)           EEDF(eV^-(3/2))      Anisotropy(eV^-(3/2))
5.15173382230475e-02 4.51594369335338e-02 1.37457926634681e-03 
1.54552014669142e-01 4.51223528279190e-02 8.13437577561995e-03 
2.57586691115237e-01 4.51112977496797e-02 7.96460414916573e-03 
3.60621367561332e-01 4.50981218342198e-02 7.85031395683373e-03 
4.63656044007427e-01 4.50766189165385e-02 7.77655223936867e-03 
5.66690720453522e-01 4.50466847246923e-02 7.71109224546596e-03 
6.69725396899617e-01 4.50085547165105e-02 7.64927485082643e-03 
7.72760073345712e-01 4.49622970284453e-02 7.59024144529227e-03 
8.75794749791807e-01 4.49080478991746e-02 7.53302119059852e-03 
9.78829426237902e-01 4.48458902105051e-02 7.47721022083220e-03 
1.08186410268400e+00 4.47763905029652e-02 7.42256941940096e-03 
1.18489877913009e+00 4.47007686238270e-02 7.36863833072330e-03 
1.28793345557619e+00 4.46187583447204e-02 7.31610294130372e-03 
1.39096813202228e+00 4.45301777995702e-02 7.26570574792709e-03 
1.49400280846838e+00 4.44356707040547e-02 7.21742985003393e-03 
1.59703748491447e+00 4.43361194647422e-02 7.17081691701516e-03 
1.70007216136057e+00 4.42326113399779e-02 7.12530256392891e-03 
1.80310683780666e+00 4.41251840520424e-02 7.08071283631505e-03 
1.90614151425276e+00 4.40138782107903e-02 7.03671335438035e-03 
2.00917619069885e+00 4.38974577762159e-02 6.99331349320473e-03 
2.11221086714495e+00 4.37749826955071e-02 6.95054907319733e-03 
2.21524554359104e+00 4.36479228730261e-02 6.90797848940547e-03 
2.31828022003714e+00 4.35162222374973e-02 6.86605328932631e-03 
2.42131489648323e+00 4.33794013947036e-02 6.82545778572655e-03 
2.52434957292933e+00 4.32374976814052e-02 6.78618753994139e-03 
2.62738424937542e+00 4.30894686044248e-02 6.74811095654141e-03 
2.73041892582152e+00 4.29349828420863e-02 6.71097208608559e-03 
2.83345360226761e+00 4.27741005841463e-02 6.67458323382578e-03 
2.93648827871371e+00 4.26074801195830e-02 6.63872184547008e-03 
3.03952295515980e+00 4.24353052232965e-02 6.60330104098342e-03 
3.14255763160590e+00 4.22582664869837e-02 6.56814407864467e-03 
3.24559230805199e+00 4.20765009095474e-02 6.53336060109829e-03 
3.34862698449809e+00 4.18900535635616e-02 6.49955354100928e-03 
3.45166166094418e+00 4.16989412176392e-02 6.46737497490828e-03 
3.55469633739028e+00 4.15031650326135e-02 6.43684891406890e-03 
3.65773101383637e+00 4.13027530613315e-02 6.40766679182007e-03 
3.76076569028247e+00 4.10980441057439e-02 6.37953158077124e-03 
3.86380036672856e+00 4.08890532118914e-02 6.35221874017149e-03 
3.96683504317465e+00 4.06758007761008e-02 6.32551411370992e-03 
4.06986971962075e+00 4.04582024308105e-02 6.29922773417283e-03 
4.17290439606685e+00 4.02357844513648e-02 6.27321992694550e-03 
4.27593907251294e+00 4.00085872656133e-02 6.24732476631950e-03 
4.37897374895903e+00 3.97766558708043e-02 6.22141624554648e-03 
4.48200842540513e+00 3.95400396374405e-02 6.19558514889343e-03 
4.58504310185122e+00 3.92990393310837e-02 6.17016748325529e-03 
4.68807777829732e+00 3.90542164834920e-02 6.14532378833674e-03 
4.79111245474341e+00 3.88055865465751e-02 6.12095911519614e-03 
4.89414713118951e+00 3.85531716656844e-02 6.09689041528172e-03 
4.99718180763560e+00 3.82970003653832e-02 6.07295330335074e-03 
5.10021648408170e+00 3.80367334665697e-02 6.04885810099827e-03 
5.20325116052779e+00 3.77720128607102e-02 6.02417172195783e-03 
5.30628583697389e+00 3.75029190025815e-02 5.99863877584633e-03 
5.40932051341998e+00 3.72295373731246e-02 5.97222892238830e-03 
5.51235518986608e+00 3.69519558826936e-02 5.94494323589934e-03 
5.61538986631217e+00 3.66702647318369e-02 5.91678711770421e-03 
5.71842454275827e+00 3.63845561262464e-02 5.88777352291246e-03 
5.82145921920436e+00 3.60949237829438e-02 5.85792255490321e-03 
5.92449389565046e+00 3.58014626169099e-02 5.82725752521866e-03 
6.02752857209655e+00 3.55042685816345e-02 5.79580594974757e-03 
6.13056324854265e+00 3.52031485858834e-02 5.76364385427071e-03 
6.23359792498874e+00 3.48981123301855e-02 5.73084157128647e-03 
6.33663260143484e+00 3.45892560106713e-02 5.69743990058085e-03 
6.43966727788093e+00 3.42766765447395e-02 5.66346037077924e-03 
6.54270195432703e+00 3.39604712665411e-02 5.62892691369443e-03 
6.64573663077312e+00 3.36407377910816e-02 5.59386531865124e-03 
6.74877130721922e+00 3.33175737490088e-02 5.55830290382362e-03 
6.85180598366531e+00 3.29910766710400e-02 5.52226827994597e-03 
6.95484066011141e+00 3.26613437359417e-02 5.48578974776921e-03 
7.05787533655750e+00 3.23283395319242e-02 5.44886965834968e-03 
7.16091001300360e+00 3.19901680218225e-02 5.41160168471978e-03 
7.26394468944969e+00 3.16469589500461e-02 5.37389137474097e-03 
7.36697936589579e+00 3.12988430474669e-02 5.33576867196089e-03 
7.47001404234188e+00 3.09459497644984e-02 5.29727960532652e-03 
7.57304871878798e+00 3.05884070528066e-02 5.25846876536406e-03 
7.67608339523407e+00 3.02263412765982e-02 5.21937926989835e-03 
7.77911807168017e+00 2.98598770187917e-02 5.18005277764021e-03 
7.88215274812626e+00 2.94891370105163e-02 5.14052946401513e-03 
7.98518742457236e+00 2.91142419607473e-02 5.10085231796172e-03 
8.08822210101845e+00 2.87358425185837e-02 5.06103798170337e-03 
8.19125677746455e+00 2.83550007307811e-02 5.02109607761180e-03 
8.29429145391064e+00 2.79718074221049e-02 4.98110362896060e-03 
8.39732613035674e+00 2.75863510257196e-02 4.94109325281524e-03 
8.50036080680283e+00 2.71987175964751e-02 4.90108794774344e-03 
8.60339548324893e+00 2.68089920426239e-02 4.86110157860555e-03 
8.70643015969502e+00 2.64172581644951e-02 4.82115332679729e-03 
8.80946483614112e+00 2.60235976302982e-02 4.78126831805990e-03 
8.91249951258721e+00 2.56280898540791e-02 4.74147133253113e-03 
9.01553418903331e+00 2.52308119593787e-02 4.70178585389359e-03 
9.11856886547940e+00 2.48318388219359e-02 4.66223409175625e-03 
9.22160354192550e+00 2.44312430434406e-02 4.62283704739819e-03 
9.32463821837159e+00 2.40290949965140e-02 4.58361456141500e-03 
9.42767289481769e+00 2.36254628030717e-02 4.54458537196361e-03 
9.53070757126378e+00 2.32204123814144e-02 4.50576711139864e-03 
9.63374224770988e+00 2.28140074370458e-02 4.46717634256295e-03 
9.73677692415597e+00 2.24063095150345e-02 4.42882858341553e-03 
9.83981160060207e+00 2.19973779977860e-02 4.39073835765968e-03 
9.94284627704816e+00 2.15872701591909e-02 4.35291921928074e-03 
1.00458809534943e+01 2.11760411684534e-02 4.31539811868259e-03 
1.01489156299404e+01 2.07678989212287e-02 4.27799973349298e-03 
1.02519503063864e+01 2.03630609213048e-02 4.24090234527882e-03 
1.03549849828325e+01 1.99615011955837e-02 4.20412525547981e-03 
1.04580196592786e+01 1.95631928869780e-02 4.16767675898816e-03 
1.05610543357247e+01 1.91681083408230e-02 4.13156444030461e-03 
1.06640890121708e+01 1.87762191499760e-02 4.09579524235155e-03 
1.07671236886169e+01 1.83874962285104e-02 4.06037077883789e-03 
1.08701583650630e+01 1.80019107511004e-02 4.02528447161781e-03 
1.09731930415091e+01 1.76194347758768e-02 3.99053196301789e-03 
1.10762277179552e+01 1.72400402004190e-02 3.95611786589231e-03 
1.11792623944013e+01 1.68636980939285e-02 3.92204986822628e-03 
1.12822970708474e+01 1.64903787751257e-02 3.88833472380723e-03 
1.13853317472935e+01 1.61200519095168e-02 3.85497830743123e-03 
1.14883664237396e+01 1.57526865772446e-02 3.82181135104118e-03 
1.15914011001857e+01 1.53882285233890e-02 3.78823845551449e-03 
1.16944357766318e+01 1.50266740907729e-02 3.75361135388536e-03 
1.17974704530779e+01 1.46681526334354e-02 3.71775105746300e-03 
1.19005051295240e+01 1.43127844633991e-02 3.68075394967347e-03 
1.20035398059701e+01 1.39606811008035e-02 3.64272010080298e-03 
1.21065744824162e+01 1.36126175585639e-02 3.60371033492075e-03 
1.22096091588622e+01 1.32692530468601e-02 3.56381015017531e-03 
1.23126438353083e+01 1.29306460155611e-02 3.52313018710867e-03 
1.24156785117544e+01 1.25968464740878e-02 3.48175104028669e-03 
1.25187131882005e+01 1.22678963509887e-02 3.43975036636659e-03 
1.26217478646466e+01 1.19438298550099e-02 3.39720294524921e-03 
1.27247825410927e+01 1.16246738156615e-02 3.35412705890627e-03 
1.28278172175388e+01 1.13104376684332e-02 3.31047362988721e-03 
1.29308518939849e+01 1.10011503989515e-02 3.26623250612080e-03 
1.30338865704310e+01 1.06968435387092e-02 3.22146573944011e-03 
1.31369212468771e+01 1.03975407675569e-02 3.17625125663737e-03 
1.32399559233232e+01 1.01032582848305e-02 3.13066361318466e-03 
1.33429905997693e+01 9.81400521895070e-03 3.08477338108852e-03 
1.34460252762154e+01 9.52978410410623e-03 3.03864798241646e-03 
1.35490599526615e+01 9.25059112556433e-03 2.99235322038405e-03 
1.36520946291076e+01 8.97641630551154e-03 2.94595031175559e-03 
1.37551293055537e+01 8.70724321539879e-03 2.89942887365316e-03 
1.38581639819998e+01 8.44303452180591e-03 2.85272315663856e-03 
1.39611986584459e+01 8.18378818920986e-03 2.80583761530574e-03 
1.40642333348920e+01 7.92949543908322e-03 2.75884279914008e-03 
1.41672680113381e+01 7.68014110561815e-03 2.71180611480752e-03 
1.42703026877841e+01 7.43570398427731e-03 2.66479190692464e-03 
1.43733373642302e+01 7.19615716549219e-03 2.61786154284831e-03 
1.44763720406763e+01 6.96146836068751e-03 2.57107349439599e-03 
1.45794067171224e+01 6.73160021424611e-03 2.52448342264606e-03 
1.46824413935685e+01 6.50651060747454e-03 2.47810180072164e-03 
1.47854760700146e+01 6.28613947761385e-03 2.43181927800971e-03 
1.48885107464607e+01 6.07042366122885e-03 2.38550223739344e-03 
1.49915454229068e+01 5.85935103484198e-03 2.33915178033924e-03 
1.50945800993529e+01 5.65306726527941e-03 2.29283634996591e-03 
1.51976147757990e+01 5.45176492923633e-03 2.24661423848028e-03 
1.53006494522451e+01 5.25539626787663e-03 2.20056919038108e-03 
1.54036841286912e+01 5.06390793130629e-03 2.15476477247195e-03 
1.55067188051373e+01 4.87724140752444e-03 2.10926085497499e-03 
1.56097534815834e+01 4.69533343160794e-03 2.06411341672162e-03 
1.57127881580295e+01 4.51811643458095e-03 2.01937472310698e-03 
1.58158228344756e+01 4.34551890706129e-03 1.97508858665595e-03 
1.59188575109217e+01 4.17738172479163e-03 1.93043178715534e-03 
1.60218921873678e+01 4.01370317332624e-03 1.88534012840929e-03 
1.61249268638139e+01 3.85439992357840e-03 1.83981174503284e-03 
1.62279615402600e+01 3.69954750764937e-03 1.79390560840303e-03 
1.63309962167060e+01 3.54907956839604e-03 1.74776521550180e-03 
1.64340308931521e+01 3.40305118572922e-03 1.70148667507279e-03 
1.65370655695982e+01 3.26137936212156e-03 1.65526396091524e-03 
1.66401002460443e+01 3.12412024724494e-03 1.60926889316989e-03 
1.67431349224904e+01 2.99116463340846e-03 1.56367951797155e-03 
1.68461695989365e+01 2.86250389084999e-03 1.51854558690313e-03 
1.69492042753826e+01 2.73801570783707e-03 1.47396030032224e-03 
1.70522389518287e+01 2.61767842125377e-03 1.42991333020435e-03 
1.71552736282748e+01 2.50159541930267e-03 1.38632353323072e-03 
1.72583083047209e+01 2.38973731876073e-03 1.34320620724899e-03 
1.73613429811670e+01 2.28197624972232e-03 1.30063835168306e-03 
1.74643776576131e+01 2.17827161120753e-03 1.25865739355257e-03 
1.75674123340592e+01 2.07848973093169e-03 1.21731961061010e-03 
1.76704470105053e+01 1.98257599575493e-03 1.17663451799436e-03 
1.77734816869514e+01 1.89039895915999e-03 1.13665526593701e-03 
1.78765163633975e+01 1.80190426555286e-03 1.09739945563883e-03 
1.79795510398436e+01 1.71695960258722e-03 1.05891790761614e-03 
1.80825857162897e+01 1.63550292844949e-03 1.02121043251114e-03 
1.81856203927358e+01 1.55740052267906e-03 9.84311175297576e-04 
1.82886550691818e+01 1.48258926043433e-03 9.48218242276328e-04 
1.83916897456279e+01 1.41094173642997e-03 9.12968410534682e-04 
1.84947244220740e+01 1.34239134152458e-03 8.78563778710853e-04 
1.85977590985201e+01 1.27681738191183e-03 8.45049045952706e-04 
1.87007937749662e+01 1.21415382075475e-03 8.12428491855367e-04 
1.88038284514123e+01 1.15427612571931e-03 7.80726499558281e-04 
1.89068631278584e+01 1.09711120996217e-03 7.49923741228651e-04 
1.90098978043045e+01 1.04253995181568e-03 7.20031517254743e-04 
1.91129324807506e+01 9.90490068704275e-04 6.91027299882192e-04 
1.92159671571967e+01 9.40848262865253e-04 6.62917459689218e-04 
1.93190018336428e+01 8.93543766709955e-04 6.35677030306267e-04 
1.94220365100889e+01 8.48469374837049e-04 6.09308116997357e-04 
1.95250711865350e+01 8.05556411003936e-04 5.83783968521155e-04 
1.96281058629811e+01 7.64703909401745e-04 5.59103043878086e-04 
1.97311405394272e+01 7.25845740905304e-04 5.35237362980548e-04 
1.98341752158733e+01 6.88887226254221e-04 5.12182306129331e-04 
1.99372098923194e+01 6.53765132518342e-04 4.89913175280587e-04 
2.00402445687655e+01 6.20393966059443e-04 4.68414930873261e-04 
2.01432792452116e+01 5.88592602542120e-04 4.47711365845206e-04 
2.02463139216577e+01 5.58272548643484e-04 4.27783009865711e-04 
2.03493485981037e+01 5.29385543837265e-04 4.08599311850796e-04 
2.04523832745498e+01 5.01863139076936e-04 3.90149605845293e-04 
2.05554179509959e+01 4.75659322118762e-04 3.72405928911265e-04 
2.06584526274420e+01 4.50710253176426e-04 3.55356613584538e-04 
2.07614873038881e+01 4.26972257605206e-04 3.38974442088416e-04 
2.08645219803342e+01 4.04385942031452e-04 3.23247020334074e-04 
2.09675566567803e+01 3.82910019593698e-04 3.08147998367175e-04 
2.10705913332264e+01 3.62489364868753e-04 2.93664494151086e-04 
2.11736260096725e+01 3.43085095731883e-04 2.79771122074592e-04 
2.12766606861186e+01 3.24646164804025e-04 2.66454717568743e-04 
2.13796953625647e+01 3.07136083757556e-04 2.53690932425257e-04 
2.14827300390108e+01 2.90507685581926e-04 2.41466494441230e-04 
2.15857647154569e+01 2.74726841731031e-04 2.29758141000063e-04 
2.16887993919030e+01 2.59750063859585e-04 2.18552631003226e-04 
2.17918340683491e+01 2.45545531538868e-04 2.07827824328569e-04 
2.18948687447952e+01 2.32073231157189e-04 1.97570651464742e-04 
2.19979034212413e+01 2.19303581332809e-04 1.87761635337081e-04 
2.21009380976874e+01 2.07201062814582e-04 1.78391293259311e-04 
2.22039727741335e+01 1.95739071328487e-04 1.69445240921424e-04 
2.23070074505796e+01 1.84885398485236e-04 1.60917028032566e-04 
2.24100421270256e+01 1.74614986582026e-04 1.52791133372569e-04 
2.25130768034717e+01 1.64895050166707e-04 1.45055212912022e-04 
2.26161114799178e+01 1.55700394211240e-04 1.37689042072449e-04 
2.27191461563639e+01 1.47001374853960e-04 1.30678855245082e-04 
2.28221808328100e+01 1.38775066608231e-04 1.24006089952685e-04 
2.29252155092561e+01 1.30994690173363e-04 1.17657941940873e-04 
2.30282501857022e+01 1.23639411303471e-04 1.11617392266131e-04 
2.31312848621483e+01 1.16685059800657e-04 1.05872554264901e-04 
2.32343195385944e+01 1.10112724935442e-04 1.00407840116412e-04 
2.33373542150405e+01 1.03900610416041e-04 9.52122351428550e-05 
2.34403888914866e+01 9.80315717940880e-05 9.02714763228163e-05 
2.35434235679327e+01 9.24859704749455e-05 8.55753743293214e-05 
2.36464582443788e+01 8.72482813547161e-05 8.11108906100318e-05 
2.37494929208249e+01 8.23008250807765e-05 7.68687592683247e-05 
2.38525275972710e+01 7.76296824858713e-05 7.28373507338615e-05 
2.39555622737171e+01 7.32190315797557e-05 6.90082273334231e-05 
2.40585969501632e+01 6.90561101246099e-05 6.53705560355131e-05 
2.41616316266093e+01 6.51265634515785e-05 6.19162567493931e-05 
2.42646663030554e+01 6.14188822143470e-05 5.86353286903425e-05 
2.43677009795014e+01 5.79201862721487e-05 5.55203496164645e-05 
2.44707356559475e+01 5.46201072031564e-05 5.25622197209062e-05 
2.45737703323936e+01 5.15070972242880e-05 4.97541287219096e-05 
2.46768050088397e+01 4.85718257102239e-05 4.70880108561241e-05 
2.47798396852858e+01 4.58041322678820e-05 4.45583392401670e-05 
2.48828743617319e+01 4.31960328396883e-05 4.21582095374252e-05 
2.49859090381780e+01 4.07380770656719e-05 3.98818148093321e-05 
2.50889437146241e+01 3.84203012857562e-05 3.77228758588471e-05 
2.51919783910702e+01 3.62307300540020e-05 3.56779000124249e-05 
2.52950130675163e+01 3.41630046277929e-05 3.37398834121058e-05 
2.53980477439624e+01 3.22100838133927e-05 3.19039703500523e-05 
2.55010824204085e+01 3.03662380446162e-05 3.01644883281352e-05 
2.56041170968546e+01 2.86251492697789e-05 2.85170226691292e-05 
2.57071517733007e+01 2.69816581495538e-05 2.69564479205587e-05 
2.58101864497468e+01 2.54300982802314e-05 2.54787534511247e-05 
2.59132211261929e+01 2.39658267339439e-05 2.40793104419030e-05 
2.60162558026390e+01 2.25837640263878e-05 2.27544780297600e-05 
2.61192904790851e+01 2.12797345629227e-05 2.15000779952708e-05 
2.62223251555312e+01 2.00491872104315e-05 2.03128075308567e-05 
2.63253598319773e+01 1.88883689929893e-05 1.91888970160712e-05 
2.64283945084233e+01 1.77932041650795e-05 1.81253523824618e-05 
2.65314291848694e+01 1.67603216715464e-05 1.71187742718438e-05 
2.66344638613155e+01 1.57860732914053e-05 1.61664503009840e-05 
2.67374985377616e+01 1.48674328833606e-05 1.52653164464616e-05 
2.68405332142077e+01 1.40011365215967e-05 1.44129170853863e-05 
2.69435678906538e+01 1.31844693584867e-05 1.36064917090235e-05 
2.70466025670999e+01 1.24145127431287e-05 1.28440698568982e-05 
2.71496372435460e+01 1.16890619925370e-05 1.21233798157877e-05 
2.72526719199921e+01 1.10054524260078e-05 1.14425913093508e-05 
2.73557065964382e+01 1.03614407146136e-05 1.07993860397130e-05 
2.74587412728843e+01 9.75464193512561e-06 1.01918674085385e-05 
2.75617759493304e+01 9.18305483996451e-06 9.61794935886622e-06 
2.76648106257765e+01 8.64455692020935e-06 9.07592950599441e-06 
2.77678453022226e+01 8.13736345028855e-06 8.56394138884453e-06 
2.78708799786687e+01 7.65958593744880e-06 8.08045744674210e-06 
2.79739146551148e+01 7.20963325306528e-06 7.62380808831797e-06 
2.80769493315609e+01 6.78582554393049e-06 7.19262305481159e-06 
2.81799840080070e+01 6.38674472485052e-06 6.78540919821276e-06 
2.82830186844531e+01 6.01089691241584e-06 6.40093773471759e-06 
2.83860533608992e+01 5.65701864535568e-06 6.03787360535399e-06 
2.84890880373452e+01 5.32378176460812e-06 5.69511521198281e-06 
2.85921227137913e+01 5.01006093270836e-06 5.37146909651982e-06 
2.86951573902374e+01 4.71467564009902e-06 5.06594795198233e-06 
2.87981920666835e+01 4.43662389850358e-06 4.77748511505081e-06 
2.89012267431296e+01 4.17485671574777e-06 4.50519593690173e-06 
2.90042614195757e+01 3.92848222888962e-06 4.24812725060404e-06 
2.91072960960218e+01 3.69656856998143e-06 4.00548657423523e-06 
2.92103307724679e+01 3.47832217077231e-06 3.77642230190402e-06 
2.93133654489140e+01 3.27291544987465e-06 3.56022466327286e-06 
2.94164001253601e+01 3.07964255395578e-06 3.35613290189030e-06 
2.95194348018062e+01 2.89776874176598e-06 3.16351143854949e-06 
2.96224694782523e+01 2.72666641797416e-06 2.98168075445292e-06 
2.97255041546984e+01 2.56568347913728e-06 2.81007178568612e-06 
2.98285388311445e+01 2.41426213863077e-06 2.64807762756758e-06 
2.99315735075906e+01 2.27182384076409e-06 2.49518881818009e-06 
3.00346081840367e+01 2.13787306228047e-06 2.35086354564109e-06 
3.01376428604828e+01 2.01175877060277e-06 2.21479070935786e-06 
3.02406775369289e+01 1.89302340896609e-06 2.08650095529327e-06 
3.03437122133750e+01 1.78122069161922e-06 1.96557644031364e-06 
3.04467468898211e+01 1.67596772138483e-06 1.85157714259828e-06 
3.05497815662671e+01 1.57686814148155e-06 1.74413097376223e-06 
3.06528162427132e+01 1.48358138154228e-06 1.64284623672118e-06 
3.07558509191593e+01 1.39575548134763e-06 1.54739108456074e-06 
3.08588855956054e+01 1.31308757589925e-06 1.45741689218265e-06 
3.09619202720515e+01 1.23526517593129e-06 1.37262776382033e-06 
3.10649549484976e+01 1.16201899795284e-06 1.29271345452140e-06 
3.11679896249437e+01 1.09307163942660e-06 1.21741017293999e-06 
3.12710243013898e+01 1.02818372006437e-06 1.14644186806585e-06 
3.13740589778359e+01 9.67109022336798e-07 1.07957341425238e-06 
3.14770936542820e+01 9.09634788690438e-07 1.01655922108377e-06 
3.15801283307281e+01 8.55542514720715e-07 9.57189752716710e-07 
3.16831630071742e+01 8.04643140575140e-07 9.01246549402738e-07 
3.17861976836203e+01 7.56742786055852e-07 8.48542914349725e-07 
3.18892323600664e+01 7.11673481459148e-07 7.98884548786213e-07 
3.19922670365125e+01 6.69263223031984e-07 7.52105135519559e-07 
3.20953017129586e+01 6.29362807188165e-07 7.08031888693870e-07 
3.21983363894047e+01 5.91819662726631e-07 6.66516672176697e-07 
3.23013710658508e+01 5.56501281287197e-07 6.27405852081928e-07 
3.24044057422969e+01 5.23272350947748e-07 5.90567508432226e-07 
3.25074404187430e+01 4.92015213650553e-07 5.55865833393132e-07 
3.26104750951890e+01 4.62610628235876e-07 5.23184425725681e-07 
3.27135097716351e+01 4.34954465390873e-07 4.92402736935257e-07 
3.28165444480812e+01 4.08940032778762e-07 4.63416317321354e-07 
3.29195791245273e+01 3.84474340922126e-07 4.36116812253541e-07 
3.30226138009734e+01 3.61462854028111e-07 4.10414476752894e-07 
3.31256484774195e+01 3.39826616039763e-07 3.86216756177943e-07 
3.32286831538656e+01 3.19482222396430e-07 3.63443900634605e-07 
3.33317178303117e+01 3.00355335957761e-07 3.42010072870483e-07 
3.34347525067578e+01 2.82370733888334e-07 3.21839790742844e-07 
3.35377871832039e+01 2.65462638493130e-07 3.02855759006779e-07 
3.36408218596500e+01 2.49564554523208e-07 2.84991052383312e-07 
3.37438565360961e+01 2.34618280599737e-07 2.68177219192322e-07 
3.38468912125422e+01 2.20565037793286e-07 2.52354923375654e-07 
3.39499258889883e+01 2.07353330548095e-07 2.37463545990413e-07 
3.40529605654344e+01 1.94931202029933e-07 2.23450481660471e-07 
3.41559952418805e+01 1.83253091782502e-07 2.10262048764175e-07 
3.42590299183266e+01 1.72273074355520e-07 1.97851610907845e-07 
3.43620645947727e+01 1.61950842036836e-07 1.86171630619267e-07 
3.44650992712188e+01 1.52245801594848e-07 1.75180764736589e-07 
3.45681339476648e+01 1.43122293972249e-07 1.64836917343436e-07 
3.46711686241109e+01 1.34544439951948e-07 1.55103439036029e-07 
3.47742033005570e+01 1.26480694357610e-07 1.45943053100338e-07 
3.48772379770031e+01 1.18899345381645e-07 1.37323272107314e-07 
3.49802726534492e+01 1.11772488340402e-07 1.29211474409578e-07 
3.50833073298953e+01 1.05072469623686e-07 1.21579917752588e-07 
3.51863420063414e+01 9.87752958949810e-08 1.14400119742180e-07 
3.52893766827875e+01 9.28559030012334e-08 1.07646547293626e-07 
3.53924113592336e+01 8.72917720195585e-08 1.01292019263414e-07 
3.54954460356797e+01 8.20602887262119e-08 9.53128975318510e-08 
3.55984807121258e+01 7.71421999890031e-08 8.96856787984161e-08 
3.57015153885719e+01 7.25182151302913e-08 8.43903993021654e-08 
3.58045500650180e+01 6.81713006150462e-08 7.94068391577072e-08 
3.59075847414641e+01 6.40844051976296e-08 7.47172996841186e-08 
3.60106194179102e+01 6.02424597676468e-08 7.03038746450328e-08 
3.61136540943563e+01 5.66303929782356e-08 6.61508740601116e-08 
3.62166887708024e+01 5.32348742337898e-08 6.22424408653810e-08 
3.63197234472485e+01 5.00425825959597e-08 5.85646663226993e-08 
3.64227581236946e+01 4.70417259922389e-08 5.51035082470843e-08 
3.65257928001406e+01 4.42205309738095e-08 5.18466373647366e-08 
3.66288274765867e+01 4.15685669530150e-08 4.87816189133093e-08 
3.67318621530328e+01 3.90754285418718e-08 4.58975241883351e-08 
3.68348968294789e+01 3.67318899163625e-08 4.31833418365826e-08 
3.69379315059250e+01 3.45287551208696e-08 4.06293846243151e-08 
3.70409661823711e+01 3.24578644088430e-08 3.82259017238220e-08 
3.71440008588172e+01 3.05110910111112e-08 3.59643066968212e-08 
3.72470355352633e+01 2.86812184955909e-08 3.38359650389931e-08 
3.73500702117094e+01 2.69610652819421e-08 3.18332661629142e-08 
3.74531048881555e+01 2.53442496069866e-08 2.99485835023276e-08 
3.75561395646016e+01 2.38244444282733e-08 2.81755724957595e-08 
3.76591742410477e+01 2.23963815432559e-08 2.65076929707893e-08 
3.77622089174938e+01 2.10543519933011e-08 2.49392276807347e-08 
3.78652435939399e+01 1.97932760881338e-08 2.34640399997711e-08 
3.79682782703860e+01 1.86081214766461e-08 2.20767125730501e-08 
3.80713129468321e+01 1.74944071457825e-08 2.07718280056651e-08 
3.81743476232782e+01 1.64476967492473e-08 1.95445996151038e-08 
3.82773822997243e+01 1.54640370813503e-08 1.83902444517080e-08 
3.83804169761704e+01 1.45395168508911e-08 1.73045327215261e-08 
3.84834516526165e+01 1.36706482168374e-08 1.62832411844822e-08 
3.85864863290626e+01 1.28539824844500e-08 1.53226318216668e-08 
3.86895210055086e+01 1.20864421556508e-08 1.44189752079137e-08 
3.87925556819547e+01 1.13649861444155e-08 1.35689676082409e-08 
3.88955903584008e+01 1.06868988119150e-08 1.27693153220272e-08 
3.89986250348469e+01 1.00494982654247e-08 1.20170982019838e-08 
3.91016597112930e+01 9.45038799505090e-09 1.13094070744055e-08 
3.92046943877391e+01 8.88720266653476e-09 1.06436606096337e-08 
3.93077290641852e+01 8.35782723834837e-09 1.00172889941595e-08 
3.94107637406313e+01 7.86017538861811e-09 9.42801019013515e-09 
3.95137984170774e+01 7.39238034982750e-09 8.87355391038215e-09 
3.96168330935235e+01 6.95260174486624e-09 8.35190251290924e-09 
3.97198677699696e+01 6.53919182042539e-09 7.86105010222874e-09 
3.98229024464157e+01 6.15052701831274e-09 7.39921262144202e-09 
3.99259371228618e+01 5.78515280604751e-09 6.96461757388671e-09 
4.00289717993079e+01 5.44163678824375e-09 6.55574256995801e-09 
4.01320064757540e+01 5.11874934079253e-09 6.17106484608996e-09 
4.02350411522001e+01 4.81522747754786e-09 5.80923509356177e-09 
4.03380758286462e+01 4.52992206886646e-09 5.46885990691845e-09 
4.04411105050923e+01 4.26170441297017e-09 5.14868446356859e-09 
4.05441451815384e+01 4.00956165907613e-09 4.84746613644742e-09 
4.06471798579844e+01 3.77249941589927e-09 4.56409740442339e-09 
4.07502145344305e+01 3.54962479772414e-09 4.29748211505963e-09 
4.08532492108766e+01 3.34006158334110e-09 4.04664256579237e-09 
4.09562838873227e+01 3.14302251107531e-09 3.81061160382747e-09 
4.10593185637688e+01 2.95773535058377e-09 3.58852598078791e-09 
4.11623532402149e+01 2.78350585290043e-09 3.37953222116000e-09 
4.12653879166610e+01 2.61965331531793e-09 3.18286800631844e-09 
4.13684225931071e+01 2.46556540907104e-09 2.99778003702512e-09 
4.14714572695532e+01 2.32064200393660e-09 2.82359500681641e-09 
4.15744919459993e+01 2.18434293378877e-09 2.65964791132824e-09 
4.16775266224454e+01 2.05613900963588e-09 2.50534395915297e-09 
4.17805612988915e+01 1.93555364331707e-09 2.36009598279357e-09 
4.18835959753376e+01 1.82212011823713e-09 2.22337845841490e-09 
4.19866306517837e+01 1.71541787019428e-09 2.09467357272581e-09 
4.20896653282298e+01 1.61503592708343e-09 1.97351845207974e-09 
4.21927000046759e+01 1.52060408108819e-09 1.85945617165272e-09 
4.22957346811220e+01 1.43175868260750e-09 1.75207683384988e-09 
4.23987693575681e+01 1.34817168774776e-09 1.65097521547764e-09 
4.25018040340142e+01 1.26952225384939e-09 1.55578794565245e-09 
4.26048387104603e+01 1.19552079600743e-09 1.46615703318459e-09 
4.27078733869063e+01 1.12588418696287e-09 1.38176126147724e-09 
4.28109080633524e+01 1.06035674657946e-09 1.30228430562460e-09 
4.29139427397985e+01 9.98688583167906e-10 1.22744216150698e-09 
4.30169774162446e+01 9.40653911662653e-10 1.15695526759633e-09 
4.31200120926907e+01 8.86032133610911e-10 1.09057247563008e-09 
4.32230467691368e+01 8.34623828129240e-10 1.02804666761911e-09 
4.33260814455829e+01 7.86234220042870e-10 9.69155709758651e-10 
4.34291161220290e+01 7.40687142860183e-10 9.13681120771448e-10 
4.35321507984751e+01 6.97810589943334e-10 8.61426393607111e-10 
4.36351854749212e+01 6.57448909808278e-10 8.12198328352200e-10 
4.37382201513673e+01 6.19450174653291e-10 7.65823056711574e-10 
4.38412548278134e+01 5.83676834477778e-10 7.22129702260597e-10 
4.39442895042595e+01 5.49994671591488e-10 6.80964399233964e-10 
4.40473241807056e+01 5.18282110703009e-10 6.42175986283961e-10 
4.41503588571517e+01 4.88420557832929e-10 6.05628274091198e-10 
4.42533935335978e+01 4.60302537982695e-10 5.71187516230211e-10 
4.43564282100439e+01 4.33823242805017e-10 5.38733147113766e-10 
4.44594628864900e+01 4.08887645299304e-10 5.08146806341171e-10 
4.45624975629361e+01 3.85403103144516e-10 4.79321740190356e-10 
4.46655322393822e+01 3.63285580591516e-10 4.52153184321080e-10 
4.47685669158282e+01 3.42453173986062e-10 4.26546597315785e-10 
4.48716015922743e+01 3.22831554267633e-10 4.02409231430401e-10 
4.49746362687204e+01 3.04348298288178e-10 3.79657345171556e-10 
4.50776709451665e+01 2.86937650749389e-10 3.58208813411930e-10 
4.51807056216126e+01 2.70535559789987e-10 3.37989447258517e-10 
4.52837402980587e+01 2.55083844511414e-10 3.18926513694031e-10 
4.53867749745048e+01 2.40525846252262e-10 3.00954274674810e-10 
4.54898096509509e+01 2.26810076816684e-10 2.84008302886321e-10 
4.55928443273970e+01 2.13886408130248e-10 2.68030337794481e-10 
4.56958790038431e+01 2.01709266679829e-10 2.52963298425825e-10 
4.57989136802892e+01 1.90234294068637e-10 2.38755541708602e-10 
4.59019483567353e+01 1.79421144813525e-10 2.25356485679428e-10 
4.60049830331814e+01 1.69230558877382e-10 2.12720344652760e-10 
4.61080177096275e+01 1.59626812687072e-10 2.00802287152872e-10 
4.62110523860736e+01 1.50575152183059e-10 1.89561713035698e-10 
4.63140870625197e+01 1.42043940577467e-10 1.78958879953720e-10 
4.64171217389658e+01 1.34002406966376e-10 1.68957779343424e-10 
4.65201564154119e+01 1.26422528820341e-10 1.59523173530104e-10 
4.66231910918580e+01 1.19277056878177e-10 1.50623120331497e-10 
4.67262257683041e+01 1.12541165545354e-10 1.42226370155385e-10 
4.68292604447501e+01 1.06190719736984e-10 1.34304582719902e-10 
4.69322951211962e+01 1.00203722160530e-10 1.26830039824424e-10 
4.70353297976423e+01 9.45587920936675e-11 1.19777592231969e-10 
4.71383644740884e+01 8.92364348665315e-11 1.13122649321068e-10 
4.72413991505345e+01 8.42177063285500e-11 1.06842889413170e-10 
4.73444338269806e+01 7.94853266523204e-11 1.00916492342440e-10 
4.74474685034267e+01 7.50225075331335e-11 9.53236423521942e-11 
4.75505031798728e+01 7.08139296510206e-11 9.00449738401092e-11 
4.76535378563189e+01 6.68447125190319e-11 8.50628923149696e-11 
4.77565725327650e+01 6.31012725093924e-11 8.03602072642595e-11 
4.78596072092111e+01 5.95704177752282e-11 7.59212934885408e-11 
4.79626418856572e+01 5.62401016253621e-11 7.17308737893076e-11 
4.80656765621033e+01 5.30986123889838e-11 6.77749769239228e-11 
4.81687112385494e+01 5.01351803202437e-11 6.40400011515463e-11 
4.82717459149955e+01 4.73394541196380e-11 6.05135596866524e-11 
4.83747805914416e+01 4.47019735119083e-11 5.71836447652169e-11 
4.84778152678877e+01 4.22135547134099e-11 5.40393268997983e-11 
4.85808499443338e+01 3.98658014677892e-11 5.10699351673866e-11 
4.86838846207799e+01 3.76505645384090e-11 4.82657526784462e-11 
4.87869192972259e+01 3.55603908950591e-11 4.56172946355177e-11 
4.88899539736720e+01 3.35880481949560e-11 4.31159205114264e-11 
4.89929886501181e+01 3.17269197092990e-11 4.07531980762726e-11 
4.90960233265642e+01 2.99705858715265e-11 3.85214423771986e-11 
4.91990580030103e+01 2.83131715915588e-11 3.64131553753343e-11 
4.93020926794564e+01 2.67489779258475e-11 3.44215005797688e-11 
4.94051273559025e+01 2.52727876043077e-11 3.25398092012454e-11 
4.95081620323486e+01 2.38795407308254e-11 3.07619982072478e-11 
4.96111967087947e+01 2.25646036281952e-11 2.90821350081527e-11 
4.97142313852408e+01 2.13234832255008e-11 2.74948057492571e-11 
4.98172660616869e+01 2.01520636967678e-11 2.59947315172509e-11 
4.99203007381330e+01 1.90463548463922e-11 2.45770928516566e-11 
5.00233354145791e+01 1.80027004663089e-11 2.32369453811625e-11 
5.01263700910252e+01 1.70167752803907e-11 2.19704642388842e-11 
5.02294047674713e+01 1.60851358218195e-11 2.07734312235238e-11 
5.03324394439174e+01 1.52047373310737e-11 1.96419859874608e-11 
5.04354741203635e+01 1.43727856679929e-11 1.85724620537064e-11 
5.05385087968096e+01 1.35865654761651e-11 1.75615046628829e-11 
5.06415434732557e+01 1.28435841333003e-11 1.66058422815612e-11 
5.07445781497018e+01 1.21414198792451e-11 1.57024804695802e-11 
5.08476128261478e+01 1.14778489256542e-11 1.48484998886177e-11 
5.09506475025939e+01 1.08507112122253e-11 1.40412275420633e-11 
5.10536821790400e+01 1.02580226589728e-11 1.32780581880441e-11 
5.11567168554861e+01 9.69785649040518e-12 1.25566056113924e-11 
5.12597515319322e+01 9.16844237854589e-12 1.18745447096235e-11 
5.13627862083783e+01 8.66806151726376e-12 1.12297451417621e-11 
5.14658208848244e+01 8.19513419709866e-12 1.06201316768636e-11 
5.15688555612705e+01 7.74812702570273e-12 1.00438022872086e-11 
5.16718902377166e+01 7.32563029313901e-12 9.49890463202974e-12 
5.17749249141627e+01 6.92627592282827e-12 8.98374041834804e-12 
5.18779595906088e+01 6.54880582533036e-12 8.49665614214934e-12 
5.19809942670549e+01 6.19199933033816e-12 8.03613078203317e-12 
5.20840289435010e+01 5.85472893073189e-12 7.60067706878891e-12 
5.21870636199471e+01 5.53589683021924e-12 7.18893374346935e-12 
5.22900982963932e+01 5.23450368726898e-12 6.79957766857062e-12 
5.23931329728393e+01 4.94958005975221e-12 6.43140349800463e-12 
5.24961676492854e+01 4.68023361431890e-12 6.08323822381307e-12 
5.25992023257315e+01 4.42559890691429e-12 5.75400489950868e-12 
5.27022370021776e+01 4.18487911383539e-12 5.44265574001423e-12 
5.28052716786237e+01 3.95730159084600e-12 5.14822847008949e-12 
5.29083063550697e+01 3.74215476531937e-12 4.86978710640214e-12 
5.30113410315158e+01 3.53874880498930e-12 4.60647178965247e-12 
5.31143757079619e+01 3.34644823552566e-12 4.35744636113629e-12 
5.32174103844080e+01 3.16463712787138e-12 4.12194243660614e-12 
5.33204450608541e+01 2.99274793940123e-12 3.89921299290407e-12 
5.34234797373002e+01 2.83023069757627e-12 3.68857135287713e-12 
5.35265144137463e+01 2.67657850445080e-12 3.48935008879689e-12 
5.36295490901924e+01 2.53130025510337e-12 3.30093550937320e-12 
5.37325837666385e+01 2.39394319375495e-12 3.12273126715946e-12 
5.38356184430846e+01 2.26406875905832e-12 2.95418886964435e-12 
5.39386531195307e+01 2.14127253465557e-12 2.79477544892137e-12 
5.40416877959768e+01 2.02516286076206e-12 2.64400075789302e-12 
5.41447224724229e+01 1.91537848190464e-12 2.50138862326639e-12 
5.42477571488690e+01 1.81156960605923e-12 2.36650083411712e-12 
5.43507918253151e+01 1.71341351693979e-12 2.23891185473373e-12 
5.44538265017612e+01 1.62059779889022e-12 2.11822996531518e-12 
5.45568611782073e+01 1.53283414987963e-12 2.00407486018472e-12 
5.46598958546534e+01 1.44984352298305e-12 1.89609635848588e-12 
5.47629305310995e+01 1.37136834869024e-12 1.79395455658102e-12 
5.48659652075455e+01 1.29715937264054e-12 1.69733638961512e-12 
5.49689998839916e+01 1.22698647153685e-12 1.60593962468268e-12 
5.50720345604377e+01 1.16062861705028e-12 1.51949099813736e-12 
5.51750692368838e+01 1.09788604479135e-12 1.43772241182760e-12 
5.52781039133299e+01 1.03855827716914e-12 1.36038748109359e-12 
5.53811385897760e+01 9.82460188801350e-13 1.28724118736883e-12 
5.54841732662221e+01 9.29412843221574e-13 1.21805778770384e-12 
5.55872079426682e+01 8.79250966457828e-13 1.15261847912315e-12 
5.56902426191143e+01 8.31814833810994e-13 1.09072161733858e-12 
5.57932772955604e+01 7.86956880750508e-13 1.03217179166569e-12 
5.58963119720065e+01 7.44534518457069e-13 9.76788867506801e-13 
5.59993466484526e+01 7.04415982402973e-13 9.24398309186688e-13 
5.61023813248987e+01 6.66473969478667e-13 8.74839182701220e-13 
5.62054160013448e+01 6.30590812856463e-13 8.27955582740460e-13 
5.63084506777909e+01 5.96652845988746e-13 7.83603716230648e-13 
5.64114853542370e+01 5.64554981975772e-13 7.41644306504638e-13 
5.65145200306831e+01 5.34195720729521e-13 7.01948864080059e-13 
5.66175547071292e+01 5.05481201913388e-13 6.64392955674470e-13 
5.67205893835753e+01 4.78320781282627e-13 6.28861756236704e-13 
5.68236240600214e+01 4.52630618190199e-13 5.95244083517831e-13 
5.69266587364675e+01 4.28329755694708e-13 5.63437314409201e-13 
5.70296934129135e+01 4.05343296504219e-13 5.33342097273499e-13 
5.71327280893596e+01 3.83598929019643e-13 5.04866705968237e-13 
5.72357627658057e+01 3.63029739304060e-13 4.77922352293046e-13 
5.73387974422518e+01 3.43571131921823e-13 4.52427042538658e-13 
5.74418321186979e+01 3.25163319975444e-13 4.28301421374984e-13 
5.75448667951440e+01 3.07748595512373e-13 4.05472188228451e-13 
5.76479014715901e+01 2.91273534777274e-13 3.83868411859322e-13 
5.77509361480362e+01 2.75686578181302e-13 3.63424557216365e-13 
5.78539708244823e+01 2.60939983597541e-13 3.44077216953983e-13 
5.79570055009284e+01 2.46987680502534e-13 3.25767793538076e-13 
5.80600401773745e+01 2.33787000328910e-13 3.08439600142014e-13 
5.81630748538206e+01 2.21296773467223e-13 2.92040237589404e-13 
5.82661095302667e+01 2.09478862322561e-13 2.76519022538060e-13 
5.83691442067128e+01 1.98296473469351e-13 2.61829094263237e-13 
5.84721788831589e+01 1.87715516085313e-13 2.47925132874537e-13 
5.85752135596050e+01 1.77703104738220e-13 2.34765227474950e-13 
5.86782482360511e+01 1.68228763196473e-13 2.22308851675779e-13 
5.87812829124972e+01 1.59263096123705e-13 2.10518518119274e-13 
5.88843175889433e+01 1.50778856144413e-13 1.99357981020836e-13 
5.89873522653893e+01 1.42749765301522e-13 1.88793704997877e-13 
5.90903869418354e+01 1.35151460897233e-13 1.78793270552927e-13 
5.91934216182815e+01 1.27960449625209e-13 1.69326676051999e-13 
5.92964562947276e+01 1.21154946111409e-13 1.60364921951710e-13 
5.93994909711737e+01 1.14713944688408e-13 1.51881165566869e-13 
5.95025256476198e+01 1.08617962904830e-13 1.43849464121941e-13 
5.96055603240659e+01 1.02848217602679e-13 1.36245799087912e-13 
5.97085950005120e+01 9.73872842502600e-14 1.29046960092962e-13 
5.98116296769581e+01 9.22183655079560e-14 1.22231453680964e-13 
5.99146643534042e+01 8.73258759899369e-14 1.15778512165348e-13 
6.00176990298503e+01 8.26947928527488e-14 1.09668899956542e-13 
6.01207337062964e+01 7.83111744864760e-14 1.03884033256081e-13 
6.02237683827425e+01 7.41615838542070e-14 9.84066955926770e-14 
6.03268030591886e+01 7.02335486367201e-14 9.32202558585845e-14 
6.04298377356347e+01 6.65150491073515e-14 8.83093033606315e-14 
6.05328724120808e+01 6.29949263907411e-14 8.36589531216657e-14 
6.06359070885269e+01 5.96624275927650e-14 7.92554095735186e-14 
6.07389417649730e+01 5.65075680702184e-14 7.50853493043079e-14 
6.08419764414191e+01 5.35207273633259e-14 7.11364214769518e-14 
6.09450111178651e+01 5.06929706978139e-14 6.73966993170656e-14 
6.10480457943112e+01 4.80156900004839e-14 6.38551244175210e-14 
6.11510804707573e+01 4.54808892576646e-14 6.05010192482171e-14 
6.12541151472034e+01 4.30808655433824e-14 5.73244816903143e-14 
6.13571498236495e+01 4.08084623296158e-14 5.43159517229906e-14 
6.14601845000956e+01 3.86567860314123e-14 5.14665618080523e-14 
6.15632191765417e+01 3.66194308966874e-14 4.87677516828848e-14 
6.16662538529878e+01 3.46902270817709e-14 4.62115795762588e-14 
6.17692885294339e+01 3.28634403346343e-14 4.37903797225288e-14 
6.18723232058800e+01 3.11335480653706e-14 4.14970388229920e-14 
6.19753578823261e+01 2.94954166704530e-14 3.93246915041199e-14 
6.20783925587722e+01 2.79441024622411e-14 3.72669659373101e-14 
6.21814272352183e+01 2.64750091576637e-14 3.53177130025178e-14 
6.22844619116644e+01 2.50837108849142e-14 3.34712245351573e-14 
6.23874965881105e+01 2.37660920729357e-14 3.17219924338693e-14 
6.24905312645566e+01 2.25181900672472e-14 3.00649026100472e-14 
6.25935659410027e+01 2.13363194024941e-14 2.84950207016480e-14 
6.26966006174488e+01 2.02169318374516e-14 2.70077644524807e-14 
6.27996352938949e+01 1.91567267678859e-14 2.55987130691424e-14 
6.29026699703410e+01 1.81525267373028e-14 2.42637604486399e-14 
6.30057046467871e+01 1.72013755480898e-14 2.29989455481954e-14 
6.31087393232331e+01 1.63004275231276e-14 2.18005886063987e-14 
6.32117739996792e+01 1.54470346966795e-14 2.06651401906374e-14 
6.33148086761253e+01 1.46386482957651e-14 1.95893023147491e-14 
6.34178433525714e+01 1.38728962359122e-14 1.85698940904841e-14 
6.35208780290175e+01 1.31474954630279e-14 1.76039594299694e-14 
6.36239127054636e+01 1.24603208406095e-14 1.66886474591884e-14 
6.37269473819097e+01 1.18093271452924e-14 1.58213082983454e-14 
6.38299820583558e+01 1.11926103097774e-14 1.49993866038768e-14 
6.39330167348019e+01 1.06083380002427e-14 1.42205067715305e-14 
6.40360514112480e+01 1.00548040692472e-14 1.34823781512478e-14 
6.41390860876941e+01 9.53036676333794e-15 1.27828708368843e-14 
6.42421207641402e+01 9.03349714507446e-15 1.21199312644111e-14 
6.43451554405863e+01 8.56272408545786e-15 1.14916496412282e-14 
6.44481901170324e+01 8.11667732832709e-15 1.08961847808029e-14 
6.45512247934785e+01 7.69403851664290e-15 1.03318241013855e-14 
6.46542594699246e+01 7.29357949676002e-15 9.79691667791995e-15 
6.47572941463707e+01 6.91411871137977e-15 9.28992663572662e-15 
6.48603288228168e+01 6.55455527404309e-15 8.80937351389785e-15 
6.49633634992629e+01 6.21383013592643e-15 8.35387978704542e-15 
6.50663981757090e+01 5.89095640134845e-15 7.92211773505883e-15 
6.51694328521550e+01 5.58498474159108e-15 7.51285174398819e-15 
6.52724675286011e+01 5.29503036940004e-15 7.12489096642776e-15 
6.53755022050472e+01 5.02024223161278e-15 6.75712697983021e-15 
6.54785368814933e+01 4.75982701379036e-15 6.40849160115945e-15 
6.55815715579394e+01 4.51302169546441e-15 6.07799041635693e-15 
6.56846062343855e+01 4.27911491448569e-15 5.76466518341300e-15 
6.57876409108316e+01 4.05742251490511e-15 5.46762368939935e-15 
6.58906755872777e+01 3.84730656376042e-15 5.18600623873873e-15 
6.59937102637238e+01 3.64815356263955e-15 4.91901224335497e-15 
6.60967449401699e+01 3.45939137691821e-15 4.66587034856295e-15 
6.61997796166160e+01 3.28046981850048e-15 4.42586211673793e-15 
6.63028142930621e+01 3.11087571849463e-15 4.19829539268772e-15 
6.64058489695082e+01 2.95011562100248e-15 3.98252540116060e-15 
6.65088836459543e+01 2.79772920446068e-15 3.77793099749506e-15 
6.66119183224004e+01 2.65327385511512e-15 3.58393346369730e-15 
6.67149529988465e+01 2.51633661938991e-15 3.39997532921073e-15 
6.68179876752926e+01 2.38652045124188e-15 3.22553711869063e-15 
6.69210223517387e+01 2.26345485762188e-15 3.06011846244284e-15 
6.70240570281848e+01 2.14678363661756e-15 2.90325302095563e-15 
6.71270917046308e+01 2.03617436005058e-15 2.75449163541163e-15 
6.72301263810769e+01 1.93130743950261e-15 2.61341562910711e-15 
6.73331610575230e+01 1.83188457409062e-15 2.47962177587230e-15 
6.74361957339691e+01 1.73761899941439e-15 2.35273415636231e-15 
6.75392304104152e+01 1.64824301434192e-15 2.23239074661397e-15 
6.76422650868613e+01 1.56349928386841e-15 2.11825398751617e-15 
6.77452997633074e+01 1.48314754612299e-15 2.00999881742404e-15 
6.78483344397535e+01 1.40695685431137e-15 1.90732209563353e-15 
6.79513691161996e+01 1.33471155394456e-15 1.80993192226731e-15 
6.80544037926457e+01 1.26620436164835e-15 1.71755604104157e-15 
6.81574384690918e+01 1.20124169265552e-15 1.62993230680071e-15 
6.82604731455379e+01 1.13963748548037e-15 1.54681617905543e-15 
6.83635078219840e+01 1.08121795086729e-15 1.46797221281169e-15 
6.84665424984301e+01 1.02581606130348e-15 1.39318074208439e-15 
6.85695771748762e+01 9.73275784753924e-16 1.32223028325162e-15 
6.86726118513223e+01 9.23447166858397e-16 1.25492349683600e-15 
6.87756465277684e+01 8.76190105795362e-16 1.19107040470406e-15 
6.88786812042145e+01 8.31369962902794e-16 1.13049370870523e-15 
6.89817158806606e+01 7.88860928802929e-16 1.07302273379502e-15 
6.90847505571066e+01 7.48542105209805e-16 1.01849817349426e-15 
6.91877852335527e+01 7.10300506926004e-16 9.66766680591176e-16 
6.92908199099988e+01 6.74027563849414e-16 9.17685101710714e-16 
6.93938545864449e+01 6.39621798545115e-16 8.71115645775262e-16 
6.94968892628910e+01 6.06985703025719e-16 8.26929663149657e-16 
6.95999239393371e+01 5.76028127237704e-16 7.85003329629859e-16 
6.97029586157832e+01 5.46661490140074e-16 7.45221019558593e-16 
6.98059932922293e+01 5.18803910563930e-16 7.07471449869117e-16 
6.99090279686754e+01 4.92376716520903e-16 6.71650691165624e-16 
7.00120626451215e+01 4.67306346443630e-16 6.37657938243841e-16 
7.01150973215676e+01 4.43521301799248e-16 6.05399050524959e-16 
7.02181319980137e+01 4.20955157739403e-16 5.74783392253838e-16 
7.03211666744598e+01 3.99544643861979e-16 5.45726853710013e-16 
7.04242013509059e+01 3.79230575569532e-16 5.18148941729735e-16 
7.05272360273520e+01 3.59956080678646e-16 4.91974437150128e-16 
7.06302707037981e+01 3.41667953048749e-16 4.67130940151260e-16 
7.07333053802442e+01 3.24315067875737e-16 4.43550785509100e-16 
7.08363400566903e+01 3.07849590041233e-16 4.21168848005066e-16 
7.09393747331364e+01 2.92225557871848e-16 3.99924253148652e-16 
7.10424094095825e+01 2.77399961910667e-16 3.79758414898720e-16 
7.11454440860285e+01 2.63331479105280e-16 3.60616563855249e-16 
7.12484787624746e+01 2.49981435994552e-16 3.42445992520508e-16 
7.13515134389207e+01 2.37312677233229e-16 3.25197420576041e-16 
7.14545481153668e+01 2.25290425665566e-16 3.08823425572626e-16 
7.15575827918129e+01 2.13881270827860e-16 2.93279662785343e-16 
7.16606174682590e+01 2.03053937025581e-16 2.78523461594082e-16 
7.17636521447051e+01 1.92778379000667e-16 2.64514915517786e-16 
7.18666868211512e+01 1.83026467922106e-16 2.51215626663713e-16 
7.19697214975973e+01 1.73771182782788e-16 2.38589679856088e-16 
7.20727561740434e+01 1.64987223138683e-16 2.26602519420191e-16 
7.21757908504895e+01 1.56650286028778e-16 2.15221819818342e-16 
7.22788255269356e+01 1.48737613340540e-16 2.04416480719044e-16 
7.23818602033817e+01 1.41227345142273e-16 1.94157405214225e-16 
7.24848948798278e+01 1.34099008699588e-16 1.84416600626222e-16 
7.25879295562739e+01 1.27332940086799e-16 1.75167874186650e-16 
7.26909642327200e+01 1.20910721119166e-16 1.66386028374823e-16 
7.27939989091661e+01 1.14814661981694e-16 1.58047482874587e-16 
7.28970335856122e+01 1.09028191664715e-16 1.50129554434168e-16 
7.30000682620583e+01 1.03535395126104e-16 1.42611012968735e-16 
7.31031029385043e+01 9.83213622143042e-17 1.35471436999488e-16 
7.32061376149504e+01 9.33717735737304e-17 1.28691710923825e-16 
7.33091722913965e+01 8.86732125015133e-17 1.22253448044586e-16 
7.34122069678426e+01 8.42127944248837e-17 1.16139435275429e-16 
7.35152416442887e+01 7.99784456585133e-17 1.10333116621920e-16 
7.36182763207348e+01 7.59585718350365e-17 1.04818990917030e-16 
7.37213109971809e+01 7.21423071025391e-17 9.95821493753090e-17 
7.38243456736270e+01 6.85192173823108e-17 9.46086313534028e-17 
7.39273803500731e+01 6.50795231650638e-17 8.98850102766944e-17 
7.40304150265192e+01 6.18138339099633e-17 8.53987118845513e-17 
7.41334497029653e+01 5.87133472584902e-17 8.11376434343581e-17 
7.42364843794114e+01 5.57696112814939e-17 7.70904784136997e-17 
7.43395190558575e+01 5.29747026267428e-17 7.32463244675192e-17 
7.44425537323036e+01 5.03210136712964e-17 6.95949781334134e-17 
7.45455884087497e+01 4.78014118487013e-17 6.61266274206289e-17 
7.46486230851958e+01 4.54090490769380e-17 6.28320797445208e-17 
7.47516577616419e+01 4.31375042703466e-17 5.97024955175076e-17 
7.48546924380880e+01 4.09806126928317e-17 5.67295921194808e-17 
7.49577271145341e+01 3.89325934447605e-17 5.39053882044634e-17 
7.50607617909802e+01 3.69878453250123e-17 5.12222946948971e-17 
7.51637964674263e+01 3.51406737883471e-17 4.86734923209750e-17 
7.52668311438724e+01 3.33861346768257e-17 4.62520950046976e-17 
7.53698658203184e+01 3.17195888327907e-17 4.39516679516691e-17 
7.54729004967645e+01 3.01365798251782e-17 4.17661779593107e-17 
7.55759351732106e+01 2.86329257379487e-17 3.96898228028069e-17 
7.56789698496567e+01 2.72046095629139e-17 3.77171618105195e-17 
7.57820045261028e+01 2.58478613825566e-17 3.58429628907279e-17 
7.58850392025489e+01 2.45590601103561e-17 3.40623194768411e-17 
7.59880738789950e+01 2.33348070782790e-17 3.23705133611048e-17 
7.60911085554411e+01 2.21718379436642e-17 3.07631194397542e-17 
7.61941432318872e+01 2.10670885848761e-17 2.92358827116056e-17 
7.62971779083333e+01 2.00176161173518e-17 2.77848121025378e-17 
7.64002125847794e+01 1.90206579054558e-17 2.64060701583111e-17 
7.65032472612255e+01 1.80735607408467e-17 2.50960570928284e-17 
7.66062819376716e+01 1.71738336932630e-17 2.38513118580578e-17 
7.67093166141177e+01 1.63190846032996e-17 2.26685874399925e-17 
7.68123512905638e+01 1.55070674185939e-17 2.15447621259510e-17 
7.69153859670099e+01 1.47356252416442e-17 2.04769069643594e-17 
7.70184206434560e+01 1.40027327296926e-17 1.94622061726891e-17 
7.71214553199021e+01 1.33064450174645e-17 1.84980175807982e-17 
7.72244899963482e+01 1.26449356980973e-17 1.75818012328604e-17 
7.73275246727942e+01 1.20164510116154e-17 1.67111735478053e-17 
7.74305593492403e+01 1.14193438697589e-17 1.58838432671602e-17 
7.75335940256864e+01 1.08520327645074e-17 1.50976599890466e-17 
7.76366287021325e+01 1.03130322509405e-17 1.43505567020987e-17 
7.77396633785786e+01 9.80091608696480e-18 1.36405932805324e-17 
7.78426980550247e+01 9.31434454477057e-18 1.29659049233199e-17 
7.79457327314708e+01 8.85203134380910e-18 1.23247411361814e-17 
7.80487674079169e+01 8.41276812244574e-18 1.17154194659504e-17 
7.81518020843630e+01 7.99539477180175e-18 1.11363604401790e-17 
7.82548367608091e+01 7.59882136435886e-18 1.05860460499904e-17 
7.83578714372552e+01 7.22200153707986e-18 1.00630510686455e-17 
7.84609061137013e+01 6.86395214255463e-18 9.56600579292424e-18 
7.85639407901474e+01 6.52372936634979e-18 9.09362411785777e-18 
7.86669754665935e+01 6.20044633841002e-18 8.64467009750477e-18 
7.87700101430396e+01 5.89325170230675e-18 8.21798311355823e-18 
7.88730448194857e+01 5.60134539967300e-18 7.81244786190618e-18 
7.89760794959318e+01 5.32395943832483e-18 7.42701691748299e-18 
7.90791141723779e+01 5.06037204020112e-18 7.06068379378453e-18 
7.91821488488240e+01 4.80989038157798e-18 6.71250317471284e-18 
7.92851835252700e+01 4.57186327502834e-18 6.38156673074665e-18 
7.93882182017161e+01 4.34566567845930e-18 6.06702126022993e-18 
7.94912528781622e+01 4.13071006375102e-18 5.76804697862899e-18 
7.95942875546083e+01 3.92643251240718e-18 5.48387378639034e-18 
7.96973222310544e+01 3.73230290755634e-18 5.21376177704028e-18 
7.98003569075005e+01 3.54781245287238e-18 4.95701582607131e-18 
7.99033915839466e+01 3.37248281032551e-18 4.71296808991548e-18 
8.00064262603927e+01 3.20585489593274e-18 4.48099109003128e-18 
8.01094609368388e+01 3.04749707285243e-18 4.26048199832859e-18 
8.02124956132849e+01 2.89699509266972e-18 4.05087437246648e-18 
8.03155302897310e+01 2.75395944197909e-18 3.85162404492034e-18 
8.04185649661771e+01 2.61801631144324e-18 3.66221964924477e-18 
8.05215996426232e+01 2.48881418376092e-18 3.48216994684224e-18 
8.06246343190693e+01 2.36601572500923e-18 3.31101326939666e-18 
8.07276689955154e+01 2.24930369272136e-18 3.14830613741873e-18 
8.08307036719615e+01 2.13837365480914e-18 2.99363173101159e-18 
8.09337383484076e+01 2.03293928826554e-18 2.84658966741191e-18 
8.10367730248537e+01 1.93272584076888e-18 2.70680360058811e-18 
8.11398077012998e+01 1.83747488317517e-18 2.57391203913098e-18 
8.12428423777459e+01 1.74693843765969e-18 2.44757516473720e-18 
8.13458770541919e+01 1.66088324058444e-18 2.32746658401332e-18 
8.14489117306380e+01 1.57908546887947e-18 2.21327944654077e-18 
8.15519464070841e+01 1.50133456397977e-18 2.10471903510369e-18 
8.16549810835302e+01 1.42742849518300e-18 2.00150825565273e-18 
8.17580157599763e+01 1.35717719007517e-18 1.90338098028210e-18 
8.18610504364224e+01 1.29039827990746e-18 1.81008697390469e-18 
8.19640851128685e+01 1.22692017720697e-18 1.72138591310440e-18 
8.20671197893146e+01 1.16657825386868e-18 1.63705180761321e-18 
8.21701544657607e+01 1.10921760241805e-18 1.55686762605703e-18 
8.22731891422068e+01 1.05468960258313e-18 1.48062926430394e-18 
8.23762238186529e+01 1.00285439888795e-18 1.40814071619924e-18 
8.24792584950990e+01 9.53577816014961e-19 1.33921763546026e-18 
8.25822931715451e+01 9.06733582015630e-19 1.27368299584383e-18 
8.26853278479912e+01 8.62200556849269e-19 1.21137028843076e-18 
8.27883625244373e+01 8.19864727458637e-19 1.15211962136209e-18 
8.28913972008834e+01 7.79616717526225e-19 1.09578059002673e-18 
8.29944318773295e+01 7.41353577941086e-19 1.04220877160997e-18 
8.30974665537756e+01 7.04976549091586e-19 9.91268301818356e-19 
8.32005012302217e+01 6.70392667811553e-19 9.42828724064718e-19 
8.33035359066677e+01 6.37512756468649e-19 8.96767302888623e-19 
8.34065705831138e+01 6.06252865293714e-19 8.52966191711791e-19 
8.35096052595599e+01 5.76532465161057e-19 8.11314509997245e-19 
8.36126399360060e+01 5.48275742248038e-19 7.71705797196242e-19 
8.37156746124521e+01 5.21409973769173e-19 7.34039877897660e-19 
8.38187092888982e+01 4.95866690159705e-19 6.98220572895659e-19 
8.39217439653443e+01 4.71580215147576e-19 6.64157374078830e-19 
8.40247786417904e+01 4.48488709083735e-19 6.31763386516257e-19 
8.41278133182365e+01 4.26532856639899e-19 6.00956832593415e-19 
8.42308479946826e+01 4.05656803500585e-19 5.71659201683601e-19 
8.43338826711287e+01 3.85806976682374e-19 5.43796601038928e-19 
8.44369173475748e+01 3.66932925540248e-19 5.17298091987142e-19 
8.45399520240209e+01 3.48986261237603e-19 4.92096903236332e-19 
8.46429867004670e+01 3.31921411891422e-19 4.68128934694834e-19 
8.47460213769131e+01 3.15694669097576e-19 4.45333847307201e-19 
8.48490560533592e+01 3.00264866023293e-19 4.23653717532551e-19 
8.49520907298053e+01 2.85592520125581e-19 4.03034016329279e-19 
8.50551254062514e+01 2.71640442092123e-19 3.83422399036270e-19 
8.51581600826975e+01 2.58372964998782e-19 3.64769584838776e-19 
8.52611947591435e+01 2.45756491185865e-19 3.47028268355260e-19 
8.53642294355896e+01 2.33758799094762e-19 3.30153909752469e-19 
8.54672641120357e+01 2.22349534436651e-19 3.14103755733515e-19 
8.55702987884818e+01 2.11499586840603e-19 2.98837549425982e-19 
8.56733334649279e+01 2.01181531017457e-19 2.84316649717311e-19 
8.57763681413740e+01 1.91369066152640e-19 2.70504669103391e-19 
8.58794028178201e+01 1.82037412181307e-19 2.57366681440032e-19 
8.59824374942662e+01 1.73162805578099e-19 2.44869795099669e-19 
8.60854721707123e+01 1.64722855333623e-19 2.32982440215828e-19 
8.61885068471584e+01 1.56696089438839e-19 2.21674883742295e-19 
8.62915415236045e+01 1.49062274681302e-19 2.10918588172723e-19 
8.63945762000506e+01 1.41802008701355e-19 2.00686674421020e-19 
8.64976108764967e+01 1.34897007303608e-19 1.90953344811140e-19 
8.66006455529428e+01 1.28329737482408e-19 1.81694299091353e-19 
8.67036802293889e+01 1.22083675564738e-19 1.72886215219378e-19 
8.68067149058350e+01 1.16142977069623e-19 1.64507123279488e-19 
8.69097495822811e+01 1.10492708658459e-19 1.56535938243862e-19 
8.70127842587272e+01 1.05118551112533e-19 1.48952796073681e-19 
8.71158189351733e+01 1.00007007761689e-19 1.41738633226549e-19 
8.72188536116194e+01 9.51451372408917e-20 1.34875488785104e-19 
8.73218882880655e+01 9.05207407944655e-20 1.28346151663201e-19 
8.74249229645116e+01 8.61221200074701e-20 1.22134406606578e-19 
8.75279576409576e+01 8.19382469406502e-20 1.16224668001396e-19 
8.76309923174037e+01 7.79585477388609e-20 1.10602249801163e-19 
8.77340269938498e+01 7.41730539134951e-20 1.05253058918752e-19 
8.78370616702959e+01 7.05722076085648e-20 1.00163814771275e-19 
8.79400963467420e+01 6.71469975758476e-20 9.53217732779567e-20 
8.80431310231881e+01 6.38887839198830e-20 9.07149242650026e-20 
8.81461656996342e+01 6.07894203223856e-20 8.63317429983612e-20 
8.82492003760803e+01 5.78410963077009e-20 8.21613676927319e-20 
8.83522350525264e+01 5.50364471139669e-20 7.81933758179723e-20 
8.84552697289725e+01 5.23684117184762e-20 7.44179437278080e-20 
8.85583044054186e+01 4.98303316103367e-20 7.08256454172646e-20 
8.86613390818647e+01 4.74158229817802e-20 6.74075962442821e-20 
8.87643737583108e+01 4.51188655176317e-20 6.41552712337369e-20 
8.88674084347569e+01 4.29336873653575e-20 6.10606338414289e-20 
8.89704431112030e+01 4.08548449889254e-20 5.81159728553011e-20 
8.90734777876491e+01 3.88771195998197e-20 5.53140187206744e-20 
8.91765124640952e+01 3.69955889458316e-20 5.26477964887001e-20 
8.92795471405413e+01 3.52055340663925e-20 5.01107302771979e-20 
8.93825818169874e+01 3.35025038458028e-20 4.76965108389077e-20 
8.94856164934334e+01 3.18822310583580e-20 4.53991895308876e-20 
8.95886511698795e+01 3.03406904188509e-20 4.32130590414791e-20 
8.96916858463256e+01 2.88740229871544e-20 4.11327379276540e-20 
8.97947205227717e+01 2.74785883742197e-20 3.91530631863652e-20 
8.98977551992178e+01 2.61508966694231e-20 3.72691663117661e-20 
9.00007898756639e+01 2.48876553933049e-20 3.54763765285589e-20 
9.01038245521100e+01 2.36857081951577e-20 3.37702892245169e-20 
9.02068592285561e+01 2.25420770836138e-20 3.21466787820551e-20 
9.03098939050022e+01 2.14539072176188e-20 3.06015601548217e-20 
9.04129285814483e+01 2.04185048919802e-20 2.91311103403836e-20 
9.05159632578944e+01 1.94332878128884e-20 2.77317237918261e-20 
9.06189979343405e+01 1.84958192670583e-20 2.63999416703402e-20 
9.07220326107866e+01 1.76037633341114e-20 2.51325017128724e-20 
9.08250672872327e+01 1.67549156244020e-20 2.39262744896386e-20 
9.09281019636788e+01 1.59471629355576e-20 2.27783082860871e-20 
9.10311366401249e+01 1.51785109049818e-20 2.16857716679203e-20 
9.11341713165710e+01 1.44470476672854e-20 2.06459938792359e-20 
9.12372059930171e+01 1.37509687323393e-20 1.96564130873819e-20 
9.13402406694632e+01 1.30885442447865e-20 1.87146127484984e-20 
9.14432753459093e+01 1.24581413669730e-20 1.78182749672530e-20 
9.15463100223553e+01 1.18581947817078e-20 1.69652132355042e-20 
9.16493446988014e+01 1.12872268310628e-20 1.61524841686337e-20 
9.17523793752475e+01 1.07438793185690e-20 1.53781066430139e-20 
9.18554140516936e+01 1.02268149847946e-20 1.46410235879641e-20 
9.19584487281397e+01 9.73475209364584e-21 1.39394373184387e-20 
9.20614834045858e+01 9.26648073706612e-21 1.32716234588687e-20 
9.21645180810319e+01 8.82084125696386e-21 1.26359548109584e-20 
9.22675527574780e+01 8.39673891855100e-21 1.20308705558065e-20 
9.23705874339241e+01 7.99312446635944e-21 1.14548977419626e-20 
9.24736221103702e+01 7.60900733027827e-21 1.09066235247320e-20 
9.25766567868163e+01 7.24343810350663e-21 1.03847145129402e-20 
9.26796914632624e+01 6.89552042877168e-21 9.88789174437406e-21 
9.27827261397085e+01 6.56439520726056e-21 9.41494810568445e-21 
9.28857608161546e+01 6.24925129760692e-21 8.96472577291511e-21 
9.29887954926007e+01 5.94931128391103e-21 8.53613189738860e-21 
9.30918301690468e+01 5.66384110670025e-21 8.12811826726509e-21 
9.31948648454929e+01 5.39213723529952e-21 7.73969543285524e-21 
9.32978995219390e+01 5.13353533794627e-21 7.36991436944198e-21 
9.34009341983851e+01 4.88739871920600e-21 7.01787919802333e-21 
9.35039688748311e+01 4.65312612561660e-21 6.68273065149175e-21 
9.36070035512772e+01 4.43014132272919e-21 6.36365753113082e-21 
9.37100382277233e+01 4.21790012294619e-21 6.05988179792170e-21 
9.38130729041694e+01 4.01588098926184e-21 5.77066889102346e-21 
9.39161075806155e+01 3.82359136323140e-21 5.49531428368629e-21 
9.40191422570616e+01 3.64055919372886e-21 5.23315277727121e-21 
9.41221769335077e+01 3.46633863514098e-21 4.98354637719115e-21 
9.42252116099538e+01 3.30050240957751e-21 4.74589266463187e-21 
9.43282462863999e+01 3.14264693833398e-21 4.51961386229206e-21 
9.44312809628460e+01 2.99238545509537e-21 4.30416437572115e-21 
9.45343156392921e+01 2.84935262737463e-21 4.09902093154892e-21 
9.46373503157382e+01 2.71319834644604e-21 3.90368937114193e-21 
9.47403849921843e+01 2.58359188977005e-21 3.71769575564433e-21 
9.48434196686304e+01 2.46021632076899e-21 3.54059248636835e-21 
9.49464543450765e+01 2.34277223812789e-21 3.37195028144112e-21 
9.50494890215226e+01 2.23097272516487e-21 3.21136368989165e-21 
9.51525236979687e+01 2.12454672729406e-21 3.05844385412863e-21 
9.52555583744148e+01 2.02323449671953e-21 2.91282347798311e-21 
9.53585930508609e+01 1.92679063520769e-21 2.77415029773393e-21 
9.54616277273069e+01 1.83497998521404e-21 2.64209155833554e-21 
9.55646624037530e+01 1.74758037139103e-21 2.51632812335536e-21 
9.56676970801991e+01 1.66437889410086e-21 2.39655850819168e-21 
9.57707317566452e+01 1.58517439973879e-21 2.28249356617476e-21 
9.58737664330913e+01 1.50977413694616e-21 2.17386012269967e-21 
9.59768011095374e+01 1.43799598282069e-21 2.07039618094671e-21 
9.60798357859835e+01 1.36966542607015e-21 1.97185419646303e-21 
9.61828704624296e+01 1.30461757347607e-21 1.87799675154590e-21 
9.62859051388757e+01 1.24269442776379e-21 1.78859950585607e-21 
9.63889398153218e+01 1.18374669625328e-21 1.70344729354135e-21 
9.64919744917679e+01 1.12763133440466e-21 1.62233678190889e-21 
9.65950091682140e+01 1.07421317640247e-21 1.54507294990168e-21 
9.66980438446601e+01 1.02336271820201e-21 1.47147148365695e-21 
9.68010785211062e+01 9.74957587826446e-22 1.40135559903441e-21 
9.69041131975523e+01 9.28880544320501e-22 1.33455820000746e-21 
9.70071478739984e+01 8.85020803770840e-22 1.27091901162367e-21 
9.71101825504445e+01 8.43272232898226e-22 1.21028652458256e-21 
9.72132172268906e+01 8.03534545220933e-22 1.15251540832675e-21 
9.73162519033367e+01 7.65711670109606e-22 1.09746826282574e-21 
9.74192865797828e+01 7.29712832083290e-22 1.04501328448627e-21 
9.75223212562288e+01 6.95451078036208e-22 9.95025844059203e-22 
9.76253559326749e+01 6.62844251369965e-22 9.47386380752895e-22 
9.77283906091210e+01 6.31813661798981e-22 9.01981823287085e-22 
9.78314252855671e+01 6.02284964866159e-22 8.58703690022844e-22 
9.79344599620132e+01 5.74186960262383e-22 8.17449368481713e-22 
9.80374946384593e+01 5.47452386233477e-22 7.78120401496329e-22 
9.81405293149054e+01 5.22016833725711e-22 7.40623638976597e-22 
9.82435639913515e+01 4.97819464257544e-22 7.04869692060144e-22 
9.83465986677976e+01 4.74802028442601e-22 6.70773969522525e-22 
9.84496333442437e+01 4.52909515059969e-22 6.38255283688084e-22 
9.85526680206898e+01 4.32089263622157e-22 6.07236782632801e-22 
9.86557026971359e+01 4.12291551623255e-22 5.77644693222970e-22 
9.87587373735820e+01 3.93468791824125e-22 5.49409159133469e-22 
9.88617720500281e+01 3.75576063980048e-22 5.22463107831493e-22 
9.89648067264742e+01 3.58570388419854e-22 4.96743003417380e-22 
9.90678414029203e+01 3.42411207946179e-22 4.72187825678929e-22 
9.91708760793664e+01 3.27059730099256e-22 4.48739745845358e-22 
9.92739107558125e+01 3.12479364376794e-22 4.26343207018727e-22 
9.93769454322586e+01 2.98635126305593e-22 4.04945530103731e-22 
9.94799801087047e+01 2.85494034638231e-22 3.84496085989363e-22 
9.95830147851508e+01 2.73024571014533e-22 3.64946838169149e-22 
9.96860494615969e+01 2.61197041353214e-22 3.46251598009618e-22 
9.97890841380429e+01 2.49983085477676e-22 3.28366509899138e-22 
9.98921188144890e+01 2.39356006527610e-22 3.11249381810472e-22 
9.99951534909351e+01 2.29290325456104e-22 2.94860491723740e-22 
1.00098188167381e+02 2.19761726509698e-22 2.79162846343483e-22 
1.00201222843827e+02 2.10746930926667e-22 2.64121274700396e-22 
1.00304257520273e+02 2.02224428462436e-22 2.49700501255086e-22 
1.00407292196720e+02 1.94173732808571e-22 2.35866598386882e-22 
1.00510326873166e+02 1.86575633759768e-22 2.22586865900961e-22 
1.00613361549612e+02 1.79411860068127e-22 2.09830134422271e-22 
1.00716396226058e+02 1.72665311658913e-22 1.97566329913069e-22 
1.00819430902504e+02 1.66319751544611e-22 1.85766740519954e-22 
1.00922465578950e+02 1.60360020508927e-22 1.74403628458713e-22 
1.01025500255396e+02 1.54771754899071e-22 1.63450463300136e-22 
1.01128534931842e+02 1.49541585997427e-22 1.52881577053854e-22 
1.01231569608288e+02 1.44656880793090e-22 1.42672366524190e-22 
1.01334604284734e+02 1.40105928084351e-22 1.32798987877005e-22 
1.01437638961180e+02 1.35877699582356e-22 1.23238530372605e-22 
1.01540673637627e+02 1.31962024632953e-22 1.13968747111082e-22 
1.01643708314073e+02 1.28349369229223e-22 1.04968202151803e-22 
1.01746742990519e+02 1.25031001106533e-22 9.62160345074370e-23 
1.01849777666965e+02 1.21998784439122e-22 8.76920803856284e-23 
1.01952812343411e+02 1.19245336945771e-22 7.93766678441600e-23 
1.02055847019857e+02 1.16763838220895e-22 7.12507156369846e-23 
1.02158881696303e+02 1.14548180388667e-22 6.32955562562410e-23 
1.02261916372749e+02 1.12592788173115e-22 5.54930126293889e-23 
1.02364951049195e+02 1.10892764554606e-22 4.78252475614365e-23 
1.02467985725641e+02 1.09443720818090e-22 4.02748193098994e-23 
1.02571020402087e+02 1.08241918596483e-22 3.28245557056650e-23 
1.02674055078534e+02 1.07284108252938e-22 2.54575894256668e-23 
1.02777089754980e+02 1.06567668640002e-22 1.81572553160112e-23 
1.02880124431426e+02 1.06090452272028e-22 1.09071059864783e-23 
1.02983159107872e+02 1.05850924086205e-22 7.29299526642132e-24 
