Energy(eV)           EEDF(eV^-(3/2))      Anisotropy(eV^-(3/2))
1.03946408970568e-03 7.00294116941719e+00 4.96394119865170e-03 
3.11839226911705e-03 6.94295703786356e+00 7.09627752713264e-03 
5.19732044852842e-03 6.86093203778531e+00 1.01869308772505e-02 
7.27624862793979e-03 6.76411546859247e+00 1.26355420301580e-02 
9.35517680735116e-03 6.65727720191883e+00 1.45799803222952e-02 
1.14341049867625e-02 6.54615471418032e+00 1.61492482461975e-02 
1.35130331661739e-02 6.43251445126728e+00 1.74624336954415e-02 
1.55919613455853e-02 6.31816824530678e+00 1.85508280872481e-02 
1.76708895249966e-02 6.20453374851906e+00 1.94580946032831e-02 
1.97498177044080e-02 6.09239492560007e+00 2.02064984754881e-02 
2.18287458838194e-02 5.98275513161116e+00 2.08043523601855e-02 
2.39076740632307e-02 5.87638250119850e+00 2.12523505421198e-02 
2.59866022426421e-02 5.77433950450826e+00 2.16587737515049e-02 
2.80655304220535e-02 5.67461387306608e+00 2.20503233880144e-02 
3.01444586014648e-02 5.57781564956421e+00 2.23418804426006e-02 
3.22233867808762e-02 5.48431785658032e+00 2.25457341732865e-02 
3.43023149602876e-02 5.39445308392733e+00 2.26674199904496e-02 
3.63812431396990e-02 5.30847765913106e+00 2.27472041026279e-02 
3.84601713191103e-02 5.22591395544984e+00 2.27864410707540e-02 
4.05390994985217e-02 5.14706082126368e+00 2.27933289599318e-02 
4.26180276779331e-02 5.07136604731220e+00 2.27910488853143e-02 
4.46969558573444e-02 4.99879024277308e+00 2.27397643922080e-02 
4.67758840367558e-02 4.92951955521539e+00 2.26263604843106e-02 
4.88548122161672e-02 4.86371121771784e+00 2.24517708486430e-02 
5.09337403955785e-02 4.80149614103358e+00 2.22914454070547e-02 
5.30126685749899e-02 4.74196416524782e+00 2.21596301483978e-02 
5.50915967544013e-02 4.68516245510430e+00 2.19839771935004e-02 
5.71705249338126e-02 4.63117672457839e+00 2.17607309268337e-02 
5.92494531132240e-02 4.58007720011094e+00 2.14997872874238e-02 
6.13283812926354e-02 4.53180996105885e+00 2.12664732479315e-02 
6.34073094720467e-02 4.48574396416236e+00 2.10586643537427e-02 
6.54862376514581e-02 4.44192733071606e+00 2.08127427318622e-02 
6.75651658308695e-02 4.40039858035394e+00 2.05286042057712e-02 
6.96440940102809e-02 4.36118708438729e+00 2.02266712667094e-02 
7.17230221896922e-02 4.32413313119133e+00 1.99531771963180e-02 
7.38019503691036e-02 4.28888930613098e+00 1.96921641773361e-02 
7.58808785485150e-02 4.25547618929539e+00 1.93993537957831e-02 
7.79598067279263e-02 4.22390826562035e+00 1.90744286708808e-02 
8.00387349073377e-02 4.19419407941646e+00 1.87476813881262e-02 
8.21176630867491e-02 4.16612483684086e+00 1.84518263586313e-02 
8.41965912661604e-02 4.13951091703652e+00 1.81588222971555e-02 
8.62755194455718e-02 4.11435854665083e+00 1.78386345095652e-02 
8.83544476249832e-02 4.09066981758684e+00 1.74908951154062e-02 
9.04333758043945e-02 4.06844272226022e+00 1.71583279627796e-02 
9.25123039838059e-02 4.04743442166010e+00 1.68637313179324e-02 
9.45912321632173e-02 4.02754806710815e+00 1.65649658650462e-02 
9.66701603426287e-02 4.00878341590536e+00 1.62432317381965e-02 
9.87490885220400e-02 3.99113739868966e+00 1.58982197831317e-02 
1.00828016701451e-01 3.97460411816798e+00 1.55746315530951e-02 
1.02906944880863e-01 3.95897615757181e+00 1.52822790952634e-02 
1.04985873060274e-01 3.94422841458324e+00 1.49755317873602e-02 
1.07064801239685e-01 3.93035673896912e+00 1.46488242758402e-02 
1.09143729419097e-01 3.91735492688062e+00 1.43061920584775e-02 
1.11222657598508e-01 3.90519870812121e+00 1.39934534423846e-02 
1.13301585777920e-01 3.89371629533778e+00 1.37107677986509e-02 
1.15380513957331e-01 3.88290374385207e+00 1.34112106563164e-02 
1.17459442136742e-01 3.87275565149963e+00 1.30946001589403e-02 
1.19538370316154e-01 3.86326514892173e+00 1.27750753161675e-02 
1.21617298495565e-01 3.85438075955430e+00 1.24920887722290e-02 
1.23696226674976e-01 3.84598514088427e+00 1.22345202874042e-02 
1.25775154854388e-01 3.83807465695993e+00 1.19631017128044e-02 
1.27854083033799e-01 3.83064469899012e+00 1.16777147557339e-02 
1.29933011213211e-01 3.82368967921930e+00 1.13899855623205e-02 
1.32011939392622e-01 3.81717419641139e+00 1.11146209908229e-02 
1.34090867572033e-01 3.81106017025628e+00 1.08407306669179e-02 
1.36169795751445e-01 3.80534235838574e+00 1.05541347011980e-02 
1.38248723930856e-01 3.80001472001859e+00 1.02547269616701e-02 
1.40327652110267e-01 3.79507040869675e+00 9.97120076583447e-03 
1.42406580289679e-01 3.79044478155664e+00 9.72178564496317e-03 
1.44485508469090e-01 3.78610377728678e+00 9.47792004400254e-03 
1.46564436648501e-01 3.78204331117078e+00 9.22369634118247e-03 
1.48643364827913e-01 3.77825876921832e+00 8.95904933248604e-03 
1.50722293007324e-01 3.77474500432580e+00 8.73146097589962e-03 
1.52801221186736e-01 3.77142013547128e+00 8.55418201362415e-03 
1.54880149366147e-01 3.76826864080130e+00 8.37855751628265e-03 
1.56959077545558e-01 3.76528880567885e+00 8.19558428629362e-03 
1.59038005724970e-01 3.76247864603644e+00 8.00523552967168e-03 
1.61116933904381e-01 3.75983590747978e+00 7.80748327329029e-03 
1.63195862083792e-01 3.75735806424470e+00 7.60229857682096e-03 
1.65274790263204e-01 3.75504231801801e+00 7.38965176168223e-03 
1.67353718442615e-01 3.75288559663346e+00 7.16951265937453e-03 
1.69432646622027e-01 3.75088455265511e+00 6.95184113144944e-03 
1.71511574801438e-01 3.74902420998022e+00 6.77225327546281e-03 
1.73590502980849e-01 3.74726374002201e+00 6.62339656340888e-03 
1.75669431160261e-01 3.74560186742212e+00 6.46922066656889e-03 
1.77748359339672e-01 3.74403717686154e+00 6.30971283602658e-03 
1.79827287519083e-01 3.74256811268980e+00 6.15590393775338e-03 
1.81906215698495e-01 3.74118255828943e+00 6.02441606363322e-03 
1.83985143877906e-01 3.73986494425794e+00 5.90501014879557e-03 
1.86064072057318e-01 3.73861452933866e+00 5.78149044602125e-03 
1.88143000236729e-01 3.73743048847057e+00 5.65385028490673e-03 
1.90221928416140e-01 3.73631191265097e+00 5.53977281632845e-03 
1.92300856595552e-01 3.73524366068546e+00 5.45222311992400e-03 
1.94379784774963e-01 3.73421621927309e+00 5.37372648837411e-03 
1.96458712954374e-01 3.73322937999614e+00 5.29238332369675e-03 
1.98537641133786e-01 3.73228289412720e+00 5.20819139059508e-03 
2.00616569313197e-01 3.73137647261533e+00 5.13814775042719e-03 
2.02695497492608e-01 3.73049787394128e+00 5.08764747010198e-03 
2.04774425672020e-01 3.72964405116608e+00 5.03962224318487e-03 
2.06853353851431e-01 3.72881502015992e+00 4.98962548721490e-03 
2.08932282030843e-01 3.72801077736683e+00 4.93765677223013e-03 
2.11011210210254e-01 3.72723129981397e+00 4.90442294314251e-03 
2.13090138389665e-01 3.72646342561073e+00 4.89109771768033e-03 
2.15169066569077e-01 3.72570710424801e+00 4.87690129014491e-03 
2.17247994748488e-01 3.72496246046487e+00 4.86154601413233e-03 
2.19326922927899e-01 3.72422961222327e+00 4.84859569332571e-03 
2.21405851107311e-01 3.72350652308633e+00 4.85504805744236e-03 
2.23484779286722e-01 3.72278325238167e+00 4.87776989714052e-03 
2.25563707466134e-01 3.72205989214306e+00 4.90007633289109e-03 
2.27642635645545e-01 3.72133653352018e+00 4.92196772909311e-03 
2.29721563824956e-01 3.72061326677953e+00 4.94995299273788e-03 
2.31800492004368e-01 3.71988637134246e+00 4.99553792737591e-03 
2.33879420183779e-01 3.71914922758720e+00 5.05242634074447e-03 
2.35958348363190e-01 3.71840176323787e+00 5.10950791917359e-03 
2.38037276542602e-01 3.71764390591178e+00 5.16678186408904e-03 
2.40116204722013e-01 3.71687558312200e+00 5.23394367854840e-03 
2.42195132901424e-01 3.71609099472352e+00 5.31881562505149e-03 
2.44274061080836e-01 3.71528526518120e+00 5.41195981881186e-03 
2.46352989260247e-01 3.71445802826165e+00 5.50584502759282e-03 
2.48431917439659e-01 3.71360891519357e+00 5.60046788771999e-03 
2.50510845619070e-01 3.71273755469816e+00 5.70652386066576e-03 
2.52589773798481e-01 3.71183697500782e+00 5.82754208348706e-03 
2.54668701977893e-01 3.71090425596360e+00 5.95321675904077e-03 
2.56747630157304e-01 3.70993867866359e+00 6.08003334341092e-03 
2.58826558336715e-01 3.70893951800897e+00 6.20798465079504e-03 
2.60905486516127e-01 3.70790604279909e+00 6.35041608408544e-03 
2.62984414695538e-01 3.70682871289394e+00 6.50793635061000e-03 
2.65063342874950e-01 3.70570577255436e+00 6.66783172872329e-03 
2.67142271054361e-01 3.70453604831523e+00 6.82921150130924e-03 
2.69221199233772e-01 3.70331835614614e+00 6.99372957892255e-03 
2.71300127413184e-01 3.70205032520124e+00 7.17305235848299e-03 
2.73379055592595e-01 3.70072228106524e+00 7.36523193701995e-03 
2.75457983772006e-01 3.69933253997236e+00 7.55916787990882e-03 
2.77536911951418e-01 3.69787940333461e+00 7.75483904477195e-03 
2.79615840130829e-01 3.69636115817450e+00 7.95713284895556e-03 
2.81694768310240e-01 3.69477227127987e+00 8.17661356040176e-03 
2.83773696489652e-01 3.69310231482540e+00 8.40823391498822e-03 
2.85852624669063e-01 3.69134889689096e+00 8.64183564984111e-03 
2.87931552848475e-01 3.68950960695520e+00 8.87738414319365e-03 
2.90010481027886e-01 3.68758201673538e+00 9.11484357216882e-03 
2.92089409207297e-01 3.68556368105694e+00 9.35417689463545e-03 
2.94168337386709e-01 3.68345213875296e+00 9.59534583159853e-03 
2.96247265566120e-01 3.68124491359397e+00 9.83831085018352e-03 
2.98326193745531e-01 3.67893951524840e+00 1.00830311472428e-02 
3.00405121924943e-01 3.67653344027383e+00 1.03494447096515e-02 
3.02484050104354e-01 3.67400521135005e+00 1.06456002469987e-02 
3.04562978283766e-01 3.67134278503499e+00 1.09521649880451e-02 
3.06641906463177e-01 3.66854221652067e+00 1.12607429030529e-02 
3.08720834642588e-01 3.66559954569321e+00 1.15712582862661e-02 
3.10799762822000e-01 3.66251079945353e+00 1.18836329543260e-02 
3.12878691001411e-01 3.65927199411297e+00 1.21977862262026e-02 
3.14957619180822e-01 3.65587913786393e+00 1.25136349055181e-02 
3.17036547360234e-01 3.65232823332530e+00 1.28310932653732e-02 
3.19115475539645e-01 3.64861528016283e+00 1.31500730357685e-02 
3.21194403719056e-01 3.64473627778375e+00 1.34704833937275e-02 
3.23273331898468e-01 3.64068722810558e+00 1.37922309562258e-02 
3.25352260077879e-01 3.63646413839824e+00 1.41152197760198e-02 
3.27431188257291e-01 3.63206302419893e+00 1.44393513404791e-02 
3.29510116436702e-01 3.62747991229886e+00 1.47645245735280e-02 
3.31589044616113e-01 3.62271084380077e+00 1.50906358407954e-02 
3.33667972795525e-01 3.61775187724610e+00 1.54175789580740e-02 
3.35746900974936e-01 3.61259909181048e+00 1.57452452031698e-02 
3.37825829154347e-01 3.60724859056605e+00 1.60735233312644e-02 
3.39904757333759e-01 3.60169650380882e+00 1.64022995938832e-02 
3.41983685513170e-01 3.59593899244946e+00 1.67314577615133e-02 
3.44062613692582e-01 3.58997225146524e+00 1.70608791500028e-02 
3.46141541871993e-01 3.58379251341114e+00 1.73904426508341e-02 
3.48220470051404e-01 3.57739605198761e+00 1.77200247653178e-02 
3.50299398230816e-01 3.57077918566258e+00 1.80649607548291e-02 
3.52378326410227e-01 3.56391484418636e+00 1.84331052018566e-02 
3.54457254589638e-01 3.55678543958351e+00 1.88090306287593e-02 
3.56536182769050e-01 3.54938619944054e+00 1.91843062363388e-02 
3.58615110948461e-01 3.54171243311305e+00 1.95587522126542e-02 
3.60694039127873e-01 3.53375953771049e+00 1.99321856796274e-02 
3.62772967307284e-01 3.52552300414292e+00 2.03044207980771e-02 
3.64851895486695e-01 3.51699842322241e+00 2.06752688804742e-02 
3.66930823666107e-01 3.50818149181167e+00 2.10445385114736e-02 
3.69009751845518e-01 3.49906801901166e+00 2.14120356762429e-02 
3.71088680024929e-01 3.48965393238009e+00 2.17775638965978e-02 
3.73167608204341e-01 3.47993528417188e+00 2.21409243749364e-02 
3.75246536383752e-01 3.46990825759262e+00 2.25019161459574e-02 
3.77325464563163e-01 3.45956917305562e+00 2.28603362361112e-02 
3.79404392742575e-01 3.44891449443269e+00 2.32159798307017e-02 
3.81483320921986e-01 3.43794083528872e+00 2.35686404485948e-02 
3.83562249101398e-01 3.42664496508948e+00 2.39181101244008e-02 
3.85641177280809e-01 3.41502381537220e+00 2.42641795980148e-02 
3.87720105460220e-01 3.40307448586767e+00 2.46066385113611e-02 
3.89799033639632e-01 3.39079425056299e+00 2.49452756121794e-02 
3.91877961819043e-01 3.37818056369313e+00 2.52798789646729e-02 
3.93956889998454e-01 3.36523106564992e+00 2.56102361667859e-02 
3.96035818177866e-01 3.35194358879644e+00 2.59361345738916e-02 
3.98114746357277e-01 3.33831616317477e+00 2.62573615286215e-02 
4.00193674536689e-01 3.32434702209489e+00 2.65795446840195e-02 
4.02272602716100e-01 3.31002148341571e+00 2.69062004902868e-02 
4.04351530895511e-01 3.29532890174075e+00 2.72311359828113e-02 
4.06430459074923e-01 3.28026782451184e+00 2.75501634308093e-02 
4.08509387254334e-01 3.26483705279830e+00 2.78630487341066e-02 
4.10588315433745e-01 3.24903564710072e+00 2.81695594366826e-02 
4.12667243613157e-01 3.23286293292334e+00 2.84694650422346e-02 
4.14746171792568e-01 3.21631850609906e+00 2.87625373338261e-02 
4.16825099971979e-01 3.19940223785126e+00 2.90485506970175e-02 
4.18904028151391e-01 3.18211427957718e+00 2.93272824458747e-02 
4.20982956330802e-01 3.16445506733733e+00 2.95985131512306e-02 
4.23061884510214e-01 3.14642532603589e+00 2.98620269705432e-02 
4.25140812689625e-01 3.12802607327745e+00 3.01176119786677e-02 
4.27219740869036e-01 3.10925862288568e+00 3.03650604988423e-02 
4.29298669048448e-01 3.09012458806987e+00 3.06041694331775e-02 
4.31377597227859e-01 3.07062588422604e+00 3.08347405919240e-02 
4.33456525407270e-01 3.05076473135942e+00 3.10565810207546e-02 
4.35535453586682e-01 3.03054365611608e+00 3.12695033253171e-02 
4.37614381766093e-01 3.00996549341179e+00 3.14733259922868e-02 
4.39693309945505e-01 2.98903338764704e+00 3.16678737061265e-02 
4.41772238124916e-01 2.96775079349784e+00 3.18529776607886e-02 
4.43851166304327e-01 2.94612147627252e+00 3.20284758655642e-02 
4.45930094483739e-01 2.92414951182595e+00 3.21942134442906e-02 
4.48009022663150e-01 2.90183928602286e+00 3.23500429271309e-02 
4.50087950842561e-01 2.87919549374351e+00 3.24958245341463e-02 
4.52166879021973e-01 2.85622313742528e+00 3.26314264498813e-02 
4.54245807201384e-01 2.83292752513524e+00 3.27567250881976e-02 
4.56324735380795e-01 2.80931426816937e+00 3.28716053466053e-02 
4.58403663560207e-01 2.78538927817536e+00 3.29759608493477e-02 
4.60482591739618e-01 2.76115876379703e+00 3.30696941785194e-02 
4.62561519919030e-01 2.73662922683930e+00 3.31527170925188e-02 
4.64640448098441e-01 2.71180745795397e+00 3.32249507311575e-02 
4.66719376277852e-01 2.68670053184765e+00 3.32863258067663e-02 
4.68798304457264e-01 2.66131580201430e+00 3.33367827806854e-02 
4.70877232636675e-01 2.63566089499607e+00 3.33762720245340e-02 
4.72956160816086e-01 2.60974370417733e+00 3.34047539657077e-02 
4.75035088995498e-01 2.58357238311785e+00 3.34221992165789e-02 
4.77114017174909e-01 2.55715533843252e+00 3.34285886869032e-02 
4.79192945354320e-01 2.53050122222592e+00 3.34239136789988e-02 
4.81271873533732e-01 2.50361892409146e+00 3.34081759652904e-02 
4.83350801713143e-01 2.47651756268576e+00 3.33813878478561e-02 
4.85429729892555e-01 2.44920647689044e+00 3.33435721996636e-02 
4.87508658071966e-01 2.42169521657417e+00 3.32947624872300e-02 
4.89587586251377e-01 2.39399353296936e+00 3.32350027744901e-02 
4.91666514430789e-01 2.36611136867873e+00 3.31643477077028e-02 
4.93745442610200e-01 2.33805884732812e+00 3.30828624812812e-02 
4.95824370789611e-01 2.30984626288288e+00 3.29906227844868e-02 
4.97903298969023e-01 2.28148406864627e+00 3.28877147289728e-02 
4.99982227148434e-01 2.25298286595904e+00 3.27715614261506e-02 
5.02061155327846e-01 2.22436502557095e+00 3.26397589593215e-02 
5.04140083507257e-01 2.19565303751656e+00 3.24954833862476e-02 
5.06219011686668e-01 2.16685720074433e+00 3.23417623385470e-02 
5.08297939866080e-01 2.13798788831170e+00 3.21787288398822e-02 
5.10376868045491e-01 2.10905553641340e+00 3.20065242011007e-02 
5.12455796224902e-01 2.08007063329302e+00 3.18252978357045e-02 
5.14534724404314e-01 2.05104370805763e+00 3.16352070613223e-02 
5.16613652583725e-01 2.02198531941598e+00 3.14364168875763e-02 
5.18692580763137e-01 1.99290604436082e+00 3.12290997907833e-02 
5.20771508942548e-01 1.96381646681607e+00 3.10134354759634e-02 
5.22850437121959e-01 1.93472716627003e+00 3.07896106266474e-02 
5.24929365301371e-01 1.90564870641536e+00 3.05578186430242e-02 
5.27008293480782e-01 1.87659162381720e+00 3.03182593689983e-02 
5.29087221660193e-01 1.84756641663021e+00 3.00711388087474e-02 
5.31166149839605e-01 1.81858353338572e+00 2.98166688334112e-02 
5.33245078019016e-01 1.78965336186960e+00 2.95550668785580e-02 
5.35324006198427e-01 1.76078621811151e+00 2.92865556331044e-02 
5.37402934377839e-01 1.73199233550591e+00 2.90113627203813e-02 
5.39481862557250e-01 1.70328185408480e+00 2.87297203720647e-02 
5.41560790736662e-01 1.67466480996178e+00 2.84418650956985e-02 
5.43639718916073e-01 1.64615112496676e+00 2.81480373365594e-02 
5.45718647095484e-01 1.61775059648987e+00 2.78484811346207e-02 
5.47797575274896e-01 1.58947288755293e+00 2.75434437773845e-02 
5.49876503454307e-01 1.56132751712596e+00 2.72331754493574e-02 
5.51955431633718e-01 1.53332385070577e+00 2.69179288789474e-02 
5.54034359813130e-01 1.50547109117286e+00 2.65979589835735e-02 
5.56113287992541e-01 1.47777826994231e+00 2.62735225137618e-02 
5.58192216171953e-01 1.45025423842334e+00 2.59448776970145e-02 
5.60271144351364e-01 1.42290765980165e+00 2.56122838822236e-02 
5.62350072530775e-01 1.39574700115775e+00 2.52760011853975e-02 
5.64429000710187e-01 1.36878052593353e+00 2.49362901374638e-02 
5.66507928889598e-01 1.34201628675848e+00 2.45934113348878e-02 
5.68586857069009e-01 1.31546211864620e+00 2.42476250938388e-02 
5.70665785248421e-01 1.28912563257067e+00 2.38991911086249e-02 
5.72744713427832e-01 1.26301420943094e+00 2.35483681150886e-02 
5.74823641607244e-01 1.23713499441179e+00 2.31954135596382e-02 
5.76902569786655e-01 1.21149489174718e+00 2.28405832745721e-02 
5.78981497966066e-01 1.18610055989199e+00 2.24841311603226e-02 
5.81060426145478e-01 1.16095840710676e+00 2.21263088752222e-02 
5.83139354324889e-01 1.13607458745913e+00 2.17673655333689e-02 
5.85218282504300e-01 1.11145499724449e+00 2.14075474111368e-02 
5.87297210683712e-01 1.08710527182767e+00 2.10470976628480e-02 
5.89376138863123e-01 1.06303078290616e+00 2.06862560460911e-02 
5.91455067042534e-01 1.03923663619458e+00 2.03252586571367e-02 
5.93533995221946e-01 1.01572766952922e+00 1.99643376768695e-02 
5.95612923401357e-01 9.92508451390206e-01 1.96037211276227e-02 
5.97691851580769e-01 9.69583279838272e-01 1.92436326412614e-02 
5.99770779760180e-01 9.46956181861986e-01 1.88842912388301e-02 
6.01849707939591e-01 9.24630913130483e-01 1.85259111220423e-02 
6.03928636119003e-01 9.02610958145859e-01 1.81687014768545e-02 
6.06007564298414e-01 8.80899530788600e-01 1.78128662893298e-02 
6.08086492477825e-01 8.59499575248581e-01 1.74586041739607e-02 
6.10165420657237e-01 8.38413767333432e-01 1.71061082145861e-02 
6.12244348836648e-01 8.17644516145349e-01 1.67555658179976e-02 
6.14323277016059e-01 7.97193966116721e-01 1.64071585803020e-02 
6.16402205195471e-01 7.77063999394309e-01 1.60610621660655e-02 
6.18481133374882e-01 7.57256238561110e-01 1.57174462002336e-02 
6.20560061554294e-01 7.37772049684459e-01 1.53764741727884e-02 
6.22638989733705e-01 7.18612545678411e-01 1.50383033560721e-02 
6.24717917913116e-01 6.99778589967959e-01 1.47030847346713e-02 
6.26796846092528e-01 6.81270800442215e-01 1.43709629477308e-02 
6.28875774271939e-01 6.63089553683280e-01 1.40420762435344e-02 
6.30954702451350e-01 6.45234989457195e-01 1.37165564461579e-02 
6.33033630630762e-01 6.27707015453046e-01 1.33945289339822e-02 
6.35112558810173e-01 6.10505312256072e-01 1.30761126298192e-02 
6.37191486989585e-01 5.93629338540365e-01 1.27614200023841e-02 
6.39270415168996e-01 5.77078336466635e-01 1.24505570788251e-02 
6.41349343348407e-01 5.60851337270348e-01 1.21436234679999e-02 
6.43428271527819e-01 5.44947167025493e-01 1.18407123941672e-02 
6.45507199707230e-01 5.29364452569173e-01 1.15419107407445e-02 
6.47586127886641e-01 5.14101627572231e-01 1.12472991037699e-02 
6.49665056066053e-01 4.99156938741164e-01 1.09569518546848e-02 
6.51743984245464e-01 4.84528452136652e-01 1.06709372120459e-02 
6.53822912424876e-01 4.70214059594149e-01 1.03893173217621e-02 
6.55901840604287e-01 4.56211485232150e-01 1.01121483454402e-02 
6.57980768783698e-01 4.42518292033913e-01 9.83948055641726e-03 
6.60059696963110e-01 4.29131888488668e-01 9.57135844304762e-03 
6.62138625142521e-01 4.16049535278574e-01 9.30782081881065e-03 
6.64217553321932e-01 4.03268351997972e-01 9.04890093879707e-03 
6.66296481501344e-01 3.90785323891813e-01 8.79462662213335e-03 
6.68375409680755e-01 3.78597308600454e-01 8.54502037989978e-03 
6.70454337860167e-01 3.66701042898372e-01 8.30009954809918e-03 
6.72533266039578e-01 3.55093149414774e-01 8.05987642523485e-03 
6.74612194218989e-01 3.43770143324414e-01 7.82435841405844e-03 
6.76691122398401e-01 3.32728438997418e-01 7.59354816705373e-03 
6.78770050577812e-01 3.21964356597314e-01 7.36744373522666e-03 
6.80848978757223e-01 3.11474128616932e-01 7.14603871977923e-03 
6.82927906936635e-01 3.01253906342297e-01 6.92932242625027e-03 
6.85006835116046e-01 2.91299766235138e-01 6.71728002071708e-03 
6.87085763295457e-01 2.81607716225081e-01 6.50989268765991e-03 
6.89164691474869e-01 2.72173701903120e-01 6.30713778910039e-03 
6.91243619654280e-01 2.62993612608450e-01 6.10898902463822e-03 
6.93322547833692e-01 2.54063287401240e-01 5.91541659202025e-03 
6.95401476013103e-01 2.45378520914423e-01 5.72638734788834e-03 
6.97480404192514e-01 2.36935069078104e-01 5.54186496836669e-03 
6.99559332371926e-01 2.28728654710676e-01 5.36178577654045e-03 
7.01638260551337e-01 2.20755964073436e-01 5.18606052365407e-03 
7.03717188730748e-01 2.13014917309743e-01 5.01470946989793e-03 
7.05796116910160e-01 2.05500804115184e-01 4.84779576583357e-03 
7.07875045089571e-01 1.98208924791686e-01 4.68525870063359e-03 
7.09953973268982e-01 1.91134594280235e-01 4.52703594792871e-03 
7.12032901448394e-01 1.84273146036724e-01 4.37306369913871e-03 
7.14111829627805e-01 1.77619935750263e-01 4.22327679400902e-03 
7.16190757807217e-01 1.71170344903615e-01 4.07760884821675e-03 
7.18269685986628e-01 1.64919784175755e-01 3.93599237792180e-03 
7.20348614166039e-01 1.58863696686854e-01 3.79835892115146e-03 
7.22427542345451e-01 1.52997561086289e-01 3.66463915591788e-03 
7.24506470524862e-01 1.47316894484570e-01 3.53476301497950e-03 
7.26585398704273e-01 1.41817255230342e-01 3.40865979716897e-03 
7.28664326883685e-01 1.36494245533882e-01 3.28625827522062e-03 
7.30743255063096e-01 1.31343513938756e-01 3.16748680004143e-03 
7.32822183242507e-01 1.26360757643521e-01 3.05227340138018e-03 
7.34901111421919e-01 1.21541724675601e-01 2.94054588485824e-03 
7.36980039601330e-01 1.16882215919629e-01 2.83223192533670e-03 
7.39058967780742e-01 1.12378087002781e-01 2.72725915660248e-03 
7.41137895960153e-01 1.08025250039760e-01 2.62555525736561e-03 
7.43216824139564e-01 1.03819675240288e-01 2.52704803356844e-03 
7.45295752318976e-01 9.97573923820825e-02 2.43166549701523e-03 
7.47374680498387e-01 9.58344921524527e-02 2.33933594033868e-03 
7.49453608677798e-01 9.20471273617490e-02 2.24998800832725e-03 
7.51532536857210e-01 8.83915140320347e-02 2.16355076564365e-03 
7.53611465036621e-01 8.48639323644230e-02 2.07995376097223e-03 
7.55690393216033e-01 8.14607275886194e-02 1.99912708763794e-03 
7.57769321395444e-01 7.81783106982800e-02 1.92100144074635e-03 
7.59848249574855e-01 7.50131590758550e-02 1.84550817089882e-03 
7.61927177754267e-01 7.19618170106400e-02 1.77257933454224e-03 
7.64006105933678e-01 6.90208961137940e-02 1.70214774101688e-03 
7.66085034113089e-01 6.61870756341154e-02 1.63414699637049e-03 
7.68163962292501e-01 6.34571026783829e-02 1.56851154401008e-03 
7.70242890471912e-01 6.08277923400819e-02 1.50517670226651e-03 
7.72321818651324e-01 5.82960277403324e-02 1.44407869895013e-03 
7.74400746830735e-01 5.58587599848321e-02 1.38515470297793e-03 
7.76479675010146e-01 5.35130080406075e-02 1.32834285315561e-03 
7.78558603189558e-01 5.12558585363446e-02 1.27358228419936e-03 
7.80637531368969e-01 4.90844654900386e-02 1.22081315008452e-03 
7.82716459548380e-01 4.69960499676627e-02 1.16997664480904e-03 
7.84795387727792e-01 4.49878996765154e-02 1.12101502066113e-03 
7.86874315907203e-01 4.30573684968497e-02 1.07387160408123e-03 
7.88953244086614e-01 4.12018759553364e-02 1.02849080920902e-03 
7.91032172266026e-01 3.94189066438499e-02 9.84818149206257e-04 
7.93111100445437e-01 3.77060095869999e-02 9.42800245446570e-04 
7.95190028624849e-01 3.60607975617629e-02 9.02384834663092e-04 
7.97268956804260e-01 3.44809463724904e-02 8.63520774144167e-04 
7.99347884983671e-01 3.29641940844990e-02 8.26159232116220e-04 
8.01426813163083e-01 3.15083623901349e-02 7.90256296849283e-04 
8.03505741342494e-01 3.01114004075419e-02 7.55763115367211e-04 
8.05584669521905e-01 2.87712120666788e-02 7.22630094589213e-04 
8.07663597701317e-01 2.74857615377210e-02 6.90811315880676e-04 
8.09742525880728e-01 2.62530722118325e-02 6.60262013240670e-04 
8.11821454060140e-01 2.50712256623535e-02 6.30938564859134e-04 
8.13900382239551e-01 2.39383605888638e-02 6.02798483524093e-04 
8.15979310418962e-01 2.28526717464895e-02 5.75800405955417e-04 
8.18058238598374e-01 2.18124088627241e-02 5.49904081139645e-04 
8.20137166777785e-01 2.08158755439452e-02 5.25070357738468e-04 
8.22216094957196e-01 1.98614281737095e-02 5.01261170641231e-04 
8.24295023136608e-01 1.89474748048204e-02 4.78439526729742e-04 
8.26373951316019e-01 1.80724740470677e-02 4.56569489921515e-04 
8.28452879495430e-01 1.72349339524491e-02 4.35616165555315e-04 
8.30531807674842e-01 1.64334108995923e-02 4.15545684180662e-04 
8.32610735854253e-01 1.56665084790091e-02 3.96325184810699e-04 
8.34689664033665e-01 1.49328763807238e-02 3.77922797695577e-04 
8.36768592213076e-01 1.42312092857346e-02 3.60307626671228e-04 
8.38847520392487e-01 1.35602457626814e-02 3.43449731136162e-04 
8.40926448571899e-01 1.29187671710116e-02 3.27320107706661e-04 
8.43005376751310e-01 1.23055965718543e-02 3.11890671598509e-04 
8.45084304930721e-01 1.17195976477369e-02 2.97134237781197e-04 
8.47163233110133e-01 1.11596736322005e-02 2.83024501948364e-04 
8.49242161289544e-01 1.06247662502954e-02 2.69536021346023e-04 
8.51321089468956e-01 1.01138546708680e-02 2.56644195498078e-04 
8.53400017648367e-01 9.62595447147911e-03 2.44325246866461e-04 
8.55478945827778e-01 9.16011661672679e-03 2.32556201481246e-04 
8.57557874007190e-01 8.71542645068084e-03 2.21314869574043e-04 
8.59636802186601e-01 8.29100270407371e-03 2.10579826246020e-04 
8.61715730366012e-01 7.88599651683159e-03 2.00330392200009e-04 
8.63794658545424e-01 7.49959047647075e-03 1.90546614564263e-04 
8.65873586724835e-01 7.13099767282864e-03 1.81209247833637e-04 
8.67952514904247e-01 6.77946076954492e-03 1.72299734952199e-04 
8.70031443083658e-01 6.44425109265632e-03 1.63800188559565e-04 
8.72110371263069e-01 6.12466773662012e-03 1.55693372421608e-04 
8.74189299442481e-01 5.82003668803361e-03 1.47962683064609e-04 
8.76268227621892e-01 5.52970996727257e-03 1.40592131630352e-04 
8.78347155801303e-01 5.25306478822898e-03 1.33566325968198e-04 
8.80426083980715e-01 4.98950273628767e-03 1.26870452978760e-04 
8.82505012160126e-01 4.73844896464362e-03 1.20490261222410e-04 
8.84583940339537e-01 4.49935140902500e-03 1.14412043804556e-04 
8.86662868518949e-01 4.27168002085318e-03 1.08622621548348e-04 
8.88741796698360e-01 4.05492601883838e-03 1.03109326464315e-04 
8.90820724877772e-01 3.84860115897969e-03 9.78599855252363e-05 
8.92899653057183e-01 3.65223702290955e-03 9.28629047535078e-05 
8.94978581236594e-01 3.46538432449619e-03 8.81068536272029e-05 
8.97057509416006e-01 3.28761223459300e-03 8.35810498100450e-05 
8.99136437595417e-01 3.11850772380031e-03 7.92751442095900e-05 
9.01215365774828e-01 2.95767492308415e-03 7.51792063670239e-05 
9.03294293954240e-01 2.80473450207617e-03 7.12837101811526e-05 
9.05373222133651e-01 2.65932306486136e-03 6.75795199683820e-05 
9.07452150313062e-01 2.52109256304262e-03 6.40578768597420e-05 
9.09531078492474e-01 2.38970972585678e-03 6.07103855353273e-05 
9.11610006671885e-01 2.26485550710204e-03 5.75290012958711e-05 
9.13688934851297e-01 2.14622454862445e-03 5.45060174705720e-05 
9.15767863030708e-01 2.03352466009992e-03 5.16340531597305e-05 
9.17846791210119e-01 1.92647631483760e-03 4.89060413102269e-05 
9.19925719389531e-01 1.82481216132196e-03 4.63152171213926e-05 
9.22004647568942e-01 1.72827655020270e-03 4.38551067783794e-05 
9.24083575748353e-01 1.63662507643499e-03 4.15195165097202e-05 
9.26162503927765e-01 1.54962413626645e-03 3.93025219654006e-05 
9.28241432107176e-01 1.46705049876263e-03 3.71984579114166e-05 
9.30320360286588e-01 1.38869089155853e-03 3.52019082364798e-05 
9.32399288465999e-01 1.31434160052053e-03 3.33076962662541e-05 
9.34478216645410e-01 1.24380808300094e-03 3.15108753802530e-05 
9.36557144824822e-01 1.17690459436531e-03 2.98067199262996e-05 
9.38636073004233e-01 1.11345382747224e-03 2.81907164272513e-05 
9.40715001183644e-01 1.05328656478451e-03 2.66585550745197e-05 
9.42793929363056e-01 9.96241342791323e-04 2.52061215027598e-05 
9.44872857542467e-01 9.42164128421792e-04 2.38294888399765e-05 
9.46951785721879e-01 8.90908007131622e-04 2.25249100271826e-05 
9.49030713901290e-01 8.42332882346606e-04 2.12888104016584e-05 
9.51109642080701e-01 7.96305185949074e-04 2.01177805377874e-05 
9.53188570260113e-01 7.52697599496166e-04 1.90085693393915e-05 
9.55267498439524e-01 7.11388785861981e-04 1.79580773774510e-05 
9.57346426618935e-01 6.72263130999218e-04 1.69633504670696e-05 
9.59425354798347e-01 6.35210495519746e-04 1.60215734775425e-05 
9.61504282977758e-01 6.00125975797716e-04 1.51300643693823e-05 
9.63583211157169e-01 5.66909674303221e-04 1.42862684521815e-05 
9.65662139336581e-01 5.35466478879166e-04 1.34877528572148e-05 
9.67741067515992e-01 5.05705850678873e-04 1.27322012187247e-05 
9.69819995695404e-01 4.77541620486973e-04 1.20174085578803e-05 
9.71898923874815e-01 4.50891793151369e-04 1.13412763634596e-05 
9.73977852054226e-01 4.25678359859383e-04 1.07018078633663e-05 
9.76056780233638e-01 4.01827117996673e-04 1.00971034811692e-05 
9.78135708413049e-01 3.79267498333086e-04 9.52535647192678e-06 
9.80214636592460e-01 3.57932399285240e-04 8.98484873164679e-06 
9.82293564771872e-01 3.37758028011378e-04 8.47394677482170e-06 
9.84372492951283e-01 3.18683748099760e-04 7.99109787457296e-06 
9.86451421130695e-01 3.00651933617701e-04 7.53482636003821e-06 
9.88530349310106e-01 2.83607829294129e-04 7.10373006573751e-06 
9.90609277489517e-01 2.67499416614423e-04 6.69647692776079e-06 
9.92688205668929e-01 2.52277285612035e-04 6.31180172172654e-06 
9.94767133848340e-01 2.37894512147267e-04 5.94850293757294e-06 
9.96846062027751e-01 2.24306540469285e-04 5.60543978635501e-06 
9.98924990207163e-01 2.11471070863241e-04 5.28152933433519e-06 
1.00100391838657e+00 1.99347952190004e-04 4.97645085842418e-06 
1.00308284656599e+00 1.87902416845365e-04 4.68911965635617e-06 
1.00516177474540e+00 1.77097752832312e-04 4.41795482864116e-06 
1.00724070292481e+00 1.66899109705104e-04 4.16206508157574e-06 
1.00931963110422e+00 1.57273467489849e-04 3.92061605554701e-06 
1.01139855928363e+00 1.48189544522171e-04 3.69281731255135e-06 
1.01347748746304e+00 1.39617709684407e-04 3.47792012707724e-06 
1.01555641564245e+00 1.31529898846629e-04 3.27521538179311e-06 
1.01763534382187e+00 1.23899535323656e-04 3.08403156344849e-06 
1.01971427200128e+00 1.16701454167793e-04 2.90373285457458e-06 
1.02179320018069e+00 1.09911830124422e-04 2.73371731674378e-06 
1.02387212836010e+00 1.03508109084602e-04 2.57341516131534e-06 
1.02595105653951e+00 9.74689428757083e-05 2.42228710375581e-06 
1.02802998471892e+00 9.17741272377252e-05 2.27982279778019e-06 
1.03010891289833e+00 8.64045428391426e-05 2.14553934571124e-06 
1.03218784107774e+00 8.13420991925650e-05 2.01897988160051e-06 
1.03426676925716e+00 7.65696813360191e-05 1.89971222379638e-06 
1.03634569743657e+00 7.20710991516459e-05 1.78732759378097e-06 
1.03842462561598e+00 6.78310391989278e-05 1.68143939822974e-06 
1.04050355379539e+00 6.38350189448770e-05 1.58168207137422e-06 
1.04258248197480e+00 6.00693432786758e-05 1.48770997487177e-06 
1.04466141015421e+00 5.65210632031371e-05 1.39919635250376e-06 
1.04674033833362e+00 5.31779366000432e-05 1.31583233713801e-06 
1.04881926651304e+00 5.00283909709253e-05 1.23732600750054e-06 
1.05089819469245e+00 4.70614880591799e-05 1.16340149240782e-06 
1.05297712287186e+00 4.42668902635770e-05 1.09379812021202e-06 
1.05505605105127e+00 4.16348287572122e-05 1.02826961130982e-06 
1.05713497923068e+00 3.91560732297908e-05 9.66583311659219e-07 
1.05921390741009e+00 3.68219031748138e-05 9.08519465339410e-07 
1.06129283558950e+00 3.46240806467710e-05 8.53870524275704e-07 
1.06337176376892e+00 3.25548244168333e-05 8.02440493334912e-07 
1.06545069194833e+00 3.06067854587888e-05 7.54044309077005e-07 
1.06752962012774e+00 2.87730237000830e-05 7.08507250525741e-07 
1.06960854830715e+00 2.70469859758110e-05 6.65664380394975e-07 
1.07168747648656e+00 2.54224851263704e-05 6.25360015278341e-07 
1.07376640466597e+00 2.38936801822279e-05 5.87447223377998e-07 
1.07584533284538e+00 2.24550575818758e-05 5.51787348413450e-07 
1.07792426102479e+00 2.11014133715723e-05 5.18249558413966e-07 
1.08000318920421e+00 1.98278363378623e-05 4.86710418158141e-07 
1.08208211738362e+00 1.86296920261828e-05 4.57053484081585e-07 
1.08416104556303e+00 1.75026076010572e-05 4.29168920528694e-07 
1.08623997374244e+00 1.64424575054921e-05 4.02953136277251e-07 
1.08831890192185e+00 1.54453498792067e-05 3.78308440314961e-07 
1.09039783010126e+00 1.45076136972498e-05 3.55142715895311e-07 
1.09247675828067e+00 1.36257865924030e-05 3.33369111946360e-07 
1.09455568646009e+00 1.27966033265280e-05 3.12905750950209e-07 
1.09663461463950e+00 1.20169848776975e-05 2.93675452453149e-07 
1.09871354281891e+00 1.12840281115563e-05 2.75605471406860e-07 
1.10079247099832e+00 1.05949960068909e-05 2.58627250579632e-07 
1.10287139917773e+00 9.94730840685244e-06 2.42676186313438e-07 
1.10495032735714e+00 9.33853326867449e-06 2.27691406937939e-07 
1.10702925553655e+00 8.76637838606015e-06 2.13615563186096e-07 
1.10910818371597e+00 8.22868355968763e-06 2.00394629988231e-07 
1.11118711189538e+00 7.72341319249543e-06 1.87977719051984e-07 
1.11326604007479e+00 7.24864928756692e-06 1.76316901664902e-07 
1.11534496825420e+00 6.80258482753773e-06 1.65367041184295e-07 
1.11742389643361e+00 6.38351751550156e-06 1.55085634705610e-07 
1.11950282461302e+00 5.98984385839300e-06 1.45432663425963e-07 
1.12158175279243e+00 5.62005357478164e-06 1.36370451243690e-07 
1.12366068097184e+00 5.27272430992213e-06 1.27863531157822e-07 
1.12573960915126e+00 4.94651664177209e-06 1.19878519053396e-07 
1.12781853733067e+00 4.64016936251582e-06 1.12383994479459e-07 
1.12989746551008e+00 4.35249502091773e-06 1.05350388046557e-07 
1.13197639368949e+00 4.08237571157852e-06 9.87498750895367e-08 
1.13405532186890e+00 3.82875909787906e-06 9.25562752595425e-08 
1.13613425004831e+00 3.59065465607532e-06 8.67449577263505e-08 
1.13821317822772e+00 3.36713012865244e-06 8.12927516885466e-08 
1.14029210640714e+00 3.15730817565989e-06 7.61778619046715e-08 
1.14237103458655e+00 2.96036321333288e-06 7.13797889732816e-08 
1.14444996276596e+00 2.77551842986040e-06 6.68792541039961e-08 
1.14652889094537e+00 2.60204296868757e-06 6.26581281350229e-08 
1.14860781912478e+00 2.43924927024158e-06 5.86993645654118e-08 
1.15068674730419e+00 2.28649056344693e-06 5.49869363824181e-08 
1.15276567548360e+00 2.14315849884863e-06 5.15057764758876e-08 
1.15484460366302e+00 2.00868091559215e-06 4.82417214425266e-08 
1.15692353184243e+00 1.88251973491760e-06 4.51814585933319e-08 
1.15900246002184e+00 1.76416897321363e-06 4.23124759873377e-08 
1.16108138820125e+00 1.65315286804522e-06 3.96230153242231e-08 
1.16316031638066e+00 1.54902411091922e-06 3.71020275372456e-08 
1.16523924456007e+00 1.45136218088365e-06 3.47391309364167e-08 
1.16731817273948e+00 1.35977177337210e-06 3.25245717598767e-08 
1.16939710091890e+00 1.27388131900343e-06 3.04491869990438e-08 
1.17147602909831e+00 1.19334158733097e-06 2.85043693703438e-08 
1.17355495727772e+00 1.11782437080438e-06 2.66820343131903e-08 
1.17563388545713e+00 1.04702124446294e-06 2.49745889003895e-08 
1.17771281363654e+00 9.80642397120733e-07 2.33749025533151e-08 
1.17979174181595e+00 9.18415530034347e-07 2.18762794600509e-08 
1.18187066999536e+00 8.60084819260667e-07 2.04724326002425e-08 
1.18394959817477e+00 8.05409938119223e-07 1.91574592856599e-08 
1.18602852635419e+00 7.54165136368706e-07 1.79258181304505e-08 
1.18810745453360e+00 7.06138372892653e-07 1.67723073697881e-08 
1.19018638271301e+00 6.61130498864823e-07 1.56920444500906e-08 
1.19226531089242e+00 6.18954488531024e-07 1.46804468182167e-08 
1.19434423907183e+00 5.79434714901679e-07 1.37332138410651e-08 
1.19642316725124e+00 5.42406267798531e-07 1.28463097907962e-08 
1.19850209543065e+00 5.07714311840132e-07 1.20159478344938e-08 
1.20058102361007e+00 4.75213482084448e-07 1.12385199537717e-08 
1.20265995178948e+00 4.44767162665082e-07 1.05106889882151e-08 
1.20473887996889e+00 4.16247246946045e-07 9.82938469717467e-09 
1.20681780814830e+00 3.89533534847349e-07 9.19168757562803e-09 
1.20889673632771e+00 3.64513209818116e-07 8.59484569820257e-09 
1.21097566450712e+00 3.41080393260120e-07 8.03627806355408e-09 
1.21305459268653e+00 3.19135725300193e-07 7.51356416850164e-09 
1.21513352086595e+00 2.98585970389650e-07 7.02443420501673e-09 
1.21721244904536e+00 2.79343646294401e-07 6.56675984374848e-09 
1.21929137722477e+00 2.61326675120236e-07 6.13854556982413e-09 
1.22137030540418e+00 2.44458055094226e-07 5.73792053860958e-09 
1.22344923358359e+00 2.28665551895433e-07 5.36313092095233e-09 
1.22552816176300e+00 2.13881408396465e-07 5.01253270916709e-09 
1.22760708994241e+00 2.00042071741942e-07 4.68458495666532e-09 
1.22968601812182e+00 1.87087936751014e-07 4.37784342568107e-09 
1.23176494630124e+00 1.74963104688687e-07 4.09095461901050e-09 
1.23384387448065e+00 1.63615156505210e-07 3.82265017306592e-09 
1.23592280266006e+00 1.52994939694259e-07 3.57174159085221e-09 
1.23800173083947e+00 1.43056367969248e-07 3.33711529470683e-09 
1.24008065901888e+00 1.33756233003001e-07 3.11772797980999e-09 
1.24215958719829e+00 1.25054027519414e-07 2.91260225057079e-09 
1.24423851537770e+00 1.16911779066641e-07 2.72082252303327e-09 
1.24631744355712e+00 1.09293893839994e-07 2.54153117742571e-09 
1.24839637173653e+00 1.02167009959251e-07 2.37392494590078e-09 
1.25047529991594e+00 9.54998596394822e-08 2.21725152138614e-09 
1.25255422809535e+00 8.92631397270163e-08 2.07080637428790e-09 
1.25463315627476e+00 8.34293901028373e-08 1.93392976456510e-09 
1.25671208445417e+00 7.79728794846346e-08 1.80600393742529e-09 
1.25879101263358e+00 7.28694981860368e-08 1.68645049158148e-09 
1.26086994081300e+00 6.80966574173055e-08 1.57472790966145e-09 
1.26294886899241e+00 6.36331947360604e-08 1.47032924097364e-09 
1.26502779717182e+00 5.94592852795107e-08 1.37277992741261e-09 
1.26710672535123e+00 5.55563584312732e-08 1.28163576383172e-09 
1.26918565353064e+00 5.19070195962229e-08 1.19648098472452e-09 
1.27126458171005e+00 4.84949767760257e-08 1.11692646954053e-09 
1.27334350988946e+00 4.53049716561031e-08 1.04260805941711e-09 
1.27542243806887e+00 4.23227149318415e-08 9.73184978538635e-10 
1.27750136624829e+00 3.95348256179396e-08 9.08338353739303e-10 
1.27958029442770e+00 3.69287740999378e-08 8.47769826346861e-10 
1.28165922260711e+00 3.44928287012557e-08 7.91200250623677e-10 
1.28373815078652e+00 3.22160055525125e-08 7.38368473499675e-10 
1.28581707896593e+00 3.00880215625806e-08 6.89030190609977e-10 
1.28789600714534e+00 2.80992503027588e-08 6.42956873949777e-10 
1.28997493532475e+00 2.62406806266945e-08 5.99934766741144e-10 
1.29205386350417e+00 2.45038778592731e-08 5.59763941371914e-10 
1.29413279168358e+00 2.28809473976645e-08 5.22257416516778e-10 
1.29621171986299e+00 2.13645005771010e-08 4.87240329785886e-10 
1.29829064804240e+00 1.99476226628047e-08 4.54549162467477e-10 
1.30036957622181e+00 1.86238428377977e-08 4.24031013139343e-10 
1.30244850440122e+00 1.73871060641629e-08 3.95542917119680e-10 
1.30452743258063e+00 1.62317467026942e-08 3.68951208912187e-10 
1.30660636076005e+00 1.51524637828101e-08 3.44130924973492e-10 
1.30868528893946e+00 1.41442978211334e-08 3.20965244293950e-10 
1.31076421711887e+00 1.32026090932817e-08 2.99344964436076e-10 
1.31284314529828e+00 1.23230572691895e-08 2.79168010818949e-10 
1.31492207347769e+00 1.15015823277220e-08 2.60338977172358e-10 
1.31700100165710e+00 1.07343866714491e-08 2.42768695211801e-10 
1.31907992983651e+00 1.00179183672612e-08 2.26373831705113e-10 
1.32115885801592e+00 9.34885544302813e-09 2.11076511213983e-10 
1.32323778619534e+00 8.72409117475640e-09 1.96803962899338e-10 
1.32531671437475e+00 8.14072030269911e-09 1.83488189878877e-10 
1.32739564255416e+00 7.59602611863167e-09 1.71065659718394e-10 
1.32947457073357e+00 7.08746837004129e-09 1.59477014726193e-10 
1.33155349891298e+00 6.61267193030086e-09 1.48666800802268e-10 
1.33363242709239e+00 6.16941618702005e-09 1.38583213671288e-10 
1.33571135527180e+00 5.75562510370198e-09 1.29177861401098e-10 
1.33779028345122e+00 5.36935791259159e-09 1.20405542176688e-10 
1.33986921163063e+00 5.00880039919371e-09 1.12224036363667e-10 
1.34194813981004e+00 4.67225674137408e-09 1.04593911955432e-10 
1.34402706798945e+00 4.35814186824431e-09 9.74783425547545e-11 
1.34610599616886e+00 4.06497430618119e-09 9.08429370934979e-11 
1.34818492434827e+00 3.79136948134950e-09 8.46555805439885e-11 
1.35026385252768e+00 3.53603344999407e-09 7.88862849222841e-11 
1.35234278070710e+00 3.29775702954745e-09 7.35070499274382e-11 
1.35442170888651e+00 3.07541030527227e-09 6.84917326020127e-11 
1.35650063706592e+00 2.86793748872796e-09 6.38159254377095e-11 
1.35857956524533e+00 2.67435210582583e-09 5.94568423862328e-11 
1.36065849342474e+00 2.49373249362138e-09 5.53932122694791e-11 
1.36273742160415e+00 2.32521758629211e-09 5.16051791150521e-11 
1.36481634978356e+00 2.16800297196940e-09 4.80742089730120e-11 
1.36689527796298e+00 2.02133720323805e-09 4.47830027978268e-11 
1.36897420614239e+00 1.88451834519208e-09 4.17154150058123e-11 
1.37105313432180e+00 1.75689074594395e-09 3.88563773430219e-11 
1.37313206250121e+00 1.63784201543101e-09 3.61918277216943e-11 
1.37521099068062e+00 1.52680019925121e-09 3.37086437050644e-11 
1.37728991886003e+00 1.42323113509337e-09 3.13945803406809e-11 
1.37936884703944e+00 1.32663598010928e-09 2.92382120614568e-11 
1.38144777521885e+00 1.23654889830821e-09 2.72288783915473e-11 
1.38352670339827e+00 1.15253489774255e-09 2.53566332109121e-11 
1.38560563157768e+00 1.07418780789853e-09 2.36121973481247e-11 
1.38768455975709e+00 1.00112838831126e-09 2.19869142857107e-11 
1.38976348793650e+00 9.33002559990869e-10 2.04727087760890e-11 
1.39184241611591e+00 8.69479751778867e-10 1.90620481791190e-11 
1.39392134429532e+00 8.10251354252957e-10 1.77479063443626e-11 
1.39600027247473e+00 7.55029274266381e-10 1.65237298725191e-11 
1.39807920065415e+00 7.03544583646711e-10 1.53834066011180e-11 
1.40015812883356e+00 6.55546255990246e-10 1.43212361695127e-11 
1.40223705701297e+00 6.10799985873719e-10 1.33319025275428e-11 
1.40431598519238e+00 5.69087085166408e-10 1.24104482609678e-11 
1.40639491337179e+00 5.30203451464445e-10 1.15522506149568e-11 
1.40847384155120e+00 4.93958603986557e-10 1.07529991045755e-11 
1.41055276973061e+00 4.60174782567951e-10 1.00086746083890e-11 
1.41263169791003e+00 4.28686105667802e-10 9.31552984801193e-12 
1.41471062608944e+00 3.99337783567003e-10 8.67007116272834e-12 
1.41678955426885e+00 3.71985383177531e-10 8.06904149418724e-12 
1.41886848244826e+00 3.46494141114081e-10 7.50940450169321e-12 
1.42094741062767e+00 3.22738321893357e-10 6.98832973376841e-12 
1.42302633880708e+00 3.00600618327629e-10 6.50317878649013e-12 
1.42510526698649e+00 2.79971591367567e-10 6.05149238362692e-12 
1.42718419516590e+00 2.60749146825922e-10 5.63097831782468e-12 
1.42926312334532e+00 2.42838046578842e-10 5.23950019605127e-12 
1.43134205152473e+00 2.26149451996486e-10 4.87506693621076e-12 
1.43342097970414e+00 2.10600497499481e-10 4.53582296530277e-12 
1.43549990788355e+00 1.96113892273552e-10 4.22003907274329e-12 
1.43757883606296e+00 1.82617548301701e-10 3.92610387549607e-12 
1.43965776424237e+00 1.70044232992286e-10 3.65251585449956e-12 
1.44173669242178e+00 1.58331244792754e-10 3.39787592452788e-12 
1.44381562060120e+00 1.47420110283023e-10 3.16088050210578e-12 
1.44589454878061e+00 1.37256301340110e-10 2.94031503841845e-12 
1.44797347696002e+00 1.27788971056965e-10 2.73504798632767e-12 
1.45005240513943e+00 1.18970707183935e-10 2.54402517263557e-12 
1.45213133331884e+00 1.10757301941320e-10 2.36626454863506e-12 
1.45421026149825e+00 1.03107537126347e-10 2.20085129376085e-12 
1.45628918967766e+00 9.59829835079593e-11 2.04693324881423e-12 
1.45836811785708e+00 8.93478135683507e-11 1.90371665678562e-12 
1.46044704603649e+00 8.31686267115588e-11 1.77046219074950e-12 
1.46252597421590e+00 7.74142861167695e-11 1.64648124966146e-12 
1.46460490239531e+00 7.20557664677025e-11 1.53113250415448e-12 
1.46668383057472e+00 6.70660118396537e-11 1.42381867561542e-12 
1.46876275875413e+00 6.24198030727510e-11 1.32398353292994e-12 
1.47084168693354e+00 5.80936340039202e-11 1.23110909231806e-12 
1.47292061511295e+00 5.40655959711485e-11 1.14471300664937e-12 
1.47499954329237e+00 5.03152700420743e-11 1.06434613152996e-12 
1.47707847147178e+00 4.68236264548680e-11 9.89590256297167e-13 
1.47915739965119e+00 4.35729307929843e-11 9.20055988846805e-13 
1.48123632783060e+00 4.05466564467909e-11 8.55380783953879e-13 
1.48331525601001e+00 3.77294029444689e-11 7.95227105436393e-13 
1.48539418418942e+00 3.51068197620491e-11 7.39280713154373e-13 
1.48747311236883e+00 3.26655352481421e-11 6.87249066436941e-13 
1.48955204054825e+00 3.03930903229240e-11 6.38859836091067e-13 
1.49163096872766e+00 2.82778766333957e-11 5.93859517669431e-13 
1.49370989690707e+00 2.63090788679089e-11 5.52012139164218e-13 
1.49578882508648e+00 2.44766209525687e-11 5.13098056750405e-13 
1.49786775326589e+00 2.27711158704500e-11 4.76912832628820e-13 
1.49994668144530e+00 2.11838188616986e-11 4.43257540333884e-13 
1.50202560962471e+00 1.97065698640645e-11 4.11948037803700e-13 
1.50410453780413e+00 1.83317693963152e-11 3.82830187847122e-13 
1.50618346598354e+00 1.70523548852296e-11 3.55759456017988e-13 
1.50826239416295e+00 1.58617474878006e-11 3.30592756250247e-13 
1.51034132234236e+00 1.47538191928288e-11 3.07196940546291e-13 
1.51242025052177e+00 1.37228621427107e-11 2.85448113477951e-13 
1.51449917870118e+00 1.27635600268541e-11 2.65230993614935e-13 
1.51657810688059e+00 1.18709614080038e-11 2.46438318694752e-13 
1.51865703506001e+00 1.10404548519609e-11 2.28970291562560e-13 
1.52073596323942e+00 1.02677457397792e-11 2.12734064109364e-13 
1.52281489141883e+00 9.54883464955582e-12 1.97643256623708e-13 
1.52489381959824e+00 8.87999720243749e-12 1.83617510146308e-13 
1.52697274777765e+00 8.25776527447453e-12 1.70582069579648e-13 
1.52905167595706e+00 7.67890948250571e-12 1.58467395456349e-13 
1.53113060413647e+00 7.14042285837296e-12 1.47208802411747e-13 
1.53320953231588e+00 6.63950563147988e-12 1.36746122538257e-13 
1.53528846049530e+00 6.17355104504437e-12 1.27023391922374e-13 
1.53736738867471e+00 5.74013213637984e-12 1.17988558780242e-13 
1.53944631685412e+00 5.33698941619411e-12 1.09593211714993e-13 
1.54152524503353e+00 4.96201938624144e-12 1.01792326719215e-13 
1.54360417321294e+00 4.61326383872200e-12 9.45440316392860e-14 
1.54568310139235e+00 4.28889988461265e-12 8.78093869054219e-14 
1.54776202957176e+00 3.98723066165127e-12 8.15521814125610e-14 
1.54984095775118e+00 3.70667667600042e-12 7.57387425129823e-14 
1.55191988593059e+00 3.44576773470014e-12 7.03377591522420e-14 
1.55399881411000e+00 3.20313542889885e-12 6.53201172459346e-14 
1.55607774228941e+00 2.97750613053873e-12 6.06587464562527e-14 
1.55815667046882e+00 2.76769446768093e-12 5.63284775846383e-14 
1.56023559864823e+00 2.57259724599705e-12 5.23059098502778e-14 
1.56231452682764e+00 2.39118778613947e-12 4.85692873740180e-14 
1.56439345500706e+00 2.22251064874209e-12 4.50983842337528e-14 
1.56647238318647e+00 2.06567672070713e-12 4.18743975006439e-14 
1.56855131136588e+00 1.91985863820975e-12 3.88798477059290e-14 
1.57063023954529e+00 1.78428652350999e-12 3.60984862257126e-14 
1.57270916772470e+00 1.65824401420819e-12 3.35152091062277e-14 
1.57478809590411e+00 1.54106456502341e-12 3.11159768847715e-14 
1.57686702408352e+00 1.43212800352081e-12 2.88877399920010e-14 
1.57894595226293e+00 1.33085732247027e-12 2.68183693496935e-14 
1.58102488044235e+00 1.23671569269068e-12 2.48965918045610e-14 
1.58310380862176e+00 1.14920368132748e-12 2.31119300633841e-14 
1.58518273680117e+00 1.06785666153113e-12 2.14546468177333e-14 
1.58726166498058e+00 9.92242400455657e-13 1.99156927679765e-14 
1.58934059315999e+00 9.21958813383576e-13 1.84866582762421e-14 
1.59141952133940e+00 8.56631872611401e-13 1.71597283966130e-14 
1.59349844951881e+00 7.95913660501919e-13 1.59276410481651e-14 
1.59557737769823e+00 7.39480556829215e-13 1.47836481126141e-14 
1.59765630587764e+00 6.87031551213980e-13 1.37214792533835e-14 
1.59973523405705e+00 6.38286672072675e-13 1.27353082669243e-14 
1.60181416223646e+00 5.92985524088019e-13 1.18197217901728e-14 
1.60389309041587e+00 5.50885926752638e-13 1.09696902002018e-14 
1.60597201859528e+00 5.11762647045364e-13 1.01805405534445e-14 
1.60805094677469e+00 4.75406219772940e-13 9.44793142242843e-15 
1.61012987495411e+00 4.41621849551129e-13 8.76782949778089e-15 
1.61220880313352e+00 4.10228388810637e-13 8.13648783242515e-15 
1.61428773131293e+00 3.81057386596732e-13 7.55042561340783e-15 
1.61636665949234e+00 3.53952203288954e-13 7.00640935473928e-15 
1.61844558767175e+00 3.28767186700574e-13 6.50143541201907e-15 
1.62052451585116e+00 3.05366905328080e-13 6.03271372650340e-15 
1.62260344403057e+00 2.83625434810508e-13 5.59765271268096e-15 
1.62468237220998e+00 2.63425693928297e-13 5.19384520939047e-15 
1.62676130038940e+00 2.44658826722864e-13 4.81905542007024e-15 
1.62884022856881e+00 2.27223627552477e-13 4.47120677290280e-15 
1.63091915674822e+00 2.11026006118466e-13 4.14837063643317e-15 
1.63299808492763e+00 1.95978489699374e-13 3.84875583072276e-15 
1.63507701310704e+00 1.81999760020327e-13 3.57069887827413e-15 
1.63715594128645e+00 1.69014222361671e-13 3.31265494284632e-15 
1.63923486946586e+00 1.56951604675627e-13 3.07318940789674e-15 
1.64131379764528e+00 1.45746584633149e-13 2.85097004975109e-15 
1.64339272582469e+00 1.35338442666159e-13 2.64475976373496e-15 
1.64547165400410e+00 1.25670739203531e-13 2.45340980441659e-15 
1.64755058218351e+00 1.16691014423281e-13 2.27585350382321e-15 
1.64962951036292e+00 1.08350508959040e-13 2.11110043401846e-15 
1.65170843854233e+00 1.00603904106555e-13 1.95823098277816e-15 
1.65378736672174e+00 9.34090801762985e-14 1.81639131328797e-15 
1.65586629490116e+00 8.67268917317017e-14 1.68478868082138e-15 
1.65794522308057e+00 8.05209585395427e-14 1.56268708124933e-15 
1.66002415125998e+00 7.47574711401166e-14 1.44940320799440e-15 
1.66210307943939e+00 6.94050100202869e-14 1.34430269568108e-15 
1.66418200761880e+00 6.44343774428465e-14 1.24679663025856e-15 
1.66626093579821e+00 5.98184410510966e-14 1.15633830679092e-15 
1.66833986397762e+00 5.55319884285368e-14 1.07242021742915e-15 
1.67041879215703e+00 5.15515918503448e-14 9.94571253307023e-16 
1.67249772033645e+00 4.78554825162098e-14 9.22354105244746e-16 
1.67457664851586e+00 4.44234336033197e-14 8.55362849206656e-16 
1.67665557669527e+00 4.12366515241531e-14 7.93220703446990e-16 
1.67873450487468e+00 3.82776748164163e-14 7.35577945196944e-16 
1.68081343305409e+00 3.55302801322088e-14 6.82109975600843e-16 
1.68289236123350e+00 3.29793948305082e-14 6.32515522404197e-16 
1.68497128941291e+00 3.06110157115113e-14 5.86514970635720e-16 
1.68705021759233e+00 2.84121334634430e-14 5.43848812212924e-16 
1.68912914577174e+00 2.63706624222974e-14 5.04276206040278e-16 
1.69120807395115e+00 2.44753752727684e-14 4.67573640763460e-16 
1.69328700213056e+00 2.27158423444992e-14 4.33533692896145e-16 
1.69536593030997e+00 2.10823751818555e-14 4.01963873549821e-16 
1.69744485848938e+00 1.95659740878469e-14 3.72685557475163e-16 
1.69952378666879e+00 1.81582793636771e-14 3.45539025198625e-16 
1.70160271484821e+00 1.68515332609147e-14 3.20384182556223e-16 
1.70368164302762e+00 1.56385397660928e-14 2.97068798025028e-16 
1.70576057120703e+00 1.45125943534421e-14 2.75445167716155e-16 
1.70783949938644e+00 1.34674703066380e-14 2.55390922130800e-16 
1.70991842756585e+00 1.24973847918955e-14 2.36792513645228e-16 
1.71199735574526e+00 1.15969673306048e-14 2.19544582783220e-16 
1.71407628392467e+00 1.07612305025045e-14 2.03549369839946e-16 
1.71615521210409e+00 9.98554272224459e-15 1.88716168624968e-16 
1.71823414028350e+00 9.26560294321013e-15 1.74960819321492e-16 
1.72031306846291e+00 8.59741715273014e-15 1.62205237672116e-16 
1.72239199664232e+00 7.97727653233402e-15 1.50376977899431e-16 
1.72447092482173e+00 7.40173716558789e-15 1.39408826953937e-16 
1.72654985300114e+00 6.86760118429450e-15 1.29238427852825e-16 
1.72862878118055e+00 6.37189925151415e-15 1.19807930032129e-16 
1.73070770935996e+00 5.91187428700171e-15 1.11063664782534e-16 
1.73278663753938e+00 5.48496634729272e-15 1.02955843976333e-16 
1.73486556571879e+00 5.08879857884493e-15 9.54382804206528e-17 
1.73694449389820e+00 4.72116416838309e-15 8.84681282905195e-17 
1.73902342207761e+00 4.38001421993365e-15 8.20056422055058e-17 
1.74110235025702e+00 4.06344649300108e-15 7.60139536159747e-17 
1.74318127843643e+00 3.76969494095463e-15 7.04588632600142e-17 
1.74526020661584e+00 3.49711999298746e-15 6.53086485404597e-17 
1.74733913479526e+00 3.24419952700221e-15 6.05338847534501e-17 
1.74941806297467e+00 3.00952048448913e-15 5.61072791761785e-17 
1.75149699115408e+00 2.79177108191407e-15 5.20035170923110e-17 
1.75357591933349e+00 2.58973357634309e-15 4.81991188993174e-17 
1.75565484751290e+00 2.40227754601356e-15 4.46723075030645e-17 
1.75773377569231e+00 2.22835364933610e-15 4.14028852617770e-17 
1.75981270387172e+00 2.06698782839028e-15 3.83721197941897e-17 
1.76189163205114e+00 1.91727592537479e-15 3.55626380156895e-17 
1.76397056023055e+00 1.77837868270181e-15 3.29583278117263e-17 
1.76604948840996e+00 1.64951709949726e-15 3.05442468000193e-17 
1.76812841658937e+00 1.52996811919486e-15 2.83065376723221e-17 
1.77020734476878e+00 1.41906062470269e-15 2.62323496429533e-17 
1.77228627294819e+00 1.31617171928523e-15 2.43097655651424e-17 
1.77436520112760e+00 1.22072327285107e-15 2.25277343076742e-17 
1.77644412930701e+00 1.13217871477464e-15 2.08760080135047e-17 
1.77852305748643e+00 1.05004005571695e-15 1.93450838891289e-17 
1.78060198566584e+00 9.73845122152769e-16 1.79261501986535e-17 
1.78268091384525e+00 9.03164988466446e-16 1.66110361599079e-17 
1.78475984202466e+00 8.37601592551727e-16 1.53921654616267e-17 
1.78683877020407e+00 7.76785521848467e-16 1.42625131409005e-17 
1.78891769838348e+00 7.20373957676066e-16 1.32155655788034e-17 
1.79099662656289e+00 6.68048766585015e-16 1.22452833894829e-17 
1.79307555474231e+00 6.19514728248516e-16 1.13460669941390e-17 
1.79515448292172e+00 5.74497890160150e-16 1.05127246862939e-17 
1.79723341110113e+00 5.32744040094977e-16 9.74044300866688e-18 
1.79931233928054e+00 4.94017287933893e-16 9.02475927488294e-18 
1.80139126745995e+00 4.58098749048104e-16 8.36153608123183e-18 
1.80347019563936e+00 4.24785321995281e-16 7.74693766482486e-18 
1.80554912381877e+00 3.93888553794467e-16 7.17740797483126e-18 
1.80762805199819e+00 3.65233586525688e-16 6.64965033306722e-18 
1.80970698017760e+00 3.38658179445276e-16 6.16060856911691e-18 
1.81178590835701e+00 3.14011801221338e-16 5.70744952343079e-18 
1.81386483653642e+00 2.91154787277969e-16 5.28754681952010e-18 
1.81594376471583e+00 2.69957557593695e-16 4.89846581348959e-18 
1.81802269289524e+00 2.50299890631205e-16 4.53794963576216e-18 
1.82010162107465e+00 2.32070249383490e-16 4.20390624598622e-18 
1.82218054925406e+00 2.15165155807665e-16 3.89439642781288e-18 
1.82425947743348e+00 1.99488610183611e-16 3.60762265551723e-18 
1.82633840561289e+00 1.84951552181547e-16 3.34191876934499e-18 
1.82841733379230e+00 1.71471360652041e-16 3.09574040102029e-18 
1.83049626197171e+00 1.58971389365113e-16 2.86765609507772e-18 
1.83257519015112e+00 1.47380536123006e-16 2.65633907560420e-18 
1.83465411833053e+00 1.36632842855113e-16 2.46055961161713e-18 
1.83673304650994e+00 1.26667124474325e-16 2.27917793768413e-18 
1.83881197468936e+00 1.17426624432727e-16 2.11113768952518e-18 
1.84089090286877e+00 1.08858695061909e-16 1.95545981724747e-18 
1.84296983104818e+00 1.00914500920017e-16 1.81123694156371e-18 
1.84504875922759e+00 9.35487434948001e-17 1.67762812084992e-18 
1.84712768740700e+00 8.67194057299286e-17 1.55385399922426e-18 
1.84920661558641e+00 8.03875149515484e-17 1.43919230798536e-18 
1.85128554376582e+00 7.45169228738179e-17 1.33297369475070e-18 
1.85336447194524e+00 6.90741014567681e-17 1.23457785649323e-18 
1.85544340012465e+00 6.40279534776343e-17 1.14342995439760e-18 
1.85752232830406e+00 5.93496367583662e-17 1.05899729005645e-18 
1.85960125648347e+00 5.50124010677557e-17 9.80786224011243e-19 
1.86168018466288e+00 5.09914367869499e-17 9.08339319018001e-19 
1.86375911284229e+00 4.72637344924240e-17 8.41232691696068e-19 
1.86583804102170e+00 4.38079546711279e-17 7.79073557402285e-19 
1.86791696920111e+00 4.06043068388287e-17 7.21497954272506e-19 
1.86999589738053e+00 3.76344373849599e-17 6.68168633392005e-19 
1.87207482555994e+00 3.48813255158288e-17 6.18773103002316e-19 
1.87415375373935e+00 3.23291867131138e-17 5.73021815529717e-19 
1.87623268191876e+00 2.99633831664330e-17 5.30646487034564e-19 
1.87831161009817e+00 2.77703406776232e-17 4.91398539435977e-19 
1.88039053827758e+00 2.57374715704440e-17 4.55047656566832e-19 
1.88246946645699e+00 2.38531031729175e-17 4.21380445763852e-19 
1.88454839463641e+00 2.21064114706089e-17 3.90199197300346e-19 
1.88662732281582e+00 2.04873595580216e-17 3.61320734528215e-19 
1.88870625099523e+00 1.89866405420834e-17 3.34575348114449e-19 
1.89078517917464e+00 1.75956245765774e-17 3.09805808238300e-19 
1.89286410735405e+00 1.63063097294707e-17 2.86866449061459e-19 
1.89494303553346e+00 1.51112764065339e-17 2.65622320197357e-19 
1.89702196371287e+00 1.40036450745481e-17 2.45948400289435e-19 
1.89910089189229e+00 1.29770370458713e-17 2.27728868164174e-19 
1.90117982007170e+00 1.20255381032862e-17 2.10856427354786e-19 
1.90325874825111e+00 1.11436647599719e-17 1.95231680097562e-19 
1.90533767643052e+00 1.03263329642163e-17 1.80762547186810e-19 
1.90741660460993e+00 9.56882907220295e-18 1.67363730337607e-19 
1.90949553278934e+00 8.86678292493616e-18 1.54956213949730e-19 
1.91157446096875e+00 8.21614287718312e-18 1.43466803392586e-19 
1.91365338914817e+00 7.61315263728002e-18 1.32827697140908e-19 
1.91573231732758e+00 7.05432978682603e-18 1.22976090285709e-19 
1.91781124550699e+00 6.53644585873674e-18 1.13853807125516e-19 
1.91989017368640e+00 6.05650786089555e-18 1.05406960710355e-19 
1.92196910186581e+00 5.61174114077851e-18 9.75856373661549e-20 
1.92404803004522e+00 5.19957349397908e-18 9.03436043712372e-20 
1.92612695822463e+00 4.81762042656760e-18 8.36380390899722e-20 
1.92820588640404e+00 4.46367148772333e-18 7.74292779924827e-20 
1.93028481458346e+00 4.13567759511238e-18 7.16805841039896e-20 
1.93236374276287e+00 3.83173928108531e-18 6.63579315337874e-20 
1.93444267094228e+00 3.55009579296542e-18 6.14298058324794e-20 
1.93652159912169e+00 3.28911498552134e-18 5.68670190175445e-20 
1.93860052730110e+00 3.04728394819269e-18 5.26425381920925e-20 
1.94067945548051e+00 2.82320031379035e-18 4.87313267602737e-20 
1.94275838365992e+00 2.61556419924553e-18 4.51101973156768e-20 
1.94483731183934e+00 2.42317073255777e-18 4.17576753466086e-20 
1.94691624001875e+00 2.24490312340859e-18 3.86538729647784e-20 
1.94899516819816e+00 2.07972623798637e-18 3.57803719219722e-20 
1.95107409637757e+00 1.92668064142313e-18 3.31201152331239e-20 
1.95315302455698e+00 1.78487707389412e-18 3.06573067740848e-20 
1.95523195273639e+00 1.65349132888947e-18 2.83773182686448e-20 
1.95731088091580e+00 1.53175950444773e-18 2.62666031222345e-20 
1.95938980909522e+00 1.41897360025774e-18 2.43126165994756e-20 
1.96146873727463e+00 1.31447743549802e-18 2.25037418795916e-20 
1.96354766545404e+00 1.21766286410464e-18 2.08292215578328e-20 
1.96562659363345e+00 1.12796626584784e-18 1.92790941927223e-20 
1.96770552181286e+00 1.04486529316570e-18 1.78441355282690e-20 
1.96978444999227e+00 9.67875855156809e-19 1.65158040474829e-20 
1.97186337817168e+00 8.96549321483371e-19 1.52861905387322e-20 
1.97394230635109e+00 8.30469930187274e-19 1.41479713798422e-20 
1.97602123453051e+00 7.69252384582701e-19 1.30943652664850e-20 
1.97810016270992e+00 7.12539625465610e-19 1.21190931314765e-20 
1.98017909088933e+00 6.60000765879320e-19 1.12163410201927e-20 
1.98225801906874e+00 6.11329176602031e-19 1.03807257045547e-20 
1.98433694724815e+00 5.66240711381509e-19 9.60726283400450e-21 
1.98641587542756e+00 5.24472061739410e-19 8.89133743669529e-21 
1.98849480360697e+00 4.85779231907128e-19 8.22867659784356e-21 
1.99057373178639e+00 4.49936125140911e-19 7.61532415489891e-21 
1.99265265996580e+00 4.16733233300130e-19 7.04761726097304e-21 
1.99473158814521e+00 3.85976422162593e-19 6.52216467888611e-21 
1.99681051632462e+00 3.57485805498039e-19 6.03582667830681e-21 
1.99888944450403e+00 3.31094701428477e-19 5.58569641783828e-21 
2.00096837268344e+00 3.06648665074764e-19 5.16868478884022e-21 
2.00304730086285e+00 2.84004250227692e-19 4.78237734762455e-21 
2.00512622904227e+00 2.63028928656080e-19 4.42488156339321e-21 
2.00720515722168e+00 2.43599912955608e-19 4.09406434389358e-21 
2.00928408540109e+00 2.25603430008213e-19 3.78793833714632e-21 
2.01136301358050e+00 2.08934060653971e-19 3.50466395250484e-21 
2.01344194175991e+00 1.93494127622309e-19 3.24253839664228e-21 
2.01552086993932e+00 1.79193128204249e-19 2.99998552133239e-21 
2.01759979811873e+00 1.65947208403206e-19 2.77554642305511e-21 
2.01967872629815e+00 1.53678675539152e-19 2.56787073887655e-21 
2.02175765447756e+00 1.42315546500995e-19 2.37570858714804e-21 
2.02383658265697e+00 1.31791129046179e-19 2.19790310536190e-21 
2.02591551083638e+00 1.22043633735737e-19 2.03338354101647e-21 
2.02799443901579e+00 1.13015814268650e-19 1.88115885459891e-21 
2.03007336719520e+00 1.04654634142120e-19 1.74031179681066e-21 
2.03215229537461e+00 9.69109577153969e-20 1.60999342495504e-21 
2.03423122355402e+00 8.97392638947971e-20 1.48941802599547e-21 
2.03631015173344e+00 8.30973807874051e-20 1.37785841619089e-21 
2.03838907991285e+00 7.69462397913812e-20 1.27464158943685e-21 
2.04046800809226e+00 7.12496477024446e-20 1.17914468849863e-21 
2.04254693627167e+00 6.59740755196616e-20 1.09079127522952e-21 
2.04462586445108e+00 6.10884627296822e-20 1.00904787763312e-21 
2.04670479263049e+00 5.65640359376064e-20 9.33420793264662e-22 
2.04878372080990e+00 5.23741407952205e-20 8.63453129981549e-22 
2.05086264898932e+00 4.84940862538986e-20 7.98722066456892e-22 
2.05294157716873e+00 4.49010002404440e-20 7.38836316170060e-22 
2.05502050534814e+00 4.15736959199626e-20 6.83433779792336e-22 
2.05709943352755e+00 3.84925477708849e-20 6.32179372001247e-22 
2.05917836170696e+00 3.56393767538329e-20 5.84763009790280e-22 
2.06125728988637e+00 3.29973439084861e-20 5.40897750297418e-22 
2.06333621806578e+00 3.05508517612432e-20 5.00318067062289e-22 
2.06541514624519e+00 2.82854529715640e-20 4.62778254442478e-22 
2.06749407442461e+00 2.61877656866895e-20 4.28050950679746e-22 
2.06957300260402e+00 2.42453951131936e-20 3.95925770810971e-22 
2.07165193078343e+00 2.24468608497553e-20 3.66208041270661e-22 
2.07373085896284e+00 2.07815295588553e-20 3.38717628635758e-22 
2.07580978714225e+00 1.92395525859826e-20 3.13287855522719e-22 
2.07788871532166e+00 1.78118081635666e-20 3.00912051568781e-22 
