Energy(eV)           EEDF(eV^-(3/2))      Anisotropy(eV^-(3/2))
8.14447313388721e-04 6.98318023747579e+01 7.67987246216543e-02 
2.44334194016616e-03 6.75467163941394e+01 8.93564189701021e-02 
4.07223656694360e-03 6.48306600818960e+01 1.07589369217298e-01 
5.70113119372105e-03 6.20088986255732e+01 1.18430891992896e-01 
7.33002582049849e-03 5.92380477468260e+01 1.26433641647560e-01 
8.95892044727593e-03 5.65490522632393e+01 1.32780687131845e-01 
1.05878150740534e-02 5.39871290952535e+01 1.37767096181823e-01 
1.22167097008308e-02 5.15297119167840e+01 1.40973411839281e-01 
1.38456043276083e-02 4.91827523102273e+01 1.43633515067227e-01 
1.54744989543857e-02 4.69556455358249e+01 1.45322386856621e-01 
1.71033935811631e-02 4.48267387778950e+01 1.45741106174843e-01 
1.87322882079406e-02 4.27926488161306e+01 1.45730498594527e-01 
2.03611828347180e-02 4.08556054947772e+01 1.45280348657111e-01 
2.19900774614955e-02 3.90075221718246e+01 1.44287527922370e-01 
2.36189720882729e-02 3.72451906042805e+01 1.43086853137645e-01 
2.52478667150504e-02 3.55682150575469e+01 1.41842231030216e-01 
2.68767613418278e-02 3.39756368779336e+01 1.40590277765661e-01 
2.85056559686052e-02 3.24661224253053e+01 1.39358680624692e-01 
3.01345505953827e-02 3.10381077457115e+01 1.37829263608660e-01 
3.17634452221601e-02 2.96808796344628e+01 1.35746226453267e-01 
3.33923398489376e-02 2.83864269563260e+01 1.33434638668247e-01 
3.50212344757150e-02 2.71532826153516e+01 1.31141138222956e-01 
3.66501291024924e-02 2.59798470944365e+01 1.28879769253860e-01 
3.82790237292699e-02 2.48644359770500e+01 1.26661507862038e-01 
3.99079183560473e-02 2.38053183270681e+01 1.24384082456735e-01 
4.15368129828248e-02 2.27978685289029e+01 1.21913103457482e-01 
4.31657076096022e-02 2.18368826949661e+01 1.19356738476210e-01 
4.47946022363797e-02 2.09209141399800e+01 1.16850015942103e-01 
4.64234968631571e-02 2.00484991812240e+01 1.14398386809107e-01 
4.80523914899345e-02 1.92181726437552e+01 1.12005982257043e-01 
4.96812861167120e-02 1.84284806154235e+01 1.09665128050785e-01 
5.13101807434894e-02 1.76777017150728e+01 1.07354189675599e-01 
5.29390753702669e-02 1.69637878438095e+01 1.05084691592147e-01 
5.45679699970443e-02 1.62854126150623e+01 1.02879568986362e-01 
5.61968646238218e-02 1.56412849457468e+01 1.00738869777307e-01 
5.78257592505992e-02 1.50301540106885e+01 9.86619012196195e-02 
5.94546538773766e-02 1.44508133007727e+01 9.66472451215054e-02 
6.10835485041541e-02 1.39021039393573e+01 9.46927513396565e-02 
6.27124431309315e-02 1.33829173834019e+01 9.27955089196500e-02 
6.43413377577090e-02 1.28921976107562e+01 9.09517935939714e-02 
6.59702323844864e-02 1.24289428718593e+01 8.91569897103218e-02 
6.75991270112638e-02 1.19922070614884e+01 8.74054840470473e-02 
6.92280216380413e-02 1.15811007428926e+01 8.56886051749654e-02 
7.08569162648187e-02 1.11946335274567e+01 8.39423065450796e-02 
7.24858108915962e-02 1.08260906209322e+01 8.21851826358370e-02 
7.41147055183736e-02 1.04748732714235e+01 8.04686982801534e-02 
7.57436001451511e-02 1.01404024377321e+01 7.87914872754673e-02 
7.73724947719285e-02 9.82211953319336e+00 7.71518605121903e-02 
7.90013893987059e-02 9.51948698757059e+00 7.55478012328080e-02 
8.06302840254834e-02 9.23198864591477e+00 7.39769549770931e-02 
8.22591786522608e-02 8.95913001900139e+00 7.24366141731970e-02 
8.38880732790383e-02 8.70043839574874e+00 7.09236973112406e-02 
8.55169679058157e-02 8.45546282381050e+00 6.94347226341909e-02 
8.71458625325932e-02 8.22377396022226e+00 6.79657763067323e-02 
8.87747571593706e-02 8.00496378947440e+00 6.65124750850451e-02 
9.04036517861480e-02 7.79864520159857e+00 6.50699236201046e-02 
9.20325464129255e-02 7.60445141771637e+00 6.36326666984708e-02 
9.36614410397029e-02 7.42203524494996e+00 6.21946369750885e-02 
9.52903356664804e-02 7.25106813660767e+00 6.07490991034240e-02 
9.69192302932578e-02 7.09123902714846e+00 5.92885916440009e-02 
9.85481249200352e-02 6.94225290467763e+00 5.78048687606059e-02 
1.00177019546813e-01 6.80382907680799e+00 5.64339776853928e-02 
1.01805914173590e-01 6.67309282720703e+00 5.53010318639096e-02 
1.03434808800368e-01 6.54818729032375e+00 5.42742143533384e-02 
1.05063703427145e-01 6.42897528846306e+00 5.32506278080030e-02 
1.06692598053922e-01 6.31532342065211e+00 5.22287928940002e-02 
1.08321492680700e-01 6.20710200396842e+00 5.12070889474042e-02 
1.09950387307477e-01 6.10418497601432e+00 5.01837514720592e-02 
1.11579281934255e-01 6.00644975800613e+00 4.91568695212329e-02 
1.13208176561032e-01 5.91377707758469e+00 4.81243831220529e-02 
1.14837071187810e-01 5.82605075011853e+00 4.70840809289681e-02 
1.16465965814587e-01 5.74315741696867e+00 4.60335983238075e-02 
1.18094860441365e-01 5.66498623892530e+00 4.49704162154120e-02 
1.19723755068142e-01 5.59142854282222e+00 4.39565011154518e-02 
1.21352649694919e-01 5.52180148390139e+00 4.31337927459667e-02 
1.22981544321697e-01 5.45486428020716e+00 4.24477262099415e-02 
1.24610438948474e-01 5.39057117286275e+00 4.17579772878894e-02 
1.26239333575252e-01 5.32887682414715e+00 4.10639824721770e-02 
1.27868228202029e-01 5.26973631048646e+00 4.03651281715006e-02 
1.29497122828807e-01 5.21310510521120e+00 3.96607513270962e-02 
1.31126017455584e-01 5.15893905117313e+00 3.89501400722760e-02 
1.32754912082362e-01 5.10719432328568e+00 3.82325344641193e-02 
1.34383806709139e-01 5.05782738102782e+00 3.75071273187137e-02 
1.36012701335916e-01 5.01079491093245e+00 3.67730651840558e-02 
1.37641595962694e-01 4.96605375906787e+00 3.60294494875657e-02 
1.39270490589471e-01 4.92356085351582e+00 3.52753378981547e-02 
1.40899385216249e-01 4.88327311685213e+00 3.45097459458550e-02 
1.42528279843026e-01 4.84514736864725e+00 3.37316489451134e-02 
1.44157174469804e-01 4.80914021802592e+00 3.29399842709919e-02 
1.45786069096581e-01 4.77520794635703e+00 3.21336540406275e-02 
1.47414963723359e-01 4.74330638018962e+00 3.13115282552951e-02 
1.49043858350136e-01 4.71339075460814e+00 3.04724484613481e-02 
1.50672752976913e-01 4.68541556725228e+00 2.97825478473493e-02 
1.52301647603691e-01 4.65864180545748e+00 2.92728466911799e-02 
1.53930542230468e-01 4.63298661194514e+00 2.87715413694829e-02 
1.55559436857246e-01 4.60843440080078e+00 2.82616158295020e-02 
1.57188331484023e-01 4.58496927689414e+00 2.77427357256041e-02 
1.58817226110801e-01 4.56257501722201e+00 2.72145530477516e-02 
1.60446120737578e-01 4.54123504999544e+00 2.66767069611064e-02 
1.62075015364355e-01 4.52093243152864e+00 2.61288247189213e-02 
1.63703909991133e-01 4.50164982099303e+00 2.55705226559099e-02 
1.65332804617910e-01 4.48336945310672e+00 2.50014072694778e-02 
1.66961699244688e-01 4.46607310883830e+00 2.44210763964739e-02 
1.68590593871465e-01 4.44974208421307e+00 2.38291204933827e-02 
1.70219488498243e-01 4.43435715732071e+00 2.33302236049455e-02 
1.71848383125020e-01 4.41960777675705e+00 2.29938157183381e-02 
1.73477277751798e-01 4.40531996194024e+00 2.27147945141516e-02 
1.75106172378575e-01 4.39149024322570e+00 2.24301454715530e-02 
1.76735067005352e-01 4.37811497890696e+00 2.21398037860447e-02 
1.78363961632130e-01 4.36519035465157e+00 2.18437003676989e-02 
1.79992856258907e-01 4.35271238257483e+00 2.15417620005139e-02 
1.81621750885685e-01 4.34067689995917e+00 2.12339115091979e-02 
1.83250645512462e-01 4.32907956762704e+00 2.09200679338829e-02 
1.84879540139240e-01 4.31791586797574e+00 2.06001467133059e-02 
1.86508434766017e-01 4.30718110268303e+00 2.02740598769619e-02 
1.88137329392795e-01 4.29687039009272e+00 1.99417162468119e-02 
1.89766224019572e-01 4.28697866229025e+00 1.96030216491168e-02 
1.91395118646349e-01 4.27750066187841e+00 1.92578791369784e-02 
1.93024013273127e-01 4.26843093846443e+00 1.89061892241998e-02 
1.94652907899904e-01 4.25976384487010e+00 1.85478501311022e-02 
1.96281802526682e-01 4.25149353307726e+00 1.81827580429898e-02 
1.97910697153459e-01 4.24361394992190e+00 1.78108073819068e-02 
1.99539591780237e-01 4.23611883255099e+00 1.74775366101653e-02 
2.01168486407014e-01 4.22892199641900e+00 1.73535931679875e-02 
2.02797381033792e-01 4.22173399518012e+00 1.73977032907714e-02 
2.04426275660569e-01 4.21455548065351e+00 1.74405784397531e-02 
2.06055170287346e-01 4.20738709524317e+00 1.74822272482363e-02 
2.07684064914124e-01 4.20022947200546e+00 1.75226583171769e-02 
2.09312959540901e-01 4.19308323471695e+00 1.75618802135219e-02 
2.10941854167679e-01 4.18594899794272e+00 1.75999014685871e-02 
2.12570748794456e-01 4.17882736710503e+00 1.76367305764721e-02 
2.14199643421234e-01 4.17171893855236e+00 1.76723759925081e-02 
2.15828538048011e-01 4.16462429962871e+00 1.77068461317648e-02 
2.17457432674789e-01 4.15754402874322e+00 1.77401493675687e-02 
2.19086327301566e-01 4.15047869544002e+00 1.77722940300685e-02 
2.20715221928343e-01 4.14342886046836e+00 1.78032884048423e-02 
2.22344116555121e-01 4.13639507585283e+00 1.78331407315294e-02 
2.23973011181898e-01 4.12937788496390e+00 1.78618592025089e-02 
2.25601905808676e-01 4.12237782258847e+00 1.78894519616075e-02 
2.27230800435453e-01 4.11539541500059e+00 1.79159271028422e-02 
2.28859695062231e-01 4.10843118003234e+00 1.79412926691955e-02 
2.30488589689008e-01 4.10148562714463e+00 1.79655566514183e-02 
2.32117484315785e-01 4.09455925749823e+00 1.79887269868767e-02 
2.33746378942563e-01 4.08765256402463e+00 1.80108115584255e-02 
2.35375273569340e-01 4.08076603149707e+00 1.80318181933140e-02 
2.37004168196118e-01 4.07390013660143e+00 1.80517546621262e-02 
2.38633062822895e-01 4.06705534800711e+00 1.80706286777421e-02 
2.40261957449673e-01 4.06023212643787e+00 1.80884478943440e-02 
2.41890852076450e-01 4.05343092474254e+00 1.81052199064389e-02 
2.43519746703228e-01 4.04665218796566e+00 1.81209522479184e-02 
2.45148641330005e-01 4.03989635341792e+00 1.81356523911501e-02 
2.46777535956782e-01 4.03316385074658e+00 1.81493277460753e-02 
2.48406430583560e-01 4.02645510200557e+00 1.81619856593699e-02 
2.50035325210337e-01 4.01977052172553e+00 1.82931719562294e-02 
2.51664219837115e-01 4.01292991244190e+00 1.86532151730891e-02 
2.53293114463892e-01 4.00576187830157e+00 1.91201783234761e-02 
2.54922009090670e-01 3.99825892638147e+00 1.95866963134578e-02 
2.56550903717447e-01 3.99041367580493e+00 2.00525028084592e-02 
2.58179798344225e-01 3.98221886845853e+00 2.05173263247034e-02 
2.59808692971002e-01 3.97366737984263e+00 2.09808904315553e-02 
2.61437587597779e-01 3.96475223003943e+00 2.14429139699790e-02 
2.63066482224557e-01 3.95546659478122e+00 2.19031112871315e-02 
2.64695376851334e-01 3.94580381660085e+00 2.23611924870539e-02 
2.66324271478112e-01 3.93575741604529e+00 2.28168636973950e-02 
2.67953166104889e-01 3.92532110293240e+00 2.32698273520488e-02 
2.69582060731667e-01 3.91448878763028e+00 2.37197824895225e-02 
2.71210955358444e-01 3.90325459233748e+00 2.41664250668288e-02 
2.72839849985222e-01 3.89161286234195e+00 2.46094482886129e-02 
2.74468744611999e-01 3.87955817723547e+00 2.50485429511825e-02 
2.76097639238776e-01 3.86708536206001e+00 2.54833978010660e-02 
2.77726533865554e-01 3.85418949836155e+00 2.59136999076352e-02 
2.79355428492331e-01 3.84086593512640e+00 2.63391350493145e-02 
2.80984323119109e-01 3.82711029957470e+00 2.67593881128114e-02 
2.82613217745886e-01 3.81291850778497e+00 2.71741435047464e-02 
2.84242112372664e-01 3.79828677512367e+00 2.75830855750284e-02 
2.85871006999441e-01 3.78321162645293e+00 2.79858990512353e-02 
2.87499901626219e-01 3.76768990608976e+00 2.83822694832277e-02 
2.89128796252996e-01 3.75171878748975e+00 2.87718836971582e-02 
2.90757690879773e-01 3.73529578262802e+00 2.91544302579773e-02 
2.92386585506551e-01 3.71841875105066e+00 2.95295999395161e-02 
2.94015480133328e-01 3.70108590856940e+00 2.98970862011413e-02 
2.95644374760106e-01 3.68329583557305e+00 3.02565856699519e-02 
2.97273269386883e-01 3.66504748492894e+00 3.06077986274320e-02 
2.98902164013661e-01 3.64634018944864e+00 3.09504294994460e-02 
3.00531058640438e-01 3.62717366889199e+00 3.13298239624388e-02 
3.02159953267216e-01 3.60742341187392e+00 3.17523934078020e-02 
3.03788847893993e-01 3.58706201010258e+00 3.21713858101432e-02 
3.05417742520770e-01 3.56608891905712e+00 3.25768257477860e-02 
3.07046637147548e-01 3.54450432302446e+00 3.29682674381221e-02 
3.08675531774325e-01 3.52230914592831e+00 3.33452785967090e-02 
3.10304426401103e-01 3.49950506072430e+00 3.37074415094528e-02 
3.11933321027880e-01 3.47609449730416e+00 3.40543540840361e-02 
3.13562215654658e-01 3.45208064885604e+00 3.43856308764985e-02 
3.15191110281435e-01 3.42746747663311e+00 3.47009040889219e-02 
3.16820004908212e-01 3.40225971308704e+00 3.49998245342122e-02 
3.18448899534990e-01 3.37646286332853e+00 3.52820625640284e-02 
3.20077794161767e-01 3.35008320488258e+00 3.55473089560373e-02 
3.21706688788545e-01 3.32312778571175e+00 3.57952757567637e-02 
3.23335583415322e-01 3.29560442048693e+00 3.60256970764556e-02 
3.24964478042100e-01 3.26752168509121e+00 3.62383298325433e-02 
3.26593372668877e-01 3.23888890934892e+00 3.64329544384481e-02 
3.28222267295655e-01 3.20971616797828e+00 3.66093754347059e-02 
3.29851161922432e-01 3.18001426977283e+00 3.67674220595770e-02 
3.31480056549209e-01 3.14979474502360e+00 3.69069487565530e-02 
3.33108951175987e-01 3.11906983120037e+00 3.70278356164328e-02 
3.34737845802764e-01 3.08785245691746e+00 3.71299887519008e-02 
3.36366740429542e-01 3.05615622421588e+00 3.72133406028091e-02 
3.37995635056319e-01 3.02399538920039e+00 3.72778501706769e-02 
3.39624529683097e-01 2.99138484107647e+00 3.73235031812042e-02 
3.41253424309874e-01 2.95834007963850e+00 3.73503121739208e-02 
3.42882318936652e-01 2.92487719126652e+00 3.73583165183961e-02 
3.44511213563429e-01 2.89101282349502e+00 3.73475823567507e-02 
3.46140108190206e-01 2.85676415822260e+00 3.73182024725460e-02 
3.47769002816984e-01 2.82214888363694e+00 3.72702960864393e-02 
3.49397897443761e-01 2.78718516493432e+00 3.72065705399998e-02 
3.51026792070539e-01 2.75187848749953e+00 3.71435100217493e-02 
3.52655686697316e-01 2.71616139945363e+00 3.70767507162444e-02 
3.54284581324094e-01 2.68005637621182e+00 3.69884996676650e-02 
3.55913475950871e-01 2.64358644585645e+00 3.68790347436407e-02 
3.57542370577649e-01 2.60677514194197e+00 3.67486675262592e-02 
3.59171265204426e-01 2.56964645509571e+00 3.65977423427672e-02 
3.60800159831203e-01 2.53222478358726e+00 3.64266351975294e-02 
3.62429054457981e-01 2.49453488304244e+00 3.62357526105236e-02 
3.64057949084758e-01 2.45660181548097e+00 3.60255303680646e-02 
3.65686843711536e-01 2.41845089785822e+00 3.57964321918468e-02 
3.67315738338313e-01 2.38010765029232e+00 3.55489483327125e-02 
3.68944632965091e-01 2.34159774415764e+00 3.52835940958588e-02 
3.70573527591868e-01 2.30294695022418e+00 3.50009083044491e-02 
3.72202422218646e-01 2.26418108702061e+00 3.47014517087824e-02 
3.73831316845423e-01 2.22532596959527e+00 3.43858053483418e-02 
3.75460211472200e-01 2.18640735884577e+00 3.40545688741407e-02 
3.77089106098978e-01 2.14745091158274e+00 3.37083588388520e-02 
3.78718000725755e-01 2.10848213148803e+00 3.33478069622176e-02 
3.80346895352533e-01 2.06952632112121e+00 3.29735583791958e-02 
3.81975789979310e-01 2.03060853512109e+00 3.25862698782452e-02 
3.83604684606088e-01 1.99175353474157e+00 3.21866081370105e-02 
3.85233579232865e-01 1.95298574385286e+00 3.17752479625224e-02 
3.86862473859643e-01 1.91432920653036e+00 3.13528705428328e-02 
3.88491368486420e-01 1.87580754634452e+00 3.09201617167646e-02 
3.90120263113197e-01 1.83744392745529e+00 3.04778102681989e-02 
3.91749157739975e-01 1.79926101760511e+00 3.00265062510276e-02 
3.93378052366752e-01 1.76128095309447e+00 2.95669393505736e-02 
3.95006946993530e-01 1.72352530581351e+00 2.90997972869375e-02 
3.96635841620307e-01 1.68601505239329e+00 2.86257642653674e-02 
3.98264736247085e-01 1.64877054552960e+00 2.81455194783609e-02 
3.99893630873862e-01 1.61181148752226e+00 2.76590097578648e-02 
4.01522525500639e-01 1.57516674022902e+00 2.71661600656476e-02 
4.03151420127417e-01 1.53886634782189e+00 2.66687409597406e-02 
4.04780314754194e-01 1.50292624257131e+00 2.61685305905490e-02 
4.06409209380972e-01 1.46736165783035e+00 2.56661122004206e-02 
4.08038104007749e-01 1.43218711650795e+00 2.51620567600391e-02 
4.09666998634527e-01 1.39741642150858e+00 2.46569220926447e-02 
4.11295893261304e-01 1.36306264811250e+00 2.41512520626537e-02 
4.12924787888082e-01 1.32913813826466e+00 2.36455758293750e-02 
4.14553682514859e-01 1.29565449673385e+00 2.31404071662158e-02 
4.16182577141636e-01 1.26262258909813e+00 2.26362438454659e-02 
4.17811471768414e-01 1.23005254150713e+00 2.21335670884656e-02 
4.19440366395191e-01 1.19795374216697e+00 2.16328410806854e-02 
4.21069261021969e-01 1.16633484448893e+00 2.11345125509860e-02 
4.22698155648746e-01 1.13520377183888e+00 2.06390104140838e-02 
4.24327050275524e-01 1.10456772382120e+00 2.01467454750168e-02 
4.25955944902301e-01 1.07443318402716e+00 1.96581101941949e-02 
4.27584839529079e-01 1.04480592917549e+00 1.91734785114215e-02 
4.29213734155856e-01 1.01569103957016e+00 1.86932057270960e-02 
4.30842628782633e-01 9.87092910798769e-01 1.82176284386456e-02 
4.32471523409411e-01 9.59015266593220e-01 1.77470645300936e-02 
4.34100418036188e-01 9.31461172773420e-01 1.72818132125436e-02 
4.35729312662966e-01 9.04433052193963e-01 1.68221551132493e-02 
4.37358207289743e-01 8.77932700613469e-01 1.63683524108526e-02 
4.38987101916521e-01 8.51961303406279e-01 1.59206490142938e-02 
4.40615996543298e-01 8.26519453036572e-01 1.54792707828396e-02 
4.42244891170076e-01 8.01607167215675e-01 1.50444257846314e-02 
4.43873785796853e-01 7.77223907664343e-01 1.46163045911287e-02 
4.45502680423630e-01 7.53368599403068e-01 1.41950806048064e-02 
4.47131575050408e-01 7.30039650495016e-01 1.37809104174663e-02 
4.48760469677185e-01 7.07234972167987e-01 1.33739341965317e-02 
4.50389364303963e-01 6.84951999243796e-01 1.29742760967203e-02 
4.52018258930740e-01 6.63187710805681e-01 1.25820446945250e-02 
4.53647153557518e-01 6.41938651036714e-01 1.21973334429757e-02 
4.55276048184295e-01 6.21200950164751e-01 1.18202211442106e-02 
4.56904942811073e-01 6.00970345452086e-01 1.14507724374488e-02 
4.58533837437850e-01 5.81242202170825e-01 1.10890383000238e-02 
4.60162732064627e-01 5.62011534507797e-01 1.07350565592167e-02 
4.61791626691405e-01 5.43273026345852e-01 1.03888524127117e-02 
4.63420521318182e-01 5.25021051871350e-01 1.00504389555796e-02 
4.65049415944960e-01 5.07249695960733e-01 9.71981771179425e-03 
4.66678310571737e-01 4.89952774302136e-01 9.39697916837578e-03 
4.68307205198515e-01 4.73123853211075e-01 9.08190331035863e-03 
4.69936099825292e-01 4.56756269102339e-01 8.77456015487868e-03 
4.71564994452070e-01 4.40843147583247e-01 8.47491028277832e-03 
4.73193889078847e-01 4.25377422136477e-01 8.18290536623059e-03 
4.74822783705624e-01 4.10351852363630e-01 7.89848869098604e-03 
4.76451678332402e-01 3.95759041763626e-01 7.62159567194872e-03 
4.78080572959179e-01 3.81591455022861e-01 7.35215436088941e-03 
4.79709467585957e-01 3.67841434796860e-01 7.09008594520561e-03 
4.81338362212734e-01 3.54501217965837e-01 6.83530523673514e-03 
4.82967256839512e-01 3.41562951349163e-01 6.58772114972767e-03 
4.84596151466289e-01 3.29018706866300e-01 6.34723716717265e-03 
4.86225046093066e-01 3.16860496134102e-01 6.11375179477296e-03 
4.87853940719844e-01 3.05080284492744e-01 5.88715900194251e-03 
4.89482835346621e-01 2.93670004454699e-01 5.66734864929117e-03 
4.91111729973399e-01 2.82621568573271e-01 5.45420690214172e-03 
4.92740624600176e-01 2.71926881729183e-01 5.24761662970201e-03 
4.94369519226954e-01 2.61577852835536e-01 5.04745778958968e-03 
4.95998413853731e-01 2.51566405963238e-01 4.85360779747742e-03 
4.97627308480509e-01 2.41884490890594e-01 4.66594188169367e-03 
4.99256203107286e-01 2.32524093082279e-01 4.48433791195930e-03 
5.00885097734063e-01 2.23477288593620e-01 4.30876412628301e-03 
5.02513992360841e-01 2.14737110755866e-01 4.13907863876129e-03 
5.04142886987618e-01 2.06295570684392e-01 3.97507182255623e-03 
5.05771781614396e-01 1.98144760629077e-01 3.81661006718698e-03 
5.07400676241173e-01 1.90276860594909e-01 3.66355965457883e-03 
5.09029570867951e-01 1.82684144469459e-01 3.51578699131147e-03 
5.10658465494728e-01 1.75358985670403e-01 3.37315882705075e-03 
5.12287360121506e-01 1.68293862326807e-01 3.23554245943978e-03 
5.13916254748283e-01 1.61481362008384e-01 3.10280592574934e-03 
5.15545149375060e-01 1.54914186017336e-01 2.97481818161089e-03 
5.17174044001838e-01 1.48585153257706e-01 2.85144926717456e-03 
5.18802938628615e-01 1.42487203697455e-01 2.73257046105173e-03 
5.20431833255393e-01 1.36613401438640e-01 2.61805442241605e-03 
5.22060727882170e-01 1.30956937411205e-01 2.50777532164882e-03 
5.23689622508948e-01 1.25511131705989e-01 2.40160895992409e-03 
5.25318517135725e-01 1.20269435562533e-01 2.29943287813634e-03 
5.26947411762502e-01 1.15225433027267e-01 2.20112645557955e-03 
5.28576306389280e-01 1.10372842297543e-01 2.10657099878911e-03 
5.30205201016057e-01 1.05705516766885e-01 2.01564982096084e-03 
5.31834095642835e-01 1.01217445786621e-01 1.92824831236088e-03 
5.33462990269612e-01 9.69027551589002e-02 1.84425400213909e-03 
5.35091884896390e-01 9.27557073758171e-02 1.76355661195599e-03 
5.36720779523167e-01 8.87707016191347e-02 1.68604810182925e-03 
5.38349674149945e-01 8.49422735347743e-02 1.61162270860047e-03 
5.39978568776722e-01 8.12650947959399e-02 1.54017697741706e-03 
5.41607463403500e-01 7.77339724683941e-02 1.47160978661682e-03 
5.43236358030277e-01 7.43438481910500e-02 1.40582236639499e-03 
5.44865252657054e-01 7.10897971846662e-02 1.34271831162486e-03 
5.46494147283832e-01 6.79670271010467e-02 1.28220358919372e-03 
5.48123041910609e-01 6.49708767247479e-02 1.22418654020624e-03 
5.49751936537387e-01 6.20968145388907e-02 1.16857787739699e-03 
5.51380831164164e-01 5.93404371662579e-02 1.11529067808320e-03 
5.53009725790942e-01 5.66974676964445e-02 1.06424037297780e-03 
5.54638620417719e-01 5.41637539094032e-02 1.01534473117172e-03 
5.56267515044496e-01 5.17352664053076e-02 9.68523841582806e-04 
5.57896409671274e-01 4.94080966502339e-02 9.23700091157358e-04 
5.59525304298051e-01 4.71784549467394e-02 8.80798140098613e-04 
5.61154198924829e-01 4.50426683380046e-02 8.39744894384947e-04 
5.62783093551606e-01 4.29971784537859e-02 8.00469475828909e-04 
5.64411988178384e-01 4.10385393060252e-02 7.62903189916751e-04 
5.66040882805161e-01 3.91634150415576e-02 7.26979491656666e-04 
5.67669777431939e-01 3.73685776589666e-02 6.92633949652721e-04 
5.69298672058716e-01 3.56509046962488e-02 6.59804208610351e-04 
5.70927566685493e-01 3.40073768955748e-02 6.28429950468413e-04 
5.72556461312271e-01 3.24350758510631e-02 5.98452854342147e-04 
5.74185355939048e-01 3.09311816451268e-02 5.69816555450882e-04 
5.75814250565826e-01 2.94929704786041e-02 5.42466603194291e-04 
5.77443145192603e-01 2.81178122995461e-02 5.16350418531045e-04 
5.79072039819381e-01 2.68031684352089e-02 4.91417250804129e-04 
5.80700934446158e-01 2.55465892314809e-02 4.67618134147837e-04 
5.82329829072936e-01 2.43457117036715e-02 4.44905843602450e-04 
5.83958723699713e-01 2.31982572022951e-02 4.23234851053973e-04 
5.85587618326490e-01 2.21020290972006e-02 4.02561281107936e-04 
5.87216512953268e-01 2.10549104831287e-02 3.82842866998303e-04 
5.88845407580045e-01 2.00548619095176e-02 3.64038906624823e-04 
5.90474302206823e-01 1.90999191371310e-02 3.46110218804768e-04 
5.92103196833600e-01 1.81881909238479e-02 3.29019099818007e-04 
5.93732091460378e-01 1.73178568417227e-02 3.12729280317671e-04 
5.95360986087155e-01 1.64871651272161e-02 2.97205882672196e-04 
5.96989880713933e-01 1.56944305662885e-02 2.82415378798508e-04 
5.98618775340710e-01 1.49380324158568e-02 2.68325548540341e-04 
6.00247669967487e-01 1.42164123629309e-02 2.54905438640164e-04 
6.01876564594265e-01 1.35280725225749e-02 2.42125322348050e-04 
6.03505459221042e-01 1.28715734756735e-02 2.29956659705938e-04 
6.05134353847820e-01 1.22455323473306e-02 2.18372058541079e-04 
6.06763248474597e-01 1.16486209265824e-02 2.07345236198191e-04 
6.08392143101375e-01 1.10795638279737e-02 1.96850982035717e-04 
6.10021037728152e-01 1.05371366954154e-02 1.86865120707784e-04 
6.11649932354929e-01 1.00201644486271e-02 1.77364476249885e-04 
6.13278826981707e-01 9.52751957235358e-03 1.68326836982960e-04 
6.14907721608484e-01 9.05812044844604e-03 1.59730921247474e-04 
6.16536616235262e-01 8.61092973079894e-03 1.51556343976135e-04 
6.18165510862039e-01 8.18495276304820e-03 1.43783584111289e-04 
6.19794405488817e-01 7.77923603885363e-03 1.36393952870499e-04 
6.21423300115594e-01 7.39286570451378e-03 1.29369562861522e-04 
6.23052194742372e-01 7.02496610359278e-03 1.22693298045824e-04 
6.24681089369149e-01 6.67469836317556e-03 1.16348784547802e-04 
6.26309983995927e-01 6.34125902131108e-03 1.10320362305148e-04 
6.27938878622704e-01 6.02387869515075e-03 1.04593057554123e-04 
6.29567773249481e-01 5.72182078924284e-03 9.91525561421080e-05 
6.31196667876259e-01 5.43438024340142e-03 9.39851776584177e-05 
6.32825562503036e-01 5.16088231953099e-03 8.90778503732030e-05 
6.34454457129814e-01 4.90068142675448e-03 8.44180869731827e-05 
6.36083351756591e-01 4.65315998416352e-03 7.99939610820012e-05 
6.37712246383369e-01 4.41772732048394e-03 7.57940845521626e-05 
6.39341141010146e-01 4.19381860992822e-03 7.18075855147532e-05 
6.40970035636923e-01 3.98089384348739e-03 6.80240871725271e-05 
6.42598930263701e-01 3.77843683490017e-03 6.44336873213728e-05 
6.44227824890478e-01 3.58595426052414e-03 6.10269385847196e-05 
6.45856719517256e-01 3.40297473232425e-03 5.77948293450412e-05 
6.47485614144033e-01 3.22904790318651e-03 5.47287653563121e-05 
6.49114508770811e-01 3.06374360376015e-03 5.18205520210159e-05 
6.50743403397588e-01 2.90665101002834e-03 4.90623773151217e-05 
6.52372298024366e-01 2.75737784080732e-03 4.64467953443187e-05 
6.54001192651143e-01 2.61554958437446e-03 4.39667105147206e-05 
6.55630087277920e-01 2.48080875342905e-03 4.16153623012299e-05 
6.57258981904698e-01 2.35281416759349e-03 3.93863105967680e-05 
6.58887876531475e-01 2.23124026266884e-03 3.72734216256370e-05 
6.60516771158253e-01 2.11577642586546e-03 3.52708544043790e-05 
6.62145665785030e-01 2.00612635623775e-03 3.33730477336260e-05 
6.63774560411808e-01 1.90200744956148e-03 3.15747077045941e-05 
6.65403455038585e-01 1.80315020690231e-03 2.98707957040665e-05 
6.67032349665363e-01 1.70929766613522e-03 2.82565169019200e-05 
6.68661244292140e-01 1.62020485568653e-03 2.67273092054855e-05 
6.70290138918917e-01 1.53563826978253e-03 2.52788326652854e-05 
6.71919033545695e-01 1.45537536450209e-03 2.39069593169615e-05 
6.73547928172472e-01 1.37920407394386e-03 2.26077634444922e-05 
6.75176822799250e-01 1.30692234583313e-03 2.13775122500951e-05 
6.76805717426027e-01 1.23833769590735e-03 2.02126569165202e-05 
6.78434612052805e-01 1.17326678043429e-03 1.91098240477528e-05 
6.80063506679582e-01 1.11153498623163e-03 1.80658074744748e-05 
6.81692401306360e-01 1.05297603757174e-03 1.70775604109587e-05 
6.83321295933137e-01 9.97431619370871e-04 1.61421879504050e-05 
6.84950190559914e-01 9.44751016076919e-04 1.52569398860711e-05 
6.86579085186692e-01 8.94790765685648e-04 1.44192038458796e-05 
6.88207979813469e-01 8.47414328330226e-04 1.36264987285340e-05 
6.89836874440247e-01 8.02491768904460e-04 1.28764684295081e-05 
6.91465769067024e-01 7.59899453195218e-04 1.21668758456193e-05 
6.93094663693802e-01 7.19519757014679e-04 1.14955971472277e-05 
6.94723558320579e-01 6.81240787838028e-04 1.08606163074409e-05 
6.96352452947356e-01 6.44956118467067e-04 1.02600198780352e-05 
6.97981347574134e-01 6.10564532254844e-04 9.69199200213193e-06 
6.99610242200911e-01 5.77969779440892e-04 9.15483819568851e-06 
7.01239136827689e-01 5.47080407696843e-04 8.64699519954770e-06 
7.02868031454466e-01 5.17809569766551e-04 8.16687044497370e-06 
7.04496926081244e-01 4.90074518888272e-04 7.71291656419852e-06 
7.06125820708021e-01 4.63796607908157e-04 7.28373964277660e-06 
7.07754715334799e-01 4.38901094437267e-04 6.87801783630627e-06 
7.09383609961576e-01 4.15316954747418e-04 6.49449778846923e-06 
7.11012504588354e-01 3.92976706046859e-04 6.13199121752446e-06 
7.12641399215131e-01 3.71816236789442e-04 5.78937166397144e-06 
7.14270293841908e-01 3.51774644683258e-04 5.46557139236990e-06 
7.15899188468686e-01 3.32794082076749e-04 5.15957844056755e-06 
7.17528083095463e-01 3.14819608412041e-04 4.87043380984529e-06 
7.19156977722241e-01 2.97799049446612e-04 4.59722878974063e-06 
7.20785872349018e-01 2.81682862955557e-04 4.33910241155246e-06 
7.22414766975796e-01 2.66424010637434e-04 4.09523902476687e-06 
7.24043661602573e-01 2.51977835957207e-04 3.86486599087262e-06 
7.25672556229350e-01 2.38301947669937e-04 3.64725148925679e-06 
7.27301450856128e-01 2.25356108778739e-04 3.44170243008591e-06 
7.28930345482905e-01 2.13102130690104e-04 3.24756246928558e-06 
7.30559240109683e-01 2.01503772338929e-04 3.06421012093292e-06 
7.32188134736460e-01 1.90526644064586e-04 2.89105696257020e-06 
7.33817029363238e-01 1.80138116028040e-04 2.72754592913587e-06 
7.35445923990015e-01 1.70307230968422e-04 2.57314969139023e-06 
7.37074818616793e-01 1.61004621105598e-04 2.42736911488779e-06 
7.38703713243570e-01 1.52202429003106e-04 2.28973179571686e-06 
7.40332607870347e-01 1.43874232213425e-04 2.15979066938943e-06 
7.41961502497125e-01 1.35994971534861e-04 2.03712268942088e-06 
7.43590397123902e-01 1.28540882716385e-04 1.92132757228951e-06 
7.45219291750680e-01 1.21489431453574e-04 1.81202660561104e-06 
7.46848186377457e-01 1.14819251525389e-04 1.70886151650287e-06 
7.48477081004235e-01 1.08510085927824e-04 1.61149339724646e-06 
7.50105975631012e-01 1.02542730866586e-04 1.51960168548577e-06 
7.51734870257790e-01 9.68989824768174e-05 1.43288319632287e-06 
7.53363764884567e-01 9.15615861435318e-05 1.35105120379125e-06 
7.54992659511344e-01 8.65141883018801e-05 1.27383456930126e-06 
7.56621554138122e-01 8.17412906015753e-05 1.20097691476166e-06 
7.58250448764899e-01 7.72282063248552e-05 1.13223583818642e-06 
7.59879343391677e-01 7.29610189521831e-05 1.06738216969655e-06 
7.61508238018454e-01 6.89265427745389e-05 1.00619926592348e-06 
7.63137132645232e-01 6.51122854556115e-05 9.48482340912885e-07 
7.64766027272009e-01 6.15064124514934e-05 8.94037831716418e-07 
7.66394921898787e-01 5.80977131995851e-05 8.42682796944112e-07 
7.68023816525564e-01 5.48755689923720e-05 7.94244346630943e-07 
7.69652711152341e-01 5.18299224555164e-05 7.48559101849107e-07 
7.71281605779119e-01 4.89512485533460e-05 7.05472682571884e-07 
7.72910500405896e-01 4.62305270482969e-05 6.64839222366136e-07 
7.74539395032674e-01 4.36592163442135e-05 6.26520908558421e-07 
7.76168289659451e-01 4.12292286466000e-05 5.90387546584815e-07 
7.77797184286229e-01 3.89329063759894e-05 5.56316147296646e-07 
7.79426078913006e-01 3.67629997735267e-05 5.24190536053639e-07 
7.81054973539783e-01 3.47126456406750e-05 4.93900982492734e-07 
7.82683868166561e-01 3.27753471576459e-05 4.65343849914972e-07 
7.84312762793338e-01 3.09449547277255e-05 4.38421263284424e-07 
7.85941657420116e-01 2.92156477971382e-05 4.13040794882546e-07 
7.87570552046893e-01 2.75819176024406e-05 3.89115166708337e-07 
7.89199446673671e-01 2.60385507996960e-05 3.66561968759594e-07 
7.90828341300448e-01 2.45806139318354e-05 3.45303392373308e-07 
7.92457235927226e-01 2.32034386926671e-05 3.25265977844108e-07 
7.94086130554003e-01 2.19026079479719e-05 3.06380375578518e-07 
7.95715025180781e-01 2.06739424759974e-05 2.88581120079886e-07 
7.97343919807558e-01 1.95134883914654e-05 2.71806416094160e-07 
7.98972814434335e-01 1.84175052189220e-05 2.55997936280331e-07 
8.00601709061113e-01 1.73824545828994e-05 2.41100629801435e-07 
8.02230603687890e-01 1.64049894839240e-05 2.27062541262488e-07 
8.03859498314668e-01 1.54819441308997e-05 2.13834639450820e-07 
8.05488392941445e-01 1.46103243018205e-05 2.01370655361895e-07 
8.07117287568223e-01 1.37872982061275e-05 1.89626929020068e-07 
8.08746182195000e-01 1.30101878233241e-05 1.78562264628731e-07 
8.10375076821777e-01 1.22764606936998e-05 1.68137793608138e-07 
8.12003971448555e-01 1.15837221381962e-05 1.58316845101880e-07 
8.13632866075332e-01 1.09297078855708e-05 1.49064823554511e-07 
8.15261760702110e-01 1.03122770860932e-05 1.40349092983312e-07 
8.16890655328887e-01 9.72940569202502e-06 1.32138867586684e-07 
8.18519549955665e-01 9.17918018611533e-06 1.24405108350151e-07 
8.20148444582442e-01 8.65979164026863e-06 1.17120425328566e-07 
8.21777339209220e-01 8.16953008743013e-06 1.10258985299831e-07 
8.23406233835997e-01 7.70677919057463e-06 1.03796424501311e-07 
8.25035128462774e-01 7.27001119348888e-06 9.77097661752369e-08 
8.26664023089552e-01 6.85778213880220e-06 9.19773426636969e-08 
8.28292917716329e-01 6.46872733944767e-06 8.65787218074426e-08 
8.29921812343107e-01 6.10155709042989e-06 8.14946374156414e-08 
8.31550706969884e-01 5.75505260843445e-06 7.67069235859858e-08 
8.33179601596662e-01 5.42806218744265e-06 7.21984526662011e-08 
8.34808496223439e-01 5.11949755911199e-06 6.79530766590454e-08 
8.36437390850217e-01 4.82833044725182e-06 6.39555718833865e-08 
8.38066285476994e-01 4.55358930626379e-06 6.01915867138785e-08 
8.39695180103771e-01 4.29435623393160e-06 5.66475922312038e-08 
8.41324074730549e-01 4.04976404943331e-06 5.33108356237964e-08 
8.42952969357326e-01 3.81899352791486e-06 5.01692961904501e-08 
8.44581863984104e-01 3.60127078340560e-06 4.72116438012668e-08 
8.46210758610881e-01 3.39586479227714e-06 4.44271996820348e-08 
8.47839653237659e-01 3.20208504984652e-06 4.18058993943626e-08 
8.49468547864436e-01 3.01927935310440e-06 3.93382578907499e-08 
8.51097442491214e-01 2.84683170291028e-06 3.70153365302881e-08 
8.52726337117991e-01 2.68416031933927e-06 3.48287119468382e-08 
8.54355231744768e-01 2.53071576419148e-06 3.27704466673706e-08 
8.55984126371546e-01 2.38597916498397e-06 3.08330613836950e-08 
8.57613020998323e-01 2.24946053503991e-06 2.90095087860362e-08 
8.59241915625101e-01 2.12069718456850e-06 2.72931488718876e-08 
8.60870810251878e-01 1.99925221789460e-06 2.56777256482721e-08 
8.62499704878656e-01 1.88471311224891e-06 2.41573451499936e-08 
8.64128599505433e-01 1.77669037376848e-06 2.27264547006822e-08 
8.65757494132210e-01 1.67481626658470e-06 2.13798233474293e-08 
8.67386388758988e-01 1.57874361109101e-06 2.01125234035877e-08 
8.69015283385765e-01 1.48814464768742e-06 1.89199130378953e-08 
8.70644178012543e-01 1.40270996249292e-06 1.77976198514649e-08 
8.72273072639320e-01 1.32214747170110e-06 1.67415253873932e-08 
8.73901967266098e-01 1.24618146142899e-06 1.57477505207741e-08 
8.75530861892875e-01 1.17455168007521e-06 1.48126416797764e-08 
8.77159756519653e-01 1.10701248036063e-06 1.39327578511598e-08 
8.78788651146430e-01 1.04333200837392e-06 1.31048583261795e-08 
8.80417545773207e-01 9.83291437086207e-07 1.23258911452562e-08 
8.82046440399985e-01 9.26684241933106e-07 1.15929822020947e-08 
8.83675335026762e-01 8.73315516189573e-07 1.09034249701062e-08 
8.85304229653540e-01 8.23001323984083e-07 1.02546708160511e-08 
8.86933124280317e-01 7.75568088912788e-07 9.64431986776376e-09 
8.88562018907095e-01 7.30852016322984e-07 9.07011240466339e-09 
8.90190913533872e-01 6.88698547438022e-07 8.52992074149229e-09 
8.91819808160650e-01 6.48961843593331e-07 8.02174157737282e-09 
8.93448702787427e-01 6.11504298945613e-07 7.54368878382700e-09 
8.95077597414204e-01 5.76196080104884e-07 7.09398660687396e-09 
8.96706492040982e-01 5.42914691222024e-07 6.67096325971087e-09 
8.98335386667759e-01 5.11544563143149e-07 6.27304488379723e-09 
8.99964281294537e-01 4.81976665316651e-07 5.89874985740341e-09 
9.01593175921314e-01 4.54108139209337e-07 5.54668343185770e-09 
9.03222070548092e-01 4.27841952055013e-07 5.21553267683524e-09 
9.04850965174869e-01 4.03086569822190e-07 4.90406171708038e-09 
9.06479859801647e-01 3.79755648347617e-07 4.61110724394246e-09 
9.08108754428424e-01 3.57767741639188e-07 4.33557428604153e-09 
9.09737649055201e-01 3.37046026405606e-07 4.07643222426316e-09 
9.11366543681979e-01 3.17518041921143e-07 3.83271103711601e-09 
9.12995438308756e-01 2.99115444382139e-07 3.60349776327422e-09 
9.14624332935534e-01 2.81773774957558e-07 3.38793316887043e-09 
9.16253227562311e-01 2.65432240779215e-07 3.18520860780906e-09 
9.17882122189089e-01 2.50033508158243e-07 2.99456306403268e-09 
9.19511016815866e-01 2.35523507353156e-07 2.81528036530124e-09 
9.21139911442644e-01 2.21851248251569e-07 2.64668655863593e-09 
9.22768806069421e-01 2.08968646362380e-07 2.48814743813830e-09 
9.24397700696198e-01 1.96830358548123e-07 2.33906621642254e-09 
9.26026595322976e-01 1.85393627958294e-07 2.19888133139699e-09 
9.27655489949753e-01 1.74618137653923e-07 2.06706438060125e-09 
9.29284384576531e-01 1.64465872441536e-07 1.94311817574864e-09 
9.30913279203308e-01 1.54900988461005e-07 1.82657491054291e-09 
9.32542173830086e-01 1.45889690096746e-07 1.71699443523308e-09 
9.34171068456863e-01 1.37400113805327e-07 1.61396263174375e-09 
9.35799963083640e-01 1.29402218474870e-07 1.51708988356977e-09 
9.37428857710418e-01 1.21867681952771e-07 1.42600963495661e-09 
9.39057752337195e-01 1.14769803398214e-07 1.34037703420131e-09 
9.40686646963973e-01 1.08083411134885e-07 1.25986765620431e-09 
9.42315541590750e-01 1.01784775697153e-07 1.18417629968176e-09 
9.43944436217528e-01 9.58515277798646e-08 1.11301585471101e-09 
9.45573330844305e-01 9.02625808179384e-08 1.04611623653024e-09 
9.47202225471083e-01 8.49980579370061e-08 9.83223381747587e-10 
9.48831120097860e-01 8.00392230306758e-08 9.24098303335896e-10 
9.50460014724637e-01 7.53684157334937e-08 8.68516200997796e-10 
9.52088909351415e-01 7.09689900714616e-08 8.16265623682184e-10 
9.53717803978192e-01 6.68252565840474e-08 7.67147681218660e-10 
9.55346698604970e-01 6.29224277230457e-08 7.20975302211310e-10 
9.56975593231747e-01 5.92465663444405e-08 6.77572535497994e-10 
9.58604487858525e-01 5.57845371196278e-08 6.36773892636780e-10 
9.60233382485302e-01 5.25239607019994e-08 5.98423729027781e-10 
9.61862277112080e-01 4.94531704940084e-08 5.62375661416824e-10 
9.63491171738857e-01 4.65611718684486e-08 5.28492019657671e-10 
9.65120066365634e-01 4.38376037058267e-08 4.96643330732383e-10 
9.66748960992412e-01 4.12727021173993e-08 4.66707833145210e-10 
9.68377855619189e-01 3.88572662307168e-08 4.38571019914620e-10 
9.70006750245967e-01 3.65826259213888e-08 4.12125208490924e-10 
9.71635644872744e-01 3.44406113812782e-08 3.87269136023995e-10 
9.73264539499522e-01 3.24235244194617e-08 3.63907578497036e-10 
9.74893434126299e-01 3.05241113980940e-08 3.41950992328518e-10 
9.76522328753077e-01 2.87355377107829e-08 3.21315177125614e-10 
9.78151223379854e-01 2.70513637162602e-08 3.01920958349052e-10 
9.79780118006631e-01 2.54655220450124e-08 2.83693888721422e-10 
9.81409012633409e-01 2.39722962011569e-08 2.66563967278955e-10 
9.83037907260186e-01 2.25663003862027e-08 2.50465375030857e-10 
9.84666801886964e-01 2.12424604754568e-08 2.35336226250683e-10 
9.86295696513741e-01 1.99959960817221e-08 2.21118334481043e-10 
9.87924591140519e-01 1.88224036446085e-08 2.07756992386603e-10 
9.89553485767296e-01 1.77174404872453e-08 1.95200764640774e-10 
9.91182380394073e-01 1.66771097854583e-08 1.83401293079099e-10 
9.92811275020851e-01 1.56976463975699e-08 1.72313113397142e-10 
9.94440169647628e-01 1.47755035058981e-08 1.61893482712890e-10 
9.96069064274406e-01 1.39073400237912e-08 1.52102217353503e-10 
9.97697958901183e-01 1.30900087246358e-08 1.42901540263651e-10 
9.99326853527961e-01 1.23205450517361e-08 1.34258064062858e-10 
1.00095574815474e+00 1.15961584229186e-08 1.26159010418543e-10 
1.00258464278152e+00 1.09142364660265e-08 1.18566900089332e-10 
1.00421353740829e+00 1.02722979789261e-08 1.11430568137572e-10 
1.00584243203507e+00 9.66800620792773e-09 1.04722726959276e-10 
1.00747132666185e+00 9.09916047260540e-09 9.84177176914485e-11 
1.00910022128863e+00 8.56368827399713e-09 9.24914133296148e-11 
1.01072911591540e+00 8.05963785843163e-09 8.69211275858408e-11 
1.01235801054218e+00 7.58517121080997e-09 8.16855291486039e-11 
1.01398690516896e+00 7.13855745266607e-09 7.67645610257553e-11 
1.01561579979574e+00 6.71816662173927e-09 7.21393646705360e-11 
1.01724469442251e+00 6.32246381112212e-09 6.77922086082172e-11 
1.01887358904929e+00 5.95000364730083e-09 6.37064212975436e-11 
1.02050248367607e+00 5.59942508758863e-09 5.98663279767754e-11 
1.02213137830284e+00 5.26944651856839e-09 5.62571912588403e-11 
1.02376027292962e+00 4.95886113821267e-09 5.28651552539515e-11 
1.02538916755640e+00 4.66653260534236e-09 4.96771930110985e-11 
1.02701806218318e+00 4.39139094102081e-09 4.66810570820872e-11 
1.02864695680995e+00 4.13242866736278e-09 4.38652330233652e-11 
1.03027585143673e+00 3.88869717007068e-09 4.12188956617554e-11 
1.03190474606351e+00 3.65930327179465e-09 3.87318679604619e-11 
1.03353364069029e+00 3.44340600415420e-09 3.63945823313558e-11 
1.03516253531706e+00 3.24021356695623e-09 3.41980442486283e-11 
1.03679142994384e+00 3.04898046380340e-09 3.21337980274446e-11 
1.03842032457062e+00 2.86900480390652e-09 3.01938946392768e-11 
1.04004921919740e+00 2.69962576050075e-09 2.83708614431660e-11 
1.04167811382417e+00 2.54022117681631e-09 2.66576737192917e-11 
1.04330700845095e+00 2.39020531107534e-09 2.50477278979366e-11 
1.04493590307773e+00 2.24902671247663e-09 2.35348163832492e-11 
1.04656479770451e+00 2.11616622059256e-09 2.21131038771498e-11 
1.04819369233128e+00 1.99113508103857e-09 2.07771051143223e-11 
1.04982258695806e+00 1.87347317068649e-09 1.95216639244945e-11 
1.05145148158484e+00 1.76274732608057e-09 1.83419335431714e-11 
1.05308037621162e+00 1.65854976908041e-09 1.72333580966446e-11 
1.05470927083839e+00 1.56049662409930e-09 1.61916551914924e-11 
1.05633816546517e+00 1.46822652163124e-09 1.52127995429152e-11 
1.05796706009195e+00 1.38139928306567e-09 1.42930075801379e-11 
1.05959595471873e+00 1.29969468207782e-09 1.34287229707705e-11 
1.06122484934550e+00 1.22281127815419e-09 1.26166030094583e-11 
1.06285374397228e+00 1.15046531806896e-09 1.18535058193946e-11 
1.06448263859906e+00 1.08238970136902e-09 1.11364783183148e-11 
1.06611153322584e+00 1.01833300615273e-09 1.04627449034637e-11 
1.06774042785261e+00 9.58058571642314e-10 9.82969681271958e-12 
1.06936932247939e+00 9.01343634251876e-10 9.23488212160710e-12 
1.07099821710617e+00 8.47978514044056e-10 8.67599633831298e-12 
1.07262711173295e+00 7.97765848647603e-10 8.15087356107220e-12 
1.07425600635972e+00 7.50519871877799e-10 7.65747816440530e-12 
1.07588490098650e+00 7.06065734461114e-10 7.19389698267905e-12 
1.07751379561328e+00 6.64238864415953e-10 6.75833196133493e-12 
1.07914269024006e+00 6.24884364783067e-10 6.34909324789244e-12 
1.08077158486683e+00 5.87856446532779e-10 5.96459269649179e-12 
1.08240047949361e+00 5.53017894602082e-10 5.60333776129971e-12 
1.08402937412039e+00 5.20239565133243e-10 5.26392575556992e-12 
1.08565826874717e+00 4.89399912097377e-10 4.94503845453035e-12 
1.08728716337394e+00 4.60384541591725e-10 4.64543702156684e-12 
1.08891605800072e+00 4.33085792198679e-10 4.36395723839574e-12 
1.09054495262750e+00 4.07402339888065e-10 4.09950502106648e-12 
1.09217384725428e+00 3.83238826032354e-10 3.85105220471623e-12 
1.09380274188105e+00 3.60505507187470e-10 3.61763258101630e-12 
1.09543163650783e+00 3.39117925370109e-10 3.39833817320568e-12 
1.09706053113461e+00 3.18996597636184e-10 3.19231573450771e-12 
1.09868942576138e+00 3.00066723834469e-10 2.99876345657217e-12 
1.10031832038816e+00 2.82257911474916e-10 2.81692787538093e-12 
1.10194721501494e+00 2.65503916712799e-10 2.64610096280464e-12 
1.10357610964172e+00 2.49742400507879e-10 2.48561739270214e-12 
1.10520500426849e+00 2.34914699072524e-10 2.33485197111685e-12 
1.10683389889527e+00 2.20965607774247e-10 2.19321722074756e-12 
1.10846279352205e+00 2.07843177706686e-10 2.06016111045751e-12 
1.11009168814883e+00 1.95498524188803e-10 1.93516492113624e-12 
1.11172058277560e+00 1.83885646495170e-10 1.81774123974794e-12 
1.11334947740238e+00 1.72961258160783e-10 1.70743207388719e-12 
1.11497837202916e+00 1.62684627242138e-10 1.60380707962180e-12 
1.11660726665594e+00 1.53017425952258e-10 1.50646189583373e-12 
1.11823616128271e+00 1.43923589121351e-10 1.41501657867476e-12 
1.11986505590949e+00 1.35369180966707e-10 1.32911413013496e-12 
1.12149395053627e+00 1.27322269685565e-10 1.24841911508101e-12 
1.12312284516305e+00 1.19752809413026e-10 1.17261636145848e-12 
1.12475173978982e+00 1.12632529113814e-10 1.10140973866984e-12 
1.12638063441660e+00 1.05934828001843e-10 1.03452100943803e-12 
1.12800952904338e+00 9.96346771052250e-11 9.71688750746065e-13 
1.12963842367016e+00 9.37085266167106e-11 9.12667339707263e-13 
1.13126731829693e+00 8.81342186905344e-11 8.57226000468388e-13 
1.13289621292371e+00 8.28909053664676e-11 8.05147908481592e-13 
1.13452510755049e+00 7.79589713205086e-11 7.56229348700340e-13 
1.13615400217727e+00 7.33199611592104e-11 7.10278924460822e-13 
1.13778289680404e+00 6.89565109911810e-11 6.67116814004236e-13 
1.13941179143082e+00 6.48522840248703e-11 6.26574071777833e-13 
1.14104068605760e+00 6.09919099564243e-11 5.88491971824076e-13 
1.14266958068438e+00 5.73609279252018e-11 5.52721390728456e-13 
1.14429847531115e+00 5.39457328275600e-11 5.19122227748227e-13 
1.14592736993793e+00 5.07335247917630e-11 4.87562859886788e-13 
1.14755626456471e+00 4.77122616284080e-11 4.57919629812527e-13 
1.14918515919149e+00 4.48706140816236e-11 4.30076364646949e-13 
1.15081405381826e+00 4.21979237165292e-11 4.03923923765364e-13 
1.15244294844504e+00 3.96841632880752e-11 3.79359773864854e-13 
1.15407184307182e+00 3.73198994454551e-11 3.56287589658942e-13 
1.15570073769860e+00 3.50962576348243e-11 3.34616878656847e-13 
1.15732963232537e+00 3.30048890711011e-11 3.14262628577785e-13 
1.15895852695215e+00 3.10379396572010e-11 2.95144976037808e-13 
1.16058742157893e+00 2.91880207361838e-11 2.77188895228517e-13 
1.16221631620570e+00 2.74481815685103e-11 2.60323905383815e-13 
1.16384521083248e+00 2.58118834329255e-11 2.44483795903299e-13 
1.16547410545926e+00 2.42729752554375e-11 2.29606368068786e-13 
1.16710300008604e+00 2.28256706764673e-11 2.15633192354378e-13 
1.16873189471281e+00 2.14645264715202e-11 2.02509380390590e-13 
1.17036078933959e+00 2.01844222456975e-11 1.90183370699497e-13 
1.17198968396637e+00 1.89805413270459e-11 1.78606727370969e-13 
1.17361857859315e+00 1.78483527881435e-11 1.67733950899948e-13 
1.17524747321992e+00 1.67835945294704e-11 1.57522300451654e-13 
1.17687636784670e+00 1.57822573620112e-11 1.47931626865682e-13 
1.17850526247348e+00 1.48405700302160e-11 1.38924215751437e-13 
1.18013415710026e+00 1.39549851199013e-11 1.30464640066262e-13 
1.18176305172703e+00 1.31221657989326e-11 1.22519621604302e-13 
1.18339194635381e+00 1.23389733415950e-11 1.15057900858541e-13 
1.18502084098059e+00 1.16024553904443e-11 1.08050114750791e-13 
1.18664973560737e+00 1.09098349121484e-11 1.01468681754881e-13 
1.18827863023414e+00 1.02584998063878e-11 9.52876939668306e-14 
1.18990752486092e+00 9.64599312928896e-12 8.94828157026917e-14 
1.19153641948770e+00 9.07000389513499e-12 8.40311882300031e-14 
1.19316531411448e+00 8.52835842222734e-12 7.89113402625215e-14 
1.19479420874125e+00 8.01901219078451e-12 7.41031038702221e-14 
1.19642310336803e+00 7.54004218265163e-12 6.95875354775341e-14 
1.19805199799481e+00 7.08963967437586e-12 6.53468416424716e-14 
1.19968089262159e+00 6.66610345687701e-12 6.13625555337947e-14 
1.20130978724836e+00 6.26783241537306e-12 5.76155426653510e-14 
1.20293868187514e+00 5.89331958016003e-12 5.40935820184325e-14 
1.20456757650192e+00 5.54115009532531e-12 5.07866933194667e-14 
1.20619647112870e+00 5.20999320604772e-12 4.76817580495678e-14 
1.20782536575547e+00 4.89859726975768e-12 4.47664568392978e-14 
1.20945426038225e+00 4.60578506256273e-12 4.20292208564204e-14 
1.21108315500903e+00 4.33044936350698e-12 3.94591861459565e-14 
1.21271204963581e+00 4.07154880025917e-12 3.70461507435697e-14 
1.21434094426258e+00 3.82810394079006e-12 3.47805343941361e-14 
1.21596983888936e+00 3.59919361650946e-12 3.26533407175288e-14 
1.21759873351614e+00 3.38395146318848e-12 3.06561216732057e-14 
1.21922762814292e+00 3.18156266679883e-12 2.87809441841702e-14 
1.22085652276969e+00 2.99126090215909e-12 2.70203587893169e-14 
1.22248541739647e+00 2.81232545299138e-12 2.53673702011030e-14 
1.22411431202325e+00 2.64407850266416e-12 2.38154096529379e-14 
1.22574320665003e+00 2.48588258552884e-12 2.23583089276847e-14 
1.22737210127680e+00 2.33713818935323e-12 2.09902759652442e-14 
1.22900099590358e+00 2.19728149991491e-12 1.97058719533743e-14 
1.23062989053036e+00 2.06578227934492e-12 1.84999898117028e-14 
1.23225878515713e+00 1.94214187030832e-12 1.73678339843482e-14 
1.23388767978391e+00 1.82589131857518e-12 1.63049014616889e-14 
1.23551657441069e+00 1.71658960697515e-12 1.53069639566380e-14 
1.23714546903747e+00 1.61382199414223e-12 1.43700511653029e-14 
1.23877436366424e+00 1.51719845184606e-12 1.34904350461638e-14 
1.24040325829102e+00 1.42635219507184e-12 1.26646150558953e-14 
1.24203215291780e+00 1.34093829935649e-12 1.18893042837102e-14 
1.24366104754458e+00 1.26063240021251e-12 1.11614164296270e-14 
1.24528994217135e+00 1.18512946977679e-12 1.04780535753770e-14 
1.24691883679813e+00 1.11414266610894e-12 9.83649469977621e-15 
1.24854773142491e+00 1.04740225083389e-12 9.23418489331073e-15 
1.25017662605169e+00 9.84654571078468e-13 8.66872522942974e-15 
1.25180552067846e+00 9.25661101890628e-13 8.13786325262074e-15 
1.25343441530524e+00 8.70197545555891e-13 7.63948404576394e-15 
1.25506330993202e+00 8.18052984437223e-13 7.17160184153933e-15 
1.25669220455880e+00 7.69029084164402e-13 6.73235214479941e-15 
1.25832109918557e+00 7.22939344186597e-13 6.31998433482851e-15 
1.25994999381235e+00 6.79608392878637e-13 5.93285471829718e-15 
1.26157888843913e+00 6.38871324557711e-13 5.56942000549327e-15 
1.26320778306591e+00 6.00573075923714e-13 5.22823118407641e-15 
1.26483667769268e+00 5.64567839583676e-13 4.90792776616691e-15 
1.26646557231946e+00 5.30718512459233e-13 4.60723238605008e-15 
1.26809446694624e+00 4.98896177006458e-13 4.32494572715675e-15 
1.26972336157302e+00 4.68979613300015e-13 4.05994175827772e-15 
1.27135225619979e+00 4.40854840148997e-13 3.81116326018862e-15 
1.27298115082657e+00 4.14414683520395e-13 3.57761762500440e-15 
1.27461004545335e+00 3.89558370648295e-13 3.35837291165850e-15 
1.27623894008013e+00 3.66191148303048e-13 3.15255414191095e-15 
1.27786783470690e+00 3.44223923785075e-13 2.95933982223767e-15 
1.27949672933368e+00 3.23572927293066e-13 2.77795867784410e-15 
1.28112562396046e+00 3.04159394396409e-13 2.60768658588290e-15 
1.28275451858724e+00 2.85909267416982e-13 2.44784369574130e-15 
1.28438341321401e+00 2.68752914596322e-13 2.29779172500167e-15 
1.28601230784079e+00 2.52624865990868e-13 2.15693142037202e-15 
1.28764120246757e+00 2.37463565100670e-13 2.02470017353493e-15 
1.28927009709435e+00 2.23211135296016e-13 1.90056978247412e-15 
1.29089899172112e+00 2.09813160161905e-13 1.78404434941320e-15 
1.29252788634790e+00 1.97218476932556e-13 1.67465830703997e-15 
1.29415678097468e+00 1.85378982237271e-13 1.57197456519704e-15 
1.29578567560146e+00 1.74249449425209e-13 1.47558277069509e-15 
1.29741457022823e+00 1.63787356780097e-13 1.38509767335215e-15 
1.29904346485501e+00 1.53952725976845e-13 1.30015759178260e-15 
1.30067235948179e+00 1.44707970170512e-13 1.22051936478471e-15 
1.30230125410857e+00 1.36017799003268e-13 1.14585479418588e-15 
1.30393014873534e+00 1.27848983747456e-13 1.07576285926016e-15 
1.30555904336212e+00 1.20170279712031e-13 1.00995564112984e-15 
1.30718793798890e+00 1.12952312528319e-13 9.48171403730038e-16 
1.30881683261567e+00 1.06167466331596e-13 8.90164386739683e-16 
1.31044572724245e+00 9.97897786187364e-14 8.35703831310162e-16 
1.31207462186923e+00 9.37948413839218e-14 7.84573065152347e-16 
1.31370351649601e+00 8.81597081581029e-14 7.36568643369258e-16 
1.31533241112278e+00 8.28628066001746e-14 6.91499541641358e-16 
1.31696130574956e+00 7.78838563087953e-14 6.49186398577779e-16 
1.31859020037634e+00 7.32037915434859e-14 6.09460804240521e-16 
1.32021909500312e+00 6.88046885621881e-14 5.72164632030592e-16 
1.32184798962989e+00 6.46696972998975e-14 5.37149411296053e-16 
1.32347688425667e+00 6.07829771293923e-14 5.04275738182492e-16 
1.32510577888345e+00 5.71296364605011e-14 4.73412722397212e-16 
1.32673467351023e+00 5.36956759488653e-14 4.44437467700080e-16 
1.32836356813700e+00 5.04679350987969e-14 4.17234584067053e-16 
1.32999246276378e+00 4.74340420576663e-14 3.91695729597295e-16 
1.33162135739056e+00 4.45823664113272e-14 3.67719180352196e-16 
1.33325025201734e+00 4.19019748014383e-14 3.45209426424835e-16 
1.33487914664411e+00 3.93825891962176e-14 3.24076792641959e-16 
1.33650804127089e+00 3.70145476562098e-14 3.04237082397784e-16 
1.33813693589767e+00 3.47887674460882e-14 2.85611243210247e-16 
1.33976583052445e+00 3.26967103523991e-14 2.68125052676132e-16 
1.34139472515122e+00 3.07303500755064e-14 2.51708823582060e-16 
1.34302361977800e+00 2.88821415718519e-14 2.36297127003964e-16 
1.34465251440478e+00 2.71449922300366e-14 2.21828532298779e-16 
1.34628140903156e+00 2.55122347711741e-14 2.08245362958798e-16 
1.34791030365833e+00 2.39776017705044e-14 1.95493467361817e-16 
1.34953919828511e+00 2.25352017034000e-14 1.83522003509091e-16 
1.35116809291189e+00 2.11794964246773e-14 1.72283236898410e-16 
1.35279698753867e+00 1.99052799955609e-14 1.61732350731503e-16 
1.35442588216544e+00 1.87076587777580e-14 1.51827267703790e-16 
1.35605477679222e+00 1.75820327189112e-14 1.42528482670277e-16 
1.35768367141900e+00 1.65240777582119e-14 1.33798905524409e-16 
1.35931256604578e+00 1.55297292852156e-14 1.25603713667102e-16 
1.36094146067255e+00 1.45951665888889e-14 1.17910213481117e-16 
1.36257035529933e+00 1.37167982376860e-14 1.10687710261548e-16 
1.36419924992611e+00 1.28912483349808e-14 1.03907386086688e-16 
1.36582814455289e+00 1.21153435975089e-14 9.75421851449596e-17 
1.36745703917966e+00 1.13861012075995e-14 9.15667060630726e-17 
1.36908593380644e+00 1.07007173929149e-14 8.59571008083473e-17 
1.37071482843322e+00 1.00565566901835e-14 8.06909797641196e-17 
1.37234372306000e+00 9.45114185200644e-15 7.57473226016184e-17 
1.37397261768677e+00 8.88214435826867e-15 7.11063945946542e-17 
1.37560151231355e+00 8.34737549597843e-15 6.67496680450104e-17 
1.37723040694033e+00 7.84477797352397e-15 6.26597485066809e-17 
1.37885930156710e+00 7.37241803736752e-15 5.88203055161120e-17 
1.38048819619388e+00 6.92847806110800e-15 5.52160075534531e-17 
1.38211709082066e+00 6.51124957864129e-15 5.18324609765937e-17 
1.38374598544744e+00 6.11912673483646e-15 4.86561526855116e-17 
1.38537488007421e+00 5.75060012873566e-15 4.56743962892374e-17 
1.38700377470099e+00 5.40425102577946e-15 4.28752815616309e-17 
1.38863266932777e+00 5.07874591696428e-15 4.02476269852052e-17 
1.39026156395455e+00 4.77283140415976e-15 3.77809351944754e-17 
1.39189045858132e+00 4.48532939205607e-15 3.54653511418108e-17 
1.39351935320810e+00 4.21513256837903e-15 3.32916228195702e-17 
1.39514824783488e+00 3.96120015510931e-15 3.12510643824330e-17 
1.39677714246166e+00 3.72255391447467e-15 2.93355215233683e-17 
1.39840603708843e+00 3.49827439445475e-15 2.75373389656231e-17 
1.40003493171521e+00 3.28749739945153e-15 2.58493299415052e-17 
1.40166382634199e+00 3.08941067263626e-15 2.42647475366259e-17 
1.40329272096877e+00 2.90325077729140e-15 2.27772577856684e-17 
1.40492161559554e+00 2.72830016522450e-15 2.13809144127023e-17 
1.40655051022232e+00 2.56388442104482e-15 2.00701351155919e-17 
1.40817940484910e+00 2.40936967176409e-15 1.88396793001796e-17 
1.40980829947588e+00 2.26416015181390e-15 1.76846271756786e-17 
1.41143719410265e+00 2.12769591416490e-15 1.66003601281203e-17 
1.41306608872943e+00 1.99945067879096e-15 1.55825422937712e-17 
1.41469498335621e+00 1.87892981024548e-15 1.46271032592077e-17 
1.41632387798299e+00 1.76566841661008e-15 1.37302218192083e-17 
1.41795277260976e+00 1.65922956253927e-15 1.28883107278274e-17 
1.41958166723654e+00 1.55920258956047e-15 1.20980023819603e-17 
1.42121056186332e+00 1.46520153719853e-15 1.13561353804167e-17 
1.42283945649010e+00 1.37686365887877e-15 1.06597419049978e-17 
1.42446835111687e+00 1.29384802692502e-15 1.00060358733391e-17 
1.42609724574365e+00 1.21583422130940e-15 9.39240181635150e-18 
1.42772614037043e+00 1.14252109713072e-15 8.81638443597069e-18 
1.42935503499721e+00 1.07362562609933e-15 8.27567880163304e-18 
1.43098392962398e+00 1.00888180758918e-15 7.76812114643333e-18 
1.43261282425076e+00 9.48039645083814e-16 7.29168022630664e-18 
1.43424171887754e+00 8.90864184093177e-16 6.84444920781435e-18 
1.43587061350432e+00 8.37134607853106e-16 6.42463805221848e-18 
1.43749950813109e+00 7.86643387340544e-16 6.03056636550149e-18 
1.43912840275787e+00 7.39195482345230e-16 5.66065668584311e-18 
1.44075729738465e+00 6.94607590534006e-16 5.31342818180645e-18 
1.44238619201142e+00 6.52707441627562e-16 4.98749073611952e-18 
1.44401508663820e+00 6.13333133982097e-16 4.68153939147335e-18 
1.44564398126498e+00 5.76332511030705e-16 4.39434913619848e-18 
1.44727287589176e+00 5.41562575191894e-16 4.12477000903449e-18 
1.44890177051853e+00 5.08888936996136e-16 3.87172250347731e-18 
1.45053066514531e+00 4.78185297316195e-16 3.63419325338240e-18 
1.45215955977209e+00 4.49332960713789e-16 3.41123098262090e-18 
1.45378845439887e+00 4.22220378034343e-16 3.20194270263787e-18 
1.45541734902564e+00 3.96742716493634e-16 3.00549014274893e-18 
1.45704624365242e+00 3.72801455605491e-16 2.82108639893819e-18 
1.45867513827920e+00 3.50304007398732e-16 2.64799278779114e-18 
1.46030403290598e+00 3.29163359464624e-16 2.48551589301292e-18 
1.46193292753275e+00 3.09297739463662e-16 2.33300479274987e-18 
1.46356182215953e+00 2.90630299802753e-16 2.18984845665271e-18 
1.46519071678631e+00 2.73088821271209e-16 2.05547330229556e-18 
1.46681961141309e+00 2.56605434496687e-16 1.92934090120061e-18 
1.46844850603986e+00 2.41116358150526e-16 1.81094582531418e-18 
1.47007740066664e+00 2.26561652896226e-16 1.69981362533962e-18 
1.47170629529342e+00 2.12884990135161e-16 1.59549893285833e-18 
1.47333518992020e+00 2.00033434660447e-16 1.49758367866333e-18 
1.47496408454697e+00 1.87957240383206e-16 1.40567542019360e-18 
1.47659297917375e+00 1.76609658345683e-16 1.31940577139168e-18 
1.47822187380053e+00 1.65946756282812e-16 1.23842892871619e-18 
1.47985076842731e+00 1.55927249038157e-16 1.16242028742374e-18 
1.48147966305408e+00 1.46512339181847e-16 1.09107514259519e-18 
1.48310855768086e+00 1.37665567217288e-16 1.02410746971874e-18 
1.48473745230764e+00 1.29352670800258e-16 9.61248779960120e-19 
1.48636634693442e+00 1.21541452428606e-16 9.02247045547746e-19 
1.48799524156119e+00 1.14201655093335e-16 8.46865690980605e-19 
1.48962413618797e+00 1.07304845412396e-16 7.94882646029138e-19 
1.49125303081475e+00 1.00824303797313e-16 7.46089456746029e-19 
1.49288192544153e+00 9.47349212297619e-17 7.00290450935224e-19 
1.49451082006830e+00 8.90131022506251e-17 6.57301954744894e-19 
1.49613971469508e+00 8.36366737879459e-17 6.16951557254025e-19 
1.49776860932186e+00 7.85847994726300e-17 5.79077420113914e-19 
1.49939750394864e+00 7.38378991118527e-17 5.43538370037001e-19 
1.50102639857541e+00 6.93775770015249e-17 5.10257142363725e-19 
1.50265529320219e+00 6.51865670453414e-17 4.79076175646322e-19 
1.50428418782897e+00 6.12486160919168e-17 4.49800007702134e-19 
1.50591308245575e+00 5.75484513810045e-17 4.22312317554181e-19 
1.50754197708252e+00 5.40717214378779e-17 3.96503885005036e-19 
1.50917087170930e+00 5.08049405290430e-17 3.72272157343580e-19 
1.51079976633608e+00 4.77354364648259e-17 3.49520842480336e-19 
1.51242866096285e+00 4.48513015472869e-17 3.28159526900100e-19 
1.51405755558963e+00 4.21413464740426e-17 3.08103316918792e-19 
1.51568645021641e+00 3.95950570199755e-17 2.89272501823640e-19 
1.51731534484319e+00 3.72025533295281e-17 2.71592237562419e-19 
1.51894423946996e+00 3.49545516623452e-17 2.54992249728774e-19 
1.52057313409674e+00 3.28423284444954e-17 2.39406554667021e-19 
1.52220202872352e+00 3.08576864863950e-17 2.24773197591514e-19 
1.52383092335030e+00 2.89929232369207e-17 2.11034006683050e-19 
1.52545981797707e+00 2.72408009510500e-17 1.98134362187979e-19 
1.52708871260385e+00 2.55945186557578e-17 1.86022979605100e-19 
1.52871760723063e+00 2.40476858058336e-17 1.74651706101191e-19 
1.53034650185741e+00 2.25942975278082e-17 1.63975329348391e-19 
1.53197539648418e+00 2.12287113563073e-17 1.53951398025818e-19 
1.53360429111096e+00 1.99456253729142e-17 1.44540053274024e-19 
1.53523318573774e+00 1.87400576630326e-17 1.35703870434231e-19 
1.53686208036452e+00 1.76073270113350e-17 1.27407710445019e-19 
1.53849097499129e+00 1.65430347611607e-17 1.19618580307420e-19 
1.54011986961807e+00 1.55430477677237e-17 1.12305502065221e-19 
1.54174876424485e+00 1.46034823792148e-17 1.05439389781081e-19 
1.54337765887163e+00 1.37206893838523e-17 9.89929340206786e-20 
1.54500655349840e+00 1.28912398646655e-17 9.29404933868809e-20 
1.54663544812518e+00 1.21119119073032e-17 8.72579926738416e-20 
1.54826434275196e+00 1.13796781094539e-17 8.19228272371603e-20 
1.54989323737874e+00 1.06916938435609e-17 7.69137732008729e-20 
1.55152213200551e+00 1.00452862274273e-17 7.22109031451574e-20 
1.55315102663229e+00 9.43794376003959e-18 6.77955069403675e-20 
1.55477992125907e+00 8.86730658251104e-18 6.36500174133932e-20 
1.55640881588585e+00 8.33115732645993e-18 5.97579405514962e-20 
1.55803771051262e+00 7.82741251440976e-18 5.61037899667572e-20 
1.55966660513940e+00 7.35411447893124e-18 5.26730253611568e-20 
1.56129549976618e+00 6.90942376925144e-18 4.94519947481624e-20 
1.56292439439296e+00 6.49161201594010e-18 4.64278802015921e-20 
1.56455328901973e+00 6.09905522605352e-18 4.35886469165060e-20 
1.56618218364651e+00 5.73022748278166e-18 4.09229953800023e-20 
1.56781107827329e+00 5.38369502520718e-18 3.84203164621307e-20 
1.56943997290007e+00 5.05811068525594e-18 3.60706492487074e-20 
1.57106886752684e+00 4.75220866029921e-18 3.38646414486938e-20 
1.57269776215362e+00 4.46479960116641e-18 3.17935122190034e-20 
1.57432665678040e+00 4.19476599654694e-18 2.98490172591925e-20 
1.57595555140718e+00 3.94105783590621e-18 2.80234160374913e-20 
1.57758444603395e+00 3.70268853411850e-18 2.63094410180811e-20 
1.57921334066073e+00 3.47873110203166e-18 2.47002687674651e-20 
1.58084223528751e+00 3.26831454813023e-18 2.31894928252321e-20 
1.58247112991429e+00 3.07062049735781e-18 2.17710982315091e-20 
1.58410002454106e+00 2.88488001399978e-18 2.04394376099719e-20 
1.58572891916784e+00 2.71037061631710e-18 1.91892087114559e-20 
1.58735781379462e+00 2.54641347136421e-18 1.80154333289995e-20 
1.58898670842139e+00 2.39237075912126e-18 1.69134375005985e-20 
1.59061560304817e+00 2.24764319572642e-18 1.58788329210536e-20 
1.59224449767495e+00 2.11166770620966e-18 1.49074994890969e-20 
1.59387339230173e+00 1.98391523770863e-18 1.39955689204821e-20 
1.59550228692850e+00 1.86388870469047e-18 1.31394093619587e-20 
1.59713118155528e+00 1.75112105821526e-18 1.23356109450182e-20 
1.59876007618206e+00 1.64517347175635e-18 1.15809722220324e-20 
1.60038897080884e+00 1.54563363654491e-18 1.08724874309065e-20 
1.60201786543561e+00 1.45211415982955e-18 1.02073345376550e-20 
1.60364676006239e+00 1.36425105984089e-18 9.58286400940081e-21 
1.60527565468917e+00 1.28170235162525e-18 8.99658827319363e-21 
1.60690454931595e+00 1.20414671826387e-18 8.44617181876905e-21 
1.60853344394272e+00 1.13128226232444e-18 7.92942190592369e-21 
1.61016233856950e+00 1.06282533270305e-18 7.44427983958442e-21 
1.61179123319628e+00 9.98509422306287e-19 6.98881277790241e-21 
1.61342012782306e+00 9.38084132297942e-19 6.56120604081953e-21 
1.61504902244983e+00 8.81314198892716e-19 6.15975588854193e-21 
1.61667791707661e+00 8.27978578921535e-19 5.78286274122163e-21 
1.61830681170339e+00 7.77869590620992e-19 5.42902481289923e-21 
1.61993570633017e+00 7.30792106313394e-19 5.09683213440571e-21 
1.62156460095694e+00 6.86562793845034e-19 4.78496094146636e-21 
1.62319349558372e+00 6.45009403839284e-19 4.49216840570038e-21 
1.62482239021050e+00 6.05970099998734e-19 4.21728768757178e-21 
1.62645128483728e+00 5.69292829857438e-19 3.95922329162567e-21 
1.62808017946405e+00 5.34834733541220e-19 3.83290522470130e-21 
