Energy(eV)           EEDF(eV^-(3/2))      Anisotropy(eV^-(3/2))
8.06789154265112e-03 8.67643265898707e-02 1.48914235600525e-06 
2.42036746279533e-02 8.67639179973428e-02 3.25354942765237e-06 
4.03394577132556e-02 8.67633591683848e-02 5.92330663173515e-06 
5.64752407985578e-02 8.67626983099096e-02 8.59716093443483e-06 
7.26110238838600e-02 8.67620566249347e-02 1.10326151384960e-05 
8.87468069691623e-02 8.67614851694710e-02 1.31971312354551e-05 
1.04882590054465e-01 8.67610258144456e-02 1.52128610683302e-05 
1.21018373139767e-01 8.67606498476201e-02 1.71177784922173e-05 
1.37154156225069e-01 8.67603379543814e-02 1.88683611544612e-05 
1.53289939310371e-01 8.67600867953637e-02 2.04787639649667e-05 
1.69425722395673e-01 8.67598865527068e-02 2.19778737347954e-05 
1.85561505480976e-01 8.67597229003927e-02 2.33626214858002e-05 
2.01697288566278e-01 8.67595862369990e-02 2.46678673562211e-05 
2.17833071651580e-01 8.67594606343392e-02 2.58835109928225e-05 
2.33968854736882e-01 8.67593344129882e-02 2.69656916828251e-05 
2.50104637822185e-01 8.67592085732171e-02 2.79924015323217e-05 
2.66240420907487e-01 8.67590667542598e-02 2.89705978955194e-05 
2.82376203992789e-01 8.67588912593592e-02 2.98589831365113e-05 
2.98511987078091e-01 8.67586808316506e-02 3.06798155715584e-05 
3.14647770163394e-01 8.67584302517814e-02 3.14489087839783e-05 
3.30783553248696e-01 8.67581321730479e-02 3.21598891635740e-05 
3.46919336333998e-01 8.67577853174002e-02 3.28183259575082e-05 
3.63055119419300e-01 8.67573863482523e-02 3.34413075706060e-05 
3.79190902504602e-01 8.67569290708670e-02 3.40269005386729e-05 
3.95326685589905e-01 8.67564122981165e-02 3.45703752777551e-05 
4.11462468675207e-01 8.67558355896708e-02 3.50702375020418e-05 
4.27598251760509e-01 8.67552004189128e-02 3.55331043829439e-05 
4.43734034845811e-01 8.67545060056085e-02 3.59678921732517e-05 
4.59869817931114e-01 8.67537516112093e-02 3.63787037125453e-05 
4.76005601016416e-01 8.67529365195935e-02 3.67694240760195e-05 
4.92141384101718e-01 8.67520600193671e-02 3.71436611532656e-05 
5.08277167187020e-01 8.67511214097781e-02 3.75001343749899e-05 
5.24412950272322e-01 8.67501216592792e-02 3.78423859273668e-05 
5.40548733357625e-01 8.67490600475683e-02 3.81774219823122e-05 
5.56684516442927e-01 8.67479358031727e-02 3.85081243885016e-05 
5.72820299528229e-01 8.67467480930097e-02 3.88371787793019e-05 
5.88956082613531e-01 8.67454960130728e-02 3.91670829801683e-05 
6.05091865698834e-01 8.67441785801707e-02 3.95001555236857e-05 
6.21227648784136e-01 8.67427947246453e-02 3.98385441872204e-05 
6.37363431869438e-01 8.67413432839973e-02 4.01842344948658e-05 
6.53499214954740e-01 8.67398229973512e-02 4.05390581314410e-05 
6.69634998040043e-01 8.67382325006935e-02 4.09047012209736e-05 
6.85770781125345e-01 8.67365703228197e-02 4.12827124354763e-05 
7.01906564210647e-01 8.67348348819304e-02 4.16731832839807e-05 
7.18042347295949e-01 8.67330249371538e-02 4.20765945156558e-05 
7.34178130381252e-01 8.67311389832539e-02 4.24953311689324e-05 
7.50313913466554e-01 8.67291751240330e-02 4.29312218306410e-05 
7.66449696551856e-01 8.67271313459559e-02 4.33852419128551e-05 
7.82585479637158e-01 8.67250055172322e-02 4.38582731594815e-05 
7.98721262722460e-01 8.67227953872395e-02 4.43511099986878e-05 
8.14857045807763e-01 8.67204985862514e-02 4.48644656099625e-05 
8.30992828893065e-01 8.67181126254313e-02 4.53989777030547e-05 
8.47128611978367e-01 8.67156348970603e-02 4.59552140101313e-05 
8.63264395063669e-01 8.67130626749681e-02 4.65336774928401e-05 
8.79400178148972e-01 8.67103931151384e-02 4.71348112693777e-05 
8.95535961234274e-01 8.67076232564641e-02 4.77590032680528e-05 
9.11671744319576e-01 8.67047500216278e-02 4.84065906107055e-05 
9.27807527404878e-01 8.67017702180874e-02 4.90778637370445e-05 
9.43943310490181e-01 8.66986805391464e-02 4.97730702771711e-05 
9.60079093575483e-01 8.66954775650938e-02 5.04924186767052e-05 
9.76214876660785e-01 8.66921577643962e-02 5.12360815894453e-05 
9.92350659746087e-01 8.66887174949293e-02 5.20026419268497e-05 
1.00848644283139e+00 8.66851535724878e-02 5.27329444110081e-05 
1.02462222591669e+00 8.66814839253775e-02 5.34291104798695e-05 
1.04075800900199e+00 8.66777055572779e-02 5.41462210827327e-05 
1.05689379208730e+00 8.66738153984434e-02 5.48843157099749e-05 
1.07302957517260e+00 8.66698103069854e-02 5.56434141690169e-05 
1.08916535825790e+00 8.66656870701139e-02 5.64235186090222e-05 
1.10530114134320e+00 8.66614424053380e-02 5.72246153866718e-05 
1.12143692442851e+00 8.66570729616235e-02 5.80466767838672e-05 
1.13757270751381e+00 8.66525753205071e-02 5.88896625855353e-05 
1.15370849059911e+00 8.66479459971659e-02 5.97535215249584e-05 
1.16984427368441e+00 8.66431814414431e-02 6.06381926067947e-05 
1.18598005676971e+00 8.66382780388303e-02 6.15436063155422e-05 
1.20211583985502e+00 8.66332321114057e-02 6.24970249127762e-05 
1.21825162294032e+00 8.66280291657105e-02 6.35143209691666e-05 
1.23438740602562e+00 8.66226585345280e-02 6.45695749011482e-05 
1.25052318911092e+00 8.66171156266884e-02 6.56475034057214e-05 
1.26665897219623e+00 8.66113957733248e-02 6.67480000830562e-05 
1.28279475528153e+00 8.66054942287159e-02 6.78709559196100e-05 
1.29893053836683e+00 8.65994061709877e-02 6.89959825542274e-05 
1.31506632145213e+00 8.65931350952756e-02 7.00964196838033e-05 
1.33120210453743e+00 8.65866875491407e-02 7.11914871631084e-05 
1.34733788762274e+00 8.65800592845946e-02 7.23063284953324e-05 
1.36347367070804e+00 8.65732459977895e-02 7.34408328036717e-05 
1.37960945379334e+00 8.65662433295270e-02 7.45948891658085e-05 
1.39574523687864e+00 8.65590468657456e-02 7.57683868145003e-05 
1.41188101996395e+00 8.65516521379908e-02 7.69612153146561e-05 
1.42801680304925e+00 8.65440546238670e-02 7.81732647192503e-05 
1.44415258613455e+00 8.65362497474726e-02 7.94044257051029e-05 
1.46028836921985e+00 8.65282328798199e-02 8.06545896903594e-05 
1.47642415230515e+00 8.65199993392393e-02 8.19236489347979e-05 
1.49255993539046e+00 8.65115443917707e-02 8.32073367023521e-05 
1.50869571847576e+00 8.65028651378856e-02 8.44019018555143e-05 
1.52483150156106e+00 8.64940041862971e-02 8.55117534005041e-05 
1.54096728464636e+00 8.64849583027372e-02 8.66356436905516e-05 
1.55710306773167e+00 8.64757242294980e-02 8.77734774804106e-05 
1.57323885081697e+00 8.64662986855850e-02 8.89251609628893e-05 
1.58937463390227e+00 8.64566783668621e-02 9.00906017857070e-05 
1.60551041698757e+00 8.64468599461893e-02 9.12697090607148e-05 
1.62164620007287e+00 8.64368400735538e-02 9.24623933637149e-05 
1.63778198315818e+00 8.64266153761967e-02 9.36685667277425e-05 
1.65391776624348e+00 8.64161824587340e-02 9.48881426302020e-05 
1.67005354932878e+00 8.64055379032742e-02 9.61210359753407e-05 
1.68618933241408e+00 8.63946782695315e-02 9.73671630701963e-05 
1.70232511549939e+00 8.63836000949381e-02 9.86264415972141e-05 
1.71846089858469e+00 8.63722998947524e-02 9.98987905841200e-05 
1.73459668166999e+00 8.63607741621665e-02 1.01184130369312e-04 
1.75073246475529e+00 8.63490193684127e-02 1.02482382565206e-04 
1.76686824784059e+00 8.63370319628684e-02 1.03793470018612e-04 
1.78300403092590e+00 8.63248083731617e-02 1.05117316770186e-04 
1.79913981401120e+00 8.63123450052763e-02 1.06453848012349e-04 
1.81527559709650e+00 8.62996382436574e-02 1.07802990045444e-04 
1.83141138018180e+00 8.62866844513182e-02 1.09164670232926e-04 
1.84754716326711e+00 8.62734799699472e-02 1.10538816956308e-04 
1.86368294635241e+00 8.62600211200173e-02 1.11925359570278e-04 
1.87981872943771e+00 8.62463042008962e-02 1.13324228356212e-04 
1.89595451252301e+00 8.62323254909586e-02 1.14777292344886e-04 
1.91209029560831e+00 8.62180595567274e-02 1.16411819453220e-04 
1.92822607869362e+00 8.62034356806377e-02 1.18186347243140e-04 
1.94436186177892e+00 8.61884474492109e-02 1.19978323411108e-04 
1.96049764486422e+00 8.61730883968424e-02 1.21787665763698e-04 
1.97663342794952e+00 8.61573520061789e-02 1.23614292192366e-04 
1.99276921103483e+00 8.61412317085033e-02 1.25458120618487e-04 
2.00890499412013e+00 8.61247208841256e-02 1.27319068939608e-04 
2.02504077720543e+00 8.61078128627811e-02 1.29197054975183e-04 
2.04117656029073e+00 8.60905009240367e-02 1.31091996414244e-04 
2.05731234337603e+00 8.60727782977034e-02 1.33003810763212e-04 
2.07344812646134e+00 8.60546381642582e-02 1.34932415294517e-04 
2.08958390954664e+00 8.60360736552733e-02 1.36877726996795e-04 
2.10571969263194e+00 8.60170778538536e-02 1.38680494354190e-04 
2.12185547571724e+00 8.59977349616255e-02 1.40314497162827e-04 
2.13799125880255e+00 8.59780561850176e-02 1.41933305714883e-04 
2.15412704188785e+00 8.59580373938510e-02 1.43563240411590e-04 
2.17026282497315e+00 8.59376744401816e-02 1.45204238580894e-04 
2.18639860805845e+00 8.59169631584795e-02 1.46856237679334e-04 
2.20253439114375e+00 8.58958993658116e-02 1.48604262943641e-04 
2.21867017422906e+00 8.58744286434500e-02 1.50492567593844e-04 
2.23480595731436e+00 8.58525189563968e-02 1.52438408882994e-04 
2.25094174039966e+00 8.58301641181435e-02 1.54398456514708e-04 
2.26707752348496e+00 8.58073579083549e-02 1.56372632023287e-04 
2.28321330657027e+00 8.57840940732747e-02 1.58360856425505e-04 
2.29934908965557e+00 8.57603663261390e-02 1.60363050185518e-04 
2.31548487274087e+00 8.57361683475979e-02 1.62379133179367e-04 
2.33162065582617e+00 8.57114937861452e-02 1.64409024662119e-04 
2.34775643891147e+00 8.56863362585566e-02 1.66452643235323e-04 
2.36389222199678e+00 8.56606893503358e-02 1.68509906813613e-04 
2.38002800508208e+00 8.56345466161701e-02 1.70580732593342e-04 
2.39616378816738e+00 8.56079015803929e-02 1.72665037022111e-04 
2.41229957125268e+00 8.55807477374567e-02 1.74762735767664e-04 
2.42843535433799e+00 8.55530785524138e-02 1.76873743688217e-04 
2.44457113742329e+00 8.55248874614062e-02 1.78997974803360e-04 
2.46070692050859e+00 8.54961678721646e-02 1.81135342265517e-04 
2.47684270359389e+00 8.54669131645161e-02 1.83285758331873e-04 
2.49297848667919e+00 8.54371166909013e-02 1.85458578779125e-04 
2.50911426976450e+00 8.54067655265364e-02 1.87790762426939e-04 
2.52525005284980e+00 8.53757615107971e-02 1.90271817019704e-04 
2.54138583593510e+00 8.53440954422041e-02 1.92768821121233e-04 
2.55752161902040e+00 8.53117580752032e-02 1.95281656443001e-04 
2.57365740210571e+00 8.52787401210865e-02 1.97810202904619e-04 
2.58979318519101e+00 8.52450322489297e-02 2.00354338598772e-04 
2.60592896827631e+00 8.52106250865486e-02 2.02913939756244e-04 
2.62206475136161e+00 8.51755092214735e-02 2.05488880710866e-04 
2.63820053444691e+00 8.51396752019415e-02 2.08079033865986e-04 
2.65433631753222e+00 8.51031135379080e-02 2.10684269660920e-04 
2.67047210061752e+00 8.50658147020767e-02 2.13304456536861e-04 
2.68660788370282e+00 8.50277691309490e-02 2.15939460904986e-04 
2.70274366678812e+00 8.49889672258916e-02 2.18589147114265e-04 
2.71887944987343e+00 8.49493993542244e-02 2.21253377418965e-04 
2.73501523295873e+00 8.49090558503274e-02 2.23932011947530e-04 
2.75115101604403e+00 8.48679270167677e-02 2.26624908671907e-04 
2.76728679912933e+00 8.48260031254453e-02 2.29331923377066e-04 
2.78342258221464e+00 8.47832744187604e-02 2.32052909630624e-04 
2.79955836529994e+00 8.47397311107995e-02 2.34749441063439e-04 
2.81569414838524e+00 8.46953924236803e-02 2.37378815780462e-04 
2.83182993147054e+00 8.46502819514844e-02 2.39978472355827e-04 
2.84796571455584e+00 8.46043912313183e-02 2.42590026626692e-04 
2.86410149764115e+00 8.45577117839055e-02 2.45213339525443e-04 
2.88023728072645e+00 8.45102351146112e-02 2.47848270073813e-04 
2.89637306381175e+00 8.44619527144825e-02 2.50494675360812e-04 
2.91250884689705e+00 8.44128560613050e-02 2.53152410521691e-04 
2.92864462998235e+00 8.43629366206736e-02 2.55821328717983e-04 
2.94478041306766e+00 8.43121858470805e-02 2.58501281116586e-04 
2.96091619615296e+00 8.42605951850185e-02 2.61192116869939e-04 
2.97705197923826e+00 8.42081560700995e-02 2.63893683096815e-04 
2.99318776232356e+00 8.41548599301905e-02 2.66599147577250e-04 
3.00932354540887e+00 8.41007036271648e-02 2.69228939933085e-04 
3.02545932849417e+00 8.40457438052146e-02 2.71790022295051e-04 
3.04159511157947e+00 8.39899732416179e-02 2.74359856123926e-04 
3.05773089466477e+00 8.39333847145667e-02 2.76938299459491e-04 
3.07386667775007e+00 8.38759710041100e-02 2.79525208663633e-04 
3.09000246083538e+00 8.38177248931091e-02 2.82120438407622e-04 
3.10613824392068e+00 8.37586391682038e-02 2.84723841659880e-04 
3.12227402700598e+00 8.36987066207902e-02 2.87335269674214e-04 
3.13840981009128e+00 8.36379200480104e-02 2.89954571978080e-04 
3.15454559317659e+00 8.35762722537536e-02 2.92581596361649e-04 
3.17068137626189e+00 8.35137560496681e-02 2.95216188867079e-04 
3.18681715934719e+00 8.34503642561858e-02 2.97858193777902e-04 
3.20295294243249e+00 8.33860897035573e-02 3.00507453609214e-04 
3.21908872551780e+00 8.33209252328991e-02 3.03163809098022e-04 
3.23522450860310e+00 8.32548636972520e-02 3.05827099194160e-04 
3.25136029168840e+00 8.31878979626504e-02 3.08497161051378e-04 
3.26749607477370e+00 8.31200209092042e-02 3.11173830018463e-04 
3.28363185785900e+00 8.30512254321908e-02 3.13856939631782e-04 
3.29976764094431e+00 8.29815044431592e-02 3.16546321607257e-04 
3.31590342402961e+00 8.29108508710455e-02 3.19241805833098e-04 
3.33203920711491e+00 8.28392576632985e-02 3.21943220363267e-04 
3.34817499020021e+00 8.27667177870182e-02 3.24650391410763e-04 
3.36431077328552e+00 8.26932242301040e-02 3.27363143341734e-04 
3.38044655637082e+00 8.26187700024147e-02 3.30081298669786e-04 
3.39658233945612e+00 8.25433481369394e-02 3.32804678050759e-04 
3.41271812254142e+00 8.24669516909794e-02 3.35533100278162e-04 
3.42885390562672e+00 8.23895737473407e-02 3.38266382278785e-04 
3.44498968871203e+00 8.23112074155381e-02 3.41004339108747e-04 
3.46112547179733e+00 8.22318458330089e-02 3.43746783950179e-04 
3.47726125488263e+00 8.21514821663383e-02 3.46493528108354e-04 
3.49339703796793e+00 8.20701096124949e-02 3.49244381009082e-04 
3.50953282105324e+00 8.19877214000767e-02 3.51999150196606e-04 
3.52566860413854e+00 8.19043107905675e-02 3.54757641332031e-04 
3.54180438722384e+00 8.18198710796038e-02 3.57519658192114e-04 
3.55794017030914e+00 8.17343955982519e-02 3.60285002668984e-04 
3.57407595339444e+00 8.16478777142944e-02 3.63053474769850e-04 
3.59021173647975e+00 8.15603108335278e-02 3.65824872617024e-04 
3.60634751956505e+00 8.14716884010691e-02 3.68554533551656e-04 
3.62248330265035e+00 8.13820472258725e-02 3.71237261255887e-04 
3.63861908573565e+00 8.12913866422424e-02 3.73916637990182e-04 
3.65475486882096e+00 8.11997008883189e-02 3.76597708529084e-04 
3.67089065190626e+00 8.11069842445547e-02 3.79280277812459e-04 
3.68702643499156e+00 8.10132310348891e-02 3.81964149151187e-04 
3.70316221807686e+00 8.09184356279286e-02 3.84649124230967e-04 
3.71929800116216e+00 8.08225924381357e-02 3.87335003116773e-04 
3.73543378424747e+00 8.07256959270237e-02 3.90021584257733e-04 
3.75156956733277e+00 8.06277406043586e-02 3.92708664492369e-04 
3.76770535041807e+00 8.05287210293677e-02 3.95396039054727e-04 
3.78384113350337e+00 8.04286318119544e-02 3.98083501580362e-04 
3.79997691658868e+00 8.03274676139194e-02 4.00770844112868e-04 
3.81611269967398e+00 8.02252231501886e-02 4.03457857111889e-04 
3.83224848275928e+00 8.01218931900456e-02 4.06144329460347e-04 
3.84838426584458e+00 8.00174725583717e-02 4.08830048472822e-04 
3.86452004892988e+00 7.99119561368903e-02 4.11514799904341e-04 
3.88065583201519e+00 7.98053388654171e-02 4.14198367959218e-04 
3.89679161510049e+00 7.96976157431160e-02 4.16880535301303e-04 
3.91292739818579e+00 7.95887818297593e-02 4.19561083063921e-04 
3.92906318127109e+00 7.94788322469935e-02 4.22239790860791e-04 
3.94519896435640e+00 7.93677621796093e-02 4.24916436797288e-04 
3.96133474744170e+00 7.92555668768165e-02 4.27590797481976e-04 
3.97747053052700e+00 7.91422416535229e-02 4.30262648039189e-04 
3.99360631361230e+00 7.90277818916172e-02 4.32941711909415e-04 
4.00974209669760e+00 7.89121723963988e-02 4.35713853381451e-04 
4.02587787978291e+00 7.87953160307733e-02 4.38568273324128e-04 
4.04201366286821e+00 7.86772072293745e-02 4.41419605838535e-04 
4.05814944595351e+00 7.85578405088717e-02 4.44267582247548e-04 
4.07428522903881e+00 7.84372104696609e-02 4.47111932036394e-04 
4.09042101212412e+00 7.83153117975629e-02 4.49952382871538e-04 
4.10655679520942e+00 7.81921392655251e-02 4.52788660620467e-04 
4.12269257829472e+00 7.80676877353287e-02 4.55620489371808e-04 
4.13882836138002e+00 7.79419521592993e-02 4.58447591456722e-04 
4.15496414446532e+00 7.78149275820225e-02 4.61269687470855e-04 
4.17109992755063e+00 7.76866091420616e-02 4.64086496296763e-04 
4.18723571063593e+00 7.75569920736802e-02 4.66897735127965e-04 
4.20337149372123e+00 7.74260717085658e-02 4.69703119492816e-04 
4.21950727680653e+00 7.72938434775572e-02 4.72502363279292e-04 
4.23564305989184e+00 7.71603029123733e-02 4.75295178761188e-04 
4.25177884297714e+00 7.70254456473437e-02 4.78081276624668e-04 
4.26791462606244e+00 7.68892674211404e-02 4.80860365995853e-04 
4.28405040914774e+00 7.67517640785102e-02 4.83632154468667e-04 
4.30018619223304e+00 7.66129315720084e-02 4.86396348134085e-04 
4.31632197531835e+00 7.64727659637312e-02 4.89152651609982e-04 
4.33245775840365e+00 7.63312634270485e-02 4.91900768071591e-04 
4.34859354148895e+00 7.61884202483357e-02 4.94640399283075e-04 
4.36472932457425e+00 7.60442328287040e-02 4.97371245629972e-04 
4.38086510765956e+00 7.58986976857291e-02 5.00093006152012e-04 
4.39700089074486e+00 7.57518114551776e-02 5.02805378576917e-04 
4.41313667383016e+00 7.56035708927307e-02 5.05508059355554e-04 
4.42927245691546e+00 7.54539728757046e-02 5.08200743697299e-04 
4.44540824000076e+00 7.53030144047675e-02 5.10883125606386e-04 
4.46154402308607e+00 7.51506926056526e-02 5.13554897919070e-04 
4.47767980617137e+00 7.49970047308657e-02 5.16215752341702e-04 
4.49381558925667e+00 7.48419481613886e-02 5.18849551319990e-04 
4.50995137234197e+00 7.46855395413099e-02 5.21336249604216e-04 
4.52608715542728e+00 7.45279221304334e-02 5.23692433411415e-04 
4.54222293851258e+00 7.43690949203659e-02 5.26036928049582e-04 
4.55835872159788e+00 7.42090570125949e-02 5.28369480338414e-04 
4.57449450468318e+00 7.40478076195974e-02 5.30689836640960e-04 
4.59063028776848e+00 7.38853460659425e-02 5.32997742896732e-04 
4.60676607085379e+00 7.37216717893841e-02 5.35292944655239e-04 
4.62290185393909e+00 7.35567843419463e-02 5.37575187110459e-04 
4.63903763702439e+00 7.33906833909996e-02 5.39844215135085e-04 
4.65517342010969e+00 7.32233687203281e-02 5.42099773315899e-04 
4.67130920319500e+00 7.30548402311867e-02 5.44341605989714e-04 
4.68744498628030e+00 7.28850979433488e-02 5.46569457279305e-04 
4.70358076936560e+00 7.27141419961435e-02 5.48783071130016e-04 
4.71971655245090e+00 7.25419726494825e-02 5.50982191347240e-04 
4.73585233553620e+00 7.23685902848756e-02 5.53166561634064e-04 
4.75198811862151e+00 7.21939954064349e-02 5.55335925629477e-04 
4.76812390170681e+00 7.20181886418675e-02 5.57490026947034e-04 
4.78425968479211e+00 7.18411707434558e-02 5.59628609214041e-04 
4.80039546787741e+00 7.16629425890252e-02 5.61751416111369e-04 
4.81653125096272e+00 7.14835051828994e-02 5.63858191413397e-04 
4.83266703404802e+00 7.13028596568421e-02 5.65948679028700e-04 
4.84880281713332e+00 7.11210072709848e-02 5.68022623041410e-04 
4.86493860021862e+00 7.09379494147409e-02 5.70079767752444e-04 
4.88107438330393e+00 7.07536876077057e-02 5.72119857721577e-04 
4.89721016638923e+00 7.05682235005409e-02 5.74142637810153e-04 
4.91334594947453e+00 7.03815588758441e-02 5.76147853223867e-04 
4.92948173255983e+00 7.01936956490031e-02 5.78135249556102e-04 
4.94561751564513e+00 7.00046358690337e-02 5.80104572831601e-04 
4.96175329873044e+00 6.98143817194018e-02 5.82055569550916e-04 
4.97788908181574e+00 6.96229355188280e-02 5.83987986735160e-04 
4.99402486490104e+00 6.94302997220754e-02 5.85919596258329e-04 
5.01016064798634e+00 6.92364529475596e-02 5.87970946465120e-04 
5.02629643107165e+00 6.90412364105462e-02 5.90122334599817e-04 
5.04243221415695e+00 6.88446522535595e-02 5.92252646468447e-04 
5.05856799724225e+00 6.86467027948550e-02 5.94361565035465e-04 
5.07470378032755e+00 6.84473905296260e-02 5.96448773916104e-04 
5.09083956341285e+00 6.82467181311835e-02 5.98513957441503e-04 
5.10697534649816e+00 6.80446884521121e-02 6.00556800724618e-04 
5.12311112958346e+00 6.78413045253975e-02 6.02576989726518e-04 
5.13924691266876e+00 6.76365695655286e-02 6.04574211323376e-04 
5.15538269575406e+00 6.74304869695706e-02 6.06548153374389e-04 
5.17151847883937e+00 6.72230603182097e-02 6.08498504789684e-04 
5.18765426192467e+00 6.70142933767695e-02 6.10424955599304e-04 
5.20379004500997e+00 6.68041900961963e-02 6.12327197022687e-04 
5.21992582809527e+00 6.65927546140155e-02 6.14204921538432e-04 
5.23606161118057e+00 6.63799912552556e-02 6.16057822954883e-04 
5.25219739426588e+00 6.61659045333408e-02 6.17885596481076e-04 
5.26833317735118e+00 6.59504991509520e-02 6.19687938798367e-04 
5.28446896043648e+00 6.57337800008532e-02 6.21464548132273e-04 
5.30060474352178e+00 6.55157521666858e-02 6.23215124325051e-04 
5.31674052660709e+00 6.52964209237275e-02 6.24939368908523e-04 
5.33287630969239e+00 6.50757917396166e-02 6.26636985177443e-04 
5.34901209277769e+00 6.48538702750407e-02 6.28307678263387e-04 
5.36514787586299e+00 6.46306623843890e-02 6.29951155208794e-04 
5.38128365894829e+00 6.44061741163677e-02 6.31567125041663e-04 
5.39741944203360e+00 6.41804117145780e-02 6.33155298850252e-04 
5.41355522511890e+00 6.39533816180560e-02 6.34715389858420e-04 
5.42969100820420e+00 6.37250904617736e-02 6.36247113501205e-04 
5.44582679128950e+00 6.34955450771002e-02 6.37750187500741e-04 
5.46196257437481e+00 6.32647524922243e-02 6.39224331942277e-04 
5.47809835746011e+00 6.30327199325347e-02 6.40669269350495e-04 
5.49423414054541e+00 6.27994548209602e-02 6.42084724766319e-04 
5.51036992363071e+00 6.25649647782682e-02 6.43470425823723e-04 
5.52650570671601e+00 6.23292576233194e-02 6.44826102826577e-04 
5.54264148980132e+00 6.20923413732818e-02 6.46151488825940e-04 
5.55877727288662e+00 6.18542242437992e-02 6.47446319697358e-04 
5.57491305597192e+00 6.16149146491166e-02 6.48710334218150e-04 
5.59104883905722e+00 6.13744212021609e-02 6.49943274145135e-04 
5.60718462214253e+00 6.11327527145762e-02 6.51144884292017e-04 
5.62332040522783e+00 6.08899181967136e-02 6.52314912607081e-04 
5.63945618831313e+00 6.06459268575744e-02 6.53453110250807e-04 
5.65559197139843e+00 6.04007881047073e-02 6.54559231673337e-04 
5.67172775448373e+00 6.01545115440574e-02 6.55633034692155e-04 
5.68786353756904e+00 5.99071069797680e-02 6.56674280569584e-04 
5.70399932065434e+00 5.96585844139344e-02 6.57682734090012e-04 
5.72013510373964e+00 5.94089540463080e-02 6.58658163637230e-04 
5.73627088682494e+00 5.91582262739527e-02 6.59600341271538e-04 
5.75240666991025e+00 5.89064116908501e-02 6.60509042806679e-04 
5.76854245299555e+00 5.86535210874559e-02 6.61384047886528e-04 
5.78467823608085e+00 5.83995654502049e-02 6.62225140061463e-04 
5.80081401916615e+00 5.81445559609657e-02 6.63032106864686e-04 
5.81694980225145e+00 5.78885039964439e-02 6.63804739888081e-04 
5.83308558533676e+00 5.76314211275333e-02 6.64542834857627e-04 
5.84922136842206e+00 5.73733191186158e-02 6.65246191708683e-04 
5.86535715150736e+00 5.71142099268079e-02 6.65914614660876e-04 
5.88149293459266e+00 5.68541057011554e-02 6.66547912292343e-04 
5.89762871767797e+00 5.65930187817740e-02 6.67145897613612e-04 
5.91376450076327e+00 5.63309616989378e-02 6.67708388141158e-04 
5.92990028384857e+00 5.60679471721129e-02 6.68235205970256e-04 
5.94603606693387e+00 5.58039881089374e-02 6.68726177847302e-04 
5.96217185001917e+00 5.55390976041479e-02 6.69181135241572e-04 
5.97830763310448e+00 5.52732889384503e-02 6.69599914416466e-04 
5.99444341618978e+00 5.50065755773368e-02 6.69992488170902e-04 
6.01057919927508e+00 5.47389547987085e-02 6.70413354356939e-04 
6.02671498236038e+00 5.44703516343679e-02 6.70851101856854e-04 
6.04285076544569e+00 5.42007805211542e-02 6.71250109594695e-04 
6.05898654853099e+00 5.39302561043337e-02 6.71610206332083e-04 
6.07512233161629e+00 5.36587932361565e-02 6.71931226498336e-04 
6.09125811470159e+00 5.33864069743465e-02 6.72213010271497e-04 
6.10739389778689e+00 5.31131125805246e-02 6.72455403658478e-04 
6.12352968087220e+00 5.28389255185647e-02 6.72658258574075e-04 
6.13966546395750e+00 5.25638614528829e-02 6.72821432919150e-04 
6.15580124704280e+00 5.22879362466593e-02 6.72944790657595e-04 
6.17193703012810e+00 5.20111659599923e-02 6.73028201892356e-04 
6.18807281321341e+00 5.17335668479856e-02 6.73071542940145e-04 
6.20420859629871e+00 5.14551553587674e-02 6.73074696405099e-04 
6.22034437938401e+00 5.11759481314427e-02 6.73037551251180e-04 
6.23648016246931e+00 5.08959619939767e-02 6.72960002873174e-04 
6.25261594555461e+00 5.06152139610126e-02 6.72841953166622e-04 
6.26875172863992e+00 5.03337212316198e-02 6.72683310596202e-04 
6.28488751172522e+00 5.00515011869766e-02 6.72483990262742e-04 
6.30102329481052e+00 4.97685713879841e-02 6.72243913968815e-04 
6.31715907789582e+00 4.94849495728139e-02 6.71963010283046e-04 
6.33329486098113e+00 4.92006536543885e-02 6.71641214602588e-04 
6.34943064406643e+00 4.89157017177950e-02 6.71278469214009e-04 
6.36556642715173e+00 4.86301120176318e-02 6.70874723352936e-04 
6.38170221023703e+00 4.83439029752901e-02 6.70429933261856e-04 
6.39783799332233e+00 4.80570931761681e-02 6.69944062246127e-04 
6.41397377640764e+00 4.77697013668203e-02 6.69417080728406e-04 
6.43010955949294e+00 4.74817464520414e-02 6.68848966301247e-04 
6.44624534257824e+00 4.71932474918856e-02 6.68239703777847e-04 
6.46238112566354e+00 4.69042236986202e-02 6.67589285241096e-04 
6.47851690874885e+00 4.66146944336167e-02 6.66897710090651e-04 
6.49465269183415e+00 4.63246792041772e-02 6.66164985087974e-04 
6.51078847491945e+00 4.60341976602986e-02 6.65391124399650e-04 
6.52692425800475e+00 4.57432695913731e-02 6.64576149638521e-04 
6.54306004109005e+00 4.54519149228286e-02 6.63720089902728e-04 
6.55919582417536e+00 4.51601537127058e-02 6.62822981813010e-04 
6.57533160726066e+00 4.48680061481762e-02 6.61884869547532e-04 
6.59146739034596e+00 4.45754925419996e-02 6.60905804874645e-04 
6.60760317343126e+00 4.42826333289218e-02 6.59885847183657e-04 
6.62373895651657e+00 4.39894490620150e-02 6.58825063513247e-04 
6.63987473960187e+00 4.36959604089591e-02 6.57723528577593e-04 
6.65601052268717e+00 4.34021881482675e-02 6.56581324790221e-04 
6.67214630577247e+00 4.31081531654557e-02 6.55398542285683e-04 
6.68828208885777e+00 4.28138764491555e-02 6.54175278938769e-04 
6.70441787194308e+00 4.25193790871745e-02 6.52911640381334e-04 
6.72055365502838e+00 4.22246822625026e-02 6.51607740016872e-04 
6.73668943811368e+00 4.19298072492660e-02 6.50263699032464e-04 
6.75282522119898e+00 4.16347754086299e-02 6.48879646408270e-04 
6.76896100428429e+00 4.13396081846512e-02 6.47455718924788e-04 
6.78509678736959e+00 4.10443271000818e-02 6.45992061167305e-04 
6.80123257045489e+00 4.07489537521240e-02 6.44488825527921e-04 
6.81736835354019e+00 4.04535098081386e-02 6.42946172205119e-04 
6.83350413662550e+00 4.01580170013081e-02 6.41364269200531e-04 
6.84963991971080e+00 3.98624971262545e-02 6.39743292313169e-04 
6.86577570279610e+00 3.95669720346147e-02 6.38083425131220e-04 
6.88191148588140e+00 3.92714636305726e-02 6.36384859021050e-04 
6.89804726896670e+00 3.89759938663523e-02 6.34647793113317e-04 
6.91418305205201e+00 3.86805847376706e-02 6.32872434286781e-04 
6.93031883513731e+00 3.83852582791517e-02 6.31058997149220e-04 
6.94645461822261e+00 3.80900365597058e-02 6.29207704015580e-04 
6.96259040130791e+00 3.77949416778724e-02 6.27318784883567e-04 
6.97872618439322e+00 3.74999957571296e-02 6.25392477406323e-04 
6.99486196747852e+00 3.72052209411711e-02 6.23483792282141e-04 
7.01099775056382e+00 3.69105336084174e-02 6.21836930170065e-04 
7.02713353364912e+00 3.66154819753202e-02 6.20388698687705e-04 
7.04326931673442e+00 3.63200963482818e-02 6.18886946388830e-04 
7.05940509981973e+00 3.60244072092011e-02 6.17331875119212e-04 
7.07554088290503e+00 3.57284452072251e-02 6.15723701207824e-04 
7.09167666599033e+00 3.54322411503724e-02 6.14062655478598e-04 
7.10781244907563e+00 3.51358259970310e-02 6.12348983255341e-04 
7.12394823216094e+00 3.48392308473350e-02 6.10582944360209e-04 
7.14008401524624e+00 3.45424869344224e-02 6.08764813105198e-04 
7.15621979833154e+00 3.42456256155775e-02 6.06894878276834e-04 
7.17235558141684e+00 3.39486783632618e-02 6.04973443114018e-04 
7.18849136450214e+00 3.36516767560365e-02 6.03000825278786e-04 
7.20462714758745e+00 3.33546524693809e-02 6.00977356820151e-04 
7.22076293067275e+00 3.30576372664098e-02 5.98903384130726e-04 
7.23689871375805e+00 3.27606629884947e-02 5.96779267896279e-04 
7.25303449684335e+00 3.24637615457922e-02 5.94605383038145e-04 
7.26917027992866e+00 3.21669649076834e-02 5.92382118648494e-04 
7.28530606301396e+00 3.18703050931299e-02 5.90109877918225e-04 
7.30144184609926e+00 3.15738141609490e-02 5.87789078057539e-04 
7.31757762918456e+00 3.12775242000143e-02 5.85420150209454e-04 
7.33371341226986e+00 3.09814673193845e-02 5.83003539355856e-04 
7.34984919535517e+00 3.06856756383666e-02 5.80539704216212e-04 
7.36598497844047e+00 3.03901812765168e-02 5.78029117139042e-04 
7.38212076152577e+00 3.00950163435850e-02 5.75472263985977e-04 
7.39825654461107e+00 2.98002129294075e-02 5.72869644008530e-04 
7.41439232769638e+00 2.95058030937522e-02 5.70221769717583e-04 
7.43052811078168e+00 2.92118188561225e-02 5.67529166745478e-04 
7.44666389386698e+00 2.89182921855240e-02 5.64792373700873e-04 
7.46279967695228e+00 2.86252549901999e-02 5.62011942016351e-04 
7.47893546003758e+00 2.83327391073398e-02 5.59188435788817e-04 
7.49507124312289e+00 2.80407762927679e-02 5.56322431612618e-04 
7.51120702620819e+00 2.77493982106150e-02 5.53414518405575e-04 
7.52734280929349e+00 2.74586364229816e-02 5.50465297227903e-04 
7.54347859237879e+00 2.71685223795949e-02 5.47475381094061e-04 
7.55961437546410e+00 2.68790874074682e-02 5.44445394777652e-04 
7.57575015854940e+00 2.65903627005655e-02 5.41375974609329e-04 
7.59188594163470e+00 2.63023793094801e-02 5.38267768267863e-04 
7.60802172472000e+00 2.60151681311294e-02 5.35121434564541e-04 
7.62415750780530e+00 2.57287598984748e-02 5.31937643220756e-04 
7.64029329089061e+00 2.54431851702703e-02 5.28717074638941e-04 
7.65642907397591e+00 2.51584743208468e-02 5.25460419667149e-04 
7.67256485706121e+00 2.48746575299376e-02 5.22168379357060e-04 
7.68870064014651e+00 2.45917647725503e-02 5.18841664715789e-04 
7.70483642323182e+00 2.43098258088926e-02 5.15480996451510e-04 
7.72097220631712e+00 2.40288701743558e-02 5.12087104712907e-04 
7.73710798940242e+00 2.37489271695633e-02 5.08660728822715e-04 
7.75324377248772e+00 2.34700258504900e-02 5.05202617005476e-04 
7.76937955557302e+00 2.31921950186576e-02 5.01713526109551e-04 
7.78551533865833e+00 2.29154632114120e-02 4.98194221323575e-04 
7.80165112174363e+00 2.26398586922892e-02 4.94645475887557e-04 
7.81778690482893e+00 2.23654094414752e-02 4.91068070798683e-04 
7.83392268791423e+00 2.20921431463652e-02 4.87462794512002e-04 
7.85005847099954e+00 2.18200871922287e-02 4.83830442636217e-04 
7.86619425408484e+00 2.15492686529856e-02 4.80171817624692e-04 
7.88233003717014e+00 2.12797142820999e-02 4.76487728461884e-04 
7.89846582025544e+00 2.10114505035949e-02 4.72778990345212e-04 
7.91460160334074e+00 2.07445034031985e-02 4.69046424362812e-04 
7.93073738642605e+00 2.04788987196203e-02 4.65290857167277e-04 
7.94687316951135e+00 2.02146618359697e-02 4.61513120645366e-04 
7.96300895259665e+00 1.99518177713181e-02 4.57714051584155e-04 
7.97914473568195e+00 1.96903911724116e-02 4.53894491333693e-04 
7.99528051876726e+00 1.94304063055385e-02 4.50028314665606e-04 
8.01141630185256e+00 1.91719515354282e-02 4.46015854514297e-04 
8.02755208493786e+00 1.89152923284672e-02 4.41891029065484e-04 
8.04368786802316e+00 1.86604419490549e-02 4.37762325206546e-04 
8.05982365110846e+00 1.84074132784317e-02 4.33630430394060e-04 
8.07595943419377e+00 1.81562188121554e-02 4.29496030101639e-04 
8.09209521727907e+00 1.79068706577208e-02 4.25359807595443e-04 
8.10823100036437e+00 1.76593805323241e-02 4.21222443710710e-04 
8.12436678344967e+00 1.74137597607729e-02 4.17084616629332e-04 
8.14050256653498e+00 1.71700192735438e-02 4.12947001658655e-04 
8.15663834962028e+00 1.69281696049872e-02 4.08810271011631e-04 
8.17277413270558e+00 1.66882208916816e-02 4.04675093588356e-04 
8.18890991579088e+00 1.64501828709371e-02 4.00542134759242e-04 
8.20504569887619e+00 1.62140648794501e-02 3.96412056149853e-04 
8.22118148196149e+00 1.59798758521078e-02 3.92285515427544e-04 
8.23731726504679e+00 1.57476243209461e-02 3.88163166090024e-04 
8.25345304813209e+00 1.55173184142583e-02 3.84045657255967e-04 
8.26958883121739e+00 1.52889658558571e-02 3.79933633457786e-04 
8.28572461430270e+00 1.50625739644891e-02 3.75827734436608e-04 
8.30186039738800e+00 1.48381496534030e-02 3.71728594939708e-04 
8.31799618047330e+00 1.46156994300704e-02 3.67636844520411e-04 
8.33413196355860e+00 1.43952293960606e-02 3.63553107340577e-04 
8.35026774664390e+00 1.41767452470680e-02 3.59478001975809e-04 
8.36640352972921e+00 1.39602522730930e-02 3.55412141223464e-04 
8.38253931281451e+00 1.37457553587762e-02 3.51356131913593e-04 
8.39867509589981e+00 1.35332589838844e-02 3.47310574722961e-04 
8.41481087898511e+00 1.33227672239497e-02 3.43276063992099e-04 
8.43094666207041e+00 1.31142837510595e-02 3.39253187545604e-04 
8.44708244515572e+00 1.29078118347984e-02 3.35242526515837e-04 
8.46321822824102e+00 1.27033543433400e-02 3.31244655169985e-04 
8.47935401132632e+00 1.25009137446890e-02 3.27260140740635e-04 
8.49548979441163e+00 1.23004921080716e-02 3.23289543259973e-04 
8.51162557749693e+00 1.21020911054745e-02 3.19333415397656e-04 
8.52776136058223e+00 1.19057120133298e-02 3.15392302302490e-04 
8.54389714366753e+00 1.17113557143472e-02 3.11466741447977e-04 
8.56003292675283e+00 1.15190226994895e-02 3.07557262481764e-04 
8.57616870983814e+00 1.13287130700919e-02 3.03664387079170e-04 
8.59230449292344e+00 1.11404265401237e-02 2.99788628800802e-04 
8.60844027600874e+00 1.09541624385898e-02 2.95930492954334e-04 
8.62457605909404e+00 1.07699197120717e-02 2.92090476460562e-04 
8.64071184217934e+00 1.05876969274055e-02 2.88269067723744e-04 
8.65684762526465e+00 1.04074922744959e-02 2.84466746506314e-04 
8.67298340834995e+00 1.02293035692639e-02 2.80683983808087e-04 
8.68911919143525e+00 1.00531282567265e-02 2.76921241749940e-04 
8.70525497452055e+00 9.87896341420677e-03 2.73178973462040e-04 
8.72139075760586e+00 9.70680575467132e-03 2.69457622976687e-04 
8.73752654069116e+00 9.53665163019472e-03 2.65757625125841e-04 
8.75366232377646e+00 9.36849703554700e-03 2.62079405443330e-04 
8.76979810686176e+00 9.20233761190305e-03 2.58423380071830e-04 
8.78593388994707e+00 9.03816865067128e-03 2.54789955674615e-04 
8.80206967303237e+00 8.87598509743924e-03 2.51179529352139e-04 
8.81820545611767e+00 8.71578155603366e-03 2.47592488563502e-04 
8.83434123920297e+00 8.55755229269255e-03 2.44029211052775e-04 
8.85047702228827e+00 8.40129124034669e-03 2.40490064780265e-04 
8.86661280537358e+00 8.24699200300793e-03 2.36975407858709e-04 
8.88274858845888e+00 8.09464786026161e-03 2.33485588494423e-04 
8.89888437154418e+00 7.94425177186037e-03 2.30020944933434e-04 
8.91502015462948e+00 7.79579638241650e-03 2.26581805412617e-04 
8.93115593771478e+00 7.64927402619003e-03 2.23168488115786e-04 
8.94729172080009e+00 7.50467673196971e-03 2.19781301134815e-04 
8.96342750388539e+00 7.36199622804378e-03 2.16420542435784e-04 
8.97956328697069e+00 7.22122394725772e-03 2.13086499830083e-04 
8.99569907005599e+00 7.08235103215574e-03 2.09779450950549e-04 
9.01183485314130e+00 6.94536834020313e-03 2.06499663232582e-04 
9.02797063622660e+00 6.81026644908623e-03 2.03247393900231e-04 
9.04410641931190e+00 6.67703566208691e-03 2.00022889957251e-04 
9.06024220239720e+00 6.54566601352829e-03 1.96826388183100e-04 
9.07637798548251e+00 6.41614727428862e-03 1.93658115133873e-04 
9.09251376856781e+00 6.28846895737999e-03 1.90518287148111e-04 
9.10864955165311e+00 6.16262032358847e-03 1.87407110357485e-04 
9.12478533473841e+00 6.03859038717271e-03 1.84324780702307e-04 
9.14092111782371e+00 5.91636792161724e-03 1.81271483951858e-04 
9.15705690090902e+00 5.79594146543755e-03 1.78247395729459e-04 
9.17319268399432e+00 5.67729932803322e-03 1.75252681542263e-04 
9.18932846707962e+00 5.56042959558607e-03 1.72287496815718e-04 
9.20546425016492e+00 5.44532013699961e-03 1.69351986932668e-04 
9.22160003325022e+00 5.33195860987668e-03 1.66446287276998e-04 
9.23773581633553e+00 5.22033246653167e-03 1.63570523281819e-04 
9.25387159942083e+00 5.11042896003409e-03 1.60724810482105e-04 
9.27000738250613e+00 5.00223515027994e-03 1.57909254571720e-04 
9.28614316559143e+00 4.89573791008750e-03 1.55123951464792e-04 
9.30227894867674e+00 4.79092393131433e-03 1.52368987361352e-04 
9.31841473176204e+00 4.68777973099172e-03 1.49644438817168e-04 
9.33455051484734e+00 4.58629165747359e-03 1.46950372817713e-04 
9.35068629793264e+00 4.48644589659624e-03 1.44286846856178e-04 
9.36682208101795e+00 4.38822847784561e-03 1.41653909015470e-04 
9.38295786410325e+00 4.29162528052883e-03 1.39051598054097e-04 
9.39909364718855e+00 4.19662203994662e-03 1.36479943495875e-04 
9.41522943027385e+00 4.10320435356326e-03 1.33938965723367e-04 
9.43136521335915e+00 4.01135768717097e-03 1.31428676074965e-04 
9.44750099644446e+00 3.92106738104520e-03 1.28949076945520e-04 
9.46363677952976e+00 3.83231865608797e-03 1.26500161890449e-04 
9.47977256261506e+00 3.74509661995573e-03 1.24081915733210e-04 
9.49590834570036e+00 3.65938627316876e-03 1.21694314676061e-04 
9.51204412878567e+00 3.57517251519906e-03 1.19337326413984e-04 
9.52817991187097e+00 3.49244015053340e-03 1.17010910251718e-04 
9.54431569495627e+00 3.41117389470879e-03 1.14715017223766e-04 
9.56045147804157e+00 3.33135838031716e-03 1.12449590217279e-04 
9.57658726112687e+00 3.25297816297640e-03 1.10214564097740e-04 
9.59272304421218e+00 3.17601772726476e-03 1.08009865837312e-04 
9.60885882729748e+00 3.10046149261597e-03 1.05835414645762e-04 
9.62499461038278e+00 3.02629381917193e-03 1.03691122103861e-04 
9.64113039346808e+00 2.95349901359057e-03 1.01576892299137e-04 
9.65726617655339e+00 2.88206133480596e-03 9.94926219638843e-05 
9.67340195963869e+00 2.81196499973805e-03 9.74382006153149e-05 
9.68953774272399e+00 2.74319418894960e-03 9.54135106977505e-05 
9.70567352580929e+00 2.67573305224752e-03 9.34184277267313e-05 
9.72180930889459e+00 2.60956571422646e-03 9.14528204349442e-05 
9.73794509197990e+00 2.54467627975198e-03 8.95165509198554e-05 
9.75408087506520e+00 2.48104883938109e-03 8.76094747929334e-05 
9.77021665815050e+00 2.41866747471788e-03 8.57314413303559e-05 
9.78635244123580e+00 2.35751626370200e-03 8.38822936250808e-05 
9.80248822432111e+00 2.29757928582791e-03 8.20618687401753e-05 
9.81862400740641e+00 2.23884062729267e-03 8.02699978632989e-05 
9.83475979049171e+00 2.18128438607052e-03 7.85065064622153e-05 
9.85089557357701e+00 2.12489467691210e-03 7.67712144412320e-05 
9.86703135666231e+00 2.06965563626648e-03 7.50639362984477e-05 
9.88316713974762e+00 2.01555142712438e-03 7.33844812837081e-05 
9.89930292283292e+00 1.96256624378066e-03 7.17326535571567e-05 
9.91543870591822e+00 1.91068431651452e-03 7.01082523482672e-05 
9.93157448900352e+00 1.85988991618591e-03 6.85110721152525e-05 
9.94771027208883e+00 1.81016735874653e-03 6.69409027047459e-05 
9.96384605517413e+00 1.76150100966414e-03 6.53975295116468e-05 
9.97998183825943e+00 1.71387528825866e-03 6.38807336390214e-05 
9.99611762134473e+00 1.66727467194909e-03 6.23790627367071e-05 
1.00122534044300e+01 1.62172023501638e-03 6.08620562813091e-05 
1.00283891875153e+01 1.57729552248140e-03 5.93448023424183e-05 
1.00445249706006e+01 1.53397477370130e-03 5.78623582249054e-05 
1.00606607536859e+01 1.49173275757089e-03 5.64140029418118e-05 
1.00767965367712e+01 1.45054476309989e-03 5.49990284686126e-05 
1.00929323198565e+01 1.41038659012225e-03 5.36167395581723e-05 
1.01090681029418e+01 1.37123454013675e-03 5.22664535572012e-05 
1.01252038860271e+01 1.33306540727780e-03 5.09475002242352e-05 
1.01413396691125e+01 1.29585646941525e-03 4.96592215491486e-05 
1.01574754521978e+01 1.25958547938238e-03 4.84009715742095e-05 
1.01736112352831e+01 1.22423065633085e-03 4.71721162167039e-05 
1.01897470183684e+01 1.18977067721159e-03 4.59720330931349e-05 
1.02058828014537e+01 1.15618466838051e-03 4.48001113450046e-05 
1.02220185845390e+01 1.12345219732801e-03 4.36557514661983e-05 
1.02381543676243e+01 1.09155326453108e-03 4.25383651319719e-05 
1.02542901507096e+01 1.06046829542695e-03 4.14473750295595e-05 
1.02704259337949e+01 1.03017813250720e-03 4.03822146904071e-05 
1.02865617168802e+01 1.00066402753107e-03 3.93423283240378e-05 
1.03026974999655e+01 9.71907633857005e-04 3.83271706535579e-05 
1.03188332830508e+01 9.43890998891172e-04 3.73362067528101e-05 
1.03349690661361e+01 9.16596556651849e-04 3.63689118851801e-05 
1.03511048492214e+01 8.90007120448556e-04 3.54247713440583e-05 
1.03672406323067e+01 8.64105875674746e-04 3.45032802949624e-05 
1.03833764153920e+01 8.38876372712907e-04 3.36039436193265e-05 
1.03995121984773e+01 8.14302519950923e-04 3.27262757599567e-05 
1.04156479815626e+01 7.90368576908524e-04 3.18698005681540e-05 
1.04317837646479e+01 7.67059147472665e-04 3.10340511525106e-05 
1.04479195477332e+01 7.44359173240661e-04 3.02185697293769e-05 
1.04640553308185e+01 7.22253926969919e-04 2.94229074750009e-05 
1.04801911139038e+01 7.00729006133088e-04 2.86466243793395e-05 
1.04963268969891e+01 6.79770326577472e-04 2.78892891015399e-05 
1.05124626800744e+01 6.59364116287517e-04 2.71504788270907e-05 
1.05285984631597e+01 6.39496909249218e-04 2.64297791266400e-05 
1.05447342462450e+01 6.20155539415282e-04 2.57267838164792e-05 
1.05608700293303e+01 6.01327134769857e-04 2.50410948206893e-05 
1.05770058124156e+01 5.82999111491683e-04 2.43723220349443e-05 
1.05931415955009e+01 5.65159168214495e-04 2.37200831919706e-05 
1.06092773785862e+01 5.47795280383511e-04 2.30840037286549e-05 
1.06254131616715e+01 5.30895694706850e-04 2.24637166547986e-05 
1.06415489447568e+01 5.14448923700726e-04 2.18588624235116e-05 
1.06576847278421e+01 4.98443740327260e-04 2.12690888032419e-05 
1.06738205109274e+01 4.82869172723763e-04 2.06940507514311e-05 
1.06899562940127e+01 4.67714499022340e-04 2.01334102897925e-05 
1.07060920770980e+01 4.52969242258685e-04 1.95868363812045e-05 
1.07222278601833e+01 4.38623165368912e-04 1.90540048082104e-05 
1.07383636432686e+01 4.24666266273305e-04 1.85345980531193e-05 
1.07544994263539e+01 4.11088773045848e-04 1.80283051796980e-05 
1.07706352094392e+01 3.97881139168418e-04 1.75348217164465e-05 
1.07867709925245e+01 3.85034038868525e-04 1.70538495414483e-05 
1.08029067756098e+01 3.72538362539479e-04 1.65850967687882e-05 
1.08190425586951e+01 3.60385212241892e-04 1.61282776365256e-05 
1.08351783417804e+01 3.48565897285395e-04 1.56831123962150e-05 
1.08513141248658e+01 3.37071929889499e-04 1.52493272039655e-05 
1.08674499079511e+01 3.25895020922499e-04 1.48266540130265e-05 
1.08835856910364e+01 3.15027075717338e-04 1.44148304678915e-05 
1.08997214741217e+01 3.04460189963375e-04 1.40135997999084e-05 
1.09158572572070e+01 2.94186645672968e-04 1.36227107243868e-05 
1.09319930402923e+01 2.84198907221828e-04 1.32419173391882e-05 
1.09481288233776e+01 2.74489617462094e-04 1.28709790247932e-05 
1.09642646064629e+01 2.65051593907067e-04 1.25096603458292e-05 
1.09804003895482e+01 2.55877824986589e-04 1.21577309540495e-05 
1.09965361726335e+01 2.46961466372021e-04 1.18149654927530e-05 
1.10126719557188e+01 2.38295837369810e-04 1.14811435026304e-05 
1.10288077388041e+01 2.29874417382626e-04 1.11560493290255e-05 
1.10449435218894e+01 2.21690842437067e-04 1.08394720306014e-05 
1.10610793049747e+01 2.13738901776937e-04 1.05312052893960e-05 
1.10772150880600e+01 2.06012534521104e-04 1.02310473222567e-05 
1.10933508711453e+01 1.98505826384975e-04 9.93880079364165e-06 
1.11094866542306e+01 1.91213006464586e-04 9.65427272977310e-06 
1.11256224373159e+01 1.84128444082386e-04 9.37727443413226e-06 
1.11417582204012e+01 1.77246645693726e-04 9.10762140428111e-06 
1.11578940034865e+01 1.70562251853130e-04 8.84513324999896e-06 
1.11740297865718e+01 1.64070034239410e-04 8.58963361272056e-06 
1.11901655696571e+01 1.57764892738689e-04 8.34095008626268e-06 
1.12063013527424e+01 1.51641852584428e-04 8.09891413882548e-06 
1.12224371358277e+01 1.45696061553542e-04 7.86336103625625e-06 
1.12385729189130e+01 1.39922787217708e-04 7.63412976656146e-06 
1.12547087019983e+01 1.34317414248976e-04 7.41106296565383e-06 
1.12708444850836e+01 1.28875441778801e-04 7.19400684432181e-06 
1.12869802681689e+01 1.23592480809632e-04 6.98281111640667e-06 
1.13031160512542e+01 1.18464251678185e-04 6.77732892817469e-06 
1.13192518343395e+01 1.13486581569562e-04 6.57741678887090e-06 
1.13353876174248e+01 1.08655402081365e-04 6.38293450244063e-06 
1.13515234005101e+01 1.03966746836968e-04 6.19374510040514e-06 
1.13676591835954e+01 9.94167491471336e-05 6.00971477587827e-06 
1.13837949666807e+01 9.50016397191593e-05 5.83071281871035e-06 
1.13999307497660e+01 9.07177444127360e-05 5.65661155174563e-06 
1.14160665328513e+01 8.65614820417387e-05 5.48728626818024e-06 
1.14322023159366e+01 8.25293622211552e-05 5.32261517000673e-06 
1.14483380990219e+01 7.86179832583790e-05 5.16247930753193e-06 
1.14644738821072e+01 7.48240300880987e-05 5.00676251995458e-06 
1.14806096651925e+01 7.11442722500273e-05 4.85535137698934e-06 
1.14967454482778e+01 6.75755619087228e-05 4.70747604187845e-06 
1.15128812313631e+01 6.41157508165805e-05 4.56036839819168e-06 
1.15290170144484e+01 6.07656804887792e-05 4.41090961802314e-06 
1.15451527975337e+01 5.75279417644801e-05 4.25851610711170e-06 
1.15612885806190e+01 5.44044029038250e-05 4.10411918971130e-06 
1.15774243637044e+01 5.13962655365881e-05 3.94857546872504e-06 
1.15935601467897e+01 4.85041194302838e-05 3.79266865082775e-06 
1.16096959298750e+01 4.57279958051810e-05 3.63711170760327e-06 
1.16258317129603e+01 4.30674189637463e-05 3.48254932024852e-06 
1.16419674960456e+01 4.05214560397854e-05 3.32956055865030e-06 
1.16581032791309e+01 3.80887647078660e-05 3.17866174898875e-06 
1.16742390622162e+01 3.57676387264424e-05 3.03030948741996e-06 
1.16903748453015e+01 3.35560512184245e-05 2.88490376079898e-06 
1.17065106283868e+01 3.14516956207595e-05 2.74279113878932e-06 
1.17226464114721e+01 2.94520242599278e-05 2.60426800503444e-06 
1.17387821945574e+01 2.75542845331706e-05 2.46958379831462e-06 
1.17549179776427e+01 2.57555526958055e-05 2.33894423775677e-06 
1.17710537607280e+01 2.40527652732497e-05 2.21251450918610e-06 
1.17871895438133e+01 2.24427481324413e-05 2.09042239259201e-06 
1.18033253268986e+01 2.09222432613402e-05 1.97276131341489e-06 
1.18194611099839e+01 1.94879333172033e-05 1.85959330293543e-06 
1.18355968930692e+01 1.81364640144985e-05 1.75095185545877e-06 
1.18517326761545e+01 1.68644644317560e-05 1.64684467222779e-06 
1.18678684592398e+01 1.56685653234844e-05 1.54725628407116e-06 
1.18840042423251e+01 1.45454155286319e-05 1.45215054669440e-06 
1.19001400254104e+01 1.34916965710680e-05 1.36147300425569e-06 
1.19162758084957e+01 1.25041355503237e-05 1.27515311843861e-06 
1.19324115915810e+01 1.15795164224773e-05 1.19310636164422e-06 
1.19485473746663e+01 1.07146897717275e-05 1.11523617418211e-06 
1.19646831577516e+01 9.90658117296318e-06 1.04143578644912e-06 
1.19808189408369e+01 9.15219824462415e-06 9.71589908055403e-07 
1.19969547239222e+01 8.44863648946200e-06 9.05559953451909e-07 
1.20130905070075e+01 7.79321312247098e-06 8.43185492084508e-07 
1.20292262900928e+01 7.18345545033177e-06 7.84361123858304e-07 
1.20453620731781e+01 6.61668132432270e-06 7.29002727140967e-07 
1.20614978562634e+01 6.09031799357245e-06 6.76967445543384e-07 
1.20776336393487e+01 5.60190255035058e-06 6.28112078648260e-07 
1.20937694224340e+01 5.14908172012789e-06 5.82293905524995e-07 
1.21099052055193e+01 4.72961107237669e-06 5.39371411627409e-07 
1.21260409886046e+01 4.34135372325134e-06 4.99204925285813e-07 
1.21421767716899e+01 3.98227859648850e-06 4.61657169957619e-07 
1.21583125547752e+01 3.65045830413214e-06 4.26593738307065e-07 
1.21744483378605e+01 3.34406670405172e-06 3.93883494051447e-07 
1.21905841209458e+01 3.06137618671030e-06 3.63398907344802e-07 
1.22067199040311e+01 2.80075473927520e-06 3.35016329275933e-07 
1.22228556871164e+01 2.56066283096458e-06 3.08616210841342e-07 
1.22389914702017e+01 2.33965015950434e-06 2.84083271519755e-07 
1.22551272532870e+01 2.13635229474088e-06 2.61306622328020e-07 
1.22712630363723e+01 1.94948725182498e-06 2.40179847981829e-07 
1.22873988194576e+01 1.77785202295513e-06 2.20601052522734e-07 
1.23035346025430e+01 1.62031909344710e-06 2.02472872508205e-07 
1.23196703856283e+01 1.47583296488181e-06 1.85702461596713e-07 
1.23358061687136e+01 1.34340670527300e-06 1.70201450097429e-07 
1.23519419517989e+01 1.22211854358728e-06 1.55885882796081e-07 
1.23680777348842e+01 1.11110852353746e-06 1.42676138116474e-07 
1.23842135179695e+01 1.00957522934947e-06 1.30496831432630e-07 
1.24003493010548e+01 9.16772594167618e-07 1.19276705110573e-07 
1.24164850841401e+01 8.32006799904707e-07 1.08948507632428e-07 
1.24326208672254e+01 7.54633275654897e-07 9.94488639393473e-08 
1.24487566503107e+01 6.84053800259845e-07 9.07181389245002e-08 
1.24648924333960e+01 6.19713713243665e-07 8.27002958131437e-08 
1.24810282164813e+01 5.61099237101165e-07 7.53427509839632e-08 
1.24971639995666e+01 5.07734912827475e-07 6.85962266144414e-08 
1.25132997826519e+01 4.59181149606842e-07 6.24146023729512e-08 
1.25294355657372e+01 4.15031888725188e-07 5.67547672314418e-08 
1.25455713488225e+01 3.74912381026470e-07 5.15764723347556e-08 
1.25617071319078e+01 3.38477076588495e-07 4.68421857354917e-08 
1.25778429149931e+01 3.05407624741573e-07 4.25169496865702e-08 
1.25939786980784e+01 2.75410982085405e-07 3.85682410768412e-08 
1.26101144811637e+01 2.48217625768368e-07 3.49658354978008e-08 
1.26262502642490e+01 2.23579868971934e-07 3.16816753412560e-08 
1.26423860473343e+01 2.01270275284343e-07 2.86897422481481e-08 
1.26585218304196e+01 1.81080168445746e-07 2.59659341572062e-08 
1.26746576135049e+01 1.62818233795638e-07 2.34879471381639e-08 
1.26907933965902e+01 1.46309207647091e-07 2.12351621374455e-08 
1.27069291796755e+01 1.31392650745762e-07 1.91876646162180e-08 
1.27230649627608e+01 1.17922912506773e-07 1.73264086390813e-08 
1.27392007458461e+01 1.05768062701829e-07 1.56348749516853e-08 
1.27553365289314e+01 9.48073396809418e-08 1.40987541546795e-08 
1.27714723120167e+01 8.49302154308952e-08 1.27048646675467e-08 
1.27876080951020e+01 7.60356235903876e-08 1.14410211305847e-08 
1.28037438781873e+01 6.80312351745164e-08 1.02959725590583e-08 
1.28198796612726e+01 6.08327802523552e-08 9.25934281720842e-09 
1.28360154443579e+01 5.43634137350388e-08 8.32157351653821e-09 
1.28521512274432e+01 4.85531233716506e-08 7.47386940968225e-09 
1.28682870105285e+01 4.33381780131182e-08 6.70814632208282e-09 
1.28844227936138e+01 3.86606141873576e-08 6.01698163834192e-09 
1.29005585766991e+01 3.44677590293572e-08 5.39356733818642e-09 
1.29166943597844e+01 3.07117876253099e-08 4.83166555818629e-09 
1.29328301428697e+01 2.73493128580290e-08 4.32556663942474e-09 
1.29489659259550e+01 2.43410058796895e-08 3.87004960796616e-09 
1.29651017090403e+01 2.16512453855731e-08 3.46034502395197e-09 
1.29812374921256e+01 1.92477939173159e-08 3.09210012623755e-09 
1.29973732752109e+01 1.71014994846742e-08 2.76134619244073e-09 
1.30135090582962e+01 1.51860208597269e-08 2.46446802889669e-09 
1.30296448413816e+01 1.34775749655558e-08 2.19817550110997e-09 
1.30457806244669e+01 1.19547048517621e-08 1.95947701268328e-09 
1.30619164075522e+01 1.05980668208039e-08 1.74565483921881e-09 
1.30780521906375e+01 9.39023534128886e-09 1.55424222317936e-09 
1.30941879737228e+01 8.31552445637773e-09 1.38300213602521e-09 
1.31103237568081e+01 7.35982446676808e-09 1.22990761498362e-09 
1.31264595398934e+01 6.51045273786889e-09 1.09312358344497e-09 
1.31425953229787e+01 5.75601754933994e-09 9.70990066113618e-10 
1.31587311060640e+01 5.08629397183845e-09 8.62006712577717e-10 
1.31748668891493e+01 4.49211082032621e-09 7.64818545821237e-10 
1.31910026722346e+01 3.96524779544376e-09 6.78202855308737e-10 
1.32071384553199e+01 3.49834198410122e-09 6.01057157566735e-10 
1.32232742384052e+01 3.08480294746280e-09 5.32388150607565e-10 
1.32394100214905e+01 2.71873567884390e-09 4.71301592044423e-10 
1.32555458045758e+01 2.39487076566228e-09 4.16993034287302e-10 
1.32716815876611e+01 2.10850113848099e-09 3.68739353752905e-10 
1.32878173707464e+01 1.85542483636891e-09 3.25891014536515e-10 
1.33039531538317e+01 1.63189326132319e-09 2.87865010454649e-10 
1.33200889369170e+01 1.43456443540244e-09 2.54138432752815e-10 
1.33362247200023e+01 1.26046081257895e-09 2.24242614065369e-10 
1.33523605030876e+01 1.10693123321354e-09 1.97757802400633e-10 
1.33684962861729e+01 9.71616642576662e-10 1.74308321993162e-10 
1.33846320692582e+01 8.52419226080019e-10 1.53558180808487e-10 
1.34007678523435e+01 7.47474642944317e-10 1.35207087297955e-10 
1.34169036354288e+01 6.55127067014421e-10 1.18986841678995e-10 
1.34330394185141e+01 5.73906768447896e-10 1.04658069557282e-10 
1.34491752015994e+01 5.02509993152241e-10 9.20072681116810e-11 
1.34653109846847e+01 4.39780918234840e-10 8.08441373312964e-11 
1.34814467677700e+01 3.84695481461034e-10 7.09991709286546e-11 
1.34975825508553e+01 3.36346900891121e-10 6.23214835567322e-11 
1.35137183339406e+01 2.93932717584895e-10 5.46768528339652e-11 
1.35298541170259e+01 2.56743209617943e-10 4.79459564346317e-11 
1.35459899001112e+01 2.24151039739169e-10 4.20227861367700e-11 
1.35621256831965e+01 1.95602011901834e-10 3.68132222409896e-11 
1.35782614662818e+01 1.70606823704965e-10 3.22337531863587e-11 
1.35943972493671e+01 1.48733712568190e-10 2.82103264992992e-11 
1.36105330324524e+01 1.29601903306734e-10 2.46773184234961e-11 
1.36266688155377e+01 1.12875773746154e-10 2.15766106986150e-11 
1.36428045986230e+01 9.82596631858666e-11 1.88567639884722e-11 
1.36589403817083e+01 8.54932559501525e-11 1.64722784104765e-11 
1.36750761647936e+01 7.43474790145169e-11 1.43829324928120e-11 
1.36912119478789e+01 6.46208588197266e-11 1.25531926889313e-11 
1.37073477309642e+01 5.61362879373312e-11 1.09511990313510e-11 
1.37234835140495e+01 4.87387308607723e-11 9.54851084482344e-12 
1.37396192971348e+01 4.22926798926691e-11 8.32062990459508e-12 
1.37557550802202e+01 3.66790278252506e-11 7.24642558675727e-12 
1.37718908633055e+01 3.17931231820513e-11 6.30724821703108e-12 
1.37880266463908e+01 2.75430775516079e-11 5.48663192338575e-12 
1.38041624294761e+01 2.38482628451155e-11 4.77004955892831e-12 
1.38202982125614e+01 2.06379782585371e-11 4.14469372723575e-12 
1.38364339956467e+01 1.78502687305562e-11 3.59928131197425e-12 
1.38525697787320e+01 1.54308785168910e-11 3.12387914788559e-12 
1.38687055618173e+01 1.33323251629322e-11 2.70974868716007e-12 
1.38848413449026e+01 1.15130806637300e-11 2.34920771488703e-12 
1.39009771279879e+01 9.93684796556701e-12 2.03550735070496e-12 
1.39171129110732e+01 8.57192219844768e-12 1.76272274197906e-12 
1.39332486941585e+01 7.39062714480389e-12 1.52565600780850e-12 
1.39493844772438e+01 6.36881845679139e-12 1.31975013387602e-12 
1.39655202603291e+01 5.48544604226670e-12 1.14101264653155e-12 
1.39816560434144e+01 4.72216885671497e-12 9.85948011446304e-13 
1.39977918264997e+01 4.06301607322777e-12 8.51497808539901e-13 
1.40139276095850e+01 3.49408926265207e-12 7.34987831484918e-13 
1.40300633926703e+01 3.00330080820391e-12 6.34081347701051e-13 
1.40461991757556e+01 2.58014430955730e-12 5.46737834091676e-13 
1.40623349588409e+01 2.21549320654893e-12 4.71176575531441e-13 
1.40784707419262e+01 1.90142427755721e-12 4.05844577924175e-13 
1.40946065250115e+01 1.63106304723364e-12 3.49388306112542e-13 
1.41107423080968e+01 1.39844847707070e-12 3.00628809590097e-13 
1.41268780911821e+01 1.19841461436885e-12 2.58539846358577e-13 
1.41430138742674e+01 1.02648714423340e-12 2.22228657865825e-13 
1.41591496573527e+01 8.78793028664953e-13 1.90919086193982e-13 
1.41752854404380e+01 7.51981629666970e-13 1.63936758949918e-13 
1.41914212235233e+01 6.43155902351991e-13 1.40696098014351e-13 
1.42075570066086e+01 5.49812411790972e-13 1.20688935775667e-13 
1.42236927896939e+01 4.69789076081362e-13 1.03474547023453e-13 
1.42398285727792e+01 4.01219669849510e-13 8.86709265924172e-14 
1.42559643558645e+01 3.42494238989767e-13 7.59471623917329e-14 
1.42721001389498e+01 2.92224680529190e-13 6.50167708667749e-14 
1.42882359220351e+01 2.49214832577696e-13 5.56318774366566e-14 
1.43043717051204e+01 2.12434499711183e-13 4.75781382291339e-14 
1.43205074882057e+01 1.80996910033007e-13 4.06703116728598e-14 
1.43366432712910e+01 1.54139162635820e-13 3.47483993673603e-14 
1.43527790543763e+01 1.31205279196336e-13 2.96742852795376e-14 
1.43689148374616e+01 1.11631521832999e-13 2.53288108438208e-14 
1.43850506205469e+01 9.49336819018452e-14 2.16092310900759e-14 
1.44011864036322e+01 8.06960817770504e-14 1.84270035959568e-14 
1.44173221867175e+01 6.85620644633173e-14 1.57058679546069e-14 
1.44334579698028e+01 5.82257746541261e-14 1.33801786507441e-14 
1.44495937528881e+01 4.94250600596712e-14 1.13934588254736e-14 
1.44657295359735e+01 4.19353439041777e-14 9.69714645189868e-15 
1.44818653190588e+01 3.55643388093180e-14 8.24950800162713e-15 
1.44980011021441e+01 3.01474891708706e-14 7.01469781188737e-15 
1.45141368852294e+01 2.55440438935606e-14 5.96194411350186e-15 
1.45302726683147e+01 2.16336742340841e-14 5.06484509537565e-15 
1.45464084514000e+01 1.83135627441763e-14 4.30076050057844e-15 
1.45625442344853e+01 1.54958991067965e-14 3.65028610733205e-15 
1.45786800175706e+01 1.31057271976269e-14 3.09680007617699e-15 
1.45948158006559e+01 1.10790951384219e-14 2.62607156971631e-15 
1.46109515837412e+01 9.36146657672040e-15 2.22592329794441e-15 
1.46270873668265e+01 7.90635704977421e-15 1.88594073180371e-15 
1.46432231499118e+01 6.67416417618828e-15 1.59722167933077e-15 
1.46593589329971e+01 5.63116466059540e-15 1.35216074940254e-15 
1.46754947160824e+01 4.74865477703174e-15 1.14426395255019e-15 
1.46916304991677e+01 4.00221418770471e-15 9.67989319697486e-16 
1.47077662822530e+01 3.37107571873518e-15 8.18534792949847e-16 
1.47239020653383e+01 2.83766772792387e-15 6.91763567101435e-16 
1.47400378484236e+01 2.38715373853237e-15 5.84240802607656e-16 
1.47561736315089e+01 2.00690249713795e-15 4.93106140075458e-16 
1.47723094145942e+01 1.68616626437320e-15 4.15915096749914e-16 
1.47884451976795e+01 1.41580663375561e-15 3.50579173737430e-16 
1.48045809807648e+01 1.18805919495752e-15 2.95315396272884e-16 
1.48207167638501e+01 9.96331706480872e-16 2.48602788900758e-16 
1.48368525469354e+01 8.35031149308384e-16 2.09144866271245e-16 
1.48529883300207e+01 6.99415650121138e-16 1.75837336942709e-16 
1.48691241131060e+01 5.85467800856087e-16 1.47740320241808e-16 
1.48852598961913e+01 4.89786370280114e-16 1.24054466432229e-16 
1.49013956792766e+01 4.09493811353631e-16 1.04100449594137e-16 
1.49175314623619e+01 3.42157322950577e-16 8.73013719861384e-17 
1.49336672454472e+01 2.85721532628589e-16 7.31676793841359e-17 
1.49498030285325e+01 2.38451134461911e-16 6.12842399811233e-17 
1.49659388116178e+01 1.98882047625889e-16 5.12992857933534e-17 
1.49820745947031e+01 1.65779862003775e-16 4.29149559572112e-17 
1.49982103777884e+01 1.38104510572781e-16 3.58792488700633e-17 
1.50143461608737e+01 1.14981692441016e-16 2.99789307226952e-17 
1.50304819439590e+01 9.56759219557389e-17 2.50338799899697e-17 
1.50466177270443e+01 7.95665986832772e-17 2.08922217509147e-17 
1.50627535101296e+01 6.61323798542630e-17 1.74255580792795e-17 
1.50788892932149e+01 5.49355862848160e-17 1.45256486569084e-17 
1.50950250763002e+01 4.56090107485242e-17 1.21013074443098e-17 
1.51111608593855e+01 3.78447666027467e-17 1.00757668956212e-17 
1.51272966424708e+01 3.13848677704232e-17 8.38444096263016e-18 
1.51434324255561e+01 2.60132768462733e-17 6.97302796942050e-18 
1.51595682086414e+01 2.15491971921099e-17 5.79590291274008e-18 
1.51757039917267e+01 1.78414183267263e-17 4.81475603531398e-18 
1.51918397748121e+01 1.47635524949494e-17 3.99744078885626e-18 
1.52079755578974e+01 1.22100247040422e-17 3.31699968882810e-18 
1.52241113409827e+01 1.00926993362595e-17 2.75084118450381e-18 
1.52402471240680e+01 8.33804419528354e-18 2.28004463034560e-18 
1.52563829071533e+01 6.88474796220915e-18 1.88877383898483e-18 
1.52725186902386e+01 5.68171990318865e-18 1.56378260113172e-18 
1.52886544733239e+01 4.68641161225220e-18 1.29399804182198e-18 
1.53047902564092e+01 3.86340986974135e-18 1.07016980469996e-18 
1.53209260394945e+01 3.18325759012815e-18 8.84574867661509e-19 
1.53370618225798e+01 2.62146652936222e-18 7.30769338293115e-19 
1.53531976056651e+01 2.15769109837130e-18 6.03379894237885e-19 
1.53693333887504e+01 1.77503743754487e-18 4.97928654723782e-19 
1.53854691718357e+01 1.45948597664243e-18 4.10686223266726e-19 
1.54016049549210e+01 1.19940914642154e-18 3.38548452319407e-19 
1.54177407380063e+01 9.85168817012076e-19 2.78933169260725e-19 
1.54338765210916e+01 8.08780494410150e-19 2.29693687538154e-19 
1.54500123041769e+01 6.63633379242114e-19 1.89046422359135e-19 
1.54661480872622e+01 5.44257139764521e-19 1.55510350248487e-19 
1.54822838703475e+01 4.46127723786525e-19 1.27856407319507e-19 
1.54984196534328e+01 3.65505774224837e-19 1.05065221886467e-19 
1.55145554365181e+01 2.99302256342688e-19 8.62918313109795e-20 
1.55306912196034e+01 2.44966781951505e-19 7.08362477535137e-20 
1.55468270026887e+01 2.00394852891211e-19 5.81189187886719e-20 
1.55629627857740e+01 1.63850864919470e-19 4.76602817462131e-20 
1.55790985688593e+01 1.33904232331399e-19 3.90637395072135e-20 
1.55952343519446e+01 1.09376428934979e-19 3.20014940142285e-20 
1.56113701350299e+01 8.92971057256177e-20 2.62027650886510e-20 
1.56275059181152e+01 7.28677509721149e-20 2.14439989560646e-20 
1.56436417012005e+01 5.94316139293487e-20 1.75407354251598e-20 
1.56597774842858e+01 4.84488270284146e-20 1.43408568667228e-20 
1.56759132673711e+01 3.94758399032699e-20 1.17189876217020e-20 
1.56920490504564e+01 3.21484276700895e-20 9.57185060692733e-21 
1.57081848335417e+01 2.61676602577622e-20 7.81441984686429e-21 
1.57243206166270e+01 2.12883233111742e-20 6.37673442260911e-21 
1.57404563997123e+01 1.73093676273954e-20 5.20126172491536e-21 
1.57565921827976e+01 1.40660360715472e-20 4.24071662634914e-21 
1.57727279658829e+01 1.14233768307728e-20 3.45625883875378e-21 
1.57888637489682e+01 9.27090169391470e-21 2.81600379307232e-21 
1.58049995320535e+01 7.51818946048711e-21 2.29377517791355e-21 
1.58211353151388e+01 6.09114490947778e-21 1.86679149618491e-21 
1.58372710982241e+01 4.93117780352473e-21 1.51774583103545e-21 
1.58534068813094e+01 3.98850027140293e-21 1.23289087020193e-21 
1.58695426643947e+01 3.22369756861527e-21 1.00046024836396e-21 
1.58856784474800e+01 2.60335583906902e-21 8.11115318106415e-22 
1.59018142305653e+01 2.10105382911878e-21 6.56857194072261e-22 
1.59179500136507e+01 1.69448845211938e-21 5.31313664893870e-22 
1.59340857967360e+01 1.36609892038984e-21 4.29092784252084e-22 
1.59502215798213e+01 1.10109205023384e-21 3.45961573652998e-22 
1.59663573629066e+01 8.87793262507651e-22 2.78332092055752e-22 
1.59824931459919e+01 7.16389678068985e-22 2.23353776687731e-22 
1.59986289290772e+01 5.79162809928359e-22 1.78603491863394e-22 
1.60147647121625e+01 4.69660442765667e-22 1.42150195845126e-22 
1.60309004952478e+01 3.82841930184881e-22 1.12356724823016e-22 
1.60470362783331e+01 3.14525972834861e-22 8.79171708070092e-23 
1.60631720614184e+01 2.61482615023213e-22 6.77215180548056e-23 
1.60793078445037e+01 2.21068023353532e-22 5.08707812956179e-23 
1.60954436275890e+01 1.91297002625391e-22 3.65910312532707e-23 
1.61115794106743e+01 1.70596730444787e-22 2.42389155628959e-23 
1.61277151937596e+01 1.57871878147326e-22 1.84600494109205e-23 
