Energy(eV)           EEDF(eV^-(3/2))      Anisotropy(eV^-(3/2))
4.07483346643666e-03 3.65156722268923e-01 2.20210819720400e-05 
1.22245003993100e-02 3.65132302295898e-01 3.17071775700969e-05 
2.03741673321833e-02 3.65107999864963e-01 4.17887869167521e-05 
2.85238342650566e-02 3.65084343196654e-01 4.80593582513904e-05 
3.66735011979299e-02 3.65063282456784e-01 5.17846275631239e-05 
4.48231681308032e-02 3.65044254189210e-01 5.46235639375014e-05 
5.29728350636765e-02 3.65026920826101e-01 5.60173886678989e-05 
6.11225019965498e-02 3.65011956069936e-01 5.50718917364630e-05 
6.92721689294231e-02 3.64999917349662e-01 5.24545126360165e-05 
7.74218358622965e-02 3.64990369537755e-01 4.98615492488828e-05 
8.55715027951698e-02 3.64982470954405e-01 4.70698165819083e-05 
9.37211697280431e-02 3.64976324661019e-01 4.27627858589397e-05 
1.01870836660916e-01 3.64971914059263e-01 3.83919306721797e-05 
1.10020503593790e-01 3.64968483812066e-01 3.52795262307500e-05 
1.18170170526663e-01 3.64965784063105e-01 3.23159922790402e-05 
1.26319837459536e-01 3.64963698500926e-01 2.98015000363926e-05 
1.34469504392410e-01 3.64961972821738e-01 2.77273946027703e-05 
1.42619171325283e-01 3.64960602167224e-01 2.51745878337242e-05 
1.50768838258156e-01 3.64959569817877e-01 2.25926639968055e-05 
1.58918505191030e-01 3.64958770372469e-01 2.04958690628890e-05 
1.67068172123903e-01 3.64958139101187e-01 1.85692377487581e-05 
1.75217839056776e-01 3.64957654178588e-01 1.70412994468041e-05 
1.83367505989650e-01 3.64957240956332e-01 1.60018267854960e-05 
1.91517172922523e-01 3.64956897827522e-01 1.48008191106680e-05 
1.99666839855396e-01 3.64956621851718e-01 1.38085036516103e-05 
2.07816506788269e-01 3.64956380254915e-01 1.36106802008617e-05 
2.15966173721143e-01 3.64956138528761e-01 1.38709949336021e-05 
2.24115840654016e-01 3.64955897215161e-01 1.41106591412704e-05 
2.32265507586889e-01 3.64955656834742e-01 1.43296730758615e-05 
2.40415174519763e-01 3.64955417886851e-01 1.45280370003355e-05 
2.48564841452636e-01 3.64955180849555e-01 1.50305687513372e-05 
2.56714508385509e-01 3.64954925450624e-01 1.65883145960585e-05 
2.64864175318383e-01 3.64954602262975e-01 1.88439917645547e-05 
2.73013842251256e-01 3.64954201316933e-01 2.12068229407959e-05 
2.81163509184129e-01 3.64953712074948e-01 2.36766971954252e-05 
2.89313176117003e-01 3.64953123431635e-01 2.62535340848996e-05 
2.97462843049876e-01 3.64952423713812e-01 2.90022019833851e-05 
3.05612509982749e-01 3.64951594131784e-01 3.22038495124289e-05 
3.13762176915622e-01 3.64950589398802e-01 3.57739836215711e-05 
3.21911843848496e-01 3.64949388562382e-01 3.94855820232757e-05 
3.30061510781369e-01 3.64947969677296e-01 4.33385527817230e-05 
3.38211177714242e-01 3.64946309805748e-01 4.73328216371545e-05 
3.46360844647116e-01 3.64944385017586e-01 5.14820664765483e-05 
3.54510511579989e-01 3.64942168261522e-01 5.60341164384248e-05 
3.62660178512862e-01 3.64939592326212e-01 6.09550179748272e-05 
3.70809845445736e-01 3.64936623236327e-01 6.60394622007796e-05 
3.78959512378609e-01 3.64933225686119e-01 7.12873755961081e-05 
3.87109179311482e-01 3.64929363039975e-01 7.66986885643432e-05 
3.95258846244356e-01 3.64924997333036e-01 8.22733332507215e-05 
4.03408513177229e-01 3.64920089271898e-01 8.79071630386187e-05 
4.11558180110102e-01 3.64914622083271e-01 9.35975982597940e-05 
4.19707847042976e-01 3.64908559165179e-01 9.94344118107727e-05 
4.27857513975849e-01 3.64901860735837e-01 1.05425681989647e-04 
4.36007180908722e-01 3.64894485824341e-01 1.11571338813818e-04 
4.44156847841595e-01 3.64886392271659e-01 1.17871307945974e-04 
4.52306514774469e-01 3.64877536731705e-01 1.24325510215748e-04 
4.60456181707342e-01 3.64867874672520e-01 1.30933861167426e-04 
4.68605848640215e-01 3.64857360377538e-01 1.37696270633745e-04 
4.76755515573089e-01 3.64845946946965e-01 1.44612642325657e-04 
4.84905182505962e-01 3.64833586299267e-01 1.51682873427476e-04 
4.93054849438835e-01 3.64820229172773e-01 1.58906854202947e-04 
5.01204516371709e-01 3.64805825127401e-01 1.66239747552214e-04 
5.09354183304582e-01 3.64790338294253e-01 1.73658512186772e-04 
5.17503850237455e-01 3.64773726220281e-01 1.81204135768462e-04 
5.25653517170329e-01 3.64755937154448e-01 1.88898731624497e-04 
5.33803184103202e-01 3.64736918239820e-01 1.96742156080265e-04 
5.41952851036075e-01 3.64716615515829e-01 2.04734256696580e-04 
5.50102517968948e-01 3.64694973920685e-01 2.12874871907248e-04 
5.58252184901822e-01 3.64671937293931e-01 2.21163830642988e-04 
5.66401851834695e-01 3.64647448379170e-01 2.29600951953736e-04 
5.74551518767568e-01 3.64621448826936e-01 2.38186044626121e-04 
5.82701185700442e-01 3.64593879197755e-01 2.46918906798064e-04 
5.90850852633315e-01 3.64564678965366e-01 2.55799325565011e-04 
5.99000519566188e-01 3.64533786520135e-01 2.64827076583436e-04 
6.07150186499062e-01 3.64501139172651e-01 2.74001923670165e-04 
6.15299853431935e-01 3.64466673157525e-01 2.83323618394142e-04 
6.23449520364808e-01 3.64430323637385e-01 2.92791899664916e-04 
6.31599187297682e-01 3.64392024707083e-01 3.02406493314456e-04 
6.39748854230555e-01 3.64351709398119e-01 3.12167111674650e-04 
6.47898521163428e-01 3.64309309683286e-01 3.22073453149599e-04 
6.56048188096302e-01 3.64264756481548e-01 3.32125201784589e-04 
6.64197855029175e-01 3.64217979663155e-01 3.42322026827587e-04 
6.72347521962048e-01 3.64168908054997e-01 3.52663582286336e-04 
6.80497188894922e-01 3.64117469446219e-01 3.63149506480998e-04 
6.88646855827795e-01 3.64063590594091e-01 3.73779421593062e-04 
6.96796522760668e-01 3.64007197230141e-01 3.84549577546778e-04 
7.04946189693541e-01 3.63948216053913e-01 3.95431299269196e-04 
7.13095856626415e-01 3.63886587942205e-01 4.06427897130055e-04 
7.21245523559288e-01 3.63822236643269e-01 4.17565432827759e-04 
7.29395190492161e-01 3.63755084926425e-01 4.28843447083660e-04 
7.37544857425035e-01 3.63685054589477e-01 4.40261462029983e-04 
7.45694524357908e-01 3.63612066466451e-01 4.51818980739676e-04 
7.53844191290781e-01 3.63536040435622e-01 4.63515486753106e-04 
7.61993858223655e-01 3.63456895427887e-01 4.75350443599509e-04 
7.70143525156528e-01 3.63374549435442e-01 4.87323294318036e-04 
7.78293192089401e-01 3.63288919520804e-01 4.99433460972893e-04 
7.86442859022275e-01 3.63199921826180e-01 5.11680344166295e-04 
7.94592525955148e-01 3.63107471583178e-01 5.24063322550964e-04 
8.02742192888021e-01 3.63011483122876e-01 5.36581752335385e-04 
8.10891859820895e-01 3.62911869886266e-01 5.49234966789547e-04 
8.19041526753768e-01 3.62808544435061e-01 5.62022275752763e-04 
8.27191193686641e-01 3.62701418462889e-01 5.74942965131670e-04 
8.35340860619514e-01 3.62590402806874e-01 5.87996296398249e-04 
8.43490527552388e-01 3.62475407459618e-01 6.01181506091149e-04 
8.51640194485261e-01 3.62356341581577e-01 6.14497805311287e-04 
8.59789861418134e-01 3.62233113513865e-01 6.27944379218487e-04 
8.67939528351008e-01 3.62105630791463e-01 6.41520386524937e-04 
8.76089195283881e-01 3.61973800156865e-01 6.55224958989954e-04 
8.84238862216754e-01 3.61837527574153e-01 6.69057200915134e-04 
8.92388529149628e-01 3.61696718243525e-01 6.83016188638665e-04 
9.00538196082501e-01 3.61551276616257e-01 6.97100970028868e-04 
9.08687863015374e-01 3.61401106410139e-01 7.11310563977945e-04 
9.16837529948248e-01 3.61246110625363e-01 7.25643959900764e-04 
9.24987196881121e-01 3.61086191560898e-01 7.40100117229821e-04 
9.33136863813994e-01 3.60921250831326e-01 7.54677964912048e-04 
9.41286530746868e-01 3.60751189384181e-01 7.69376400910914e-04 
9.49436197679741e-01 3.60575907517777e-01 7.84194291708520e-04 
9.57585864612614e-01 3.60395304899528e-01 7.99130471809748e-04 
9.65735531545487e-01 3.60209280584790e-01 8.14183743248543e-04 
9.73885198478361e-01 3.60017733036206e-01 8.29352875098073e-04 
9.82034865411234e-01 3.59820560143578e-01 8.44636602986356e-04 
9.90184532344107e-01 3.59617659244259e-01 8.60033628612425e-04 
9.98334199276981e-01 3.59408927144090e-01 8.75284036871118e-04 
1.00648386620985e+00 3.59194508593477e-01 8.89769981431830e-04 
1.01463353314273e+00 3.58974909497082e-01 9.03745575244063e-04 
1.02278320007560e+00 3.58750052936494e-01 9.17806056095461e-04 
1.03093286700847e+00 3.58519861755213e-01 9.31950305409581e-04 
1.03908253394135e+00 3.58284258573585e-01 9.46177180279341e-04 
1.04723220087422e+00 3.58043165804051e-01 9.60485513215317e-04 
1.05538186780709e+00 3.57796505666699e-01 9.74874111898812e-04 
1.06353153473997e+00 3.57544200205132e-01 9.89341758941372e-04 
1.07168120167284e+00 3.57286171302639e-01 1.00388721164625e-03 
1.07983086860571e+00 3.57022340698688e-01 1.01850920177718e-03 
1.08798053553859e+00 3.56752630005731e-01 1.03320643532977e-03 
1.09613020247146e+00 3.56476960726326e-01 1.04797759231006e-03 
1.10427986940433e+00 3.56195254270573e-01 1.06282132651781e-03 
1.11242953633721e+00 3.55907431973875e-01 1.07773626533206e-03 
1.12057920327008e+00 3.55613415115020e-01 1.09272100950936e-03 
1.12872887020295e+00 3.55313124934573e-01 1.10777413298420e-03 
1.13687853713583e+00 3.55006482653602e-01 1.12289418267405e-03 
1.14502820406870e+00 3.54693409492722e-01 1.13807967829368e-03 
1.15317787100157e+00 3.54373826691457e-01 1.15332911217571e-03 
1.16132753793445e+00 3.54047655527932e-01 1.16864094909832e-03 
1.16947720486732e+00 3.53714817338884e-01 1.18401362612011e-03 
1.17762687180019e+00 3.53375233539996e-01 1.19944555242214e-03 
1.18577653873307e+00 3.53028825646555e-01 1.21493510915790e-03 
1.19392620566594e+00 3.52675515294430e-01 1.23048064931246e-03 
1.20207587259881e+00 3.52315224261375e-01 1.24654376664112e-03 
1.21022553953169e+00 3.51947334728022e-01 1.26326895719269e-03 
1.21837520646456e+00 3.51571577781822e-01 1.28020253946506e-03 
1.22652487339743e+00 3.51187858039487e-01 1.29719545914663e-03 
1.23467454033031e+00 3.50796080335818e-01 1.31424558818449e-03 
1.24282420726318e+00 3.50396149754373e-01 1.33135076090414e-03 
1.25097387419605e+00 3.49987971658613e-01 1.34850877387173e-03 
1.25912354112893e+00 3.49571451723511e-01 1.36571738577271e-03 
1.26727320806180e+00 3.49146495967643e-01 1.38297431730597e-03 
1.27542287499467e+00 3.48713010785727e-01 1.40027725109060e-03 
1.28357254192755e+00 3.48270902981640e-01 1.41762383159001e-03 
1.29172220886042e+00 3.47820079801881e-01 1.43501166505234e-03 
1.29987187579329e+00 3.47360448969496e-01 1.45212275388842e-03 
1.30802154272617e+00 3.46892321629038e-01 1.46862108409896e-03 
1.31617120965904e+00 3.46416049182946e-01 1.48481576253877e-03 
1.32432087659191e+00 3.45931558825766e-01 1.50103391681364e-03 
1.33247054352479e+00 3.45438778308923e-01 1.51727337502052e-03 
1.34062021045766e+00 3.44937635967543e-01 1.53353193626026e-03 
1.34876987739053e+00 3.44428060747547e-01 1.54980737071534e-03 
1.35691954432341e+00 3.43909982233009e-01 1.56609741973958e-03 
1.36506921125628e+00 3.43383330673763e-01 1.58239979596116e-03 
1.37321887818915e+00 3.42848037013270e-01 1.59871218339965e-03 
1.38136854512203e+00 3.42304032916726e-01 1.61503223759924e-03 
1.38951821205490e+00 3.41751250799406e-01 1.63135758577546e-03 
1.39766787898777e+00 3.41189623855243e-01 1.64768582697564e-03 
1.40581754592065e+00 3.40619086085634e-01 1.66401453225680e-03 
1.41396721285352e+00 3.40039572328456e-01 1.68034124487745e-03 
1.42211687978639e+00 3.39451018287300e-01 1.69666348050541e-03 
1.43026654671927e+00 3.38853360560900e-01 1.71297872744116e-03 
1.43841621365214e+00 3.38246536672762e-01 1.72928444685795e-03 
1.44656588058501e+00 3.37630485100970e-01 1.74557807305780e-03 
1.45471554751789e+00 3.37005145308177e-01 1.76185701374293e-03 
1.46286521445076e+00 3.36370457771758e-01 1.77811865030639e-03 
1.47101488138363e+00 3.35726364014123e-01 1.79436033813827e-03 
1.47916454831651e+00 3.35072806633173e-01 1.81057940694805e-03 
1.48731421524938e+00 3.34409729332902e-01 1.82677316110618e-03 
1.49546388218225e+00 3.33737076954119e-01 1.84293888000304e-03 
1.50361354911513e+00 3.33054795505292e-01 1.85772582150684e-03 
1.51176321604800e+00 3.32364831758263e-01 1.87106496982234e-03 
1.51991288298087e+00 3.31667281812215e-01 1.88428330852347e-03 
1.52806254991375e+00 3.30962123337445e-01 1.89745900766270e-03 
1.53621221684662e+00 3.30249334870517e-01 1.91059022688853e-03 
1.54436188377949e+00 3.29528895828348e-01 1.92367511644461e-03 
1.55251155071237e+00 3.28800786522269e-01 1.93671181745654e-03 
1.56066121764524e+00 3.28064988172031e-01 1.94969846222404e-03 
1.56881088457811e+00 3.27321482919776e-01 1.96263317452190e-03 
1.57696055151099e+00 3.26570253843939e-01 1.97551406990907e-03 
1.58511021844386e+00 3.25811284973101e-01 1.98833925604307e-03 
1.59325988537673e+00 3.25044561299774e-01 2.00110683300295e-03 
1.60140955230961e+00 3.24270068794115e-01 2.01381489362040e-03 
1.60955921924248e+00 3.23487794417561e-01 2.02646152381755e-03 
1.61770888617535e+00 3.22697726136390e-01 2.03904480295162e-03 
1.62585855310823e+00 3.21899852935182e-01 2.05156280416752e-03 
1.63400822004110e+00 3.21094164830199e-01 2.06401359475941e-03 
1.64215788697397e+00 3.20280652882654e-01 2.07639523653609e-03 
1.65030755390685e+00 3.19459309211883e-01 2.08870578619655e-03 
1.65845722083972e+00 3.18630127008402e-01 2.10094329571324e-03 
1.66660688777259e+00 3.17793100546840e-01 2.11310581271983e-03 
1.67475655470547e+00 3.16948225198759e-01 2.12519138090803e-03 
1.68290622163834e+00 3.16095497445335e-01 2.13719804043268e-03 
1.69105588857121e+00 3.15234914889905e-01 2.14912382832199e-03 
1.69920555550409e+00 3.14366476270371e-01 2.16096677889497e-03 
1.70735522243696e+00 3.13490181471454e-01 2.17272492418784e-03 
1.71550488936983e+00 3.12606031536791e-01 2.18439629438541e-03 
1.72365455630271e+00 3.11714028680871e-01 2.19597891826070e-03 
1.73180422323558e+00 3.10814176300801e-01 2.20747082362108e-03 
1.73995389016845e+00 3.09906478987896e-01 2.21887003776090e-03 
1.74810355710133e+00 3.08990942539086e-01 2.23017458792179e-03 
1.75625322403420e+00 3.08067573968133e-01 2.24138250175763e-03 
1.76440289096707e+00 3.07136381516660e-01 2.25249180780816e-03 
1.77255255789995e+00 3.06197374664962e-01 2.26350053597927e-03 
1.78070222483282e+00 3.05250564142624e-01 2.27440671802674e-03 
1.78885189176569e+00 3.04295961938909e-01 2.28520838804935e-03 
1.79700155869857e+00 3.03333581312936e-01 2.29590358298762e-03 
1.80515122563144e+00 3.02363436803616e-01 2.30649034312722e-03 
1.81330089256431e+00 3.01385544239360e-01 2.31696671260980e-03 
1.82145055949719e+00 3.00399920747538e-01 2.32733073994870e-03 
1.82960022643006e+00 2.99406584763691e-01 2.33758047855093e-03 
1.83774989336293e+00 2.98405556040483e-01 2.34771398724470e-03 
1.84589956029581e+00 2.97396855656393e-01 2.35772933081207e-03 
1.85404922722868e+00 2.96380506024131e-01 2.36762458052757e-03 
1.86219889416155e+00 2.95356530898776e-01 2.37739781470090e-03 
1.87034856109443e+00 2.94324955385637e-01 2.38704711922579e-03 
1.87849822802730e+00 2.93285805947813e-01 2.39657058813341e-03 
1.88664789496017e+00 2.92239110413458e-01 2.40596632414963e-03 
1.89479756189304e+00 2.91184897982743e-01 2.41523243925800e-03 
1.90294722882592e+00 2.90123199234504e-01 2.42602875962534e-03 
1.91109689575879e+00 2.89051090048831e-01 2.43859400619136e-03 
1.91924656269166e+00 2.87968112725216e-01 2.45126106966152e-03 
1.92739622962454e+00 2.86874286511262e-01 2.46376017715217e-03 
1.93554589655741e+00 2.85769633278252e-01 2.47608786047670e-03 
1.94369556349028e+00 2.84654177546405e-01 2.48824066228257e-03 
1.95184523042316e+00 2.83527946509411e-01 2.50021513744099e-03 
1.95999489735603e+00 2.82390970058202e-01 2.51200785445296e-03 
1.96814456428890e+00 2.81243280803936e-01 2.52361539687228e-03 
1.97629423122178e+00 2.80084914100179e-01 2.53503436474525e-03 
1.98444389815465e+00 2.78915908064249e-01 2.54626137606626e-03 
1.99259356508752e+00 2.77736303597696e-01 2.55729306824822e-03 
2.00074323202040e+00 2.76546144405900e-01 2.56812609960768e-03 
2.00889289895327e+00 2.75345477016750e-01 2.57875715086461e-03 
2.01704256588614e+00 2.74134350798393e-01 2.58918292665422e-03 
2.02519223281902e+00 2.72912817976012e-01 2.59940015705143e-03 
2.03334189975189e+00 2.71680933647618e-01 2.60940559910857e-03 
2.04149156668476e+00 2.70438755798832e-01 2.61919603840168e-03 
2.04964123361764e+00 2.69186345316617e-01 2.62876829058855e-03 
2.05779090055051e+00 2.67923766001961e-01 2.63811920297646e-03 
2.06594056748338e+00 2.66651084581462e-01 2.64724565609707e-03 
2.07409023441626e+00 2.65368370717801e-01 2.65614456529051e-03 
2.08223990134913e+00 2.64075697019081e-01 2.66481288229538e-03 
2.09038956828200e+00 2.62773139047013e-01 2.67324759684451e-03 
2.09853923521488e+00 2.61460775323904e-01 2.68084093783415e-03 
2.10668890214775e+00 2.60139896760499e-01 2.68632532192672e-03 
2.11483856908062e+00 2.58813152768247e-01 2.69033237534663e-03 
2.12298823601350e+00 2.57480625622329e-01 2.69414887265491e-03 
2.13113790294637e+00 2.56142399013977e-01 2.69777361986655e-03 
2.13928756987924e+00 2.54798558041421e-01 2.70120545539691e-03 
2.14743723681212e+00 2.53449189200306e-01 2.70444325064448e-03 
2.15558690374499e+00 2.52094380373591e-01 2.70748591056760e-03 
2.16373657067786e+00 2.50734220820915e-01 2.71033237425552e-03 
2.17188623761074e+00 2.49368801167446e-01 2.71298161549237e-03 
2.18003590454361e+00 2.47998213392188e-01 2.71543264331450e-03 
2.18818557147648e+00 2.46622550815765e-01 2.71768450256091e-03 
2.19633523840936e+00 2.45241908087674e-01 2.71979783587370e-03 
2.20448490534223e+00 2.43856253285265e-01 2.72292984611952e-03 
2.21263457227510e+00 2.42463268343005e-01 2.72699223798207e-03 
2.22078423920798e+00 2.41063062468554e-01 2.73080979709578e-03 
2.22893390614085e+00 2.39655747162338e-01 2.73438080955906e-03 
2.23708357307372e+00 2.38241436203278e-01 2.73770361533287e-03 
2.24523324000660e+00 2.36820245633434e-01 2.74077660935123e-03 
2.25338290693947e+00 2.35392293741551e-01 2.74359824261968e-03 
2.26153257387234e+00 2.33957701045507e-01 2.74616702329978e-03 
2.26968224080522e+00 2.32516590273659e-01 2.74848151777929e-03 
2.27783190773809e+00 2.31069086345071e-01 2.75054035172802e-03 
2.28598157467096e+00 2.29615316348633e-01 2.75234221113695e-03 
2.29413124160384e+00 2.28155409521066e-01 2.75388584334142e-03 
2.30228090853671e+00 2.26689497223796e-01 2.75517005802662e-03 
2.31043057546958e+00 2.25217712918720e-01 2.75619372821399e-03 
2.31858024240246e+00 2.23740192142834e-01 2.75695579122907e-03 
2.32672990933533e+00 2.22257072481751e-01 2.75745524964822e-03 
2.33487957626820e+00 2.20768493542082e-01 2.75769117222515e-03 
2.34302924320108e+00 2.19274596922706e-01 2.75766269479569e-03 
2.35117891013395e+00 2.17775526184911e-01 2.75736902115897e-03 
2.35932857706682e+00 2.16271426821418e-01 2.75680942393520e-03 
2.36747824399970e+00 2.14762446224292e-01 2.75598324539920e-03 
2.37562791093257e+00 2.13248733651737e-01 2.75488989828874e-03 
2.38377757786544e+00 2.11730440193788e-01 2.75352886658644e-03 
2.39192724479832e+00 2.10207718736904e-01 2.75189970627465e-03 
2.40007691173119e+00 2.08680723927454e-01 2.75000204606261e-03 
2.40822657866406e+00 2.07149612134133e-01 2.74783558808509e-03 
2.41637624559694e+00 2.05614541409285e-01 2.74540010857153e-03 
2.42452591252981e+00 2.04075671449163e-01 2.74269545848470e-03 
2.43267557946268e+00 2.02533163553121e-01 2.73972156412865e-03 
2.44082524639556e+00 2.00987180581765e-01 2.73647842772486e-03 
2.44897491332843e+00 1.99437886914058e-01 2.73296612795555e-03 
2.45712458026130e+00 1.97885448403400e-01 2.72918482047390e-03 
2.46527424719418e+00 1.96330032332697e-01 2.72513473838029e-03 
2.47342391412705e+00 1.94771807368431e-01 2.72081619266381e-03 
2.48157358105992e+00 1.93210943513738e-01 2.71622957260817e-03 
2.48972324799280e+00 1.91647612060532e-01 2.71137534616146e-03 
2.49787291492567e+00 1.90081985540658e-01 2.70650388598759e-03 
2.50602258185854e+00 1.88513639893944e-01 2.70239913645179e-03 
2.51417224879142e+00 1.86940857683644e-01 2.69877988803262e-03 
2.52232191572429e+00 1.85363846470385e-01 2.69483395583380e-03 
2.53047158265716e+00 1.83782816055623e-01 2.69056156315442e-03 
2.53862124959004e+00 1.82197978411796e-01 2.68596304949555e-03 
2.54677091652291e+00 1.80609547610629e-01 2.68103887130006e-03 
2.55492058345578e+00 1.79017739749633e-01 2.67578960262620e-03 
2.56307025038866e+00 1.77422772876823e-01 2.67021593575335e-03 
2.57121991732153e+00 1.75824866913690e-01 2.66431868171854e-03 
2.57936958425440e+00 1.74224243576447e-01 2.65809877078274e-03 
2.58751925118728e+00 1.72621126295612e-01 2.65155725282552e-03 
2.59566891812015e+00 1.71015740133935e-01 2.64469529766647e-03 
2.60381858505302e+00 1.69408311702736e-01 2.63751419531290e-03 
2.61196825198590e+00 1.67799069076668e-01 2.63001535613234e-03 
2.62011791891877e+00 1.66188241706977e-01 2.62220031094812e-03 
2.62826758585164e+00 1.64576060333281e-01 2.61407071105828e-03 
2.63641725278452e+00 1.62962756893931e-01 2.60562832817664e-03 
2.64456691971739e+00 1.61348564434991e-01 2.59687505429388e-03 
2.65271658665026e+00 1.59733717017899e-01 2.58781290145931e-03 
2.66086625358314e+00 1.58118449625853e-01 2.57844400148208e-03 
2.66901592051601e+00 1.56502998068979e-01 2.56877060555042e-03 
2.67716558744888e+00 1.54887598888344e-01 2.55879508376982e-03 
2.68531525438176e+00 1.53272489258858e-01 2.54851992461871e-03 
2.69346492131463e+00 1.51657906891143e-01 2.53794773432044e-03 
2.70161458824750e+00 1.50044089932408e-01 2.52708123613273e-03 
2.70976425518038e+00 1.48431276866417e-01 2.51592326955396e-03 
2.71791392211325e+00 1.46819706412595e-01 2.50447678944481e-03 
2.72606358904612e+00 1.45209617424345e-01 2.49274486506645e-03 
2.73421325597900e+00 1.43601248786654e-01 2.48073067903523e-03 
2.74236292291187e+00 1.41994839313033e-01 2.46843752619271e-03 
2.75051258984474e+00 1.40390627641884e-01 2.45586881239225e-03 
2.75866225677762e+00 1.38788852132356e-01 2.44302805320279e-03 
2.76681192371049e+00 1.37189750759757e-01 2.42991887252823e-03 
2.77496159064336e+00 1.35593561010610e-01 2.41654500114439e-03 
2.78311125757624e+00 1.34000519777418e-01 2.40291027515420e-03 
2.79126092450911e+00 1.32410863253207e-01 2.38901863436033e-03 
2.79941059144198e+00 1.30824826825948e-01 2.37470972777738e-03 
2.80756025837486e+00 1.29243106490153e-01 2.35977724863217e-03 
2.81570992530773e+00 1.27666537332105e-01 2.34440746569894e-03 
2.82385959224060e+00 1.26095323751581e-01 2.32883329032579e-03 
2.83200925917348e+00 1.24529668616182e-01 2.31305900022948e-03 
2.84015892610635e+00 1.22969773177573e-01 2.29708894209048e-03 
2.84830859303922e+00 1.21415836988309e-01 2.28092752955660e-03 
2.85645825997210e+00 1.19868057819305e-01 2.26457924119568e-03 
2.86460792690497e+00 1.18326631578020e-01 2.24804861839859e-03 
2.87275759383784e+00 1.16791752227404e-01 2.23134026323398e-03 
2.88090726077072e+00 1.15263611705675e-01 2.21445883625587e-03 
2.88905692770359e+00 1.13742399846987e-01 2.19740905426630e-03 
2.89720659463646e+00 1.12228304303039e-01 2.18019568803357e-03 
2.90535626156934e+00 1.10721510465695e-01 2.16282355996813e-03 
2.91350592850221e+00 1.09222201390672e-01 2.14529754175794e-03 
2.92165559543508e+00 1.07730557722342e-01 2.12762255196447e-03 
2.92980526236796e+00 1.06246757619729e-01 2.10980355358156e-03 
2.93795492930083e+00 1.04770976683727e-01 2.09184555155853e-03 
2.94610459623370e+00 1.03303387885623e-01 2.07375359028963e-03 
2.95425426316658e+00 1.01844161496971e-01 2.05553275107132e-03 
2.96240393009945e+00 1.00393465020856e-01 2.03718814952972e-03 
2.97055359703232e+00 9.89514631246329e-02 2.01872493302003e-03 
2.97870326396520e+00 9.75183175741590e-02 2.00014827799982e-03 
2.98685293089807e+00 9.60941871696009e-02 1.98146338737822e-03 
2.99500259783094e+00 9.46792276828454e-02 1.96267548784315e-03 
3.00315226476382e+00 9.32735917965746e-02 1.94353862698249e-03 
3.01130193169669e+00 9.18782021628394e-02 1.92403934711237e-03 
3.01945159862956e+00 9.04932749864446e-02 1.90445259160543e-03 
3.02760126556244e+00 8.91189220820333e-02 1.88481699567448e-03 
3.03575093249531e+00 8.77552520611012e-02 1.86513736358960e-03 
3.04390059942818e+00 8.64023703000165e-02 1.84541849204364e-03 
3.05205026636105e+00 8.50603789097372e-02 1.82566516791617e-03 
3.06019993329393e+00 8.37293767072494e-02 1.80588216604455e-03 
3.06834960022680e+00 8.24094591887437e-02 1.78607424700367e-03 
3.07649926715967e+00 8.11007185045509e-02 1.76624615489588e-03 
3.08464893409255e+00 7.98032434358520e-02 1.74640261515341e-03 
3.09279860102542e+00 7.85171193731786e-02 1.72654833235411e-03 
3.10094826795829e+00 7.72424282967191e-02 1.70668798805253e-03 
3.10909793489117e+00 7.59792487584424e-02 1.68682623862843e-03 
3.11724760182404e+00 7.47276558660505e-02 1.66696771315373e-03 
3.12539726875691e+00 7.34877212687711e-02 1.64711701127978e-03 
3.13354693568979e+00 7.22595131449964e-02 1.62727870114672e-03 
3.14169660262266e+00 7.10430961917784e-02 1.60745731731615e-03 
3.14984626955553e+00 6.98385316161824e-02 1.58765735872918e-03 
3.15799593648841e+00 6.86458771285052e-02 1.56788328669117e-03 
3.16614560342128e+00 6.74651869373601e-02 1.54813952288446e-03 
3.17429527035415e+00 6.62965117466282e-02 1.52843044741101e-03 
3.18244493728703e+00 6.51398987542770e-02 1.50876039686638e-03 
3.19059460421990e+00 6.39953916530429e-02 1.48913366244624e-03 
3.19874427115277e+00 6.28630306329749e-02 1.46955448808719e-03 
3.20689393808565e+00 6.17428523858331e-02 1.45002706864303e-03 
3.21504360501852e+00 6.06348901113360e-02 1.43055554809797e-03 
3.22319327195139e+00 5.95391735252485e-02 1.41114401781816e-03 
3.23134293888427e+00 5.84557288692995e-02 1.39179651484280e-03 
3.23949260581714e+00 5.73845789229191e-02 1.37251702021605e-03 
3.24764227275001e+00 5.63257430167817e-02 1.35330945736094e-03 
3.25579193968289e+00 5.52792370481411e-02 1.33417769049673e-03 
3.26394160661576e+00 5.42450734979409e-02 1.31512552310059e-03 
3.27209127354863e+00 5.32232614496845e-02 1.29615669641472e-03 
3.28024094048151e+00 5.22138066100434e-02 1.27727488800023e-03 
3.28839060741438e+00 5.12167113311867e-02 1.25848371033841e-03 
3.29654027434725e+00 5.02319746348072e-02 1.23978670948077e-03 
3.30468994128013e+00 4.92595922378229e-02 1.22118736374851e-03 
3.31283960821300e+00 4.82995565797295e-02 1.20268908248228e-03 
3.32098927514587e+00 4.73518568515766e-02 1.18429520484326e-03 
3.32913894207875e+00 4.64164790265422e-02 1.16600899866624e-03 
3.33728860901162e+00 4.54934058920769e-02 1.14783365936533e-03 
3.34543827594449e+00 4.45826170835872e-02 1.12977230889301e-03 
3.35358794287737e+00 4.36840891196277e-02 1.11182799475328e-03 
3.36173760981024e+00 4.27977954385710e-02 1.09400368906943e-03 
3.36988727674311e+00 4.19237064367204e-02 1.07630228770670e-03 
3.37803694367599e+00 4.10617895078326e-02 1.05872660945071e-03 
3.38618661060886e+00 4.02120090840137e-02 1.04127939524164e-03 
3.39433627754173e+00 3.93743266779535e-02 1.02396330746490e-03 
3.40248594447461e+00 3.85487009264594e-02 1.00678092929824e-03 
3.41063561140748e+00 3.77350876352518e-02 9.89734764115791e-04 
3.41878527834035e+00 3.69334398249824e-02 9.72827234948977e-04 
3.42693494527323e+00 3.61437077784336e-02 9.56060684004799e-04 
3.43508461220610e+00 3.53658390888595e-02 9.39437372241117e-04 
3.44323427913897e+00 3.45997787094257e-02 9.22959478999187e-04 
3.45138394607185e+00 3.38454690037053e-02 9.06629101693439e-04 
3.45953361300472e+00 3.31028497971884e-02 8.90448255558305e-04 
3.46768327993759e+00 3.23718584297601e-02 8.74418873451926e-04 
3.47583294687047e+00 3.16524298091032e-02 8.58542805716569e-04 
3.48398261380334e+00 3.09444964649803e-02 8.42821820095532e-04 
3.49213228073621e+00 3.02479886043491e-02 8.27257601706125e-04 
3.50028194766909e+00 2.95628341672653e-02 8.11851753068393e-04 
3.50843161460196e+00 2.88889588835266e-02 7.96605794189183e-04 
3.51658128153483e+00 2.82262863300104e-02 7.81521162701017e-04 
3.52473094846771e+00 2.75747379886581e-02 7.66599214055282e-04 
3.53288061540058e+00 2.69342333050590e-02 7.51841221769152e-04 
3.54103028233345e+00 2.63046897475858e-02 7.37248377725539e-04 
3.54917994926633e+00 2.56860228670334e-02 7.22821792525502e-04 
3.55732961619920e+00 2.50781463567139e-02 7.08562495892340e-04 
3.56547928313207e+00 2.44809721129594e-02 6.94471437126500e-04 
3.57362895006495e+00 2.38944102959840e-02 6.80549485610616e-04 
3.58177861699782e+00 2.33183693910585e-02 6.66797431363762e-04 
3.58992828393069e+00 2.27527562699484e-02 6.53215985643929e-04 
3.59807795086357e+00 2.21974762525687e-02 6.39796398290656e-04 
3.60622761779644e+00 2.16524694587478e-02 6.26514479453534e-04 
3.61437728472931e+00 2.11177347668102e-02 6.13383313593320e-04 
3.62252695166219e+00 2.05931641145344e-02 6.00431906236742e-04 
3.63067661859506e+00 2.00786484281395e-02 5.87660277208021e-04 
3.63882628552793e+00 1.95740776818859e-02 5.75068377718522e-04 
3.64697595246081e+00 1.90793409574209e-02 5.62656091387920e-04 
3.65512561939368e+00 1.85943265028285e-02 5.50423235296892e-04 
3.66327528632655e+00 1.81189217913466e-02 5.38369561070166e-04 
3.67142495325943e+00 1.76530135797143e-02 5.26494755988634e-04 
3.67957462019230e+00 1.71964879661106e-02 5.14798444129334e-04 
3.68772428712517e+00 1.67492304476513e-02 5.03280187532043e-04 
3.69587395405805e+00 1.63111259774067e-02 4.91939487391196e-04 
3.70402362099092e+00 1.58820590209059e-02 4.80775785271862e-04 
3.71217328792379e+00 1.54619136120958e-02 4.69788464348465e-04 
3.72032295485667e+00 1.50505734087194e-02 4.58976850664983e-04 
3.72847262178954e+00 1.46479217470840e-02 4.48340214415259e-04 
3.73662228872241e+00 1.42538416961862e-02 4.37877771242159e-04 
3.74477195565529e+00 1.38682161111659e-02 4.27588683554279e-04 
3.75292162258816e+00 1.34909276860579e-02 4.17472061858822e-04 
3.76107128952103e+00 1.31218590058144e-02 4.07526966109365e-04 
3.76922095645391e+00 1.27608925975712e-02 3.97752407067188e-04 
3.77737062338678e+00 1.24079109811311e-02 3.88147347674829e-04 
3.78552029031965e+00 1.20627967186387e-02 3.78710704440594e-04 
3.79366995725253e+00 1.17254324634249e-02 3.69441348832684e-04 
3.80181962418540e+00 1.13957010079947e-02 3.60338108681642e-04 
3.80996929111827e+00 1.10734853311394e-02 3.51399769589826e-04 
3.81811895805115e+00 1.07586686441504e-02 3.42625076346632e-04 
3.82626862498402e+00 1.04511344361159e-02 3.34012734348210e-04 
3.83441829191689e+00 1.01507665182807e-02 3.25561411020376e-04 
3.84256795884977e+00 9.85744906745259e-03 3.17269737243503e-04 
3.85071762578264e+00 9.57106666843816e-03 3.09136308778160e-04 
3.85886729271551e+00 9.29150435549271e-03 3.01159687690263e-04 
3.86701695964839e+00 9.01864765277005e-03 2.93338403774569e-04 
3.87516662658126e+00 8.75238261375889e-03 2.85670955975314e-04 
3.88331629351413e+00 8.49259585969382e-03 2.78155813802867e-04 
3.89146596044701e+00 8.23917461692976e-03 2.70791418745214e-04 
3.89961562737988e+00 7.99200675327004e-03 2.63576185673194e-04 
3.90776529431275e+00 7.75098081323935e-03 2.56508504238393e-04 
3.91591496124563e+00 7.51598605229371e-03 2.49586740262620e-04 
3.92406462817850e+00 7.28691246996102e-03 2.42809237117919e-04 
3.93221429511137e+00 7.06365084190638e-03 2.36174317096105e-04 
3.94036396204425e+00 6.84609275091791e-03 2.29680282766841e-04 
3.94851362897712e+00 6.63413061680950e-03 2.23325418323274e-04 
3.95666329590999e+00 6.42765772523802e-03 2.17107990914323e-04 
3.96481296284287e+00 6.22656825543382e-03 2.11026251962695e-04 
3.97296262977574e+00 6.03075730684385e-03 2.05078438467747e-04 
3.98111229670861e+00 5.84012092468830e-03 1.99262774292366e-04 
3.98926196364149e+00 5.65455612443218e-03 1.93577471433059e-04 
3.99741163057436e+00 5.47396091517447e-03 1.88023599618703e-04 
4.00556129750723e+00 5.29822152519349e-03 1.82611493220045e-04 
4.01371096444011e+00 5.12718352075418e-03 1.77334675894610e-04 
4.02186063137298e+00 4.96075425286617e-03 1.72176798073082e-04 
4.03001029830585e+00 4.79884183623468e-03 1.67136298223514e-04 
4.03815996523873e+00 4.64135517635901e-03 1.62211600151977e-04 
4.04630963217160e+00 4.48820399553745e-03 1.57401114295406e-04 
4.05445929910447e+00 4.33929885777849e-03 1.52703238997571e-04 
4.06260896603735e+00 4.19455119261979e-03 1.48116361767278e-04 
4.07075863297022e+00 4.05387331785706e-03 1.43638860517945e-04 
4.07890829990309e+00 3.91717846118643e-03 1.39269104787735e-04 
4.08705796683597e+00 3.78438078076454e-03 1.35005456939458e-04 
4.09520763376884e+00 3.65539538469197e-03 1.30846273339520e-04 
4.10335730070171e+00 3.53013834942634e-03 1.26789905515204e-04 
4.11150696763459e+00 3.40852673713255e-03 1.22834701289605e-04 
4.11965663456746e+00 3.29047861197845e-03 1.18979005893616e-04 
4.12780630150033e+00 3.17591305538531e-03 1.15221163054361e-04 
4.13595596843321e+00 3.06475018024307e-03 1.11559516059537e-04 
4.14410563536608e+00 2.95691114410149e-03 1.07992408797145e-04 
4.15225530229895e+00 2.85231816134899e-03 1.04518186770144e-04 
4.16040496923183e+00 2.75089451439175e-03 1.01135198085597e-04 
4.16855463616470e+00 2.65256456384657e-03 9.78417944179167e-05 
4.17670430309757e+00 2.55725375776138e-03 9.46363319458515e-05 
4.18485397003045e+00 2.46488863987846e-03 9.15171722628957e-05 
4.19300363696332e+00 2.37539685695566e-03 8.84826832608507e-05 
4.20115330389619e+00 2.28870716516181e-03 8.55312399862872e-05 
4.20930297082907e+00 2.20474943556303e-03 8.26612254697117e-05 
4.21745263776194e+00 2.12345465871717e-03 7.98710315272629e-05 
4.22560230469481e+00 2.04475494839421e-03 7.71590595348137e-05 
4.23375197162769e+00 1.96858354444101e-03 7.45237211743741e-05 
4.24190163856056e+00 1.89487481480905e-03 7.19634391527386e-05 
4.25005130549343e+00 1.82356425676445e-03 6.94766478923509e-05 
4.25820097242631e+00 1.75458849729994e-03 6.70617941943851e-05 
4.26635063935918e+00 1.68788529276863e-03 6.47173378740952e-05 
4.27450030629205e+00 1.62339352775998e-03 6.24417523684916e-05 
4.28264997322492e+00 1.56105321323859e-03 6.02335253164509e-05 
4.29079964015780e+00 1.50080548396661e-03 5.80911591113908e-05 
4.29894930709067e+00 1.44259259523101e-03 5.60131714266715e-05 
4.30709897402355e+00 1.38635791889693e-03 5.39980957139137e-05 
4.31524864095642e+00 1.33204593880862e-03 5.20444816744535e-05 
4.32339830788929e+00 1.27960224555971e-03 5.01508957041721e-05 
4.33154797482216e+00 1.22897353065434e-03 4.83159213119726e-05 
4.33969764175504e+00 1.18010758008123e-03 4.65381595122054e-05 
4.34784730868791e+00 1.13295326732239e-03 4.48162291913489e-05 
4.35599697562079e+00 1.08746054581839e-03 4.31487674492900e-05 
4.36414664255366e+00 1.04358044091221e-03 4.15344299155748e-05 
4.37229630948653e+00 1.00126504129334e-03 3.99718910409988e-05 
4.38044597641940e+00 9.60467489964088e-04 3.84598443649485e-05 
4.38859564335228e+00 9.21141974749738e-04 3.69970027589130e-05 
4.39674531028515e+00 8.83243718374149e-04 3.55820986465999e-05 
4.40489497721803e+00 8.46728968122306e-04 3.42138842011142e-05 
4.41304464415090e+00 8.11554985111101e-04 3.28911315196683e-05 
4.42119431108377e+00 7.77680033189467e-04 3.16126327763034e-05 
4.42934397801664e+00 7.45063367488797e-04 3.03772003531245e-05 
4.43749364494952e+00 7.13665222644339e-04 2.91836669505539e-05 
4.44564331188239e+00 6.83446800708001e-04 2.80308856771232e-05 
4.45379297881526e+00 6.54370258772770e-04 2.69177301193344e-05 
4.46194264574814e+00 6.26398696328636e-04 2.58430943921282e-05 
4.47009231268101e+00 5.99496142369611e-04 2.48058931705048e-05 
4.47824197961388e+00 5.73627542271144e-04 2.38050617028518e-05 
4.48639164654676e+00 5.48758744456859e-04 2.28395558065381e-05 
4.49454131347963e+00 5.24856486873234e-04 2.19083518463362e-05 
4.50269098041250e+00 5.01888383290454e-04 2.10089516007863e-05 
4.51084064734538e+00 4.79831105479908e-04 2.01402911618192e-05 
4.51899031427825e+00 4.58654529147053e-04 1.93033199782194e-05 
4.52713998121112e+00 4.38327631717834e-04 1.84974059551165e-05 
4.53528964814400e+00 4.18820302701685e-04 1.77215640558198e-05 
4.54343931507687e+00 4.00103324218654e-04 1.69748334729509e-05 
4.55158898200974e+00 3.82148351659170e-04 1.62562773085702e-05 
4.55973864894262e+00 3.64927894487268e-04 1.55649822475839e-05 
4.56788831587549e+00 3.48415297197616e-04 1.49000582249655e-05 
4.57603798280836e+00 3.32584720436153e-04 1.42606380873158e-05 
4.58418764974124e+00 3.17411122293694e-04 1.36458772492726e-05 
4.59233731667411e+00 3.02870239781338e-04 1.30549533452716e-05 
4.60048698360698e+00 2.88938570496062e-04 1.24870658771481e-05 
4.60863665053986e+00 2.75593354484373e-04 1.19414358580537e-05 
4.61678631747273e+00 2.62812556311473e-04 1.14173054531535e-05 
4.62493598440560e+00 2.50574847342878e-04 1.09139376175567e-05 
4.63308565133848e+00 2.38859588245020e-04 1.04306157319164e-05 
4.64123531827135e+00 2.27646811710883e-04 9.96664323612805e-06 
4.64938498520422e+00 2.16917205416330e-04 9.52134326153745e-06 
4.65753465213710e+00 2.06652095212289e-04 9.09405826205889e-06 
4.66568431906997e+00 1.96833428557608e-04 8.68414964459113e-06 
4.67383398600284e+00 1.87443758196941e-04 8.29099739910426e-06 
4.68198365293572e+00 1.78466226087636e-04 7.91399972875813e-06 
4.69013331986859e+00 1.69884547579202e-04 7.55257268040041e-06 
4.69828298680146e+00 1.61682995848569e-04 7.20614977577779e-06 
4.70643265373434e+00 1.53846386593943e-04 6.87418164378163e-06 
4.71458232066721e+00 1.46360062989747e-04 6.55613565403666e-06 
4.72273198760008e+00 1.39209880904747e-04 6.25149555212697e-06 
4.73088165453296e+00 1.32382194385139e-04 5.95976109674174e-06 
4.73903132146583e+00 1.25863841404048e-04 5.68044769901027e-06 
4.74718098839870e+00 1.19642129878552e-04 5.41308606428209e-06 
4.75533065533158e+00 1.13704823955055e-04 5.15722183659690e-06 
4.76348032226445e+00 1.08040130563516e-04 4.91241524607550e-06 
4.77162998919732e+00 1.02636686240774e-04 4.67824075945096e-06 
4.77977965613020e+00 9.74835442229077e-05 4.45428673394760e-06 
4.78792932306307e+00 9.25701618063238e-05 4.24015507470268e-06 
4.79607898999594e+00 8.78863879769935e-05 4.03546089591456e-06 
4.80422865692882e+00 8.34224513070308e-05 3.83983218588934e-06 
4.81237832386169e+00 7.91689481175521e-05 3.65290947614703e-06 
4.82052799079456e+00 7.51168309065454e-05 3.47434551473680e-06 
4.82867765772744e+00 7.12573970402563e-05 3.30380494390012e-06 
4.83682732466031e+00 6.75822777063991e-05 3.14096398221038e-06 
4.84497699159318e+00 6.40834271273024e-05 2.98551011130704e-06 
4.85312665852606e+00 6.07531120309191e-05 2.83714176733198e-06 
4.86127632545893e+00 5.75839013774544e-05 2.69556803716623e-06 
4.86942599239180e+00 5.45686563392017e-05 2.56050835955587e-06 
4.87757565932468e+00 5.17005205310226e-05 2.43169223120616e-06 
4.88572532625755e+00 4.89729104887597e-05 2.30885891791425e-06 
4.89387499319042e+00 4.63795063927372e-05 2.19175717080182e-06 
4.90202466012330e+00 4.39142430333767e-05 2.08014494770099e-06 
4.91017432705617e+00 4.15713010158358e-05 1.97378913973817e-06 
4.91832399398904e+00 3.93450982004690e-05 1.87246530315279e-06 
4.92647366092192e+00 3.72302813758102e-05 1.77595739638050e-06 
4.93462332785479e+00 3.52217181606800e-05 1.68405752242256e-06 
4.94277299478766e+00 3.33144891319405e-05 1.59656567651658e-06 
4.95092266172054e+00 3.15038801743385e-05 1.51328949911668e-06 
4.95907232865341e+00 2.97853750488133e-05 1.43404403418474e-06 
4.96722199558628e+00 2.81546481755789e-05 1.35865149278830e-06 
4.97537166251916e+00 2.66075576282393e-05 1.28694102199444e-06 
4.98352132945203e+00 2.51401383351439e-05 1.21874847904359e-06 
4.99167099638490e+00 2.37485954841516e-05 1.15391621078168e-06 
4.99982066331778e+00 2.24292981269367e-05 1.09232756650248e-06 
5.00797033025065e+00 2.11785418509153e-05 1.03386679174122e-06 
5.01611999718352e+00 1.99928045646503e-05 9.78341324059699e-07 
5.02426966411640e+00 1.88689842896528e-05 9.25571553740457e-07 
5.03241933104927e+00 1.78041115565125e-05 8.75433660185799e-07 
5.04056899798214e+00 1.67953445580357e-05 8.27808686910926e-07 
5.04871866491502e+00 1.58399644393708e-05 7.82582386096707e-07 
5.05686833184789e+00 1.49353707231582e-05 7.39645066387692e-07 
5.06501799878076e+00 1.40790768676781e-05 6.98891443950445e-07 
5.07316766571364e+00 1.32687059559067e-05 6.60220496802224e-07 
5.08131733264651e+00 1.25019865133394e-05 6.23535322415313e-07 
5.08946699957938e+00 1.17767484523861e-05 5.88742998597753e-07 
5.09761666651226e+00 1.10909191411033e-05 5.55754447646798e-07 
5.10576633344513e+00 1.04425195939867e-05 5.24484303767314e-07 
5.11391600037800e+00 9.82966078251402e-06 4.94850783743359e-07 
5.12206566731088e+00 9.25054006309953e-06 4.66775560847466e-07 
5.13021533424375e+00 8.70343772009636e-06 4.40183641968588e-07 
5.13836500117662e+00 8.18671362146243e-06 4.15003247936301e-07 
5.14651466810950e+00 7.69880398469045e-06 3.91165697015726e-07 
5.15466433504237e+00 7.23821825059040e-06 3.68605291544668e-07 
5.16281400197524e+00 6.80353606250478e-06 3.47259207681668e-07 
5.17096366890812e+00 6.39340434853330e-06 3.27067388231088e-07 
5.17911333584099e+00 6.00653450434262e-06 3.07972438508935e-07 
5.18726300277386e+00 5.64169967414002e-06 2.89919525210869e-07 
5.19541266970674e+00 5.29773212739561e-06 2.72856278241779e-07 
5.20356233663961e+00 4.97352072890725e-06 2.56732695464403e-07 
5.21171200357248e+00 4.66800849981404e-06 2.41501050322730e-07 
5.21986167050536e+00 4.38019026717937e-06 2.27115802294310e-07 
5.22801133743823e+00 4.10911039978170e-06 2.13533510124194e-07 
5.23616100437110e+00 3.85386062777128e-06 2.00712747791887e-07 
5.24431067130398e+00 3.61357794387292e-06 1.88614023161591e-07 
5.25246033823685e+00 3.38744258383938e-06 1.77199699264985e-07 
5.26061000516972e+00 3.17467608388595e-06 1.66433918164884e-07 
5.26875967210260e+00 2.97453941286505e-06 1.56282527347404e-07 
5.27690933903547e+00 2.78633117696932e-06 1.46713008589588e-07 
5.28505900596834e+00 2.60938589478295e-06 1.37694409248951e-07 
5.29320867290122e+00 2.44307234053392e-06 1.29197275920978e-07 
5.30135833983409e+00 2.28679195343363e-06 1.21193590410326e-07 
5.30950800676696e+00 2.13997731102592e-06 1.13656707961266e-07 
5.31765767369984e+00 2.00209066450351e-06 1.06561297692793e-07 
5.32580734063271e+00 1.87262253398723e-06 9.98832851838463e-08 
5.33395700756558e+00 1.75109036180165e-06 9.35997971541108e-08 
5.34210667449846e+00 1.63703722181912e-06 8.76891081860801e-08 
5.35025634143133e+00 1.53003058298422e-06 8.21305894342482e-08 
5.35840600836420e+00 1.42966112516995e-06 7.69046592676284e-08 
5.36655567529708e+00 1.33554160555796e-06 7.19927357921648e-08 
5.37470534222995e+00 1.24730577377542e-06 6.73771912000436e-08 
5.38285500916282e+00 1.16460733406240e-06 6.30413078934013e-08 
5.39100467609570e+00 1.08711895278461e-06 5.89692363304892e-08 
5.39915434302857e+00 1.01453130964778e-06 5.51459545429503e-08 
5.40730400996144e+00 9.46552191011079e-07 5.15572292735242e-08 
5.41545367689432e+00 8.82905623738389e-07 4.81895786841873e-08 
5.42360334382719e+00 8.23331048067275e-07 4.50302365854703e-08 
5.43175301076006e+00 7.67582528016468e-07 4.20671181384710e-08 
5.43990267769294e+00 7.15427997893474e-07 3.92887869818834e-08 
5.44805234462581e+00 6.66648543504296e-07 3.66844237372008e-08 
5.45620201155868e+00 6.21037716707423e-07 3.42437958461080e-08 
5.46435167849156e+00 5.78400881993957e-07 3.19572286949690e-08 
5.47250134542443e+00 5.38554593815031e-07 2.98155779822157e-08 
5.48065101235730e+00 5.01326003416544e-07 2.78102032853685e-08 
5.48880067929018e+00 4.66552293979542e-07 2.59329427853584e-08 
5.49695034622305e+00 4.34080142902388e-07 2.41760891067667e-08 
5.50510001315592e+00 4.03765210098068e-07 2.25323662335640e-08 
5.51324968008880e+00 3.75471651216602e-07 2.09949074608894e-08 
5.52139934702167e+00 3.49071654738555e-07 1.95572343443916e-08 
5.52954901395454e+00 3.24445001920948e-07 1.82132366096248e-08 
5.53769868088741e+00 3.01478648611585e-07 1.69571529849684e-08 
5.54584834782029e+00 2.80066327981785e-07 1.57835529225209e-08 
5.55399801475316e+00 2.60108173260822e-07 1.46873191723862e-08 
5.56214768168604e+00 2.41510359587925e-07 1.36636311767468e-08 
5.57029734861891e+00 2.24184764129563e-07 1.27079492510757e-08 
5.57844701555178e+00 2.08048643640844e-07 1.18159995208025e-08 
5.58659668248465e+00 1.93024328680242e-07 1.09837595826958e-08 
5.59474634941753e+00 1.79038933716464e-07 1.02074448611603e-08 
5.60289601635040e+00 1.66024082395176e-07 9.48349563058197e-09 
5.61104568328328e+00 1.53915647261400e-07 8.80856467576508e-09 
5.61919535021615e+00 1.42653503260762e-07 8.17950556341439e-09 
5.62734501714902e+00 1.32181294369414e-07 7.59336149850198e-09 
5.63549468408189e+00 1.22446212728258e-07 7.04735474023724e-09 
5.64364435101477e+00 1.13398789682282e-07 6.53887655321829e-09 
5.65179401794764e+00 1.04992698150142e-07 6.06547767018840e-09 
5.65994368488052e+00 9.71845657727856e-08 5.62485924365015e-09 
5.66809335181339e+00 8.99337983128290e-08 5.21486426440211e-09 
5.67624301874626e+00 8.32024127985741e-08 4.83346942585750e-09 
5.68439268567913e+00 7.69548799280449e-08 4.47877741378184e-09 
5.69254235261201e+00 7.11579752691971e-08 4.14900960184562e-09 
5.70069201954488e+00 6.57806388125419e-08 3.84249913412963e-09 
5.70884168647775e+00 6.07938424518335e-08 3.55768437644308e-09 
5.71699135341063e+00 5.61704649872100e-08 3.29310271901918e-09 
5.72514102034350e+00 5.18851742632593e-08 3.04738471383856e-09 
5.73329068727637e+00 4.79143160719248e-08 2.81924853049824e-09 
5.74144035420925e+00 4.42358094669725e-08 2.60749471519215e-09 
5.74959002114212e+00 4.08290481529395e-08 2.41100123799921e-09 
5.75773968807499e+00 3.76748076270696e-08 2.22871881428639e-09 
5.76588935500787e+00 3.47551577677493e-08 2.05966648662703e-09 
5.77403902194074e+00 3.20533805773793e-08 1.90292745420950e-09 
5.78218868887361e+00 2.95538928014897e-08 1.75764513726763e-09 
5.79033835580649e+00 2.72421731592234e-08 1.62301946460314e-09 
5.79848802273936e+00 2.51046939331070e-08 1.49830337279090e-09 
5.80663768967223e+00 2.31288566782995e-08 1.38279950616157e-09 
5.81478735660511e+00 2.13029318232826e-08 1.27585710714216e-09 
5.82293702353798e+00 1.96160019452423e-08 1.17686908700432e-09 
5.83108669047085e+00 1.80579085142005e-08 1.08526926752276e-09 
5.83923635740373e+00 1.66192019103138e-08 1.00052978448271e-09 
5.84738602433660e+00 1.52910945286626e-08 9.22158644395192e-10 
5.85553569126947e+00 1.40654167953373e-08 8.49697426183970e-10 
5.86368535820235e+00 1.29345759276925e-08 7.82719119996827e-10 
5.87183502513522e+00 1.18915172803015e-08 7.20826095668609e-10 
5.87998469206809e+00 1.09296881264232e-08 6.63648193722823e-10 
5.88813435900097e+00 1.00430037326895e-08 6.10840932144203e-10 
5.89628402593384e+00 9.22581559226540e-09 5.62083822486231e-10 
5.90443369286671e+00 8.47288168892224e-09 5.17078789195617e-10 
5.91258335979959e+00 7.77933867132392e-09 4.75548686340769e-10 
5.92073302673246e+00 7.14067582335660e-09 4.37235906223448e-10 
5.92888269366533e+00 6.55271072255720e-09 4.01901074632672e-10 
5.93703236059821e+00 6.01156648461951e-09 3.69321827767714e-10 
5.94518202753108e+00 5.51365049759384e-09 3.39291666113340e-10 
5.95333169446395e+00 5.05563455475849e-09 3.11618880795288e-10 
5.96148136139683e+00 4.63443630023819e-09 2.86125548178159e-10 
5.96963102832970e+00 4.24720190628856e-09 2.62646588691404e-10 
5.97778069526257e+00 3.89128990576642e-09 2.41028886082466e-10 
5.98593036219545e+00 3.56425610767336e-09 2.21130463499791e-10 
5.99408002912832e+00 3.26383952780475e-09 2.02819713002493e-10 
6.00222969606119e+00 2.98794927046814e-09 1.85976973345250e-10 
6.01037936299407e+00 2.73462517523856e-09 1.70489247031414e-10 
6.01852902992694e+00 2.50208030619120e-09 1.56247769461436e-10 
6.02667869685981e+00 2.28867157053126e-09 1.43155091687817e-10 
6.03482836379269e+00 2.09288055956801e-09 1.31122090502246e-10 
6.04297803072556e+00 1.91330452163833e-09 1.20066257843784e-10 
6.05112769765843e+00 1.74864795374002e-09 1.09911234218985e-10 
6.05927736459131e+00 1.59771477216757e-09 1.00586373101683e-10 
6.06742703152418e+00 1.45940102478981e-09 9.20263344023570e-11 
6.07557669845705e+00 1.33268810983198e-09 8.41707052040510e-11 
6.08372636538993e+00 1.21663646812854e-09 7.69636460635367e-11 
6.09187603232280e+00 1.11037971780395e-09 7.03535612731718e-11 
6.10002569925567e+00 1.01311920222127e-09 6.42927915707912e-11 
6.10817536618855e+00 9.24118923818056e-10 5.87373278722392e-11 
6.11632503312142e+00 8.42700838130435e-10 5.36465446839800e-11 
6.12447470005429e+00 7.68240483894149e-10 4.89829519317735e-11 
6.13262436698717e+00 7.00162926610292e-10 4.47119640159003e-11 
6.14077403392004e+00 6.37938994377701e-10 4.08016849739934e-11 
6.14892370085291e+00 5.81081786127724e-10 3.72227086993853e-11 
6.15707336778579e+00 5.29143433654410e-10 3.39479332261612e-11 
6.16522303471866e+00 4.81712100017799e-10 3.09523881519808e-11 
6.17337270165153e+00 4.38409198013754e-10 2.82130743263560e-11 
6.18152236858441e+00 3.98886813454095e-10 2.57088149855902e-11 
6.18967203551728e+00 3.62825318989164e-10 2.34201175661486e-11 
6.19782170245015e+00 3.29931165134513e-10 2.13290454759783e-11 
6.20597136938303e+00 2.99934836037361e-10 1.94190991483564e-11 
6.21412103631590e+00 2.72588958339727e-10 1.76751057453604e-11 
6.22227070324877e+00 2.47666552266564e-10 1.60831169181389e-11 
6.23042037018165e+00 2.24959414791498e-10 1.46303140689418e-11 
6.23857003711452e+00 2.04276625412517e-10 1.33049205954532e-11 
6.24671970404739e+00 1.85443165707606e-10 1.20961206314848e-11 
6.25486937098027e+00 1.68298644438217e-10 1.09939838296176e-11 
6.26301903791314e+00 1.52696120528886e-10 9.98939576104851e-12 
6.27116870484601e+00 1.38501016776308e-10 9.07399353578901e-12 
6.27931837177889e+00 1.25590117632875e-10 8.24010627257561e-12 
6.28746803871176e+00 1.13850644869904e-10 7.48070007247666e-12 
6.29561770564463e+00 1.03179405356409e-10 6.78932717329841e-12 
6.30376737257751e+00 9.34820055920506e-11 6.16007898359231e-12 
6.31191703951038e+00 8.46721280093930e-11 5.58754271541907e-12 
6.32006670644325e+00 7.66708644124984e-11 5.06676135411011e-12 
6.32821637337613e+00 6.94061022475279e-11 4.59319672115394e-12 
6.33636604030900e+00 6.28119597079224e-11 4.16269540309146e-12 
6.34451570724187e+00 5.68282659631441e-11 3.77145733499377e-12 
6.35266537417475e+00 5.14000830671678e-11 3.41600684178205e-12 
6.36081504110762e+00 4.64772663520909e-11 3.09316595438753e-12 
6.36896470804049e+00 4.20140603445013e-11 2.80002983059670e-12 
6.37711437497337e+00 3.79687274586710e-11 2.53394412243584e-12 
6.38526404190624e+00 3.43032069222133e-11 2.29248414316822e-12 
6.39341370883911e+00 3.09828015775099e-11 2.07343569745523e-12 
6.40156337577199e+00 2.79758903768576e-11 1.87477744801363e-12 
6.40971304270486e+00 2.52536645517502e-11 1.69466470122706e-12 
6.41786270963773e+00 2.27898855877743e-11 1.53141450268179e-12 
6.42601237657061e+00 2.05606632770172e-11 1.38349194153184e-12 
6.43416204350348e+00 1.85442522503439e-11 1.24949756999297e-12 
6.44231171043635e+00 1.67208655130619e-11 1.12815585115273e-12 
6.45046137736923e+00 1.50725036199804e-11 1.01830455469635e-12 
6.45861104430210e+00 1.35827982302469e-11 9.18885026116774e-13 
6.46676071123497e+00 1.22368688791752e-11 8.28933260528643e-13 
6.47491037816785e+00 1.10211918940603e-11 7.47571717369004e-13 
6.48306004510072e+00 9.92348046418899e-12 6.74001817065897e-13 
6.49120971203359e+00 8.93257495235811e-12 6.07497065214198e-13 
6.49935937896647e+00 8.03834260661704e-12 5.47396753938527e-13 
6.50750904589934e+00 7.23158589705386e-12 4.93100193966505e-13 
6.51565871283221e+00 6.50395876362021e-12 4.44061434502104e-13 
6.52380837976509e+00 5.84789011757597e-12 3.99784431296835e-13 
6.53195804669796e+00 5.25651399146073e-12 3.59818626383535e-13 
6.54010771363083e+00 4.72360578086311e-12 3.23754905779880e-13 
6.54825738056371e+00 4.24352406594556e-12 2.91221904101847e-13 
6.55640704749658e+00 3.81115754195362e-12 2.61882627465625e-13 
6.56455671442945e+00 3.42187662604191e-12 2.35431368313338e-13 
6.57270638136233e+00 3.07148934291286e-12 2.11590887886087e-13 
6.58085604829520e+00 2.75620112420331e-12 1.90109843999074e-13 
6.58900571522807e+00 2.47257818646776e-12 1.70760443558929e-13 
6.59715538216095e+00 2.21751418018095e-12 1.53336300913280e-13 
6.60530504909382e+00 1.98819982759067e-12 1.37650484646626e-13 
6.61345471602669e+00 1.78209529065391e-12 1.23533736843825e-13 
6.62160438295957e+00 1.59690503183712e-12 1.10832850141347e-13 
6.62975404989244e+00 1.43055495039312e-12 9.94091890847965e-14 
6.63790371682531e+00 1.28117159497244e-12 8.91373434163388e-14 
6.64605338375819e+00 1.14706327020697e-12 7.99039019344871e-14 
6.65420305069106e+00 1.02670287032969e-12 7.16063365075358e-14 
6.66235271762393e+00 9.18712287070193e-13 6.41519866867074e-14 
6.67050238455680e+00 8.21848252088064e-13 5.74571361613568e-14 
6.67865205148968e+00 7.34989486164010e-13 5.14461730314641e-14 
6.68680171842255e+00 6.57125038345230e-13 4.60508265469248e-14 
6.69495138535543e+00 5.87343708313037e-13 4.12094735832735e-14 
6.70310105228830e+00 5.24824454478854e-13 3.68665086935559e-14 
6.71125071922117e+00 4.68827698784793e-13 3.29717720999431e-14 
6.71940038615405e+00 4.18687446948247e-13 2.94800304699061e-14 
6.72755005308692e+00 3.73804150002469e-13 2.63505057636505e-14 
6.73569972001979e+00 3.33638239499149e-13 2.35464478450876e-14 
6.74384938695267e+00 2.97704274702587e-13 2.10347469207534e-14 
6.75199905388554e+00 2.65565645562783e-13 1.87855822123814e-14 
6.76014872081841e+00 2.36829780247520e-13 1.67721035817360e-14 
6.76829838775129e+00 2.11143810579352e-13 1.49701431130732e-14 
6.77644805468416e+00 1.88190652897209e-13 1.33579539212835e-14 
6.78459772161703e+00 1.67685465676327e-13 1.19159736943332e-14 
6.79274738854991e+00 1.49372448724208e-13 1.06266106988203e-14 
6.80089705548278e+00 1.33021951951564e-13 9.47405017895002e-15 
6.80904672241565e+00 1.18427864621076e-13 8.44407926353718e-15 
6.81719638934853e+00 1.05405258626387e-13 7.52392866414897e-15 
6.82534605628140e+00 9.37882617705055e-14 6.70212960151681e-15 
6.83349572321427e+00 8.34281392163478e-14 5.96838453805783e-15 
6.84164539014714e+00 7.41915632905267e-14 5.31345042285422e-15 
6.84979505708002e+00 6.59590536514072e-14 4.72903327276007e-15 
6.85794472401289e+00 5.86235714990416e-14 4.20769302036996e-15 
6.86609439094577e+00 5.20892530219684e-14 3.74275765725216e-15 
6.87424405787864e+00 4.62702686568239e-14 3.32824578991411e-15 
6.88239372481151e+00 4.10897959930997e-14 2.95879680715446e-15 
6.89054339174438e+00 3.64790952979931e-14 2.62960793143360e-15 
6.89869305867726e+00 3.23766776750754e-14 2.33637749427961e-15 
6.90684272561013e+00 2.87275568145329e-14 2.07525383710082e-15 
6.91499239254301e+00 2.54825761503543e-14 1.84278929462134e-15 
6.92314205947588e+00 2.25978040186659e-14 1.63589876896515e-15 
6.93129172640875e+00 2.00339901184482e-14 1.45182244862629e-15 
6.93944139334162e+00 1.77560772174779e-14 1.28809226857674e-15 
6.94759106027450e+00 1.57327626283828e-14 1.14250174594722e-15 
6.95574072720737e+00 1.39361045075087e-14 1.01307886040539e-15 
6.96389039414025e+00 1.23411685077600e-14 8.98061679859645e-16 
6.97204006107312e+00 1.09257107501473e-14 7.95876460715526e-16 
6.98018972800599e+00 9.66989347152934e-15 7.05117977865599e-16 
6.98833939493886e+00 8.55603006168537e-15 6.24531863136939e-16 
6.99648906187174e+00 7.56835652479208e-15 5.52999536626008e-16 
7.00463872880461e+00 6.69279119805242e-15 4.89531178720496e-16 
7.01278839573748e+00 5.91641281572599e-15 4.33229337163228e-16 
7.02093806267036e+00 5.22823680380444e-15 3.83263985447835e-16 
7.02908772960323e+00 4.61846554953818e-15 3.38938511290586e-16 
7.03723739653610e+00 4.07836354244028e-15 2.99630955142780e-16 
7.04538706346898e+00 3.60014526595440e-15 2.64786231051282e-16 
7.05353673040185e+00 3.17687457999908e-15 2.33909133355673e-16 
7.06168639733472e+00 2.80237445450856e-15 2.06558052554975e-16 
7.06983606426760e+00 2.47114602306463e-15 1.82339330865823e-16 
7.07798573120047e+00 2.17829602470326e-15 1.60902194539096e-16 
7.08613539813334e+00 1.91947179185317e-15 1.41934205958009e-16 
7.09428506506622e+00 1.69080302392218e-15 1.25157183957719e-16 
7.10243473199909e+00 1.48884966002182e-15 1.10323545730818e-16 
7.11058439893196e+00 1.31055523138527e-15 9.72130281572831e-17 
7.11873406586484e+00 1.15320513480343e-15 8.56297504604660e-17 
7.12688373279771e+00 1.01438932344229e-15 7.53995837785961e-17 
7.13503339973058e+00 8.91968961228930e-16 6.63677965868561e-17 
7.14318306666346e+00 7.84046632075024e-16 5.83969479386481e-17 
7.15133273359633e+00 6.88939735977287e-16 5.13650032439463e-17 
7.15948240052920e+00 6.05156740888813e-16 4.51636497929579e-17 
7.16763206746208e+00 5.31375992553239e-16 3.96967914879974e-17 
7.17578173439495e+00 4.66426814564340e-16 3.48792042867694e-17 
7.18393140132782e+00 4.09272658056638e-16 3.06353357056353e-17 
7.19208106826070e+00 3.58996084921215e-16 2.68982333996862e-17 
7.20023073519357e+00 3.14785390524284e-16 2.36085893438284e-17 
7.20838040212644e+00 2.75922691810958e-16 2.07138875004379e-17 
7.21653006905932e+00 2.41773324609409e-16 1.81676440880010e-17 
7.22467973599219e+00 2.11776410099086e-16 1.59287306738872e-17 
7.23282940292506e+00 1.85436464941436e-16 1.39607713142379e-17 
7.24097906985794e+00 1.62315942647842e-16 1.22316058651703e-17 
7.24912873679081e+00 1.42028605518011e-16 1.07128124014092e-17 
7.25727840372368e+00 1.24233637050745e-16 9.37928240957648e-18 
7.26542807065656e+00 1.08630414223772e-16 8.20884308140106e-18 
7.27357773758943e+00 9.49538675653769e-17 7.18192162408696e-18 
7.28172740452230e+00 8.29703645931206e-17 6.28124703736568e-18 
7.28987707145518e+00 7.24740590603352e-17 5.49158528515229e-18 
7.29802673838805e+00 6.32836546074640e-17 4.79950421947140e-18 
7.30617640532092e+00 5.52395369333080e-17 4.19316500018376e-18 
7.31432607225380e+00 4.82012335448116e-17 3.66213710034170e-18 
7.32247573918667e+00 4.20451645709119e-17 3.19723429764161e-18 
7.33062540611954e+00 3.66626520883785e-17 2.79036933096524e-18 
7.33877507305242e+00 3.19581589526049e-17 2.43442515060922e-18 
7.34692473998529e+00 2.78477312964895e-17 2.12314091439232e-18 
7.35507440691816e+00 2.42576216942146e-17 1.85101108201951e-18 
7.36322407385104e+00 2.11230725184697e-17 1.61319613923636e-18 
7.37137374078391e+00 1.83872412806127e-17 1.40544364356154e-18 
7.37952340771678e+00 1.60002517614768e-17 1.22401842666719e-18 
7.38767307464966e+00 1.39183565412538e-17 1.06564091652385e-18 
7.39582274158253e+00 1.21031981428401e-17 9.27432656805433e-19 
7.40397240851540e+00 1.05211574346336e-17 8.06868203172964e-19 
7.41212207544828e+00 9.14277921438606e-18 7.01732667193327e-19 
7.42027174238115e+00 7.94226603182793e-18 6.10084259946396e-19 
7.42842140931402e+00 6.89703231919980e-18 5.30221259859467e-19 
7.43657107624690e+00 5.98731179883270e-18 4.60652893907424e-19 
7.44472074317977e+00 5.19581193743367e-18 4.00073678862136e-19 
7.45287041011264e+00 4.50740992843893e-18 3.47340820512347e-19 
7.46102007704552e+00 3.90888531626606e-18 3.01454314376288e-19 
7.46916974397839e+00 3.38868493810453e-18 2.61539431995106e-19 
7.47731941091126e+00 2.93671635770431e-18 2.26831312965714e-19 
7.48546907784414e+00 2.54416640832437e-18 1.96661414930342e-19 
7.49361874477701e+00 2.20334185472695e-18 1.70445602220499e-19 
7.50176841170988e+00 1.90752953234043e-18 1.47673679143064e-19 
7.50991807864276e+00 1.65087363036791e-18 1.27900196343279e-19 
7.51806774557563e+00 1.42826805907094e-18 1.10736378594190e-19 
7.52621741250850e+00 1.23526208361734e-18 9.58430400222754e-20 
7.53436707944138e+00 1.06797762123782e-18 8.29243684330473e-20 
7.54251674637425e+00 9.23036788097425e-19 7.17224742698821e-20 
7.55066641330712e+00 7.97498450028528e-19 6.20126120223725e-20 
7.55881608024000e+00 6.88802679560670e-19 5.35989927736682e-20 
7.56696574717287e+00 5.94722152719574e-19 4.63111161972087e-20 
7.57511541410574e+00 5.13319634809933e-19 4.00005588224151e-20 
7.58326508103862e+00 4.42910806585933e-19 3.45381629114710e-20 
7.59141474797149e+00 3.82031772398372e-19 2.98115769367769e-20 
7.59956441490436e+00 3.29410671464024e-19 2.57231045202354e-20 
7.60771408183724e+00 2.83942883554303e-19 2.21878238795254e-20 
7.61586374877011e+00 2.44669382232034e-19 1.91319444014803e-20 
7.62401341570298e+00 2.10757843240884e-19 1.64913709983926e-20 
7.63216308263586e+00 1.81486163626630e-19 1.42104504615645e-20 
7.64031274956873e+00 1.56228089401033e-19 1.22408771627637e-20 
7.64846241650160e+00 1.34440686719483e-19 1.05407382173399e-20 
7.65661208343448e+00 1.15653424228118e-19 9.07368065596756e-21 
7.66476175036735e+00 9.94586629717862e-20 7.80818529377774e-21 
7.67291141730022e+00 8.55033755076535e-20 6.71693387012347e-21 
7.68106108423310e+00 7.34819380531585e-20 5.77625768958980e-21 
7.68921075116597e+00 6.31298589763751e-20 4.96565745186781e-21 
7.69736041809884e+00 5.42183240343478e-20 4.26738523843641e-21 
7.70551008503172e+00 4.65494537655921e-20 3.66608074858674e-21 
7.71365975196459e+00 3.99521815984653e-20 3.14845486470570e-21 
7.72180941889746e+00 3.42786727697157e-20 2.70301449328332e-21 
7.72995908583034e+00 2.94012142532462e-20 2.31982338829093e-21 
7.73810875276321e+00 2.52095147509035e-20 1.99029433016848e-21 
7.74625841969608e+00 2.16083615473426e-20 1.70700861793877e-21 
7.75440808662896e+00 1.85155878140243e-20 1.46355934388302e-21 
7.76255775356183e+00 1.58603098814724e-20 1.25441536854162e-21 
7.77070742049470e+00 1.35813991881877e-20 1.07480330628069e-21 
7.77885708742758e+00 1.16261581507228e-20 9.20605175105396e-22 
7.78700675436045e+00 9.94917316297932e-21 7.88269664806256e-22 
7.79515642129332e+00 8.51132139465520e-21 6.74735240179196e-22 
7.80330608822620e+00 7.27891108123660e-21 5.77363525613473e-22 
7.81145575515907e+00 6.22293763569851e-21 4.93881617882179e-22 
7.81960542209194e+00 5.31844021319336e-21 4.22332149093368e-22 
7.82775508902482e+00 4.54394536662925e-21 3.61030074624438e-22 
7.83590475595769e+00 3.88098618015682e-21 3.08525294243015e-22 
7.84405442289056e+00 3.31368679163395e-21 2.63570330950096e-22 
7.85220408982344e+00 2.82840354255147e-21 2.25092393503393e-22 
7.86035375675631e+00 2.41341514959151e-21 1.92169236965800e-22 
7.86850342368918e+00 2.05865529777054e-21 1.64008312619842e-22 
7.87665309062206e+00 1.75548193008943e-21 1.39928765634755e-22 
7.88480275755493e+00 1.49647826948627e-21 1.19345897230843e-22 
7.89295242448780e+00 1.27528127028047e-21 1.01757758861239e-22 
7.90110209142068e+00 1.08643377099093e-21 8.67335900916521e-23 
7.90925175835355e+00 9.25257119574158e-22 7.39038502505321e-23 
7.91740142528642e+00 7.87741475518490e-22 6.29516272855050e-23 
7.92555109221930e+00 6.70451369366856e-22 5.36052362439891e-23 
7.93370075915217e+00 5.70444426559476e-22 4.56318449619326e-23 
7.94185042608504e+00 4.85201445477386e-22 3.88319863883929e-23 
7.95000009301792e+00 4.12566264885677e-22 3.30348359262773e-23 
7.95814975995079e+00 3.50694068554362e-22 2.80941486071448e-23 
7.96629942688366e+00 2.98006958972751e-22 2.38847651686531e-23 
7.97444909381653e+00 2.53155791513632e-22 2.02996084531114e-23 
7.98259876074941e+00 2.14987398405975e-22 1.72471022439958e-23 
7.99074842768228e+00 1.82516451275735e-22 1.46489539214142e-23 
7.99889809461516e+00 1.54901314281475e-22 1.24383822864268e-23 
8.00704776154803e+00 1.31425708823713e-22 1.05583579459256e-23 
8.01519742848090e+00 1.11478609753541e-22 8.95999429376832e-24 
8.02334709541378e+00 9.45341862618345e-23 7.60157947565936e-24 
8.03149676234665e+00 8.01442753545584e-23 6.44740345599010e-24 
8.03964642927952e+00 6.79270154198895e-23 5.46702297848321e-24 
8.04779609621239e+00 5.75571273176316e-23 4.63449203467201e-24 
8.05594576314527e+00 4.87576065706731e-23 3.92770367581921e-24 
8.06409543007814e+00 4.12926238113036e-23 3.32782722139177e-24 
8.07224509701101e+00 3.49614594926497e-23 2.81882717695442e-24 
8.08039476394389e+00 2.95933236720903e-23 2.38705211742773e-24 
8.08854443087676e+00 2.50429329742269e-23 2.02088346193449e-24 
8.09669409780964e+00 2.11867351331082e-23 1.71043550178994e-24 
8.10484376474251e+00 1.79196872171181e-23 1.44729927624376e-24 
8.11299343167538e+00 1.51525071174173e-23 1.22432394953669e-24 
8.12114309860825e+00 1.28093294441842e-23 1.03543025199317e-24 
8.12929276554113e+00 1.08257068929805e-23 8.75451328184529e-25 
8.13744243247400e+00 9.14690664790700e-24 7.39997004718881e-25 
8.14559209940687e+00 7.72645867813297e-24 6.77547200113802e-25 
