Energy(eV)           EEDF(eV^-(3/2))      Anisotropy(eV^-(3/2))
1.59738734061448e-02 6.42932466933637e-02 1.55192034125808e-04 
4.79216202184345e-02 6.42851989096780e-02 3.35357351947551e-04 
7.98693670307241e-02 6.42801733191396e-02 3.92457746588660e-04 
1.11817113843014e-01 6.42770751922112e-02 4.75352481491673e-04 
1.43764860655303e-01 6.42750947058246e-02 5.62846901217022e-04 
1.75712607467593e-01 6.42738232249399e-02 6.52781445998290e-04 
2.07660354279883e-01 6.42729423223969e-02 7.46671013486106e-04 
2.39608101092172e-01 6.42721316447646e-02 8.37495934148592e-04 
2.71555847904462e-01 6.42712281269963e-02 9.29456034962704e-04 
3.03503594716752e-01 6.42698384912819e-02 1.01191744473187e-03 
3.35451341529041e-01 6.42678105226742e-02 1.09271989344650e-03 
3.67399088341331e-01 6.42650030898578e-02 1.17226328523755e-03 
3.99346835153620e-01 6.42612318260963e-02 1.24963132632019e-03 
4.31294581965910e-01 6.42564233342210e-02 1.32553380689452e-03 
4.63242328778200e-01 6.42505131737601e-02 1.39989555075738e-03 
4.95190075590489e-01 6.42434191843019e-02 1.47253170335822e-03 
5.27137822402779e-01 6.42350712885648e-02 1.54341867651961e-03 
5.59085569215069e-01 6.42254118513717e-02 1.61258238017899e-03 
5.91033316027358e-01 6.42143707951782e-02 1.67997746777201e-03 
6.22981062839648e-01 6.42018811586642e-02 1.74560515712327e-03 
6.54928809651938e-01 6.41878790521844e-02 1.80947053307930e-03 
6.86876556464227e-01 6.41723036334306e-02 1.87157967711579e-03 
7.18824303276517e-01 6.41550980207040e-02 1.93193535433238e-03 
7.50772050088806e-01 6.41362173743517e-02 1.99056455309370e-03 
7.82719796901096e-01 6.41156104179890e-02 2.04747129968363e-03 
8.14667543713386e-01 6.40932287331745e-02 2.10266991304001e-03 
8.46615290525675e-01 6.40690267132059e-02 2.15617589438466e-03 
8.78563037337965e-01 6.40429615154128e-02 2.20800576678040e-03 
9.10510784150255e-01 6.40149930120282e-02 2.25817694733471e-03 
9.42458530962544e-01 6.39850837398360e-02 2.30670764262812e-03 
9.74406277774834e-01 6.39531988486643e-02 2.35361676102548e-03 
1.00635402458712e+00 6.39193060489083e-02 2.39885862249773e-03 
1.03830177139941e+00 6.38835642331242e-02 2.44254972363276e-03 
1.07024951821170e+00 6.38460355239454e-02 2.48470081599756e-03 
1.10219726502399e+00 6.38067041337275e-02 2.52530963593988e-03 
1.13414501183628e+00 6.37655561089364e-02 2.56439775766109e-03 
1.16609275864857e+00 6.37225792839784e-02 2.60198709163898e-03 
1.19804050546086e+00 6.36777632352712e-02 2.63811755225887e-03 
1.22998825227315e+00 6.36310212656074e-02 2.67287260695354e-03 
1.26193599908544e+00 6.35822407263504e-02 2.70645228607469e-03 
1.29388374589773e+00 6.35314041994734e-02 2.73905903102560e-03 
1.32583149271002e+00 6.34785506196816e-02 2.77072530678861e-03 
1.35777923952231e+00 6.34237944455561e-02 2.80144927127593e-03 
1.38972698633460e+00 6.33671260259722e-02 2.83118931123955e-03 
1.42167473314689e+00 6.33085375626562e-02 2.85992423830925e-03 
1.45362247995918e+00 6.32480230491904e-02 2.88763758366222e-03 
1.48557022677147e+00 6.31855782103555e-02 2.91431435408025e-03 
1.51751797358376e+00 6.31212193907960e-02 2.93989834203107e-03 
1.54946572039605e+00 6.30553222527579e-02 2.96445669617408e-03 
1.58141346720834e+00 6.29878938360237e-02 2.98796374504123e-03 
1.61336121402063e+00 6.29189422534011e-02 3.01041990366513e-03 
1.64530896083292e+00 6.28484766336419e-02 3.03182794701453e-03 
1.67725670764521e+00 6.27765070665442e-02 3.05219275535116e-03 
1.70920445445750e+00 6.27030445501164e-02 3.07152108617765e-03 
1.74115220126979e+00 6.26281009396632e-02 3.08982136952573e-03 
1.77309994808207e+00 6.25516888987028e-02 3.10710352371082e-03 
1.80504769489436e+00 6.24738218516118e-02 3.12337878914946e-03 
1.83699544170665e+00 6.23945139379309e-02 3.13865957811380e-03 
1.86894318851894e+00 6.23137799682521e-02 3.15295933865950e-03 
1.90089093533123e+00 6.22316353816377e-02 3.16631681206506e-03 
1.93283868214352e+00 6.21478156116064e-02 3.17874591805610e-03 
1.96478642895581e+00 6.20620831736751e-02 3.19024302271252e-03 
1.99673417576810e+00 6.19744514686178e-02 3.20082254118726e-03 
2.02868192258039e+00 6.18849348231248e-02 3.21050142890283e-03 
2.06062966939268e+00 6.17935484426515e-02 3.21929708321941e-03 
2.09257741620497e+00 6.17003083652230e-02 3.22721688569850e-03 
2.12452516301726e+00 6.16053763738768e-02 3.23425726869445e-03 
2.15647290982955e+00 6.15091681073564e-02 3.24045488026751e-03 
2.18842065664184e+00 6.14117038322241e-02 3.24584374334427e-03 
2.22036840345413e+00 6.13129541324278e-02 3.25046957794406e-03 
2.25231615026642e+00 6.12126255778178e-02 3.25439351990957e-03 
2.28426389707871e+00 6.11107350983251e-02 3.25769447825942e-03 
2.31621164389100e+00 6.10072980346867e-02 3.26041252887541e-03 
2.34815939070329e+00 6.09023304209044e-02 3.26255104010717e-03 
2.38010713751558e+00 6.07958489379670e-02 3.26411458699471e-03 
2.41205488432787e+00 6.06878708688378e-02 3.26510883239463e-03 
2.44400263114016e+00 6.05784140547152e-02 3.26554041718151e-03 
2.47595037795245e+00 6.04674968525826e-02 3.26541685877828e-03 
2.50789812476474e+00 6.03551380940489e-02 3.26476229177425e-03 
2.53984587157703e+00 6.02410841728528e-02 3.26359192875798e-03 
2.57179361838932e+00 6.01252626582693e-02 3.26189979605401e-03 
2.60374136520161e+00 6.00076939809726e-02 3.25969043189894e-03 
2.63568911201390e+00 5.98883990644047e-02 3.25697444436805e-03 
2.66763685882618e+00 5.97673992852843e-02 3.25376285050657e-03 
2.69958460563847e+00 5.96447164351971e-02 3.25006701750426e-03 
2.73153235245076e+00 5.95203726832974e-02 3.24589860827510e-03 
2.76348009926305e+00 5.93943905401450e-02 3.24126953112196e-03 
2.79542784607534e+00 5.92667928226977e-02 3.23618827659697e-03 
2.82737559288763e+00 5.91376672420501e-02 3.23065931277508e-03 
2.85932333969992e+00 5.90071531707883e-02 3.22469728640062e-03 
2.89127108651221e+00 5.88752734932001e-02 3.21832342268840e-03 
2.92321883332450e+00 5.87420512044563e-02 3.21155023541876e-03 
2.95516658013679e+00 5.86075093843051e-02 3.20439025288807e-03 
2.98711432694908e+00 5.84716711719645e-02 3.19685501237763e-03 
3.01906207376137e+00 5.83345770390867e-02 3.18894737084756e-03 
3.05100982057366e+00 5.81964113430343e-02 3.18067648893710e-03 
3.08295756738595e+00 5.80571963607368e-02 3.17206818179231e-03 
3.11490531419824e+00 5.79169542846745e-02 3.16313467263095e-03 
3.14685306101053e+00 5.77757072062231e-02 3.15388805860939e-03 
3.17880080782282e+00 5.76334771000639e-02 3.14434029381843e-03 
3.21074855463511e+00 5.74902858096340e-02 3.13450317379986e-03 
3.24269630144740e+00 5.73461550335929e-02 3.12441252468604e-03 
3.27464404825969e+00 5.72011040731400e-02 3.11412780839101e-03 
3.30659179507198e+00 5.70551497482891e-02 3.10368246011530e-03 
3.33853954188427e+00 5.69083087249220e-02 3.09308114803211e-03 
3.37048728869656e+00 5.67605978080027e-02 3.08232562208146e-03 
3.40243503550885e+00 5.66120339122230e-02 3.07141815810115e-03 
3.43438278232114e+00 5.64626340340998e-02 3.06036150452408e-03 
3.46633052913343e+00 5.63124152254957e-02 3.04915883249721e-03 
3.49827827594572e+00 5.61613945685387e-02 3.03781368923077e-03 
3.53022602275801e+00 5.60095891519090e-02 3.02632995440123e-03 
3.56217376957029e+00 5.58570160484675e-02 3.01471188847446e-03 
3.59412151638258e+00 5.57036922851588e-02 3.00296241244334e-03 
3.62606926319487e+00 5.55496614241947e-02 2.99108164105472e-03 
3.65801701000716e+00 5.53949975002635e-02 2.97907526805297e-03 
3.68996475681945e+00 5.52397166082329e-02 2.96695456241183e-03 
3.72191250363174e+00 5.50838347075348e-02 2.95472493082043e-03 
3.75386025044403e+00 5.49273676080828e-02 2.94239186425365e-03 
3.78580799725632e+00 5.47703309573041e-02 2.92996091427679e-03 
3.81775574406861e+00 5.46127402282490e-02 2.91743767117692e-03 
3.84970349088090e+00 5.44546107087369e-02 2.90482774381827e-03 
3.88165123769319e+00 5.42959574915001e-02 2.89213674111552e-03 
3.91359898450548e+00 5.41367954652889e-02 2.87937025502544e-03 
3.94554673131777e+00 5.39771393068979e-02 2.86653384497165e-03 
3.97749447813006e+00 5.38170034740794e-02 2.85363302360811e-03 
4.00944222494235e+00 5.36564021993065e-02 2.84068203078651e-03 
4.04138997175464e+00 5.34952351934070e-02 2.82769308973822e-03 
4.07333771856693e+00 5.33334879918302e-02 2.81465945556633e-03 
4.10528546537922e+00 5.31711753992443e-02 2.80158292341045e-03 
4.13723321219151e+00 5.30083119839970e-02 2.78846859195073e-03 
4.16918095900380e+00 5.28449120746259e-02 2.77532145143880e-03 
4.20112870581609e+00 5.26809897570500e-02 2.76214637673455e-03 
4.23307645262838e+00 5.25165588724160e-02 2.74894812112874e-03 
4.26502419944067e+00 5.23516330155696e-02 2.73573131089047e-03 
4.29697194625296e+00 5.21862255341287e-02 2.72250044046805e-03 
4.32891969306525e+00 5.20203495281336e-02 2.70925986830955e-03 
4.36086743987754e+00 5.18540178502488e-02 2.69601379843237e-03 
4.39281518668983e+00 5.16872431083271e-02 2.68276634568288e-03 
4.42476293350212e+00 5.15200376582101e-02 2.66952297266957e-03 
4.45671068031440e+00 5.13524134264790e-02 2.65629323141747e-03 
4.48865842712669e+00 5.11843815505064e-02 2.64308497817700e-03 
4.52060617393898e+00 5.10159785355968e-02 2.62988827345770e-03 
4.55255392075127e+00 5.08473666525653e-02 2.61670263321720e-03 
4.58450166756356e+00 5.06785544316255e-02 2.60354990971851e-03 
4.61644941437585e+00 5.05095502244802e-02 2.59043224649256e-03 
4.64839716118814e+00 5.03403622022889e-02 2.57735182353952e-03 
4.68034490800043e+00 5.01709983460320e-02 2.56431084555866e-03 
4.71229265481272e+00 5.00014664458880e-02 2.55131152790273e-03 
4.74424040162501e+00 4.98317740933660e-02 2.53835608717457e-03 
4.77618814843730e+00 4.96619286818977e-02 2.52544672913211e-03 
4.80813589524959e+00 4.94919374005930e-02 2.51258564126474e-03 
4.84008364206188e+00 4.93218072358800e-02 2.49977498253481e-03 
4.87203138887417e+00 4.91515449667308e-02 2.48701687765962e-03 
4.90397913568646e+00 4.89811571671994e-02 2.47431340854482e-03 
4.93592688249875e+00 4.88106502029648e-02 2.46166661004724e-03 
4.96787462931104e+00 4.86400302346279e-02 2.44907846294315e-03 
4.99982237612333e+00 4.84693032154231e-02 2.43655971875959e-03 
5.03177012293562e+00 4.82983931285792e-02 2.42412346543634e-03 
5.06371786974791e+00 4.81272232283540e-02 2.41176069576851e-03 
5.09566561656020e+00 4.79558007578694e-02 2.39945953660292e-03 
5.12761336337249e+00 4.77841328029243e-02 2.38722158080872e-03 
5.15956111018478e+00 4.76122262044257e-02 2.37504896146370e-03 
5.19150885699707e+00 4.74400875617411e-02 2.36294367940418e-03 
5.22345660380936e+00 4.72677232406416e-02 2.35090760509025e-03 
5.25540435062165e+00 4.70951393769994e-02 2.33894248324710e-03 
5.28735209743393e+00 4.69223418846552e-02 2.32704993501628e-03 
5.31929984424622e+00 4.67493364593844e-02 2.31523146263361e-03 
5.35124759105851e+00 4.65761285866432e-02 2.30348845179517e-03 
5.38319533787080e+00 4.64027235457359e-02 2.29182217631564e-03 
5.41514308468309e+00 4.62291264174000e-02 2.28023380064616e-03 
5.44709083149538e+00 4.60553420881135e-02 2.26872438446624e-03 
5.47903857830767e+00 4.58813752574887e-02 2.25729488529715e-03 
5.51098632511996e+00 4.57072304426661e-02 2.24594616298835e-03 
5.54293407193225e+00 4.55329119854899e-02 2.23467898237870e-03 
5.57488181874454e+00 4.53584240569441e-02 2.22349403458126e-03 
5.60682956555683e+00 4.51837706614299e-02 2.21239194296840e-03 
5.63877731236912e+00 4.50089556406016e-02 2.20137325153253e-03 
5.67072505918141e+00 4.48339826798106e-02 2.19043842532493e-03 
5.70267280599370e+00 4.46588553122418e-02 2.17958785408180e-03 
5.73462055280599e+00 4.44835769251449e-02 2.16882185467199e-03 
5.76656829961828e+00 4.43081507639269e-02 2.15814067465032e-03 
5.79851604643057e+00 4.41325799381467e-02 2.14754449468510e-03 
5.83046379324286e+00 4.39568674255348e-02 2.13703343200665e-03 
5.86241154005515e+00 4.37810160777331e-02 2.12660754278968e-03 
5.89435928686744e+00 4.36050286242179e-02 2.11626682547345e-03 
5.92630703367973e+00 4.34289076777729e-02 2.10601122307780e-03 
5.95825478049202e+00 4.32526557382944e-02 2.09584062637421e-03 
5.99020252730431e+00 4.30762751979902e-02 2.08575682311683e-03 
6.02215027411660e+00 4.28997545387135e-02 2.07576813699661e-03 
6.05409802092889e+00 4.27230387226959e-02 2.06587357140685e-03 
6.08604576774118e+00 4.25461304739529e-02 2.05606320804611e-03 
6.11799351455347e+00 4.23690324124714e-02 2.04633672461549e-03 
6.14994126136575e+00 4.21917470648055e-02 2.03669372114792e-03 
6.18188900817804e+00 4.20142768683016e-02 2.02713376510400e-03 
6.21383675499033e+00 4.18366241741842e-02 2.01765639360563e-03 
6.24578450180262e+00 4.16587912515494e-02 2.00826111501823e-03 
6.27773224861491e+00 4.14807802903235e-02 1.99894741104610e-03 
6.30967999542720e+00 4.13025934050272e-02 1.98971473822910e-03 
6.34162774223949e+00 4.11242326375989e-02 1.98056252989755e-03 
6.37357548905178e+00 4.09456999609336e-02 1.97149019757912e-03 
6.40552323586407e+00 4.07669972815673e-02 1.96249713281263e-03 
6.43747098267636e+00 4.05881264429948e-02 1.95358270846217e-03 
6.46941872948865e+00 4.04090892282136e-02 1.94474628039184e-03 
6.50136647630094e+00 4.02298873628264e-02 1.93598718868600e-03 
6.53331422311323e+00 4.00505225174447e-02 1.92730475918808e-03 
6.56526196992552e+00 3.98709963105841e-02 1.91869830458890e-03 
6.59720971673781e+00 3.96913103109345e-02 1.91016712585844e-03 
6.62915746355010e+00 3.95114660400529e-02 1.90171051339964e-03 
6.66110521036239e+00 3.93314649744738e-02 1.89332774837241e-03 
6.69305295717468e+00 3.91513085482025e-02 1.88501810362007e-03 
6.72500070398697e+00 3.89709981546956e-02 1.87678084481300e-03 
6.75694845079926e+00 3.87905351491754e-02 1.86861523129261e-03 
6.78889619761155e+00 3.86099208504835e-02 1.86052051710485e-03 
6.82084394442384e+00 3.84291565432267e-02 1.85249595176513e-03 
6.85279169123613e+00 3.82482434795069e-02 1.84454078118912e-03 
6.88473943804842e+00 3.80671828809077e-02 1.83665424838033e-03 
6.91668718486071e+00 3.78859759401067e-02 1.82883559426414e-03 
6.94863493167300e+00 3.77046238227108e-02 1.82108405830357e-03 
6.98058267848529e+00 3.75231276687568e-02 1.81339887924215e-03 
7.01253042529758e+00 3.73414885944054e-02 1.80583590208020e-03 
7.04447817210986e+00 3.71593732050289e-02 1.79840722585956e-03 
7.07642591892215e+00 3.69767449185659e-02 1.79104940171268e-03 
7.10837366573444e+00 3.67936076718594e-02 1.78375399092370e-03 
7.14032141254673e+00 3.66099653511293e-02 1.77652020418566e-03 
7.17226915935902e+00 3.64258217937936e-02 1.76934725465334e-03 
7.20421690617131e+00 3.62411807905657e-02 1.76223435760226e-03 
7.23616465298360e+00 3.60560460873300e-02 1.75518073093506e-03 
7.26811239979589e+00 3.58704213871177e-02 1.74818559556182e-03 
7.30006014660818e+00 3.56843103518829e-02 1.74124817583559e-03 
7.33200789342047e+00 3.54977166043640e-02 1.73436769987544e-03 
7.36395564023276e+00 3.53106437297658e-02 1.72754339993859e-03 
7.39590338704505e+00 3.51230952775144e-02 1.72077451269260e-03 
7.42785113385734e+00 3.49350747628504e-02 1.71406027952943e-03 
7.45979888066963e+00 3.47465856684839e-02 1.70739994679264e-03 
7.49174662748192e+00 3.45576314461043e-02 1.70079276603993e-03 
7.52369437429421e+00 3.43682155179423e-02 1.69423799422937e-03 
7.55564212110650e+00 3.41783412782015e-02 1.68773489393725e-03 
7.58758986791879e+00 3.39880120945329e-02 1.68128273350756e-03 
7.61953761473108e+00 3.37972313093937e-02 1.67488078722874e-03 
7.65148536154337e+00 3.36060022414409e-02 1.66852833545184e-03 
7.68343310835566e+00 3.34143281868210e-02 1.66222466473146e-03 
7.71538085516795e+00 3.32222124204890e-02 1.65596906791509e-03 
7.74732860198024e+00 3.30296581974332e-02 1.64976084425327e-03 
7.77927634879253e+00 3.28366687539247e-02 1.64359929946390e-03 
7.81122409560482e+00 3.26432473086823e-02 1.63748374581406e-03 
7.84317184241711e+00 3.24493970640566e-02 1.63141350216306e-03 
7.87511958922940e+00 3.22551212071393e-02 1.62538789402066e-03 
7.90706733604169e+00 3.20604229108868e-02 1.61940625357051e-03 
7.93901508285397e+00 3.18653053351774e-02 1.61346791970730e-03 
7.97096282966626e+00 3.16697716278789e-02 1.60757223804409e-03 
8.00291057647855e+00 3.14738249258567e-02 1.60169109642309e-03 
8.03485832329084e+00 3.12776174753564e-02 1.59580324796027e-03 
8.06680607010313e+00 3.10812541532682e-02 1.58993669570197e-03 
8.09875381691542e+00 3.08847363078905e-02 1.58411139495093e-03 
8.13070156372771e+00 3.06880652926797e-02 1.57832675492376e-03 
8.16264931054000e+00 3.04912424667313e-02 1.57258219155165e-03 
8.19459705735229e+00 3.02942691952237e-02 1.56687712745695e-03 
8.22654480416458e+00 3.00971468498686e-02 1.56121099191299e-03 
8.25849255097687e+00 2.98998768093272e-02 1.55558322081138e-03 
8.29044029778916e+00 2.97024604596326e-02 1.54999325661472e-03 
8.32238804460145e+00 2.95048991945819e-02 1.54444054831589e-03 
8.35433579141374e+00 2.93071944161326e-02 1.53892455138478e-03 
8.38628353822603e+00 2.91093475347720e-02 1.53344472772075e-03 
8.41823128503832e+00 2.89113599698903e-02 1.52800054556470e-03 
8.45017903185061e+00 2.87132331501379e-02 1.52259147922208e-03 
8.48212677866290e+00 2.85149685138349e-02 1.51721700912029e-03 
8.51407452547519e+00 2.83165675092803e-02 1.51187662221443e-03 
8.54602227228748e+00 2.81180315950213e-02 1.50656981182417e-03 
8.57797001909977e+00 2.79193622401692e-02 1.50129607723385e-03 
8.60991776591206e+00 2.77205609247398e-02 1.49605492363670e-03 
8.64186551272435e+00 2.75216291399511e-02 1.49084586217452e-03 
8.67381325953664e+00 2.73225683885205e-02 1.48566840987074e-03 
8.70576100634893e+00 2.71233801849475e-02 1.48052208956400e-03 
8.73770875316122e+00 2.69240660557965e-02 1.47540642983811e-03 
8.76965649997351e+00 2.67246275399668e-02 1.47032096495501e-03 
8.80160424678579e+00 2.65250661889610e-02 1.46526523478441e-03 
8.83355199359809e+00 2.63253835671433e-02 1.46023878473617e-03 
8.86549974041037e+00 2.61255812519959e-02 1.45524116568999e-03 
8.89744748722266e+00 2.59256608343655e-02 1.45027193392785e-03 
8.92939523403495e+00 2.57256239187081e-02 1.44533065106414e-03 
8.96134298084724e+00 2.55254721233255e-02 1.44041688397851e-03 
8.99329072765953e+00 2.53252070805992e-02 1.43553020474665e-03 
9.02523847447182e+00 2.51248304372169e-02 1.43067019057333e-03 
9.05718622128411e+00 2.49243438543971e-02 1.42583642372455e-03 
9.08913396809640e+00 2.47237490081057e-02 1.42102849146158e-03 
9.12108171490869e+00 2.45230475892717e-02 1.41624598597420e-03 
9.15302946172098e+00 2.43222413039952e-02 1.41148850431555e-03 
9.18497720853327e+00 2.41213318737545e-02 1.40675564833666e-03 
9.21692495534556e+00 2.39203210356059e-02 1.40204702462293e-03 
9.24887270215785e+00 2.37192105423823e-02 1.39736224442997e-03 
9.28082044897014e+00 2.35180021628856e-02 1.39270092362121e-03 
9.31276819578243e+00 2.33166976820779e-02 1.38806268260540e-03 
9.34471594259472e+00 2.31152989012662e-02 1.38344714627601e-03 
9.37666368940701e+00 2.29138076382861e-02 1.37885394395012e-03 
9.40861143621930e+00 2.27122257276800e-02 1.37428270930921e-03 
9.44055918303159e+00 2.25105550208734e-02 1.36973308034016e-03 
9.47250692984388e+00 2.23087973863470e-02 1.36520469927747e-03 
9.50445467665617e+00 2.21069547098056e-02 1.36069721254581e-03 
9.53640242346846e+00 2.19050288943441e-02 1.35621027070415e-03 
9.56835017028075e+00 2.17030218606105e-02 1.35174352839025e-03 
9.60029791709304e+00 2.15009355469648e-02 1.34729664426621e-03 
9.63224566390533e+00 2.12987719096362e-02 1.34286928096473e-03 
9.66419341071762e+00 2.10965329228762e-02 1.33846110503652e-03 
9.69614115752990e+00 2.08942205791097e-02 1.33407178689828e-03 
9.72808890434220e+00 2.06918368890822e-02 1.32970100078193e-03 
9.76003665115448e+00 2.04893838820048e-02 1.32534842468431e-03 
9.79198439796677e+00 2.02868636056961e-02 1.32101374031800e-03 
9.82393214477906e+00 2.00842781267217e-02 1.31669663306294e-03 
9.85587989159135e+00 1.98816295305298e-02 1.31239679191905e-03 
9.88782763840364e+00 1.96789199215855e-02 1.30811390945944e-03 
9.91977538521593e+00 1.94761514235013e-02 1.30384768178479e-03 
9.95172313202822e+00 1.92733261791654e-02 1.29959780847814e-03 
9.98367087884051e+00 1.90704463508668e-02 1.29536399256093e-03 
1.00156186256528e+01 1.88675141204185e-02 1.29102683338775e-03 
1.00475663724651e+01 1.86652367243526e-02 1.28658115854666e-03 
1.00795141192774e+01 1.84636189026605e-02 1.28215606367077e-03 
1.01114618660897e+01 1.82626574680085e-02 1.27775277149727e-03 
1.01434096129020e+01 1.80623492660326e-02 1.27337106157288e-03 
1.01753573597142e+01 1.78626911749091e-02 1.26901071631353e-03 
1.02073051065265e+01 1.76636801049329e-02 1.26467152096066e-03 
1.02392528533388e+01 1.74653129981014e-02 1.26035326353834e-03 
1.02712006001511e+01 1.72675868277051e-02 1.25605573481117e-03 
1.03031483469634e+01 1.70704985979237e-02 1.25177872824284e-03 
1.03350960937757e+01 1.68740453434293e-02 1.24752203995530e-03 
1.03670438405880e+01 1.66782241289947e-02 1.24328546868881e-03 
1.03989915874003e+01 1.64830320491082e-02 1.23906881576250e-03 
1.04309393342126e+01 1.62884662275933e-02 1.23487188503572e-03 
1.04628870810249e+01 1.60945238172353e-02 1.23069448286989e-03 
1.04948348278371e+01 1.59012019994124e-02 1.22653641809118e-03 
1.05267825746494e+01 1.57084979837326e-02 1.22239750195368e-03 
1.05587303214617e+01 1.55164090076766e-02 1.21827754810327e-03 
1.05906780682740e+01 1.53249323362449e-02 1.21417637254208e-03 
1.06226258150863e+01 1.51340652616111e-02 1.21009379359362e-03 
1.06545735618986e+01 1.49438051027798e-02 1.20602963186827e-03 
1.06865213087109e+01 1.47541492052494e-02 1.20198371022967e-03 
1.07184690555232e+01 1.45650949406806e-02 1.19795585376117e-03 
1.07504168023355e+01 1.43766397065688e-02 1.19394588973162e-03 
1.07823645491478e+01 1.41887809259227e-02 1.18995364756418e-03 
1.08143122959600e+01 1.40015160469462e-02 1.18597895880848e-03 
1.08462600427723e+01 1.38148425427249e-02 1.18202165710897e-03 
1.08782077895846e+01 1.36287579109174e-02 1.17808157817235e-03 
1.09101555363969e+01 1.34432596734515e-02 1.17415855973756e-03 
1.09421032832092e+01 1.32583453762247e-02 1.17025244154660e-03 
1.09740510300215e+01 1.30740125888084e-02 1.16636306531546e-03 
1.10059987768338e+01 1.28902589041574e-02 1.16249027470569e-03 
1.10379465236461e+01 1.27070819383226e-02 1.15863391529652e-03 
1.10698942704584e+01 1.25244793301684e-02 1.15479383455742e-03 
1.11018420172706e+01 1.23424487410939e-02 1.15096988182095e-03 
1.11337897640829e+01 1.21609878547579e-02 1.14716190825631e-03 
1.11657375108952e+01 1.19800943768085e-02 1.14336976684322e-03 
1.11976852577075e+01 1.17997660346154e-02 1.13959331234621e-03 
1.12296330045198e+01 1.16200005770069e-02 1.13583240128938e-03 
1.12615807513321e+01 1.14407957740101e-02 1.13208689193153e-03 
1.12935284981444e+01 1.12621494165955e-02 1.12835664424179e-03 
1.13254762449567e+01 1.10840593164237e-02 1.12464151987562e-03 
1.13574239917690e+01 1.09065233055973e-02 1.12094138215118e-03 
1.13893717385813e+01 1.07295392364151e-02 1.11725609602604e-03 
1.14213194853935e+01 1.05531049811304e-02 1.11358552807443e-03 
1.14532672322058e+01 1.03772184317120e-02 1.10992954646482e-03 
1.14852149790181e+01 1.02018774996090e-02 1.10628247581206e-03 
1.15171627258304e+01 1.00270810679357e-02 1.10249240060415e-03 
1.15491104726427e+01 9.85285445004760e-03 1.09828072044658e-03 
1.15810582194550e+01 9.67928580598093e-03 1.09352577399336e-03 
1.16130059662673e+01 9.50645987475110e-03 1.08824955414362e-03 
1.16449537130796e+01 9.33445800422542e-03 1.08247382965252e-03 
1.16769014598919e+01 9.16335818384221e-03 1.07622012801212e-03 
1.17088492067042e+01 8.99323508001902e-03 1.06950971934843e-03 
1.17407969535164e+01 8.82416007409473e-03 1.06236360131800e-03 
1.17727447003287e+01 8.65620130265295e-03 1.05480248498656e-03 
1.18046924471410e+01 8.48942370007640e-03 1.04684678167122e-03 
1.18366401939533e+01 8.32388904318479e-03 1.03851659072726e-03 
1.18685879407656e+01 8.15965599781139e-03 1.02983168825947e-03 
1.19005356875779e+01 7.99678016717639e-03 1.02081151673785e-03 
1.19324834343902e+01 7.83531414191823e-03 1.01147517549655e-03 
1.19644311812025e+01 7.67530755164691e-03 1.00184141209463e-03 
1.19963789280148e+01 7.51680711788673e-03 9.91922152917797e-04 
1.20283266748270e+01 7.35992683259984e-03 9.81723727116701e-04 
1.20602744216393e+01 7.20481625333953e-03 9.71269925949834e-04 
1.20922221684516e+01 7.05150961114952e-03 9.60591985922434e-04 
1.21241699152639e+01 6.90003837764969e-03 9.49706533103558e-04 
1.21561176620762e+01 6.75043133897693e-03 9.38629780731250e-04 
1.21880654088885e+01 6.60271466983026e-03 9.27377527211281e-04 
1.22200131557008e+01 6.45691200751070e-03 9.15965154784064e-04 
1.22519609025131e+01 6.31304452585102e-03 9.04407628831750e-04 
1.22839086493254e+01 6.17113100893594e-03 8.92719497797915e-04 
1.23158563961377e+01 6.03118792451765e-03 8.80914893692618e-04 
1.23478041429499e+01 5.89322949703697e-03 8.69007533155712e-04 
1.23797518897622e+01 5.75726778016475e-03 8.57010719051901e-04 
1.24116996365745e+01 5.62331272878299e-03 8.44937342571533e-04 
1.24436473833868e+01 5.49137227032954e-03 8.32799885811314e-04 
1.24755951301991e+01 5.36145237543495e-03 8.20610424809615e-04 
1.25075428770114e+01 5.23355712778401e-03 8.08380633011889e-04 
1.25394906238237e+01 5.10768879313916e-03 7.96121785141875e-04 
1.25714383706360e+01 4.98384788746672e-03 7.83844761454850e-04 
1.26033861174483e+01 4.86203324411120e-03 7.71560052349892e-04 
1.26353338642606e+01 4.74224207996672e-03 7.59277763318654e-04 
1.26672816110728e+01 4.62447006059830e-03 7.47007620208556e-04 
1.26992293578851e+01 4.50871136426969e-03 7.34752136370490e-04 
1.27311771046974e+01 4.39495940066602e-03 7.22499970032322e-04 
1.27631248515097e+01 4.28321037018201e-03 7.10240217800871e-04 
1.27950725983220e+01 4.17346267185049e-03 6.97976539475710e-04 
1.28270203451343e+01 4.06571299023278e-03 6.85719693983316e-04 
1.28589680919466e+01 3.95995637150344e-03 6.73479990081020e-04 
1.28909158387589e+01 3.85618629819424e-03 6.61267293329506e-04 
1.29228635855712e+01 3.75439476254786e-03 6.49091033401586e-04 
1.29548113323834e+01 3.65457233843671e-03 6.36960211698797e-04 
1.29867590791957e+01 3.55670825180704e-03 6.24883409248360e-04 
1.30187068260080e+01 3.46079044961266e-03 6.12868794853968e-04 
1.30506545728203e+01 3.36680566720707e-03 6.00924133474734e-04 
1.30826023196326e+01 3.27473949416696e-03 5.89056794807556e-04 
1.31145500664449e+01 3.18457643852365e-03 5.77273762049239e-04 
1.31464978132572e+01 3.09629998938325e-03 5.65581640815409e-04 
1.31784455600695e+01 3.00989267791959e-03 5.53986668194338e-04 
1.32103933068818e+01 2.92533613672750e-03 5.42494721914743e-04 
1.32423410536941e+01 2.84261115752742e-03 5.31111329607393e-04 
1.32742888005063e+01 2.76169774721523e-03 5.19841678141357e-04 
1.33062365473186e+01 2.68257518225425e-03 5.08690623016664e-04 
1.33381842941309e+01 2.60522206140924e-03 4.97662697795910e-04 
1.33701320409432e+01 2.52961635682468e-03 4.86762123558315e-04 
1.34020797877555e+01 2.45573546345227e-03 4.75992818360549e-04 
1.34340275345678e+01 2.38355624683493e-03 4.65358406689467e-04 
1.34659752813801e+01 2.31305508925667e-03 4.54862228892823e-04 
1.34979230281924e+01 2.24420793426984e-03 4.44507350574727e-04 
1.35298707750047e+01 2.17699032961337e-03 4.34296571943406e-04 
1.35618185218170e+01 2.11137746853696e-03 4.24232437099734e-04 
1.35937662686292e+01 2.04734422954841e-03 4.14317243255667e-04 
1.36257140154415e+01 1.98486521460236e-03 4.04553049872392e-04 
1.36576617622538e+01 1.92391478575043e-03 3.94941687708827e-04 
1.36896095090661e+01 1.86446710027383e-03 3.85483448729739e-04 
1.37215572558784e+01 1.80649618584210e-03 3.76171242831692e-04 
1.37535050026907e+01 1.74997683871849e-03 3.66994015221727e-04 
1.37854527495030e+01 1.69488704785514e-03 3.57948381893541e-04 
1.38174004963153e+01 1.64120443602463e-03 3.49036925310194e-04 
1.38493482431276e+01 1.58890630267974e-03 3.40261959217514e-04 
1.38812959899398e+01 1.53796966509811e-03 3.31625538823804e-04 
1.39132437367521e+01 1.48837129783392e-03 3.23129470874311e-04 
1.39451914835644e+01 1.44008777050084e-03 3.14775323608512e-04 
1.39771392303767e+01 1.39309548391209e-03 3.06564436589236e-04 
1.40090869771890e+01 1.34737070460483e-03 2.98497930393543e-04 
1.40410347240013e+01 1.30288959777759e-03 2.90576716156115e-04 
1.40729824708136e+01 1.25962825867042e-03 2.82801504956775e-04 
1.41049302176259e+01 1.21756274241890e-03 2.75172817044576e-04 
1.41368779644382e+01 1.17666909241367e-03 2.67690990891604e-04 
1.41688257112505e+01 1.13692336719830e-03 2.60356192070514e-04 
1.42007734580627e+01 1.09830166593886e-03 2.53168421950413e-04 
1.42327212048750e+01 1.06078015249912e-03 2.46127526206474e-04 
1.42646689516873e+01 1.02433507815602e-03 2.39233203139299e-04 
1.42966166984996e+01 9.88942802990129e-04 2.32485011800680e-04 
1.43285644453119e+01 9.54579815986372e-04 2.25882379923058e-04 
1.43605121921242e+01 9.21222753880346e-04 2.19424611650462e-04 
1.43924599389365e+01 8.88848418785749e-04 2.13110895069349e-04 
1.44244076857488e+01 8.57433794638416e-04 2.06940309538280e-04 
1.44563554325611e+01 8.26956062492464e-04 2.00911832815822e-04 
1.44883031793734e+01 7.97392614703885e-04 1.95024347986562e-04 
1.45202509261856e+01 7.68721068036785e-04 1.89276650185578e-04 
1.45521986729979e+01 7.40919275727168e-04 1.83667453122127e-04 
1.45841464198102e+01 7.13965338538891e-04 1.78195395403686e-04 
1.46160941666225e+01 6.87837614846018e-04 1.72859046661908e-04 
1.46480419134348e+01 6.62514729775407e-04 1.67656913482365e-04 
1.46799896602471e+01 6.37975583442854e-04 1.62587445140293e-04 
1.47119374070594e+01 6.14199358315649e-04 1.57643615600885e-04 
1.47438851538717e+01 5.91165310237847e-04 1.52813176350754e-04 
1.47758329006840e+01 5.68856257869647e-04 1.48089048973384e-04 
1.48077806474962e+01 5.47255536384053e-04 1.43470472213781e-04 
1.48397283943085e+01 5.26346522049292e-04 1.38957326576372e-04 
1.48716761411208e+01 5.06112652927764e-04 1.34549356726853e-04 
1.49036238879331e+01 4.86537448265745e-04 1.30246179730804e-04 
1.49355716347454e+01 4.67604526611742e-04 1.26047293070065e-04 
1.49675193815577e+01 4.49297622701788e-04 1.21952082433673e-04 
1.49994671283700e+01 4.31600603150204e-04 1.17959795409091e-04 
1.50314148751823e+01 4.14502462126665e-04 1.14069032576835e-04 
1.50633626219946e+01 3.97992191701203e-04 1.10278909753027e-04 
1.50953103688069e+01 3.82053485287021e-04 1.06589013378057e-04 
1.51272581156191e+01 3.66670259241085e-04 1.02998188901549e-04 
1.51592058624314e+01 3.51826662340388e-04 9.95052143559680e-05 
1.51911536092437e+01 3.37507084274487e-04 9.61088064852686e-05 
1.52231013560560e+01 3.23696163197302e-04 9.28076266309697e-05 
1.52550491028683e+01 3.10378792380345e-04 8.96002863789738e-05 
1.52869968496806e+01 2.97540126008732e-04 8.64853529708405e-05 
1.53189445964929e+01 2.85165584160440e-04 8.34613544836079e-05 
1.53508923433052e+01 2.73240857008303e-04 8.05267847825847e-05 
1.53828400901175e+01 2.61751908283319e-04 7.76801082518363e-05 
1.54147878369298e+01 2.50684978036764e-04 7.49197643073756e-05 
1.54467355837420e+01 2.40026584737617e-04 7.22441716982902e-05 
1.54786833305543e+01 2.29763526740717e-04 6.96517326012768e-05 
1.55106310773666e+01 2.19882883159973e-04 6.71408365142393e-05 
1.55425788241789e+01 2.10372014179859e-04 6.47098639547640e-05 
1.55745265709912e+01 2.01218560837296e-04 6.23571899694463e-05 
1.56064743178035e+01 1.92410444304913e-04 6.00811874601537e-05 
1.56384220646158e+01 1.83935864705507e-04 5.78802303334208e-05 
1.56703698114281e+01 1.75783299486421e-04 5.57526964792583e-05 
1.57023175582404e+01 1.67941501381395e-04 5.36969705857133e-05 
1.57342653050526e+01 1.60399495986309e-04 5.17114467955931e-05 
1.57662130518649e+01 1.53146578974107e-04 4.97945312117813e-05 
1.57981607986772e+01 1.46172312973046e-04 4.79445940847355e-05 
1.58301085454895e+01 1.39465822405136e-04 4.61460238950732e-05 
1.58620562923018e+01 1.33020408215911e-04 4.43980077461658e-05 
1.58940040391141e+01 1.26826323696763e-04 4.27004814746962e-05 
1.59259517859264e+01 1.20877660677545e-04 4.10508916240027e-05 
1.59578995327387e+01 1.15165089493445e-04 3.94476701438990e-05 
1.59898472795510e+01 1.09683421325954e-04 3.78892317888891e-05 
1.60217950263633e+01 1.04424179732076e-04 3.63755551147188e-05 
1.60537427731755e+01 9.93820976543313e-05 3.49054146565660e-05 
1.60856905199878e+01 9.45491306917014e-05 3.34787530817162e-05 
1.61176382668001e+01 8.99201977410588e-05 3.20949365794926e-05 
1.61495860136124e+01 8.54874704964997e-05 3.07540599455203e-05 
1.61815337604247e+01 8.12458777213681e-05 2.94553125311386e-05 
1.62134815072370e+01 7.71878562109695e-05 2.81986393459391e-05 
1.62454292540493e+01 7.33083862000400e-05 2.69831078110379e-05 
1.62773770008616e+01 6.96002026706345e-05 2.58085257404711e-05 
1.63093247476739e+01 6.60583749941854e-05 2.46738739347644e-05 
1.63412724944861e+01 6.26759591558015e-05 2.35788401846036e-05 
1.63732202412984e+01 5.94481461672648e-05 2.25223447781926e-05 
1.64051679881107e+01 5.63683282459218e-05 2.15039736784448e-05 
1.64371157349230e+01 5.34318451659091e-05 2.05226074090960e-05 
1.64690634817353e+01 5.06324345995235e-05 1.95777478284261e-05 
1.65010112285476e+01 4.79656070198822e-05 1.86684973881334e-05 
1.65329589753599e+01 4.54255032640683e-05 1.77949034449566e-05 
1.65649067221722e+01 4.30077360901466e-05 1.69563149270397e-05 
1.65968544689845e+01 4.07065174046463e-05 1.61521573867408e-05 
1.66288022157968e+01 3.85175449912011e-05 1.53811277454017e-05 
1.66607499626090e+01 3.64354245476172e-05 1.46424301329608e-05 
1.66926977094213e+01 3.44561053498708e-05 1.39348061010646e-05 
1.67246454562336e+01 3.25745717679444e-05 1.32574625437914e-05 
1.67565932030459e+01 3.07870214067337e-05 1.26091902783385e-05 
1.67885409498582e+01 2.90888010070877e-05 1.19892061715837e-05 
1.68204886966705e+01 2.74763514005142e-05 1.13963537674895e-05 
1.68524364434828e+01 2.59453645586318e-05 1.08298659935815e-05 
1.68843841902951e+01 2.44925178304489e-05 1.02886415734436e-05 
1.69163319371074e+01 2.31138307322635e-05 9.77193455312091e-06 
1.69482796839197e+01 2.18062091170333e-05 9.27870042335216e-06 
1.69802274307319e+01 2.05659820627825e-05 8.80821847329264e-06 
1.70121751775442e+01 1.93902748799600e-05 8.35932978351164e-06 
1.70441229243565e+01 1.82763491595928e-05 7.93082711462238e-06 
1.70760706711688e+01 1.72216653324123e-05 7.52169514695812e-06 
1.71080184179811e+01 1.62231522267672e-05 7.13131962958535e-06 
1.71399661647934e+01 1.52783848561543e-05 6.75891110414899e-06 
1.71719139116057e+01 1.43845332820808e-05 6.40389020320616e-06 
1.72038616584180e+01 1.35393552133408e-05 6.06550283038368e-06 
1.72358094052303e+01 1.27402496831221e-05 5.74319230794206e-06 
1.72677571520425e+01 1.19851485276506e-05 5.43624217115663e-06 
1.72997048988548e+01 1.12716670256813e-05 5.14412018015798e-06 
1.73316526456671e+01 1.05979022294282e-05 4.86614888787755e-06 
1.73636003924794e+01 9.96167272243077e-06 4.60182177089665e-06 
1.73955481392917e+01 9.36123165342236e-06 4.35050105918032e-06 
1.74274958861040e+01 8.79458795787887e-06 4.11170679374203e-06 
1.74594436329163e+01 8.26014167521708e-06 3.88484094687371e-06 
1.74913913797286e+01 7.75607929073756e-06 3.66944580218188e-06 
1.75233391265409e+01 7.28093699824967e-06 3.46494018480864e-06 
1.75552868733532e+01 6.83306385241112e-06 3.27087198753436e-06 
1.75872346201654e+01 6.41113608187441e-06 3.08671387694398e-06 
1.76191823669777e+01 6.01366668832214e-06 2.91207480831732e-06 
1.76511301137900e+01 5.63944931642884e-06 2.74647888150036e-06 
1.76830778606023e+01 5.28713610527384e-06 2.58955978416842e-06 
1.77150256074146e+01 4.95563001529372e-06 2.44087601737469e-06 
1.77469733542269e+01 4.64371164113476e-06 2.30008564075489e-06 
1.77789211010392e+01 4.35038538176144e-06 2.16678029657165e-06 
1.78108688478515e+01 4.07455008214818e-06 2.04064185151728e-06 
1.78428165946638e+01 3.81530397593501e-06 1.92129366886097e-06 
1.78747643414761e+01 3.57165446566371e-06 1.80844069205265e-06 
1.79067120882883e+01 3.34278632805992e-06 1.70173647151682e-06 
1.79386598351006e+01 3.12780636564643e-06 1.60090816705811e-06 
1.79706075819129e+01 2.92597894759690e-06 1.50563790822857e-06 
1.80025553287252e+01 2.73650166568039e-06 1.41567062013093e-06 
1.80345030755375e+01 2.55871060218936e-06 1.33070789494349e-06 
1.80664508223498e+01 2.39188690663648e-06 1.25051260156913e-06 
1.80983985691621e+01 2.23543748470575e-06 1.17481937192163e-06 
1.81303463159744e+01 2.08872011292034e-06 1.10341804892518e-06 
1.81622940627867e+01 1.95120202533784e-06 1.03606870497551e-06 
1.81942418095989e+01 1.82230859651151e-06 9.72578720853535e-07 
1.82261895564112e+01 1.70156207544127e-06 9.12729573196931e-07 
1.82581373032235e+01 1.58844913549949e-06 8.56345145985205e-07 
1.82900850500358e+01 1.48254207755591e-06 8.03226838124247e-07 
1.83220327968481e+01 1.38338304434438e-06 7.53213996602281e-07 
1.83539805436604e+01 1.29058977099208e-06 7.06126497491431e-07 
1.83859282904727e+01 1.20375449296386e-06 6.61818118333124e-07 
1.84178760372850e+01 1.12253609924796e-06 6.20125815162534e-07 
1.84498237840973e+01 1.04657197471236e-06 5.80916782237059e-07 
1.84817715309096e+01 9.75558208132596e-07 5.44043714596393e-07 
1.85137192777218e+01 9.09172802389477e-07 5.09390555338039e-07 
1.85456670245341e+01 8.47147255304631e-07 4.76830986114870e-07 
1.85776147713464e+01 7.89194054824826e-07 4.46259045205989e-07 
1.86095625181587e+01 7.35071084391449e-07 4.17553447206868e-07 
1.86415102649710e+01 6.84523820176636e-07 3.90614129417723e-07 
1.86734580117833e+01 6.37337818498236e-07 3.65332109524984e-07 
1.87054057585956e+01 5.93288267436486e-07 3.41617499706335e-07 
1.87373535054079e+01 5.52185470387224e-07 3.19372782970465e-07 
1.87693012522202e+01 5.13831091254558e-07 2.98517340056521e-07 
1.88012489990325e+01 4.78057529510755e-07 2.78964039795619e-07 
1.88331967458447e+01 4.44690007243578e-07 2.60640687297358e-07 
1.88651444926570e+01 4.13580623062214e-07 2.43469540963835e-07 
1.88970922394693e+01 3.84575531719194e-07 2.27386046790558e-07 
1.89290399862816e+01 3.57544368137335e-07 2.12320936104791e-07 
1.89609877330939e+01 3.32351861426674e-07 1.98216571097725e-07 
1.89929354799062e+01 3.08883235067123e-07 1.85011315015918e-07 
1.90248832267185e+01 2.87019677988040e-07 1.72653778058800e-07 
1.90568309735308e+01 2.66660251459013e-07 1.61089185851810e-07 
1.90887787203431e+01 2.47700711507635e-07 1.50271782345910e-07 
1.91207264671553e+01 2.30052386357482e-07 1.40152953182672e-07 
1.91526742139676e+01 2.13623907767358e-07 1.30692012971056e-07 
1.91846219607799e+01 1.98337463999376e-07 1.21845867861110e-07 
1.92165697075922e+01 1.84113053534746e-07 1.13578388298630e-07 
1.92485174544045e+01 1.70882466720035e-07 1.05851419996323e-07 
1.92804652012168e+01 1.58575724542023e-07 9.86329197346072e-08 
1.93124129480291e+01 1.47133096524078e-07 9.18891461921971e-08 
1.93443606948414e+01 1.36493430547198e-07 8.55917153352293e-08 
1.93763084416537e+01 1.26604474558241e-07 7.97108224691337e-08 
1.94082561884660e+01 1.17412841460891e-07 7.42213550133310e-08 
1.94402039352782e+01 1.08872867126470e-07 6.90970148778799e-08 
1.94721516820905e+01 1.00937987739489e-07 6.43156097445357e-08 
1.95040994289028e+01 9.35683359046626e-08 5.98539606572793e-08 
1.95360471757151e+01 8.67233370508890e-08 5.56924781234439e-08 
1.95679949225274e+01 8.03682185969140e-08 5.18107538259557e-08 
1.95999426693397e+01 7.44676575746629e-08 4.81915147352893e-08 
1.96318904161520e+01 6.89913543955668e-08 4.48168102786357e-08 
1.96638381629643e+01 6.39085861790570e-08 4.16714260434656e-08 
1.96957859097766e+01 5.91929762449827e-08 3.87395887369248e-08 
1.97277336565888e+01 5.48178271099141e-08 3.60079108073435e-08 
1.97596814034011e+01 5.07601990557529e-08 3.34625452447742e-08 
1.97916291502134e+01 4.69969137277165e-08 3.10917234038452e-08 
1.98235768970257e+01 4.35080396726780e-08 2.88833002695760e-08 
1.98555246438380e+01 4.02734722429243e-08 2.68269398022445e-08 
1.98874723906503e+01 3.72759105738408e-08 2.49120135099788e-08 
1.99194201374626e+01 3.44979403733379e-08 2.31295824956698e-08 
1.99513678842749e+01 3.19246141165187e-08 2.14704786762381e-08 
1.99833156310872e+01 2.95407907052709e-08 1.99268048934080e-08 
2.00152633778995e+01 2.73334249479072e-08 1.84901170554063e-08 
2.00472111247117e+01 2.52867655329107e-08 1.71545692527995e-08 
2.00791588715240e+01 2.33897940163813e-08 1.59126212867450e-08 
2.01111066183363e+01 2.16314887014814e-08 1.47581817184303e-08 
2.01430543651486e+01 2.00023413355523e-08 1.36850424314612e-08 
2.01750021119609e+01 1.84928010015458e-08 1.26878863475184e-08 
2.02069498587732e+01 1.70946215849297e-08 1.17612968703372e-08 
2.02388976055855e+01 1.57995332931726e-08 1.09006298323107e-08 
2.02708453523978e+01 1.46003905189453e-08 1.01011634085575e-08 
2.03027930992101e+01 1.34900384108231e-08 9.35884491606941e-09 
2.03347408460224e+01 1.24622900550264e-08 8.66956177220024e-09 
2.03666885928346e+01 1.15109600691345e-08 8.02978065992048e-09 
2.03986363396469e+01 1.06306959365919e-08 7.43592271519353e-09 
2.04305840864592e+01 9.81615452640277e-09 6.88491019081582e-09 
2.04625318332715e+01 9.06270888829931e-09 6.37363132816807e-09 
2.04944795800838e+01 8.36574699621604e-09 5.89940758404178e-09 
2.05264273268961e+01 7.72127227269537e-09 5.45953561647999e-09 
2.05583750737084e+01 7.12530678328793e-09 5.05168634439486e-09 
2.05903228205207e+01 6.57440114132820e-09 4.67351319194000e-09 
2.06222705673330e+01 6.06512690612327e-09 4.32299269483391e-09 
2.06542183141453e+01 5.59450926692280e-09 3.99808963576392e-09 
2.06861660609575e+01 5.15959557377700e-09 3.69704756358321e-09 
2.07181138077698e+01 4.75782226295833e-09 3.41810274250358e-09 
2.07500615545821e+01 4.38664832267351e-09 3.15973178390269e-09 
2.07820093013944e+01 4.04386625842132e-09 2.92040744987227e-09 
2.08139570482067e+01 3.72729090722349e-09 2.69880958873447e-09 
2.08459047950190e+01 3.43502281311400e-09 2.49361680111941e-09 
2.08778525418313e+01 3.16518418876499e-09 2.30368599884227e-09 
2.09098002886436e+01 2.91614184611798e-09 2.12787477858560e-09 
2.09417480354559e+01 2.68628329410971e-09 1.96519417150583e-09 
2.09736957822681e+01 2.47420531929947e-09 1.81465729286125e-09 
2.10056435290804e+01 2.27852422965350e-09 1.67540920084547e-09 
2.10375912758927e+01 2.09803528057484e-09 1.54659801505943e-09 
2.10695390227050e+01 1.93155195062896e-09 1.42748524385562e-09 
2.11014867695173e+01 1.77804063859481e-09 1.31733610344603e-09 
2.11334345163296e+01 1.63648460774860e-09 1.21551319148986e-09 
2.11653822631419e+01 1.50599772122787e-09 1.12138320324463e-09 
2.11973300099542e+01 1.38570933446705e-09 1.03439641479015e-09 
2.12292777567665e+01 1.27486027357774e-09 9.54007392893984e-10 
2.12612255035788e+01 1.17270550582699e-09 8.79742395040373e-10 
2.12931732503910e+01 1.07859508531596e-09 8.11132014242887e-10 
2.13251209972033e+01 9.91891902038174e-10 7.47768297028884e-10 
2.13570687440156e+01 9.12039909182952e-10 6.89247560818009e-10 
2.13890164908279e+01 8.38494653555180e-10 6.35218768330663e-10 
2.14209642376402e+01 7.70780749256029e-10 5.85335009905635e-10 
2.14529119844525e+01 7.08433235793070e-10 5.39294447492280e-10 
2.14848597312648e+01 6.51045965017913e-10 4.96799173089199e-10 
2.15168074780771e+01 5.98222126470577e-10 4.57589842375147e-10 
2.15487552248894e+01 5.49614960815740e-10 4.21410808247295e-10 
2.15807029717017e+01 5.04886042052706e-10 3.88039398767618e-10 
2.16126507185139e+01 4.63739514871734e-10 3.57256385842198e-10 
2.16445984653262e+01 4.25886936521068e-10 3.28870720633067e-10 
2.16765462121385e+01 3.91076051992025e-10 3.02694535455880e-10 
2.17084939589508e+01 3.59061179898814e-10 2.78564028781642e-10 
2.17404417057631e+01 3.29627383467734e-10 2.56318316647006e-10 
2.17723894525754e+01 3.02565539334931e-10 2.35817055951911e-10 
2.18043371993877e+01 2.77692629907920e-10 2.16922562849563e-10 
2.18362849462000e+01 2.54830765453924e-10 1.99514674736937e-10 
2.18682326930123e+01 2.33824211048858e-10 1.83475639617628e-10 
2.19001804398245e+01 2.14521744088568e-10 1.68702641828635e-10 
2.19321281866368e+01 1.96790933769521e-10 1.55095040318752e-10 
2.19640759334491e+01 1.80503311099334e-10 1.42564918901223e-10 
2.19960236802614e+01 1.65546338123095e-10 1.31026770590745e-10 
2.20279714270737e+01 1.51811247639070e-10 1.20406662769750e-10 
2.20599191738860e+01 1.39202723618044e-10 1.10632193372950e-10 
2.20918669206983e+01 1.27627752611923e-10 1.01639363915885e-10 
2.21238146675106e+01 1.17004826414067e-10 9.33650484955168e-11 
2.21557624143229e+01 1.07255163197779e-10 8.57540734931359e-11 
2.21877101611352e+01 9.83097034666980e-11 7.87528616987833e-11 
2.22196579079474e+01 9.01018590021285e-11 7.23156727689841e-11 
2.22516056547597e+01 8.25738034417085e-11 6.63980205006319e-11 
2.22835534015720e+01 7.56685740230272e-11 6.09604061417504e-11 
2.23155011483843e+01 6.93362313221870e-11 5.59633858400726e-11 
2.23474488951966e+01 6.35286928372728e-11 5.13724640360784e-11 
2.23793966420089e+01 5.82037916230795e-11 4.71542152068789e-11 
2.24113443888212e+01 5.33209549869025e-11 4.32793964215875e-11 
2.24432921356335e+01 4.88445912342157e-11 3.97196923969777e-11 
2.24752398824458e+01 4.47404762198449e-11 3.64503221304892e-11 
2.25071876292580e+01 4.09785786230306e-11 3.34473078530467e-11 
2.25391353760703e+01 3.75300392211963e-11 3.06896573347091e-11 
2.25710831228826e+01 3.43695271063344e-11 2.81570730479376e-11 
2.26030308696949e+01 3.14727151350581e-11 2.58317786895677e-11 
2.26349786165072e+01 2.88182444042531e-11 2.36965981287948e-11 
2.26669263633195e+01 2.63856149408025e-11 2.17364837072085e-11 
2.26988741101318e+01 2.41568231059228e-11 1.99369057232566e-11 
2.27308218569441e+01 2.21145996936350e-11 1.82851308344511e-11 
2.27627696037564e+01 2.02437743373284e-11 1.67688722484678e-11 
2.27947173505687e+01 1.85298041860647e-11 1.53773587837876e-11 
2.28266650973809e+01 1.69599105133890e-11 1.41002038712702e-11 
2.28586128441932e+01 1.55218503704338e-11 1.29282992996972e-11 
2.28905605910055e+01 1.42048631682063e-11 1.18528678126023e-11 
2.29225083378178e+01 1.29986454487294e-11 1.08662100778958e-11 
2.29544560846301e+01 1.18941389947114e-11 9.96091128901540e-12 
2.29864038314424e+01 1.08826753524527e-11 9.13046528806344e-12 
2.30183515782547e+01 9.95663182100637e-12 8.36861031363960e-12 
2.30502993250670e+01 9.10871780342398e-12 7.66985033562385e-12 
2.30822470718793e+01 8.33252067672125e-12 7.02889907429182e-12 
2.31141948186916e+01 7.62191060958589e-12 6.44111535476084e-12 
2.31461425655038e+01 6.97149467657736e-12 5.90203787133662e-12 
2.31780903123161e+01 6.37612060224967e-12 5.40774864189844e-12 
2.32100380591284e+01 5.83125444215527e-12 4.95448380761457e-12 
2.32419858059407e+01 5.33256691447411e-12 4.53893697893643e-12 
2.32739335527530e+01 4.87624742935383e-12 4.15793372801193e-12 
2.33058812995653e+01 4.45865934961103e-12 3.80868469839239e-12 
2.33378290463776e+01 4.07660102721428e-12 3.48851343666169e-12 
2.33697767931899e+01 3.72701857847466e-12 3.19506752842459e-12 
2.34017245400022e+01 3.40722281373619e-12 2.92609108672231e-12 
2.34336722868144e+01 3.11464999028581e-12 2.67960082771090e-12 
2.34656200336267e+01 2.84704204129833e-12 2.45369593681846e-12 
2.34975677804390e+01 2.60224734073615e-12 2.24670486696253e-12 
2.35295155272513e+01 2.37837040233580e-12 2.05702648165228e-12 
2.35614632740636e+01 2.17360600478066e-12 1.88325241150382e-12 
2.35934110208759e+01 1.98636350084252e-12 1.72403436243284e-12 
2.36253587676882e+01 1.81512874983838e-12 1.57818607307244e-12 
2.36573065145005e+01 1.65856731732387e-12 1.44457250601503e-12 
2.36892542613128e+01 1.51540958030313e-12 1.32219478469708e-12 
2.37212020081251e+01 1.38453638096528e-12 1.21009768174056e-12 
2.37531497549373e+01 1.26488343766896e-12 1.10744172019255e-12 
2.37850975017496e+01 1.15551340291432e-12 1.01342534348583e-12 
2.38170452485619e+01 1.05553440501990e-12 9.27342464280668e-13 
2.38489929953742e+01 9.64159104187602e-13 8.48516887545861e-13 
2.38809407421865e+01 8.80639599589880e-13 7.76352410166950e-13 
2.39128884889988e+01 8.04316283129821e-13 7.10279879798054e-13 
2.39448362358111e+01 7.34562876937661e-13 6.49798030961196e-13 
2.39767839826234e+01 6.70826929022066e-13 5.94428583787690e-13 
2.40087317294357e+01 6.12584142291564e-13 5.43750208612525e-13 
2.40406794762480e+01 5.59371934612530e-13 4.97361096709900e-13 
2.40726272230602e+01 5.10751496448141e-13 4.54907203235597e-13 
2.41045749698725e+01 4.66335597073906e-13 4.16051053203990e-13 
2.41365227166848e+01 4.25757069418828e-13 3.80495221339237e-13 
2.41684704634971e+01 3.88691843938303e-13 3.47956340092971e-13 
2.42004182103094e+01 3.54832777228687e-13 3.18184615298309e-13 
2.42323659571217e+01 3.23908728545025e-13 2.90942173279584e-13 
2.42643137039340e+01 2.95662830436066e-13 2.66019277967467e-13 
2.42962614507463e+01 2.69868284471154e-13 2.43216296517665e-13 
2.43282091975586e+01 2.46310323520464e-13 2.22357172393488e-13 
2.43601569443708e+01 2.24799288212052e-13 2.03274407928584e-13 
2.43921046911831e+01 2.05155656584711e-13 1.85820255178037e-13 
2.44240524379954e+01 1.87220867207804e-13 1.69854213336150e-13 
2.44560001848077e+01 1.70844896957132e-13 1.55252321856341e-13 
2.44879479316200e+01 1.55895217326613e-13 1.41896753757932e-13 
2.45198956784323e+01 1.42246488524130e-13 1.29683531074729e-13 
2.45518434252446e+01 1.29787969561656e-13 1.18513864527006e-13 
2.45837911720569e+01 1.18414969662661e-13 1.08300557651906e-13 
2.46157389188692e+01 1.08034977967736e-13 9.89608013167487e-14 
2.46476866656815e+01 9.85605738285135e-14 9.04214881338478e-14 
2.46796344124937e+01 8.99144965210814e-14 8.26132187235333e-14 
2.47115821593060e+01 8.20237664099451e-14 7.54752749412805e-14 
2.47435299061183e+01 7.48243056461381e-14 6.89500813906201e-14 
2.47754776529306e+01 6.82550316022509e-14 6.29866417574011e-14 
2.48074253997429e+01 6.22618717026145e-14 5.75360144524579e-14 
2.48393731465552e+01 5.67938197516797e-14 5.25549043290982e-14 
2.48713208933675e+01 5.18057944233287e-14 4.80022973218239e-14 
2.49032686401798e+01 4.72552850087408e-14 4.38419694337483e-14 
2.49352163869921e+01 4.31047147587555e-14 4.00396159258788e-14 
2.49671641338044e+01 3.93186615578780e-14 3.65649311447680e-14 
2.49991118806166e+01 3.58658118694178e-14 3.33890516046667e-14 
2.50310596274289e+01 3.27154034031730e-14 3.04872541633544e-14 
2.50630073742412e+01 2.98402458708399e-14 2.78361299418753e-14 
2.50949551210535e+01 2.72160909958120e-14 2.54142600683430e-14 
2.51269028678658e+01 2.48214800403820e-14 2.32016446231311e-14 
2.51588506146781e+01 2.26361689676987e-14 2.11805979052494e-14 
2.51907983614904e+01 2.06422400989604e-14 1.93343886737780e-14 
2.52227461083027e+01 1.88227964118024e-14 1.76482193082942e-14 
2.52546938551150e+01 1.71628805461296e-14 1.61080964309849e-14 
2.52866416019272e+01 1.56483924595037e-14 1.47016419233397e-14 
2.53185893487395e+01 1.42668490026059e-14 1.34171550851458e-14 
2.53505370955518e+01 1.30064869016892e-14 1.22442842338032e-14 
2.53824848423641e+01 1.18568904251472e-14 1.11732480731485e-14 
2.54144325891764e+01 1.08082481072510e-14 1.01953917197605e-14 
2.54463803359887e+01 9.85187130051442e-15 9.30254038359005e-15 
2.54783280828010e+01 8.97957841250480e-15 8.48745960885808e-15 
2.55102758296133e+01 8.18412321951268e-15 7.74331889038602e-15 
2.55422235764256e+01 7.45868484150040e-15 7.06407254642408e-15 
2.55741713232379e+01 6.79722144375515e-15 6.44401466015344e-15 
2.56061190700501e+01 6.19404787588453e-15 5.87809420248490e-15 
2.56380668168624e+01 5.64412769560448e-15 5.36154582328748e-15 
2.56700145636747e+01 5.14272347260057e-15 4.89015051766732e-15 
2.57019623104870e+01 4.68563783762378e-15 4.45992940108734e-15 
2.57339100572993e+01 4.26892400634822e-15 4.06735928278951e-15 
2.57658578041116e+01 3.88908470881672e-15 3.70911873072778e-15 
2.57978055509239e+01 3.54283260984146e-15 3.38226631398468e-15 
2.58297532977362e+01 3.22725444320388e-15 3.08403007043033e-15 
2.58617010445485e+01 2.93961276666685e-15 2.81195485074944e-15 
2.58936487913608e+01 2.67748135793185e-15 2.56372780491645e-15 
2.59255965381730e+01 2.43858120471426e-15 2.33730015765666e-15 
2.59575442849853e+01 2.22089217025962e-15 2.13074258001060e-15 
2.59894920317976e+01 2.02251733272742e-15 1.94234581133520e-15 
2.60214397786099e+01 1.84177505969668e-15 1.77050082178468e-15 
2.60533875254222e+01 1.67708681835899e-15 1.61378193741069e-15 
2.60853352722345e+01 1.52705307989624e-15 1.47084756361819e-15 
2.61172830190468e+01 1.39036055767457e-15 1.34050884102612e-15 
2.61492307658591e+01 1.26584476793699e-15 1.22164741828556e-15 
2.61811785126714e+01 1.15241334639690e-15 1.11327214507297e-15 
2.62131262594836e+01 1.04909760002980e-15 1.01445097959195e-15 
2.62450740062959e+01 9.54989127364325e-16 9.24357793074116e-16 
2.62770217531082e+01 8.69282289599480e-16 8.42215993238549e-16 
2.63089694999205e+01 7.91221836576868e-16 7.67337156756333e-16 
2.63409172467328e+01 7.20137889337845e-16 6.99074361910721e-16 
2.63728649935451e+01 6.55402668931398e-16 6.36854069004174e-16 
2.64048127403574e+01 5.96459304714558e-16 5.80137497598930e-16 
2.64367604871697e+01 5.42786090678882e-16 5.28446929317510e-16 
2.64687082339820e+01 4.93920204226045e-16 4.81333749126661e-16 
2.65006559807943e+01 4.49428186105850e-16 4.38400141693692e-16 
2.65326037276065e+01 4.08925464732699e-16 3.99272652008981e-16 
2.65645514744188e+01 3.72051980689383e-16 3.63620078181828e-16 
2.65964992212311e+01 3.38488254987522e-16 3.31131602433363e-16 
2.66284469680434e+01 3.07935265349945e-16 3.01531543948585e-16 
2.66603947148557e+01 2.80127667445007e-16 2.74561273696518e-16 
2.66923424616680e+01 2.54817184412165e-16 2.49991375723416e-16 
2.67242902084803e+01 2.31783483286564e-16 2.27606694012412e-16 
2.67562379552926e+01 2.10820466951753e-16 2.07216355279315e-16 
2.67881857021049e+01 1.91745219802916e-16 1.88641407860854e-16 
2.68201334489172e+01 1.74386697040043e-16 1.71723080236851e-16 
2.68520811957294e+01 1.58593080857261e-16 1.56312564634277e-16 
2.68840289425417e+01 1.44222449497552e-16 1.42277820310661e-16 
2.69159766893540e+01 1.31148825223117e-16 1.29495131421838e-16 
2.69479244361663e+01 1.19254477964588e-16 1.17854710209729e-16 
2.69798721829786e+01 1.08434896807975e-16 1.07253722398215e-16 
2.70118199297909e+01 9.85924429791562e-17 9.76018262093600e-17 
2.70437676766032e+01 8.96411788512774e-17 8.88143856268223e-17 
2.70757154234155e+01 8.14998662460290e-17 8.08161147837098e-17 
2.71076631702278e+01 7.40962641350511e-17 7.35356258845811e-17 
2.71396109170400e+01 6.73629659080069e-17 6.69094655069884e-17 
2.71715586638523e+01 6.12401456876682e-17 6.08783075077881e-17 
2.72035064106646e+01 5.56719931239602e-17 5.53895159517236e-17 
2.72354541574769e+01 5.06089699317615e-17 5.03938896184114e-17 
2.72674019042892e+01 4.60048726555718e-17 4.58477713488838e-17 
2.72993496511015e+01 4.18186865665120e-17 4.17103618874451e-17 
2.73312973979138e+01 3.80121660311614e-17 3.79454557229915e-17 
2.73632451447261e+01 3.45513574398960e-17 3.45192249230670e-17 
2.73951928915384e+01 3.14046061666666e-17 3.14016474452634e-17 
2.74271406383507e+01 2.85438074740683e-17 2.85646789148180e-17 
2.74590883851629e+01 2.59427650182380e-17 2.59834277567878e-17 
2.74910361319752e+01 2.35782182035186e-17 2.36346471590790e-17 
2.75229838787875e+01 2.14284903591871e-17 2.14977017944573e-17 
2.75549316255998e+01 1.94743324000083e-17 1.95533240183290e-17 
2.75868793724121e+01 1.76978096672079e-17 1.77844090528894e-17 
2.76188271192244e+01 1.60829946625248e-17 1.61749892237048e-17 
2.76507748660367e+01 1.46150505077530e-17 1.47108879709063e-17 
2.76827226128490e+01 1.32807996888618e-17 1.33788739866495e-17 
2.77146703596613e+01 1.20679694793289e-17 1.21671990564235e-17 
2.77466181064736e+01 1.09656588349438e-17 1.10649006151956e-17 
2.77785658532858e+01 9.96371722079942e-18 1.00622440044785e-17 
2.78105136000981e+01 9.05312785324380e-18 9.15014746185777e-18 
2.78424613469104e+01 8.22549639560438e-18 8.32054574052669e-18 
2.78744090937227e+01 7.47336550050227e-18 7.56591608622803e-18 
2.79063568405350e+01 6.78979398237488e-18 6.87957716868403e-18 
2.79383045873473e+01 6.16861494676871e-18 6.25529834817323e-18 
2.79702523341596e+01 5.60408946302851e-18 5.68754539979751e-18 
2.80022000809719e+01 5.09111837496706e-18 5.17115846651823e-18 
2.80341478277842e+01 4.62495731222196e-18 4.70155402445873e-18 
2.80660955745964e+01 4.20139047468165e-18 4.27445947394388e-18 
2.80980433214087e+01 3.81649614120295e-18 3.88607912030956e-18 
2.81299910682210e+01 3.46678923907066e-18 3.53287546329338e-18 
2.81619388150333e+01 3.14902842084058e-18 3.21170558986518e-18 
2.81938865618456e+01 2.86033301291454e-18 2.91964096285588e-18 
2.82258343086579e+01 2.59802430685144e-18 2.65407948799932e-18 
2.82577820554702e+01 2.35972148094187e-18 2.41259703912231e-18 
2.82897298022825e+01 2.14321105049850e-18 2.19303952793019e-18 
2.83216775490948e+01 1.94652553452331e-18 1.99340058842469e-18 
2.83536252959071e+01 1.76783607898229e-18 1.81189720956215e-18 
2.83855730427193e+01 1.60551696552835e-18 1.64686897960745e-18 
2.84175207895316e+01 1.45805730277595e-18 1.49684020946905e-18 
2.84494685363439e+01 1.32411391946346e-18 1.36043694460847e-18 
2.84814162831562e+01 1.20243874441492e-18 1.23643798657058e-18 
2.85133640299685e+01 1.09192217102339e-18 1.12370654572451e-18 
2.85453117767808e+01 9.91533344248845e-19 1.02123214045804e-18 
2.85772595235931e+01 9.00355709220580e-19 9.28074313098792e-19 
2.86092072704054e+01 8.17537915804328e-19 8.43397034116734e-19 
2.86411550172177e+01 7.42322956938776e-19 7.66422356436721e-19 
2.86731027640299e+01 6.74007806585379e-19 6.96458662358587e-19 
2.87050505108422e+01 6.11967301195913e-19 6.32862504944320e-19 
2.87369982576545e+01 5.55620960546645e-19 5.75061797158104e-19 
2.87689460044668e+01 5.04452558668436e-19 5.22524396980252e-19 
2.88008937512791e+01 4.57982851782367e-19 4.74777142380454e-19 
2.88328414980914e+01 4.15785615047127e-19 4.31379990739242e-19 
2.88647892449037e+01 3.77465227955732e-19 3.91941642196838e-19 
2.88967369917160e+01 3.42669813739172e-19 3.56098253313139e-19 
2.89286847385283e+01 3.11072818723504e-19 3.23526258907946e-19 
2.89606324853406e+01 2.82383776727928e-19 2.93924852471027e-19 
2.89925802321528e+01 2.56333172079462e-19 2.67026507745330e-19 
2.90245279789651e+01 2.32681257383070e-19 2.42582560653683e-19 
2.90564757257774e+01 2.11205615964842e-19 2.20371842392320e-19 
2.90884234725897e+01 1.91708384295355e-19 2.00188814887401e-19 
2.91203712194020e+01 1.74006033374135e-19 1.81850653620009e-19 
2.91523189662143e+01 1.57935283835281e-19 1.65187485250901e-19 
2.91842667130266e+01 1.43344711143455e-19 1.50048197957938e-19 
2.92162144598389e+01 1.30099589522631e-19 1.36292409490466e-19 
2.92481622066512e+01 1.18074996058106e-19 1.23795233135893e-19 
2.92801099534635e+01 1.07159777028091e-19 1.12440670071175e-19 
2.93120577002757e+01 9.72508837746873e-20 1.02125518270156e-19 
2.93440054470880e+01 8.82566201111842e-20 9.27539370711451e-20 
2.93759531939003e+01 8.00919903424128e-20 8.42406528139906e-20 
2.94079009407126e+01 7.26813577946273e-20 7.65064880704105e-20 
2.94398486875249e+01 6.59546244473626e-20 6.94809902628630e-20 
2.94717964343372e+01 5.98494071601696e-20 6.30987546827214e-20 
2.95037441811495e+01 5.43079005186138e-20 5.73015797254182e-20 
2.95356919279618e+01 4.92786580872590e-20 5.20354430315302e-20 
2.95676396747741e+01 4.47140165020480e-20 4.72522683975676e-20 
2.95995874215863e+01 4.05715533020998e-20 4.29074392549845e-20 
2.96315351683986e+01 3.68119720320600e-20 3.89612470623837e-20 
2.96634829152109e+01 3.34002952730027e-20 3.53768468258790e-20 
2.96954306620232e+01 3.03041283848934e-20 3.21214442537328e-20 
2.97273784088355e+01 2.74946357575303e-20 2.91646148919916e-20 
2.97593261556478e+01 2.49451155109275e-20 2.64792770394410e-20 
2.97912739024601e+01 2.26317983009895e-20 2.40403099626499e-20 
2.98232216492724e+01 2.05326773688056e-20 2.18253511272003e-20 
2.98551693960847e+01 1.86281621182230e-20 1.98136603917083e-20 
2.98871171428970e+01 1.69001178281262e-20 1.79867731814513e-20 
2.99190648897092e+01 1.53324003877502e-20 1.63275669746452e-20 
2.99510126365215e+01 1.39100681410463e-20 1.48207963564136e-20 
2.99829603833338e+01 1.26198193887454e-20 1.34523258594290e-20 
3.00149081301461e+01 1.14493455351633e-20 1.22095857882728e-20 
3.00468558769584e+01 1.03872608634912e-20 1.10813543097287e-20 
3.00788036237707e+01 9.42345074411087e-21 1.00571934091996e-20 
3.01107513705830e+01 8.54892096175959e-21 9.12743738095849e-21 
3.01426991173953e+01 7.75534788859816e-21 8.28348100997588e-21 
3.01746468642076e+01 7.03531864569397e-21 7.51735278200987e-21 
3.02065946110199e+01 6.38197408118065e-21 6.82195482664850e-21 
3.02385423578321e+01 5.78920520328529e-21 6.19071298931596e-21 
3.02704901046444e+01 5.25136020402724e-21 5.61777323488207e-21 
3.03024378514567e+01 4.76340511183672e-21 5.09771429973225e-21 
3.03343855982690e+01 4.32068338936006e-21 4.62570844091264e-21 
3.03663333450813e+01 3.91904731193346e-21 4.19728549499956e-21 
3.03982810918936e+01 3.55466071938882e-21 3.80846443227120e-21 
3.04302288387059e+01 3.22410644594877e-21 3.45555964094492e-21 
3.04621765855182e+01 2.92422449100035e-21 3.13528857757130e-21 
3.04941243323305e+01 2.65219985918216e-21 2.84461273255763e-21 
3.05260720791428e+01 2.40542979919528e-21 2.58082571054672e-21 
3.05580198259550e+01 2.18159562128953e-21 2.34142267900064e-21 
3.05899675727673e+01 1.97855378997728e-21 2.12417242775916e-21 
3.06219153195796e+01 1.79439463810237e-21 1.92701020863570e-21 
3.06538630663919e+01 1.62735303292286e-21 1.74809668048390e-21 
3.06858108132042e+01 1.47585637549473e-21 1.58572995687849e-21 
3.07177585600165e+01 1.33845132624890e-21 1.43839381629481e-21 
3.07497063068288e+01 1.21384304426573e-21 1.30468552206738e-21 
3.07816540536411e+01 1.10083508798377e-21 1.18335524574530e-21 
3.08136018004534e+01 9.98361493650535e-22 1.07324683747141e-21 
3.08455495472656e+01 9.05437483649410e-22 9.73330057028252e-22 
3.08774972940779e+01 8.21185692709261e-22 8.82651977272312e-22 
3.09094450408902e+01 7.44795740639404e-22 8.00363327735343e-22 
3.09413927877025e+01 6.75545677072489e-22 7.25678628279692e-22 
3.09733405345148e+01 6.12768823683928e-22 6.57897712810842e-22 
3.10052882813271e+01 5.55871313754626e-22 5.96373030924889e-22 
3.10372360281394e+01 5.04304894798406e-22 5.40527224842511e-22 
3.10691837749517e+01 4.57581280225818e-22 4.89826316683231e-22 
3.11011315217640e+01 4.15249837863490e-22 4.43794052375648e-22 
3.11330792685763e+01 3.76909341062978e-22 4.01989922156491e-22 
3.11650270153885e+01 3.42189661028592e-22 3.64020854571943e-22 
3.11969747622008e+01 3.10761398598973e-22 3.29523206777801e-22 
3.12289225090131e+01 2.82320856124854e-22 2.98172284590738e-22 
3.12608702558254e+01 2.56597944566043e-22 2.69667594490874e-22 
3.12928180026377e+01 2.33343840050560e-22 2.43740577716007e-22 
3.13247657494500e+01 2.12337490371820e-22 2.20142543569866e-22 
3.13567134962623e+01 1.93375467380669e-22 1.98650933249117e-22 
3.13886612430746e+01 1.76277339577664e-22 1.79059459100690e-22 
3.14206089898869e+01 1.60877318293719e-22 1.61183154329565e-22 
3.14525567366991e+01 1.47028716521672e-22 1.44850329310383e-22 
3.14845044835114e+01 1.34597057833921e-22 1.29906614153152e-22 
3.15164522303237e+01 1.23463803993883e-22 1.16208414421040e-22 
3.15483999771360e+01 1.13520653527439e-22 1.03626112756720e-22 
3.15803477239483e+01 1.04672690466899e-22 9.20387651624457e-23 
3.16122954707606e+01 9.68336467159446e-23 8.13365938743675e-23 
3.16442432175729e+01 8.99286002736594e-23 7.14167140120143e-23 
3.16761909643852e+01 8.38900138689302e-23 6.21850212660922e-23 
3.17081387111975e+01 7.86600922062978e-23 5.35527791166737e-23 
3.17400864580098e+01 7.41874403072099e-23 4.54379805239290e-23 
3.17720342048220e+01 7.04291749384591e-23 3.77626596201959e-23 
3.18039819516343e+01 6.73480709079973e-23 3.04537854868560e-23 
3.18359296984466e+01 6.49145112837327e-23 2.34411905566703e-23 
3.18678774452589e+01 6.31040095344166e-23 1.66580358807338e-23 
3.18998251920712e+01 6.18990759780613e-23 1.00392725353542e-23 
3.19317729388835e+01 6.12870189157968e-23 6.76468008577310e-24 
