Energy(eV)           EEDF(eV^-(3/2))      Anisotropy(eV^-(3/2))
9.42824571161618e-04 2.05861932805864e+01 2.21516473056664e-02 
2.82847371348486e-03 2.01526191099925e+01 2.79626105206957e-02 
4.71412285580809e-03 1.95686551521940e+01 3.70698340478414e-02 
6.59977199813133e-03 1.89300727297217e+01 4.29970420778102e-02 
8.48542114045456e-03 1.82879924051411e+01 4.72953514620516e-02 
1.03710702827778e-02 1.76602561389921e+01 5.05849819723958e-02 
1.22567194251010e-02 1.70511009528437e+01 5.31470203535219e-02 
1.41423685674243e-02 1.64623510671234e+01 5.51337333735458e-02 
1.60280177097475e-02 1.59020161884114e+01 5.67070257571374e-02 
1.79136668520707e-02 1.53567402659617e+01 5.79188055953521e-02 
1.97993159943940e-02 1.48311624608416e+01 5.88106969264860e-02 
2.16849651367172e-02 1.43257620463649e+01 5.94491180692305e-02 
2.35706142790405e-02 1.38384791856609e+01 5.98661756454307e-02 
2.54562634213637e-02 1.33713742252379e+01 6.00857387578180e-02 
2.73419125636869e-02 1.29260165717732e+01 6.01364650154280e-02 
2.92275617060102e-02 1.25036051184809e+01 6.00432029823506e-02 
3.11132108483334e-02 1.21041662219278e+01 5.98855167155814e-02 
3.29988599906566e-02 1.17193142274272e+01 5.96766893986158e-02 
3.48845091329799e-02 1.13496799832575e+01 5.93628397795403e-02 
3.67701582753031e-02 1.09957233375439e+01 5.89581027677002e-02 
3.86558074176264e-02 1.06577663392881e+01 5.84735008076877e-02 
4.05414565599496e-02 1.03360207991625e+01 5.79585262461180e-02 
4.24271057022728e-02 1.00271749722686e+01 5.74362329608008e-02 
4.43127548445961e-02 9.73043993920271e+00 5.68696655683320e-02 
4.61984039869193e-02 9.44591188399387e+00 5.62527011682806e-02 
4.80840531292425e-02 9.17362796323202e+00 5.55914482827982e-02 
4.99697022715658e-02 8.91357709782438e+00 5.48965225091658e-02 
5.18553514138890e-02 8.66538756627691e+00 5.41791040492733e-02 
5.37410005562122e-02 8.42864451451799e+00 5.34366797326481e-02 
5.56266496985355e-02 8.20325957599122e+00 5.26641626395659e-02 
5.75122988408587e-02 7.98912323883088e+00 5.18628126108293e-02 
5.93979479831820e-02 7.78610970259289e+00 5.10329334989367e-02 
6.12835971255052e-02 7.59408094568691e+00 5.01738826941477e-02 
6.31692462678284e-02 7.41289006577179e+00 4.92840682093014e-02 
6.50548954101517e-02 7.24238393691887e+00 4.83609347126440e-02 
6.69405445524749e-02 7.08240520997526e+00 4.74009401259738e-02 
6.88261936947981e-02 6.93279366597348e+00 4.63995248048875e-02 
7.07118428371214e-02 6.79338691648556e+00 4.55281289005245e-02 
7.25974919794446e-02 6.66055484171247e+00 4.48379055490894e-02 
7.44831411217678e-02 6.53374302842967e+00 4.41532773802394e-02 
7.63687902640911e-02 6.41288673423406e+00 4.34476334365791e-02 
7.82544394064143e-02 6.29791633021551e+00 4.27205048241231e-02 
8.01400885487376e-02 6.18875809449907e+00 4.19710748402161e-02 
8.20257376910608e-02 6.08533484002756e+00 4.11981813562937e-02 
8.39113868333840e-02 5.98756638093086e+00 4.04003182683694e-02 
8.57970359757073e-02 5.89536984011326e+00 3.95756364795315e-02 
8.76826851180305e-02 5.80865979912211e+00 3.87219449599961e-02 
8.95683342603537e-02 5.72734828996765e+00 3.78367125273517e-02 
9.14539834026770e-02 5.65134462738386e+00 3.69170711031280e-02 
9.33396325450002e-02 5.58055507910813e+00 3.59598213317930e-02 
9.52252816873234e-02 5.51488237118228e+00 3.49614415941655e-02 
9.71109308296467e-02 5.45422502512407e+00 3.39181016075673e-02 
9.89965799719699e-02 5.39847652419106e+00 3.28256819776821e-02 
1.00882229114293e-01 5.34752430697466e+00 3.19891246653239e-02 
1.02767878256616e-01 5.29897285388121e+00 3.14590808786341e-02 
1.04653527398940e-01 5.25272523789080e+00 3.09197204512606e-02 
1.06539176541263e-01 5.20876001422162e+00 3.03596957153681e-02 
1.08424825683586e-01 5.16705364014749e+00 2.97783686510151e-02 
1.10310474825909e-01 5.12758047367849e+00 2.91750185901363e-02 
1.12196123968233e-01 5.09031274788416e+00 2.85488456653075e-02 
1.14081773110556e-01 5.05522052126033e+00 2.78989747261301e-02 
1.15967422252879e-01 5.02227160457977e+00 2.72244598128038e-02 
1.17853071395202e-01 4.99143146473098e+00 2.65242892834101e-02 
1.19738720537526e-01 4.96266310614219e+00 2.58661559160752e-02 
1.21624369679849e-01 4.93559835491705e+00 2.53819122212090e-02 
1.23510018822172e-01 4.90963823320540e+00 2.50112865790284e-02 
1.25395667964495e-01 4.88477641471495e+00 2.46261630593342e-02 
1.27281317106818e-01 4.86100551582147e+00 2.42263464235013e-02 
1.29166966249142e-01 4.83831710025255e+00 2.38116150368851e-02 
1.31052615391465e-01 4.81670167890745e+00 2.33817220221156e-02 
1.32938264533788e-01 4.79614870492210e+00 2.29363965088544e-02 
1.34823913676111e-01 4.77664656409697e+00 2.24753449909525e-02 
1.36709562818435e-01 4.75818256081705e+00 2.19982528026010e-02 
1.38595211960758e-01 4.74074289960559e+00 2.15047857257891e-02 
1.40480861103081e-01 4.72431266246905e+00 2.09945917421256e-02 
1.42366510245404e-01 4.70887578220761e+00 2.04673029428903e-02 
1.44252159387728e-01 4.69441501188611e+00 1.99225376121950e-02 
1.46137808530051e-01 4.68091189068230e+00 1.93599024993126e-02 
1.48023457672374e-01 4.66834670635463e+00 1.87789952977976e-02 
1.49909106814697e-01 4.65669845459953e+00 1.82452297405194e-02 
1.51794755957021e-01 4.64577366824834e+00 1.78468575905601e-02 
1.53680405099344e-01 4.63535476929619e+00 1.75219789715382e-02 
1.55566054241667e-01 4.62543670123804e+00 1.71861743355834e-02 
1.57451703383990e-01 4.61601389266345e+00 1.68393317334591e-02 
1.59337352526314e-01 4.60708025267588e+00 1.64813336820098e-02 
1.61223001668637e-01 4.59862916551214e+00 1.61120577360141e-02 
1.63108650810960e-01 4.59065348440243e+00 1.57313770981716e-02 
1.64994299953283e-01 4.58314552471417e+00 1.53391612699569e-02 
1.66879949095606e-01 4.57609705642659e+00 1.49352767464722e-02 
1.68765598237930e-01 4.56949929598683e+00 1.45195877589089e-02 
1.70651247380253e-01 4.56334289760200e+00 1.41991383876720e-02 
1.72536896522576e-01 4.55743077833964e+00 1.40024688188974e-02 
1.74422545664899e-01 4.55172717832941e+00 1.38199418715256e-02 
1.76308194807223e-01 4.54623115734332e+00 1.36311716379544e-02 
1.78193843949546e-01 4.54094160395318e+00 1.34361371098773e-02 
1.80079493091869e-01 4.53585723543180e+00 1.32348155600580e-02 
1.81965142234192e-01 4.53097659753661e+00 1.30271826339057e-02 
1.83850791376516e-01 4.52629806417904e+00 1.28132124459534e-02 
1.85736440518839e-01 4.52181983698341e+00 1.25928776814677e-02 
1.87622089661162e-01 4.51753994473897e+00 1.23661497034106e-02 
1.89507738803485e-01 4.51345624274961e+00 1.21329986649728e-02 
1.91393387945809e-01 4.50956641208537e+00 1.18933936279909e-02 
1.93279037088132e-01 4.50586795874068e+00 1.16473026875828e-02 
1.95164686230455e-01 4.50235821270423e+00 1.13946931033241e-02 
1.97050335372778e-01 4.49903432694601e+00 1.11355314374979e-02 
1.98935984515101e-01 4.49589327632689e+00 1.08697837009495e-02 
2.00821633657425e-01 4.49293185643696e+00 1.07457976909281e-02 
2.02707282799748e-01 4.48998209333271e+00 1.07814788703309e-02 
2.04592931942071e-01 4.48703292582026e+00 1.08265038487082e-02 
2.06478581084394e-01 4.48408471981222e+00 1.08705887088048e-02 
2.08364230226718e-01 4.48113783707146e+00 1.09137361594311e-02 
2.10249879369041e-01 4.47819263522504e+00 1.09559489061176e-02 
2.12135528511364e-01 4.47524946777831e+00 1.09972296503515e-02 
2.14021177653687e-01 4.47230868412912e+00 1.10375810888001e-02 
2.15906826796011e-01 4.46937062958230e+00 1.10770059125387e-02 
2.17792475938334e-01 4.46643564536426e+00 1.11155068063200e-02 
2.19678125080657e-01 4.46350406863777e+00 1.11530864478524e-02 
2.21563774222980e-01 4.46057623251688e+00 1.11897475070708e-02 
2.23449423365304e-01 4.45765246608194e+00 1.12254926454280e-02 
2.25335072507627e-01 4.45473309439485e+00 1.12603245152052e-02 
2.27220721649950e-01 4.45181843851432e+00 1.12942457588363e-02 
2.29106370792273e-01 4.44890881551135e+00 1.13272590082374e-02 
2.30992019934596e-01 4.44600453848471e+00 1.13593668841565e-02 
2.32877669076920e-01 4.44310591657665e+00 1.13905719955215e-02 
2.34763318219243e-01 4.44021325498856e+00 1.14208769388029e-02 
2.36648967361566e-01 4.43732685499683e+00 1.14502842974190e-02 
2.38534616503889e-01 4.43444701396874e+00 1.14787966411027e-02 
2.40420265646213e-01 4.43157402537839e+00 1.15064165253139e-02 
2.42305914788536e-01 4.42870817882275e+00 1.15331464906639e-02 
2.44191563930859e-01 4.42584976003775e+00 1.15589890623275e-02 
2.46077213073182e-01 4.42299905091436e+00 1.15839467494979e-02 
2.47962862215506e-01 4.42015632951481e+00 1.16080220448287e-02 
2.49848511357829e-01 4.41732187008877e+00 1.17052655375455e-02 
2.51734160500152e-01 4.41442326516594e+00 1.19802928530266e-02 
2.53619809642475e-01 4.41135621689578e+00 1.23575518907647e-02 
2.55505458784799e-01 4.40811529195966e+00 1.27376071187845e-02 
2.57391107927122e-01 4.40469503038534e+00 1.31203557453280e-02 
2.59276757069445e-01 4.40108994904245e+00 1.35056913780044e-02 
2.61162406211768e-01 4.39729454525932e+00 1.38935039918799e-02 
2.63048055354091e-01 4.39330330056139e+00 1.42836799015048e-02 
2.64933704496415e-01 4.38911068453107e+00 1.46761017370473e-02 
2.66819353638738e-01 4.38471115878886e+00 1.50706484247509e-02 
2.68705002781061e-01 4.38009918109523e+00 1.54671951718127e-02 
2.70590651923384e-01 4.37526920957243e+00 1.58656134559094e-02 
2.72476301065708e-01 4.37021570704530e+00 1.62657710195209e-02 
2.74361950208031e-01 4.36493314549979e+00 1.66675318692066e-02 
2.76247599350354e-01 4.35941601065766e+00 1.70707562800500e-02 
2.78133248492677e-01 4.35365880666558e+00 1.74753008053985e-02 
2.80018897635001e-01 4.34765606089645e+00 1.78810182920859e-02 
2.81904546777324e-01 4.34140232886068e+00 1.82877579012830e-02 
2.83790195919647e-01 4.33489219922460e+00 1.86953651351523e-02 
2.85675845061970e-01 4.32812029893313e+00 1.91036818694590e-02 
2.87561494204294e-01 4.32108129843333e+00 1.95125463922713e-02 
2.89447143346617e-01 4.31376991699521e+00 1.99217934488947e-02 
2.91332792488940e-01 4.30618092812590e+00 2.03312542931883e-02 
2.93218441631263e-01 4.29830916507283e+00 2.07407567453859e-02 
2.95104090773587e-01 4.29014952641148e+00 2.11501252565260e-02 
2.96989739915910e-01 4.28169698171249e+00 2.15591809796093e-02 
2.98875389058233e-01 4.27294657728316e+00 2.19677418475944e-02 
3.00761038200556e-01 4.26389344197756e+00 2.24230119764899e-02 
3.02646687342879e-01 4.25445294710998e+00 2.29278236880879e-02 
3.04532336485203e-01 4.24460888883079e+00 2.34359165575334e-02 
3.06417985627526e-01 4.23435360839790e+00 2.39421048635029e-02 
3.08303634769849e-01 4.22367963043194e+00 2.44460686326269e-02 
3.10189283912172e-01 4.21257967564430e+00 2.49474830738210e-02 
3.12074933054496e-01 4.20104667363830e+00 2.54460188759403e-02 
3.13960582196819e-01 4.18907377576051e+00 2.59413425237263e-02 
3.15846231339142e-01 4.17665436797848e+00 2.64331166318552e-02 
3.17731880481465e-01 4.16378208375991e+00 2.69210002969018e-02 
3.19617529623789e-01 4.15045081692767e+00 2.74046494669738e-02 
3.21503178766112e-01 4.13665473446391e+00 2.78837173286294e-02 
3.23388827908435e-01 4.12238828923588e+00 2.83578547107192e-02 
3.25274477050758e-01 4.10764623261526e+00 2.88267105047051e-02 
3.27160126193082e-01 4.09242362696189e+00 2.92899321008917e-02 
3.29045775335405e-01 4.07671585794257e+00 2.97471658400070e-02 
3.30931424477728e-01 4.06051864665461e+00 3.01980574794693e-02 
3.32817073620051e-01 4.04382806152350e+00 3.06422526736183e-02 
3.34702722762375e-01 4.02664052994379e+00 3.10793974671108e-02 
3.36588371904698e-01 4.00895284963159e+00 3.15091388006453e-02 
3.38474021047021e-01 3.99076219965735e+00 3.19311250280798e-02 
3.40359670189344e-01 3.97206615112693e+00 3.23450064439720e-02 
3.42245319331667e-01 3.95286267747944e+00 3.27504358204939e-02 
3.44130968473991e-01 3.93315016436988e+00 3.31470689526110e-02 
3.46016617616314e-01 3.91292741910538e+00 3.35345652103739e-02 
3.47902266758637e-01 3.89219367960346e+00 3.39125880971020e-02 
3.49787915900960e-01 3.87094862284181e+00 3.42926039233506e-02 
3.51673565043284e-01 3.84916015882246e+00 3.46921100188253e-02 
3.53559214185607e-01 3.82677717566507e+00 3.50978344655775e-02 
3.55444863327930e-01 3.80379992267330e+00 3.54908498153805e-02 
3.57330512470253e-01 3.78022927801642e+00 3.58707528699019e-02 
3.59216161612577e-01 3.75606675775822e+00 3.62371507190254e-02 
3.61101810754900e-01 3.73131452382919e+00 3.65896615971931e-02 
3.62987459897223e-01 3.70597539089794e+00 3.69279157305060e-02 
3.64873109039546e-01 3.68005283210020e+00 3.72515561717818e-02 
3.66758758181870e-01 3.65355098358672e+00 3.75602396208063e-02 
3.68644407324193e-01 3.62647464785395e+00 3.78536372269713e-02 
3.70530056466516e-01 3.59882929582476e+00 3.81314353714956e-02 
3.72415705608839e-01 3.57062106764964e+00 3.83933364264615e-02 
3.74301354751162e-01 3.54185677220242e+00 3.86390594879236e-02 
3.76187003893486e-01 3.51254388524829e+00 3.88683410803813e-02 
3.78072653035809e-01 3.48269054626564e+00 3.90809358299924e-02 
3.79958302178132e-01 3.45230555390742e+00 3.92766171039384e-02 
3.81843951320455e-01 3.42139836009180e+00 3.94551776134608e-02 
3.83729600462779e-01 3.38997906271627e+00 3.96164299782000e-02 
3.85615249605102e-01 3.35805839699358e+00 3.97602072495293e-02 
3.87500898747425e-01 3.32564772541263e+00 3.98863633907393e-02 
3.89386547889748e-01 3.29275902633177e+00 3.99947737120611e-02 
3.91272197032072e-01 3.25940488121656e+00 4.00853352586310e-02 
3.93157846174395e-01 3.22559846053886e+00 4.01579671496820e-02 
3.95043495316718e-01 3.19135350835842e+00 4.02126108674100e-02 
3.96929144459041e-01 3.15668432561309e+00 4.02492304941281e-02 
3.98814793601365e-01 3.12160575214799e+00 4.02678128965093e-02 
4.00700442743688e-01 3.08613314751859e+00 4.02616803192849e-02 
4.02586091886011e-01 3.05031189940291e+00 4.02304556251320e-02 
4.04471741028334e-01 3.01416202780645e+00 4.01813763814830e-02 
4.06357390170657e-01 2.97769951941438e+00 4.01155523429399e-02 
4.08243039312981e-01 2.94094073215240e+00 4.00330871948878e-02 
4.10128688455304e-01 2.90390237303772e+00 3.99341047853694e-02 
4.12014337597627e-01 2.86660147526915e+00 3.98187489334758e-02 
4.13899986739950e-01 2.82905537460907e+00 3.96871831915114e-02 
4.15785635882274e-01 2.79128168511306e+00 3.95395905614919e-02 
4.17671285024597e-01 2.75329827426486e+00 3.93761731667117e-02 
4.19556934166920e-01 2.71512323757670e+00 3.91971518792798e-02 
4.21442583309243e-01 2.67677487271673e+00 3.90027659046669e-02 
4.23328232451567e-01 2.63827165322701e+00 3.87932723244856e-02 
4.25213881593890e-01 2.59963220189698e+00 3.85689455988545e-02 
4.27099530736213e-01 2.56087526385826e+00 3.83300770298566e-02 
4.28985179878536e-01 2.52201967946791e+00 3.80769741877351e-02 
4.30870829020860e-01 2.48308435704766e+00 3.78099603015959e-02 
4.32756478163183e-01 2.44408824554711e+00 3.75293736165116e-02 
4.34642127305506e-01 2.40505030719909e+00 3.72355667190401e-02 
4.36527776447829e-01 2.36598949023531e+00 3.69289058332729e-02 
4.38413425590153e-01 2.32692470172987e+00 3.66097700896165e-02 
4.40299074732476e-01 2.28787478063792e+00 3.62785507686083e-02 
4.42184723874799e-01 2.24885847109553e+00 3.59356505221347e-02 
4.44070373017122e-01 2.20989439604595e+00 3.55814825744816e-02 
4.45956022159445e-01 2.17100103125611e+00 3.52164699057125e-02 
4.47841671301769e-01 2.13219667978547e+00 3.48410444198939e-02 
4.49727320444092e-01 2.09349944696767e+00 3.44556461007365e-02 
4.51612969586415e-01 2.05492721596329e+00 3.40607221572309e-02 
4.53498618728738e-01 2.01649762394004e+00 3.36567261618596e-02 
4.55384267871062e-01 1.97822803893391e+00 3.32441171839807e-02 
4.57269917013385e-01 1.94013553744263e+00 3.28233589209492e-02 
4.59155566155708e-01 1.90223688279983e+00 3.23949188295278e-02 
4.61041215298031e-01 1.86454850437524e+00 3.19592672600973e-02 
4.62926864440355e-01 1.82708647764367e+00 3.15168765961348e-02 
4.64812513582678e-01 1.78986650516177e+00 3.10682204013762e-02 
4.66698162725001e-01 1.75290389848893e+00 3.06137725770088e-02 
4.68583811867324e-01 1.71621356108467e+00 3.01540065311709e-02 
4.70469461009648e-01 1.67980997221200e+00 2.96893943629530e-02 
4.72355110151971e-01 1.64370717187244e+00 2.92204060630074e-02 
4.74240759294294e-01 1.60791874679481e+00 2.87475087327744e-02 
4.76126408436617e-01 1.57245781749670e+00 2.82711658242304e-02 
4.78012057578940e-01 1.53733702643338e+00 2.77918364019576e-02 
4.79897706721264e-01 1.50256852724606e+00 2.73099744292165e-02 
4.81783355863587e-01 1.46816397511714e+00 2.68260280795879e-02 
4.83669005005910e-01 1.43413451823727e+00 2.63404390756233e-02 
4.85554654148233e-01 1.40049079038504e+00 2.58536420558237e-02 
4.87440303290557e-01 1.36724290461699e+00 2.53660639711318e-02 
4.89325952432880e-01 1.33440044806250e+00 2.48781235119970e-02 
4.91211601575203e-01 1.30197247781434e+00 2.43902305669397e-02 
4.93097250717526e-01 1.26996751790327e+00 2.39027857134067e-02 
4.94982899859850e-01 1.23839355734149e+00 2.34161797415849e-02 
4.96868549002173e-01 1.20725804921707e+00 2.29307932117028e-02 
4.98754198144496e-01 1.17656791081898e+00 2.24469960452219e-02 
5.00639847286819e-01 1.14632952476922e+00 2.19647255211083e-02 
5.02525496429143e-01 1.11655453905028e+00 2.14843246011588e-02 
5.04411145571466e-01 1.08724887491211e+00 2.10066967989124e-02 
5.06296794713789e-01 1.05841677443563e+00 2.05322532770191e-02 
5.08182443856112e-01 1.03006197756692e+00 2.00612900196584e-02 
5.10068092998435e-01 1.00218772826922e+00 1.95940909774242e-02 
5.11953742140759e-01 9.74796781426748e-01 1.91309279238973e-02 
5.13839391283082e-01 9.47891410465128e-01 1.86720603426233e-02 
5.15725040425405e-01 9.21473415652032e-01 1.82177353438884e-02 
5.17610689567728e-01 8.95544133040730e-01 1.77681876106123e-02 
5.19496338710052e-01 8.70104444018493e-01 1.73236393725964e-02 
5.21381987852375e-01 8.45154785421162e-01 1.68843004083025e-02 
5.23267636994698e-01 8.20695160174726e-01 1.64503680732743e-02 
5.25153286137021e-01 7.96725148424441e-01 1.60220273542572e-02 
5.27038935279345e-01 7.73243919111846e-01 1.55994509480188e-02 
5.28924584421668e-01 7.50250241959996e-01 1.51827993638329e-02 
5.30810233563991e-01 7.27742499827336e-01 1.47722210485438e-02 
5.32695882706314e-01 7.05718701390879e-01 1.43678525330974e-02 
5.34581531848638e-01 6.84176494119684e-01 1.39698185993998e-02 
5.36467180990961e-01 6.63113177500148e-01 1.35782324663346e-02 
5.38352830133284e-01 6.42525716475164e-01 1.31931959937581e-02 
5.40238479275607e-01 6.22410755059930e-01 1.28147999032775e-02 
5.42124128417931e-01 6.02764630097981e-01 1.24431240146094e-02 
5.44009777560254e-01 5.83583385121871e-01 1.20782374963153e-02 
5.45895426702577e-01 5.64862784283946e-01 1.17201991297106e-02 
5.47781075844900e-01 5.46598326323670e-01 1.13690575847512e-02 
5.49666724987223e-01 5.28785258539089e-01 1.10248517067138e-02 
5.51552374129547e-01 5.11418590731212e-01 1.06876108124993e-02 
5.53438023271870e-01 4.94493109091308e-01 1.03573549954068e-02 
5.55323672414193e-01 4.78003390002429e-01 1.00340954372502e-02 
5.57209321556516e-01 4.61943813727782e-01 9.71783472671166e-03 
5.59094970698840e-01 4.46308577959933e-01 9.40856718285582e-03 
5.60980619841163e-01 4.31091711206261e-01 9.10627918275944e-03 
5.62866268983486e-01 4.16287085987428e-01 8.81094949224397e-03 
5.64751918125809e-01 4.01888431827128e-01 8.52254959873408e-03 
5.66637567268133e-01 3.87889348012779e-01 8.24104404530244e-03 
5.68523216410456e-01 3.74283316108280e-01 7.96639076500051e-03 
5.70408865552779e-01 3.61063712201393e-01 7.69854141461454e-03 
5.72294514695102e-01 3.48223818869755e-01 7.43744170702810e-03 
5.74180163837426e-01 3.35756836850926e-01 7.18303174141540e-03 
5.76065812979749e-01 3.23655896403308e-01 6.93524633053137e-03 
5.77951462122072e-01 3.11914068346134e-01 6.69401532440963e-03 
5.79837111264395e-01 3.00524374768105e-01 6.45926392982271e-03 
5.81722760406719e-01 2.89479799395551e-01 6.23091302490284e-03 
5.83608409549042e-01 2.78773297612316e-01 6.00887946836584e-03 
5.85494058691365e-01 2.68397806124808e-01 5.79307640282399e-03 
5.87379707833688e-01 2.58346252266888e-01 5.58341355171727e-03 
5.89265356976011e-01 2.48611562940436e-01 5.37979750943446e-03 
5.91151006118335e-01 2.39186673188575e-01 5.18213202423800e-03 
5.93036655260658e-01 2.30064534399628e-01 4.99031827364706e-03 
5.94922304402981e-01 2.21238122140913e-01 4.80425513197351e-03 
5.96807953545304e-01 2.12700443622477e-01 4.62383942974433e-03 
5.98693602687628e-01 2.04444544791832e-01 4.44896620478141e-03 
6.00579251829951e-01 1.96463517061616e-01 4.27952894474669e-03 
6.02464900972274e-01 1.88750503672970e-01 4.11541982099528e-03 
6.04350550114597e-01 1.81298705698211e-01 3.95652991361268e-03 
6.06236199256921e-01 1.74101387687104e-01 3.80274942754531e-03 
6.08121848399244e-01 1.67151882961744e-01 3.65396789976331e-03 
6.10007497541567e-01 1.60443598565689e-01 3.51007439742417e-03 
6.11893146683890e-01 1.53970019873566e-01 3.37095770703373e-03 
6.13778795826214e-01 1.47724714867920e-01 3.23650651462615e-03 
6.15664444968537e-01 1.41701338090562e-01 3.10660957701034e-03 
6.17550094110860e-01 1.35893634276118e-01 2.98115588415190e-03 
6.19435743253183e-01 1.30295441675859e-01 2.86003481278174e-03 
6.21321392395506e-01 1.24900695080265e-01 2.74313627134211e-03 
6.23207041537830e-01 1.19703428549069e-01 2.63035083639874e-03 
6.25092690680153e-01 1.14697777857792e-01 2.52156988066516e-03 
6.26978339822476e-01 1.09877982670002e-01 2.41668569279967e-03 
6.28863988964799e-01 1.05238388444718e-01 2.31559158914976e-03 
6.30749638107123e-01 1.00773448088522e-01 2.21818201763117e-03 
6.32635287249446e-01 9.64777233620498e-02 2.12435265393937e-03 
6.34520936391769e-01 9.23458860506155e-02 2.03400049030124e-03 
6.36406585534092e-01 8.83727189087560e-02 1.94702391698334e-03 
6.38292234676416e-01 8.45531163885069e-02 1.86332279677970e-03 
6.40177883818739e-01 8.08820851611948e-02 1.78279853270874e-03 
6.42063532961062e-01 7.73547444424949e-02 1.70535412915351e-03 
6.43949182103385e-01 7.39663261304308e-02 1.63089424668325e-03 
6.45834831245709e-01 7.07121747659033e-02 1.55932525079729e-03 
6.47720480388032e-01 6.75877473252208e-02 1.49055525483411e-03 
6.49606129530355e-01 6.45886128539697e-02 1.42449415728929e-03 
6.51491778672678e-01 6.17104519514141e-02 1.36105367378641e-03 
6.53377427815002e-01 5.89490561144409e-02 1.30014736394408e-03 
6.55263076957325e-01 5.63003269498881e-02 1.24169065338129e-03 
6.57148726099648e-01 5.37602752638914e-02 1.18560085110089e-03 
6.59034375241971e-01 5.13250200366795e-02 1.13179716248853e-03 
6.60920024384294e-01 4.89907872910259e-02 1.08020069816127e-03 
6.62805673526618e-01 4.67539088623358e-02 1.03073447889608e-03 
6.64691322668941e-01 4.46108210781104e-02 9.83323436864475e-04 
6.66576971811264e-01 4.25580633542873e-02 9.37894413394887e-04 
6.68462620953587e-01 4.05922767157054e-02 8.94376153479191e-04 
6.70348270095911e-01 3.87102022476888e-02 8.52699297234762e-04 
6.72233919238234e-01 3.69086794854899e-02 8.12796368527551e-04 
6.74119568380557e-01 3.51846447480688e-02 7.74601760955973e-04 
6.76005217522880e-01 3.35351294224300e-02 7.38051721389279e-04 
6.77890866665204e-01 3.19572582044739e-02 7.03084331247805e-04 
6.79776515807527e-01 3.04482473020610e-02 6.69639485706119e-04 
6.81662164949850e-01 2.90054026057285e-02 6.37658870993550e-04 
6.83547814092173e-01 2.76261178322421e-02 6.07085939960051e-04 
6.85433463234496e-01 2.63078726459097e-02 5.77865886068724e-04 
6.87319112376820e-01 2.50482307623358e-02 5.49945615969567e-04 
6.89204761519143e-01 2.38448380390442e-02 5.23273720802493e-04 
6.91090410661466e-01 2.26954205571583e-02 4.97800446370976e-04 
6.92976059803790e-01 2.15977826980851e-02 4.73477662321051e-04 
6.94861708946113e-01 2.05498052189201e-02 4.50258830453941e-04 
6.96747358088436e-01 1.95494433300603e-02 4.28098972294109e-04 
6.98633007230759e-01 1.85947247782922e-02 4.06954636028200e-04 
7.00518656373082e-01 1.76837479384047e-02 3.86786117325367e-04 
7.02404305515406e-01 1.68146947229507e-02 3.67553224393619e-04 
7.04289954657729e-01 1.59858007327933e-02 3.49214792574474e-04 
7.06175603800052e-01 1.51953620830161e-02 3.31732550117533e-04 
7.08061252942375e-01 1.44417383185178e-02 3.15070134283084e-04 
7.09946902084699e-01 1.37233505628645e-02 2.99192508574676e-04 
7.11832551227022e-01 1.30386796913968e-02 2.84065927469515e-04 
7.13718200369345e-01 1.23862645302323e-02 2.69657901269561e-04 
7.15603849511668e-01 1.17647000826500e-02 2.55937161135693e-04 
7.17489498653992e-01 1.11726357841870e-02 2.42873624362591e-04 
7.19375147796315e-01 1.06087737876364e-02 2.30438359947393e-04 
7.21260796938638e-01 1.00718672789957e-02 2.18603554500816e-04 
7.23146446080961e-01 9.56071882528336e-03 2.07342478545239e-04 
7.25032095223284e-01 9.07417875501704e-03 1.96629453240225e-04 
7.26917744365608e-01 8.61114357202987e-03 1.86439817572124e-04 
7.28803393507931e-01 8.17055440318702e-03 1.76749896040749e-04 
7.30689042650254e-01 7.75139548046172e-03 1.67536966872637e-04 
7.32574691792577e-01 7.35269265772901e-03 1.58779230787110e-04 
7.34460340934901e-01 6.97351196254267e-03 1.50455780338209e-04 
7.36345990077224e-01 6.61295818307297e-03 1.42546569852631e-04 
7.38231639219547e-01 6.27017349030097e-03 1.35032385980968e-04 
7.40117288361870e-01 5.94433609548816e-03 1.27894818876961e-04 
7.42002937504194e-01 5.63465894286940e-03 1.21116234016944e-04 
7.43888586646517e-01 5.34038843745019e-03 1.14679744669359e-04 
7.45774235788840e-01 5.06080320772848e-03 1.08569185022039e-04 
7.47659884931163e-01 4.79521290310420e-03 1.02769083972903e-04 
7.49545534073487e-01 4.54295702568738e-03 9.72646395878019e-05 
7.51431183215810e-01 4.30340379616832e-03 9.20416942275148e-05 
7.53316832358133e-01 4.07594905336887e-03 8.70867103442112e-05 
7.55202481500456e-01 3.86001518705468e-03 8.23867469462061e-05 
7.57088130642779e-01 3.65505010355191e-03 7.79294367284176e-05 
7.58973779785103e-01 3.46052622367942e-03 7.37029638646552e-05 
7.60859428927426e-01 3.27593951247866e-03 6.96960424566778e-05 
7.62745078069749e-01 3.10080854019753e-03 6.58978956338861e-05 
7.64630727212072e-01 2.93467357396162e-03 6.22982352965284e-05 
7.66516376354396e-01 2.77709569954672e-03 5.88872424944128e-05 
7.68402025496719e-01 2.62765597264894e-03 5.56555484323173e-05 
7.70287674639042e-01 2.48595459903482e-03 5.25942160925675e-05 
7.72173323781365e-01 2.35161014294102e-03 4.96947224646175e-05 
7.74058972923689e-01 2.22425876308399e-03 4.69489413709058e-05 
7.75944622066012e-01 2.10355347563182e-03 4.43491268777585e-05 
7.77830271208335e-01 1.98916344348504e-03 4.18878972796915e-05 
7.79715920350658e-01 1.88077329120918e-03 3.95582196450916e-05 
7.81601569492982e-01 1.77808244495973e-03 3.73533949109518e-05 
7.83487218635305e-01 1.68080449673960e-03 3.52670435140816e-05 
7.85372867777628e-01 1.58866659233032e-03 3.32930915460101e-05 
7.87258516919951e-01 1.50140884224014e-03 3.14257574186443e-05 
7.89144166062275e-01 1.41878375501621e-03 2.96595390276346e-05 
7.91029815204598e-01 1.34055569227246e-03 2.79892014003260e-05 
7.92915464346921e-01 1.26650034479053e-03 2.64097648151409e-05 
7.94801113489244e-01 1.19640422905829e-03 2.49164933792422e-05 
7.96686762631567e-01 1.13006420361743e-03 2.35048840513561e-05 
7.98572411773891e-01 1.06728700460062e-03 2.21706560966968e-05 
8.00458060916214e-01 1.00788879984753e-03 2.09097409610238e-05 
8.02343710058537e-01 9.51694760998717e-04 1.97182725509771e-05 
8.04229359200860e-01 8.98538652976883e-04 1.85925779079676e-05 
8.06115008343184e-01 8.48262440275611e-04 1.75291682630569e-05 
8.08000657485507e-01 8.00715909486972e-04 1.65247304604325e-05 
8.09886306627830e-01 7.55756307510958e-04 1.55761187372721e-05 
8.11771955770153e-01 7.13247994901588e-04 1.46803468479943e-05 
8.13657604912477e-01 6.73062113816669e-04 1.38345805211070e-05 
8.15543254054800e-01 6.35076270050534e-04 1.30361302370884e-05 
8.17428903197123e-01 5.99174228641618e-04 1.22824443159747e-05 
8.19314552339446e-01 5.65245622559336e-04 1.15711023035662e-05 
8.21200201481770e-01 5.33185673987457e-04 1.08998086454162e-05 
8.23085850624093e-01 5.02894927733912e-04 1.02663866380199e-05 
8.24971499766416e-01 4.74278996309753e-04 9.66877264688089e-06 
8.26857148908739e-01 4.47248316232713e-04 9.10501058139212e-06 
8.28742798051063e-01 4.21717915123515e-04 8.57324661673678e-06 
8.30628447193386e-01 3.97607189175704e-04 8.07172415327584e-06 
8.32514096335709e-01 3.74839690592297e-04 7.59877900415908e-06 
8.34399745478032e-01 3.53342924594935e-04 7.15283480216055e-06 
8.36285394620355e-01 3.33048155623504e-04 6.73239861700493e-06 
8.38171043762679e-01 3.13890222356267e-04 6.33605677471633e-06 
8.40056692905002e-01 2.95807361192511e-04 5.96247087078199e-06 
8.41942342047325e-01 2.78741037851433e-04 5.61037396918278e-06 
8.43827991189648e-01 2.62635786752541e-04 5.27856697959950e-06 
8.45713640331972e-01 2.47439057854177e-04 4.96591520535644e-06 
8.47599289474295e-01 2.33101070637895e-04 4.67134505491306e-06 
8.49484938616618e-01 2.19574674937292e-04 4.39384090996013e-06 
8.51370587758941e-01 2.06815218320557e-04 4.13244214341722e-06 
8.53256236901265e-01 1.94780419746420e-04 3.88624028086499e-06 
8.55141886043588e-01 1.83430249223325e-04 3.65437629917700e-06 
8.57027535185911e-01 1.72726813211599e-04 3.43603805634238e-06 
8.58913184328234e-01 1.62634245518037e-04 3.23045784669209e-06 
8.60798833470558e-01 1.53118603441747e-04 3.03691007595722e-06 
8.62684482612881e-01 1.44147768939253e-04 2.85470905079911e-06 
8.64570131755204e-01 1.35691354585771e-04 2.68320687765585e-06 
8.66455780897527e-01 1.27720614118221e-04 2.52179146594974e-06 
8.68341430039850e-01 1.20208357353936e-04 2.36988463089468e-06 
8.70227079182174e-01 1.13128869287185e-04 2.22694029133104e-06 
8.72112728324497e-01 1.06457833173523e-04 2.09244275819891e-06 
8.73998377466820e-01 1.00172257419648e-04 1.96590510943837e-06 
8.75884026609143e-01 9.42504061038251e-05 1.84686764727756e-06 
8.77769675751467e-01 8.86717329591561e-05 1.73489643403631e-06 
8.79655324893790e-01 8.34168186588546e-05 1.62958190273441e-06 
8.81540974036113e-01 7.84673112494292e-05 1.53053753894968e-06 
8.83426623178436e-01 7.38058695841266e-05 1.43739863052199e-06 
8.85312272320760e-01 6.94161096152417e-05 1.34982108184494e-06 
8.87197921463083e-01 6.52825534099280e-05 1.26748028962771e-06 
8.89083570605406e-01 6.13905807599568e-05 1.19007007714497e-06 
8.90969219747729e-01 5.77263832614734e-05 1.11730168412391e-06 
8.92854868890052e-01 5.42769207461962e-05 1.04890280954286e-06 
8.94740518032376e-01 5.10298799507034e-05 9.84616704737810e-07 
8.96626167174699e-01 4.79736353154507e-05 9.24201314329635e-07 
8.98511816317022e-01 4.50972118099766e-05 8.67428462596998e-07 
9.00397465459346e-01 4.23902496853775e-05 8.14083083028148e-07 
9.02283114601669e-01 3.98429710595816e-05 7.63962488888289e-07 
9.04168763743992e-01 3.74461482452228e-05 7.16875682739014e-07 
9.06054412886315e-01 3.51910737340172e-05 6.72642702941797e-07 
9.07940062028638e-01 3.30695317554851e-05 6.31094005269342e-07 
9.09825711170962e-01 3.10737713316374e-05 5.92069877836679e-07 
9.11711360313285e-01 2.91964807528734e-05 5.55419887648147e-07 
9.13597009455608e-01 2.74307634038080e-05 5.21002357137338e-07 
9.15482658597931e-01 2.57701148710826e-05 4.88683869154518e-07 
9.17368307740255e-01 2.42084012684006e-05 4.58338798930148e-07 
9.19253956882578e-01 2.27398387170888e-05 4.29848871614185e-07 
9.21139606024901e-01 2.13589739234111e-05 4.03102744058670e-07 
9.23025255167224e-01 2.00606657966618e-05 3.77995609576077e-07 
9.24910904309548e-01 1.88400680547478e-05 3.54428824468023e-07 
9.26796553451871e-01 1.76926127665303e-05 3.32309555178182e-07 
9.28682202594194e-01 1.66139947826503e-05 3.11550444980012e-07 
9.30567851736517e-01 1.56001570089029e-05 2.92069299164010e-07 
9.32453500878840e-01 1.46472764784665e-05 2.73788787740843e-07 
9.34339150021164e-01 1.37517511814303e-05 2.56636164726078e-07 
9.36224799163487e-01 1.29101876121085e-05 2.40543003119269e-07 
9.38110448305810e-01 1.21193889965759e-05 2.25444944735000e-07 
9.39996097448134e-01 1.13763441647265e-05 2.11281464086315e-07 
9.41881746590457e-01 1.06782170329274e-05 1.97995645561718e-07 
9.43767395732780e-01 1.00223366650385e-05 1.85533973175785e-07 
9.45653044875103e-01 9.40618788118246e-06 1.73846132210445e-07 
9.47538694017426e-01 8.82740238519059e-06 1.62884822099245e-07 
9.49424343159750e-01 8.28375038311844e-06 1.52605579940457e-07 
9.51309992302073e-01 7.77313266662436e-06 1.42966614056827e-07 
9.53195641444396e-01 7.29357313633718e-06 1.33928647050164e-07 
9.55081290586719e-01 6.84321174160878e-06 1.25454767827861e-07 
9.56966939729043e-01 6.42029781425644e-06 1.17510292105932e-07 
9.58852588871366e-01 6.02318377505056e-06 1.10062630919303e-07 
9.60738238013689e-01 5.65031919279887e-06 1.03081166694904e-07 
9.62623887156012e-01 5.30024517692025e-06 9.65371364667446e-08 
9.64509536298336e-01 4.97158908539318e-06 9.04035218345751e-08 
9.66395185440659e-01 4.66305953090644e-06 8.46549452890179e-08 
9.68280834582982e-01 4.37344166893670e-06 7.92675725463078e-08 
9.70166483725305e-01 4.10159275232990e-06 7.42190205549600e-08 
9.72052132867628e-01 3.84643793777368e-06 6.94882708549180e-08 
9.73937782009952e-01 3.60696633031786e-06 6.50555879870271e-08 
9.75823431152275e-01 3.38222725283189e-06 6.09024426670801e-08 
9.77709080294598e-01 3.17132672798234e-06 5.70114394542490e-08 
9.79594729436921e-01 2.97342416097408e-06 5.33662486584690e-08 
9.81480378579245e-01 2.78772921192472e-06 4.99515422453291e-08 
9.83366027721568e-01 2.61349884733703e-06 4.67529335102906e-08 
9.85251676863891e-01 2.45003456069826e-06 4.37569203066144e-08 
9.87137326006214e-01 2.29667975277125e-06 4.09508316232892e-08 
9.89022975148538e-01 2.15281726265002e-06 3.83227773205307e-08 
9.90908624290861e-01 2.01786704113504e-06 3.58616008411061e-08 
9.92794273433184e-01 1.89128395844021e-06 3.35568347258529e-08 
9.94679922575507e-01 1.77255573867732e-06 3.13986587713365e-08 
9.96565571717831e-01 1.66120101397462e-06 2.93778606766612e-08 
9.98451220860154e-01 1.55676749147596e-06 2.74857990350228e-08 
1.00033687000248e+00 1.45883022683573e-06 2.57175315186929e-08 
1.00222251914480e+00 1.36699597645960e-06 2.40662337427685e-08 
1.00410816828712e+00 1.28089113639565e-06 2.25213037110876e-08 
1.00599381742945e+00 1.20016184698555e-06 2.10746925606437e-08 
1.00787946657177e+00 1.12447585496796e-06 1.97202043820864e-08 
1.00976511571409e+00 1.05352121135282e-06 1.84520293921172e-08 
1.01165076485642e+00 9.87005046593032e-07 1.72647201760780e-08 
1.01353641399874e+00 9.24652418545423e-07 1.61531693707876e-08 
1.01542206314106e+00 8.66205228969969e-07 1.51125887018170e-08 
1.01730771228339e+00 8.11421204559726e-07 1.41384892944019e-08 
1.01919336142571e+00 7.60072938723383e-07 1.32266631819135e-08 
1.02107901056803e+00 7.11946990559112e-07 1.23731659402618e-08 
1.02296465971036e+00 6.66843037663037e-07 1.15743003808077e-08 
1.02485030885268e+00 6.24573079608789e-07 1.08266012383130e-08 
1.02673595799500e+00 5.84960689116890e-07 1.01268207941975e-08 
1.02862160713733e+00 5.47840308104761e-07 9.47191537888236e-09 
1.03050725627965e+00 5.13056585970484e-07 8.85903270031859e-09 
1.03239290542197e+00 4.80463757616600e-07 8.28549994892316e-09 
1.03427855456430e+00 4.49925058864736e-07 7.74881263208701e-09 
1.03616420370662e+00 4.21312177048194e-07 7.24662409419480e-09 
1.03804985284894e+00 3.94504734698159e-07 6.77673568070808e-09 
1.03993550199127e+00 3.69389804360520e-07 6.33708750732556e-09 
1.04182115113359e+00 3.45861452694606e-07 5.92574979755158e-09 
1.04370680027591e+00 3.23820312113027e-07 5.54091475418786e-09 
1.04559244941823e+00 3.03173178323458e-07 5.18088893231936e-09 
1.04747809856056e+00 2.83832632229119e-07 4.84408608330105e-09 
1.04936374770288e+00 2.65716684735020e-07 4.52902044107517e-09 
1.05124939684520e+00 2.48748443092299e-07 4.23430042386464e-09 
1.05313504598753e+00 2.32855797493213e-07 3.95862272590344e-09 
1.05502069512985e+00 2.17971126705069e-07 3.70076677538524e-09 
1.05690634427217e+00 2.04031021602674e-07 3.45958953624267e-09 
1.05879199341450e+00 1.90976025526064e-07 3.23402063271603e-09 
1.06067764255682e+00 1.78750390453643e-07 3.02305777693778e-09 
1.06256329169914e+00 1.67301848040436e-07 2.82576248095100e-09 
1.06444894084147e+00 1.56581394627438e-07 2.64125603570206e-09 
1.06633458998379e+00 1.46543089380898e-07 2.46871574060308e-09 
1.06822023912611e+00 1.37143864770286e-07 2.30737136825211e-09 
1.07010588826844e+00 1.28343348640619e-07 2.15650184983285e-09 
1.07199153741076e+00 1.20103697179058e-07 2.01543216759384e-09 
1.07387718655308e+00 1.12389438117295e-07 1.88353044163252e-09 
1.07576283569541e+00 1.05167323550506e-07 1.76020519898669e-09 
1.07764848483773e+00 9.84061917905042e-08 1.64490281376536e-09 
1.07953413398005e+00 9.20768377055138e-08 1.53710510773771e-09 
1.08141978312238e+00 8.61518910316792e-08 1.43632710144440e-09 
1.08330543226470e+00 8.06057021722224e-08 1.34211490650179e-09 
1.08519108140702e+00 7.54142350291367e-08 1.25404375033989e-09 
1.08707673054935e+00 7.05549664395810e-08 1.17171612515087e-09 
1.08896237969167e+00 6.60067918148036e-08 1.09476005332869e-09 
1.09084802883399e+00 6.17499366035780e-08 1.02282746215332e-09 
1.09273367797632e+00 5.77658732248548e-08 9.55592660918292e-10 
1.09461932711864e+00 5.40372431357144e-08 8.92750914117745e-10 
1.09650497626096e+00 5.05477837208207e-08 8.34017104701918e-10 
1.09839062540329e+00 4.72822597084943e-08 7.79124481778863e-10 
1.10027627454561e+00 4.42263988363223e-08 7.27823487486521e-10 
1.10216192368793e+00 4.13668315059629e-08 6.79880658084782e-10 
1.10404757283026e+00 3.86910341825439e-08 6.35077594622792e-10 
1.10593322197258e+00 3.61872763088637e-08 5.93209998823781e-10 
1.10781887111490e+00 3.38445705185231e-08 5.54086770099284e-10 
1.10970452025722e+00 3.16526259452099e-08 5.17529159857766e-10 
1.11159016939955e+00 2.96018044376679e-08 4.83369979510328e-10 
1.11347581854187e+00 2.76830795014528e-08 4.51452858799296e-10 
1.11536146768419e+00 2.58879977994593e-08 4.21631551285074e-10 
1.11724711682652e+00 2.42086430534301e-08 3.93769284023250e-10 
1.11913276596884e+00 2.26376021982707e-08 3.67738148648566e-10 
1.12101841511116e+00 2.11679336500309e-08 3.43418531255730e-10 
1.12290406425349e+00 1.97931375569055e-08 3.20698578629574e-10 
1.12478971339581e+00 1.85071279105874e-08 2.99473698529802e-10 
1.12667536253813e+00 1.73042064028083e-08 2.79646091878776e-10 
1.12856101168046e+00 1.61790379189475e-08 2.61124314835229e-10 
1.13044666082278e+00 1.51266275672129e-08 2.43822868862890e-10 
1.13233230996510e+00 1.41422991481199e-08 2.27661817021407e-10 
1.13421795910743e+00 1.32216749748381e-08 2.12566424817926e-10 
1.13610360824975e+00 1.23606569604691e-08 1.98466824061885e-10 
1.13798925739207e+00 1.15554088934742e-08 1.85297698263292e-10 
1.13987490653440e+00 1.08023398273194e-08 1.72997988206382e-10 
1.14176055567672e+00 1.00980885149531e-08 1.61510616416584e-10 
1.14364620481904e+00 9.43950882300806e-09 1.50782229319277e-10 
1.14553185396137e+00 8.82365606463424e-09 1.40762955964524e-10 
1.14741750310369e+00 8.24777419363547e-09 1.31406182262831e-10 
1.14930315224601e+00 7.70928380612720e-09 1.22668339743503e-10 
1.15118880138834e+00 7.20577089925333e-09 1.14508707909539e-10 
1.15307445053066e+00 6.73497633962254e-09 1.06889229321460e-10 
1.15496009967298e+00 6.29478599705439e-09 9.97743365972963e-11 
1.15684574881531e+00 5.88322150197630e-09 9.31307905673418e-11 
1.15873139795763e+00 5.49843158739508e-09 8.69275288704885e-11 
1.16061704709995e+00 5.13868397879094e-09 8.11355243240926e-11 
1.16250269624228e+00 4.80235779755722e-09 7.57276524416778e-11 
1.16438834538460e+00 4.48793644574515e-09 7.06785675124591e-11 
1.16627399452692e+00 4.19400094187719e-09 6.59645866938622e-11 
1.16815964366925e+00 3.91922367947429e-09 6.15635816030696e-11 
1.17004529281157e+00 3.66236258170740e-09 5.74548769262957e-11 
1.17193094195389e+00 3.42225562724081e-09 5.36191555950977e-11 
1.17381659109621e+00 3.19781572388927e-09 5.00383701077223e-11 
1.17570224023854e+00 2.98802590816967e-09 4.66956596003581e-11 
1.17758788938086e+00 2.79193485019685e-09 4.35752722983540e-11 
1.17947353852318e+00 2.60865264465688e-09 4.06624930010504e-11 
1.18135918766551e+00 2.43734686979635e-09 3.79435752759818e-11 
1.18324483680783e+00 2.27723889749580e-09 3.54056780589119e-11 
1.18513048595015e+00 2.12760043855605e-09 3.30368063755617e-11 
1.18701613509248e+00 1.98775030832015e-09 3.08257559190630e-11 
1.18890178423480e+00 1.85705139868691e-09 2.87620612341856e-11 
1.19078743337712e+00 1.73490784344638e-09 2.68359472753302e-11 
1.19267308251945e+00 1.62076236468840e-09 2.50382841202074e-11 
1.19455873166177e+00 1.51409378880468e-09 2.33605446351035e-11 
1.19644438080409e+00 1.41441472132668e-09 2.17947649007321e-11 
1.19833002994642e+00 1.32126937051796e-09 2.03335072199251e-11 
1.20021567908874e+00 1.23423151027442e-09 1.89686645955600e-11 
1.20210132823106e+00 1.15290113009102e-09 1.76933094048065e-11 
1.20398697737339e+00 1.07690499779977e-09 1.65027151667629e-11 
1.20587262651571e+00 1.00589506072972e-09 1.53918968245479e-11 
1.20775827565803e+00 9.39545846167321e-10 1.43555341338619e-11 
1.20964392480036e+00 8.77553005818606e-10 1.33886597993090e-11 
1.21152957394268e+00 8.19631953427997e-10 1.24866361964828e-11 
1.21341522308500e+00 7.65516589639485e-10 1.16451336192107e-11 
1.21530087222733e+00 7.14958108557960e-10 1.08601099527666e-11 
1.21718652136965e+00 6.67723880817374e-10 1.01277916802655e-11 
1.21907217051197e+00 6.23596408289594e-10 9.44465613543404e-12 
1.22095781965430e+00 5.82372345874559e-10 8.80741492056003e-12 
1.22284346879662e+00 5.43861586099989e-10 8.21299841367055e-12 
1.22472911793894e+00 5.07886402528512e-10 7.65854129389606e-12 
1.22661476708127e+00 4.74280648222941e-10 7.14136901857722e-12 
1.22850041622359e+00 4.42889005757365e-10 6.65898518997081e-12 
1.23038606536591e+00 4.13566285483919e-10 6.20905975343710e-12 
1.23227171450824e+00 3.86176768973320e-10 5.78941797275841e-12 
1.23415736365056e+00 3.60593594742442e-10 5.39803013176310e-12 
1.23604301279288e+00 3.36698183565163e-10 5.03300191472869e-12 
1.23792866193520e+00 3.14379700834161e-10 4.69256542112301e-12 
1.23981431107753e+00 2.93534553602020e-10 4.37507077313077e-12 
1.24169996021985e+00 2.74065920080605e-10 4.07897827711428e-12 
1.24358560936217e+00 2.55883309518773e-10 3.80285110268421e-12 
1.24547125850450e+00 2.38902150510693e-10 3.54534844542119e-12 
1.24735690764682e+00 2.23043405910982e-10 3.30521914150047e-12 
1.24924255678914e+00 2.08233212648909e-10 3.08129570454092e-12 
1.25112820593147e+00 1.94402544842712e-10 2.87248875693501e-12 
1.25301385507379e+00 1.81486898716950e-10 2.67778182972609e-12 
1.25489950421611e+00 1.69425997921284e-10 2.49622650679259e-12 
1.25678515335844e+00 1.58163517938482e-10 2.32693789068180e-12 
1.25867080250076e+00 1.47646828353247e-10 2.16909036891663e-12 
1.26055645164308e+00 1.37826751831892e-10 2.02191366098336e-12 
1.26244210078541e+00 1.28657338736411e-10 1.88468912750337e-12 
1.26432774992773e+00 1.20095656365318e-10 1.75674632430257e-12 
1.26621339907005e+00 1.12101591878098e-10 1.63745978522422e-12 
1.26809904821238e+00 1.04637668020493e-10 1.52624601858950e-12 
1.26998469735470e+00 9.76688708244026e-11 1.42256070319996e-12 
1.27187034649702e+00 9.11624885091181e-11 1.32589607070102e-12 
1.27375599563935e+00 8.50879608601933e-11 1.23577846199111e-12 
1.27564164478167e+00 7.94167384087046e-11 1.15176604616921e-12 
1.27752729392399e+00 7.41221507771085e-11 1.07344669126997e-12 
1.27941294306632e+00 6.91792835986221e-11 1.00043597674210e-12 
1.28129859220864e+00 6.45648634551618e-11 9.32375338286064e-13 
1.28318424135096e+00 6.02571503145551e-11 8.68930336284804e-13 
1.28506989049329e+00 5.62358369811475e-11 8.09789039638099e-13 
1.28695553963561e+00 5.24819551051978e-11 7.54660517350550e-13 
1.28884118877793e+00 4.89777873257279e-11 7.03273430727282e-13 
1.29072683792026e+00 4.57067851488986e-11 6.55374719502443e-13 
1.29261248706258e+00 4.26534921896309e-11 6.10728375665908e-13 
1.29449813620490e+00 3.98034724282029e-11 5.69114299164905e-13 
1.29638378534723e+00 3.71432431560239e-11 5.30327230041748e-13 
1.29826943448955e+00 3.46602123058181e-11 4.94175751928027e-13 
1.30015508363187e+00 3.23426198811366e-11 4.60506478824879e-13 
1.30204073277419e+00 3.01795090961179e-11 4.29164502621258e-13 
1.30392638191652e+00 2.81606352285144e-11 3.99965222817197e-13 
1.30581203105884e+00 2.62764118315949e-11 3.72747189550843e-13 
1.30769768020116e+00 2.45178873491042e-11 3.47376367912474e-13 
1.30958332934349e+00 2.28767032300246e-11 3.23727761419537e-13 
1.31146897848581e+00 2.13450547949524e-11 3.01684804677431e-13 
1.31335462762813e+00 1.99156546741579e-11 2.81138796692511e-13 
1.31524027677046e+00 1.85816986491078e-11 2.61988372127864e-13 
1.31712592591278e+00 1.73368337401748e-11 2.44139007972119e-13 
1.31901157505510e+00 1.61751283935000e-11 2.27502563259453e-13 
1.32089722419743e+00 1.50910446295499e-11 2.11996849635717e-13 
1.32278287333975e+00 1.40794120248671e-11 1.97545230712086e-13 
1.32466852248207e+00 1.31354034068891e-11 1.84076248284349e-13 
1.32655417162440e+00 1.22545121495432e-11 1.71523273623712e-13 
1.32843982076672e+00 1.14325309646507e-11 1.59824182164249e-13 
1.33032546990904e+00 1.06655320910228e-11 1.48921050023537e-13 
1.33221111905137e+00 9.94984878953639e-12 1.38759870896984e-13 
1.33409676819369e+00 9.28205805846625e-12 1.29290291963565e-13 
1.33598241733601e+00 8.65896448895199e-12 1.20465367531281e-13 
1.33786806647834e+00 8.07758518571252e-12 1.12241329235440e-13 
1.33975371562066e+00 7.53513568301755e-12 1.04577371681853e-13 
1.34163936476298e+00 7.02901679050293e-12 9.74354525009260e-14 
1.34352501390531e+00 6.55680230769598e-12 9.07801058475357e-14 
1.34541066304763e+00 6.11622755011795e-12 8.45782684459392e-14 
1.34729631218995e+00 5.70517863357141e-12 7.87991173390725e-14 
1.34918196133228e+00 5.32168246671669e-12 7.34139185576735e-14 
1.35106761047460e+00 4.96389740531095e-12 6.83958859770453e-14 
1.35295325961692e+00 4.63010452453883e-12 6.37200496781704e-14 
1.35483890875925e+00 4.31869946872025e-12 5.93631331755231e-14 
1.35672455790157e+00 4.02818484035119e-12 5.53034389165359e-14 
1.35861020704389e+00 3.75716309292895e-12 5.15207414974529e-14 
1.36049585618622e+00 3.50432989434652e-12 4.79961880774227e-14 
1.36238150532854e+00 3.26846792982097e-12 4.47122055073429e-14 
1.36426715447086e+00 3.04844111535918e-12 4.16524137223137e-14 
1.36615280361318e+00 2.84318919466873e-12 3.88015449767508e-14 
1.36803845275551e+00 2.65172269420225e-12 3.61453685293865e-14 
1.36992410189783e+00 2.47311821268757e-12 3.36706204116952e-14 
1.37180975104015e+00 2.30651402305050e-12 3.13649379378185e-14 
1.37369540018248e+00 2.15110596609092e-12 2.92167986369858e-14 
1.37558104932480e+00 2.00614361663024e-12 2.72154633108016e-14 
1.37746669846712e+00 1.87092670411798e-12 2.53509229377273e-14 
1.37935234760945e+00 1.74480177087080e-12 2.36138491657080e-14 
1.38123799675177e+00 1.62715905222556e-12 2.19955481512736e-14 
1.38312364589409e+00 1.51742956392364e-12 2.04879175196598e-14 
1.38500929503642e+00 1.41508238301137e-12 1.90834062356291e-14 
1.38689494417874e+00 1.31962210944536e-12 1.77749771887934e-14 
1.38878059332106e+00 1.23058649643650e-12 1.65560723104173e-14 
1.39066624246339e+00 1.14754423835570e-12 1.54205800509766e-14 
1.39255189160571e+00 1.07009290576172e-12 1.43628050592205e-14 
1.39443754074803e+00 9.97857017800773e-13 1.33774399141884e-14 
1.39632318989036e+00 9.30486242871077e-13 1.24595387716247e-14 
1.39820883903268e+00 8.67653719046966e-13 1.16044927955506e-14 
1.40009448817500e+00 8.09054486319208e-13 1.08080072544468e-14 
1.40198013731733e+00 7.54404023232886e-13 1.00660801696171e-14 
1.40386578645965e+00 7.03436880994639e-13 9.37498241086366e-15 
1.40575143560197e+00 6.55905408579155e-13 8.73123914167423e-15 
1.40763708474430e+00 6.11578562792646e-13 8.13161252270122e-15 
1.40952273388662e+00 5.70240797650861e-13 7.57308558846146e-15 
1.41140838302894e+00 5.31691027802488e-13 7.05284721791742e-15 
1.41329403217127e+00 4.95741661077625e-13 6.56827812494762e-15 
1.41517968131359e+00 4.62217695566784e-13 6.11693779970311e-15 
1.41706533045591e+00 4.30955876940149e-13 5.69655233650004e-15 
1.41895097959824e+00 4.01803912001082e-13 5.30500308823931e-15 
1.42083662874056e+00 3.74619734733294e-13 4.94031609139308e-15 
1.42272227788288e+00 3.49270821349050e-13 4.60065220937450e-15 
1.42460792702521e+00 3.25633551077379e-13 4.28429794563014e-15 
1.42649357616753e+00 3.03592609647474e-13 3.98965688107994e-15 
1.42837922530985e+00 2.83040432624514e-13 3.71524169359446e-15 
1.43026487445217e+00 2.63876685943724e-13 3.45966672005733e-15 
1.43215052359450e+00 2.46007781164699e-13 3.22164102422670e-15 
1.43403617273682e+00 2.29346423132501e-13 2.99996193609635e-15 
1.43592182187914e+00 2.13811187885686e-13 2.79350903077516e-15 
1.43780747102147e+00 1.99326128794894e-13 2.60123851706706e-15 
1.43969312016379e+00 1.85820409049586e-13 2.42217800795010e-15 
1.44157876930611e+00 1.73227958735647e-13 2.25542164703409e-15 
1.44346441844844e+00 1.61487154863362e-13 2.10012556683059e-15 
1.44535006759076e+00 1.50540522814379e-13 1.95550365630459e-15 
1.44723571673308e+00 1.40334457778105e-13 1.82082361670280e-15 
1.44912136587541e+00 1.30818964843113e-13 1.69540328607551e-15 
1.45100701501773e+00 1.21947416497897e-13 1.57860721423596e-15 
1.45289266416005e+00 1.13676326378269e-13 1.46984347113755e-15 
1.45477831330238e+00 1.05965138176050e-13 1.36856067280293e-15 
1.45666396244470e+00 9.87760286960455e-14 1.27424521001398e-15 
1.45854961158702e+00 9.20737241156975e-14 1.18641866597499e-15 
1.46043526072935e+00 8.58253285648840e-14 1.10463541009575e-15 
1.46232090987167e+00 8.00001642020859e-14 1.02848035591358e-15 
1.46420655901399e+00 7.45696220180915e-14 9.57566871985633e-16 
1.46609220815632e+00 6.95070226496527e-14 8.91534835341098e-16 
1.46797785729864e+00 6.47874865333656e-14 8.30048817789175e-16 
1.46986350644096e+00 6.03878127747234e-14 7.72796396037611e-16 
1.47174915558329e+00 5.62863661489913e-14 7.19486577190762e-16 
1.47363480472561e+00 5.24629716894843e-14 6.69848331768637e-16 
1.47552045386793e+00 4.88988163551696e-14 6.23629226922289e-16 
1.47740610301026e+00 4.55763573034376e-14 5.80594153018573e-16 
1.47929175215258e+00 4.24792363255508e-14 5.40524137231184e-16 
1.48117740129490e+00 3.95922000318356e-14 5.03215238207433e-16 
1.48306305043723e+00 3.69010254012741e-14 4.68477516283400e-16 
1.48494869957955e+00 3.43924503359010e-14 4.36134074095994e-16 
1.48683434872187e+00 3.20541088844477e-14 4.06020162790743e-16 
1.48871999786420e+00 2.98744708221124e-14 3.77982349350855e-16 
1.49060564700652e+00 2.78427852942700e-14 3.51877740877443e-16 
1.49249129614884e+00 2.59490282514811e-14 3.27573261934644e-16 
1.49437694529117e+00 2.41838534214002e-14 3.04944981337917e-16 
1.49626259443349e+00 2.25385465802031e-14 2.83877485010329e-16 
1.49814824357581e+00 2.10049829020459e-14 2.64263291761504e-16 
1.50003389271813e+00 1.95755871798895e-14 2.46023741878014e-16 
1.50191954186046e+00 1.82433130249764e-14 2.29079681588831e-16 
1.50380519100278e+00 1.70015862836402e-14 2.13318219679518e-16 
1.50569084014510e+00 1.58442618733146e-14 1.98639829491461e-16 
1.50757648928743e+00 1.47656111121953e-14 1.84970185957445e-16 
1.50946213842975e+00 1.37602935492075e-14 1.72240057256982e-16 
1.51134778757207e+00 1.28233306964171e-14 1.60384956321396e-16 
1.51323343671440e+00 1.19500815356414e-14 1.49344816145555e-16 
1.51511908585672e+00 1.11362196796435e-14 1.39063687282750e-16 
1.51700473499904e+00 1.03777120763423e-14 1.29489456009718e-16 
1.51889038414137e+00 9.67079915198016e-15 1.20573581751828e-16 
1.52077603328369e+00 9.01197629619205e-15 1.12270852454437e-16 
1.52266168242601e+00 8.39797659845572e-15 1.04539156675925e-16 
1.52454733156834e+00 7.82575475149584e-15 9.73392712613000e-17 
1.52643298071066e+00 7.29247204290074e-15 9.06346635330073e-17 
1.52831862985298e+00 6.79548236151327e-15 8.43913070080228e-17 
1.53020427899531e+00 6.33231915010421e-15 7.85775097178131e-17 
1.53208992813763e+00 5.90068324045056e-15 7.31637542706968e-17 
1.53397557727995e+00 5.49843151124512e-15 6.81225488547695e-17 
1.53586122642228e+00 5.12356631327817e-15 6.34282884342240e-17 
1.53774687556460e+00 4.77422561007675e-15 5.90571254428283e-17 
1.53963252470692e+00 4.44867378567940e-15 5.49868493258020e-17 
1.54151817384925e+00 4.14529307448223e-15 5.11967743255710e-17 
1.54340382299157e+00 3.86257557113040e-15 4.76676349481082e-17 
1.54528947213389e+00 3.59911578126329e-15 4.43814885849939e-17 
1.54717512127622e+00 3.35360367656481e-15 4.13216248021387e-17 
1.54906077041854e+00 3.12481822003560e-15 3.84724808394727e-17 
1.55094641956086e+00 2.91162132970348e-15 3.58195628970079e-17 
1.55283206870319e+00 2.71295225113268e-15 3.33493728116560e-17 
1.55471771784551e+00 2.52782231109273e-15 3.10493397561878e-17 
1.55660336698783e+00 2.35531002661336e-15 2.89077566168825e-17 
1.55848901613016e+00 2.19455654539120e-15 2.69137207298659e-17 
1.56037466527248e+00 2.04476139513681e-15 2.50570786779870e-17 
1.56226031441480e+00 1.90517852096384e-15 2.33283748704446e-17 
1.56414596355712e+00 1.77511259133300e-15 2.17188036463452e-17 
1.56603161269945e+00 1.65391555438008e-15 2.02201646610589e-17 
1.56791726184177e+00 1.54098342768407e-15 1.88248213307076e-17 
1.56980291098409e+00 1.43575330567665e-15 1.75256621254770e-17 
1.57168856012642e+00 1.33770056996127e-15 1.63160645167394e-17 
1.57357420926874e+00 1.24633628880578e-15 1.51898613963105e-17 
1.57545985841106e+00 1.16120479300074e-15 1.41413097985746e-17 
1.57734550755339e+00 1.08188141614121e-15 1.31650617677880e-17 
1.57923115669571e+00 1.00797038819731e-15 1.22561372236485e-17 
1.58111680583803e+00 9.39102871991250e-16 1.14098986882676e-17 
1.58300245498036e+00 8.74935132900924e-16 1.06220277470385e-17 
1.58488810412268e+00 8.15146832764554e-16 9.88850312461529e-18 
1.58677375326500e+00 7.59439439571315e-16 9.20558026534418e-18 
1.58865940240733e+00 7.07534745092148e-16 8.56977231505623e-18 
1.59054505154965e+00 6.59173483135697e-16 7.97783240818628e-18 
1.59243070069197e+00 6.14114041609247e-16 7.42673717075266e-18 
1.59431634983430e+00 5.72131262026052e-16 6.91367135585581e-18 
1.59620199897662e+00 5.33015320530743e-16 6.43601353405771e-18 
1.59808764811894e+00 4.96570684915795e-16 5.99132276631817e-18 
1.59997329726127e+00 4.62615142476143e-16 5.57732619211585e-18 
1.60185894640359e+00 4.30978893897914e-16 5.19190746999427e-18 
1.60374459554591e+00 4.01503708702507e-16 4.83309601207050e-18 
1.60563024468824e+00 3.74042138070559e-16 4.49905695804823e-18 
1.60751589383056e+00 3.48456781153118e-16 4.18808183800621e-18 
1.60940154297288e+00 3.24619601240997e-16 3.89857987670860e-18 
1.61128719211521e+00 3.02411288409156e-16 3.62906989542047e-18 
1.61317284125753e+00 2.81720665482129e-16 3.37817277022764e-18 
1.61505849039985e+00 2.62444134380259e-16 3.14460440866938e-18 
1.61694413954218e+00 2.44485160105730e-16 2.92716920910973e-18 
1.61882978868450e+00 2.27753789813162e-16 2.72475396971163e-18 
1.62071543782682e+00 2.12166204582753e-16 2.53632221614899e-18 
1.62260108696915e+00 1.97644301675396e-16 2.36090891930776e-18 
1.62448673611147e+00 1.84115305199796e-16 2.19761557619831e-18 
1.62637238525379e+00 1.71511403261921e-16 2.04560562913718e-18 
1.62825803439611e+00 1.59769409798028e-16 1.90410019996690e-18 
1.63014368353844e+00 1.48830449414460e-16 1.77237411767573e-18 
1.63202933268076e+00 1.38639663671178e-16 1.64975221926330e-18 
1.63391498182308e+00 1.29145937352013e-16 1.53560590508072e-18 
1.63580063096541e+00 1.20301643363462e-16 1.42934993116148e-18 
1.63768628010773e+00 1.12062404996049e-16 1.33043942225901e-18 
1.63957192925005e+00 1.04386874368124e-16 1.23836709042429e-18 
1.64145757839238e+00 9.72365259521268e-17 1.15266064499758e-18 
1.64334322753470e+00 9.05754641579649e-17 1.07288038085796e-18 
1.64522887667702e+00 8.43702440177686e-17 9.98616932677473e-19 
1.64711452581935e+00 7.85897040811842e-17 9.29489183767524e-19 
1.64900017496167e+00 7.32048106908404e-17 8.65142318889206e-19 
1.65088582410399e+00 6.81885128640163e-17 8.05246011128490e-19 
1.65277147324632e+00 6.35156070591019e-17 7.49492733617273e-19 
1.65465712238864e+00 5.91626111544409e-17 6.97596187514320e-19 
1.65654277153096e+00 5.51076470128215e-17 6.49289838249864e-19 
1.65842842067329e+00 5.13303310474599e-17 6.04325552586818e-19 
1.66031406981561e+00 4.78116722450095e-17 5.62472329563281e-19 
1.66219971895793e+00 4.45339771381270e-17 5.23515118857376e-19 
1.66408536810026e+00 4.14807612546128e-17 4.87253720559317e-19 
1.66597101724258e+00 3.86366666022894e-17 4.53501760748970e-19 
1.66785666638490e+00 3.59873847787465e-17 4.22085737662088e-19 
1.66974231552723e+00 3.35195853230132e-17 3.92844133587012e-19 
1.67162796466955e+00 3.12208489522513e-17 3.65626587967548e-19 
1.67351361381187e+00 2.90796053508329e-17 3.40293127498775e-19 
1.67539926295420e+00 2.70850752017836e-17 3.16713449292170e-19 
1.67728491209652e+00 2.52272161716576e-17 2.94766253456256e-19 
1.67917056123884e+00 2.34966725795632e-17 2.74338621690208e-19 
1.68105621038117e+00 2.18847284993733e-17 2.55325438721871e-19 
1.68294185952349e+00 2.03832640612292e-17 2.37628853639547e-19 
1.68482750866581e+00 1.89847147343598e-17 2.21157778369890e-19 
1.68671315780814e+00 1.76820333880693e-17 2.05827420743251e-19 
1.68859880695046e+00 1.64686549415706e-17 1.91558849763844e-19 
1.69048445609278e+00 1.53384634262284e-17 1.78278590866057e-19 
1.69237010523510e+00 1.42857612957817e-17 1.65918249090876e-19 
1.69425575437743e+00 1.33052408313117e-17 1.54414158258590e-19 
1.69614140351975e+00 1.23919574981506e-17 1.43707054346329e-19 
1.69802705266207e+00 1.15413051216500e-17 1.33741771402318e-19 
1.69991270180440e+00 1.07489927577915e-17 1.24466958443537e-19 
1.70179835094672e+00 1.00110231430632e-17 1.15834815890417e-19 
1.70368400008904e+00 9.32367261590129e-18 1.07800850191790e-19 
1.70556964923137e+00 8.68347240932982e-18 1.00323645386035e-19 
1.70745529837369e+00 8.08719122126731e-18 9.33646504307144e-20 
1.70934094751601e+00 7.53181897534342e-18 8.68879812134388e-20 
1.71122659665834e+00 7.01455169100471e-18 8.08602362315434e-20 
1.71311224580066e+00 6.53277738722395e-18 7.52503249979267e-20 
1.71499789494298e+00 6.08406294928443e-18 7.00293082953214e-20 
1.71688354408531e+00 5.66614189291778e-18 6.51702494617430e-20 
1.71876919322763e+00 5.27690296455282e-18 6.06480759461641e-20 
1.72065484236995e+00 4.91437952060774e-18 5.64394504259014e-20 
1.72254049151228e+00 4.57673963264816e-18 5.25226508260215e-20 
1.72442614065460e+00 4.26227686885912e-18 4.88774586265366e-20 
1.72631178979692e+00 3.96940170565770e-18 4.54850548854996e-20 
1.72819743893925e+00 3.69663352642140e-18 4.23279234455205e-20 
1.73008308808157e+00 3.44259316724168e-18 3.93897608279391e-20 
1.73196873722389e+00 3.20599597234627e-18 3.66553923530613e-20 
1.73385438636622e+00 2.98564532438185e-18 3.41106940566965e-20 
1.73574003550854e+00 2.78042661712329e-18 3.17425200028630e-20 
1.73762568465086e+00 2.58930164038806e-18 2.95386346201237e-20 
1.73951133379319e+00 2.41130334899678e-18 2.74876497147015e-20 
1.74139698293551e+00 2.24553098954170e-18 2.55789658374515e-20 
1.74328263207783e+00 2.09114556051596e-18 2.38027177040383e-20 
1.74516828122016e+00 1.94736558302450e-18 2.21497233884027e-20 
1.74705393036248e+00 1.81346316085241e-18 2.06114370289204e-20 
1.74893957950480e+00 1.68876031011520e-18 1.91799048046258e-20 
1.75082522864713e+00 1.57262554006534e-18 1.78477239556214e-20 
1.75271087778945e+00 1.46447066788756e-18 1.66080046373771e-20 
1.75459652693177e+00 1.36374785148728e-18 1.54543344131356e-20 
1.75648217607409e+00 1.26994682536897e-18 1.43807452021540e-20 
1.75836782521642e+00 1.18259232571886e-18 1.33816825140905e-20 
1.76025347435874e+00 1.10124169175467e-18 1.24519768115593e-20 
1.76213912350106e+00 1.02548263128882e-18 1.15868168537806e-20 
1.76402477264339e+00 9.54931139274808e-19 1.07817248844093e-20 
1.76591042178571e+00 8.89229558873576e-19 1.00325335360749e-20 
1.76779607092803e+00 8.28044775291573e-19 9.33536433297030e-21 
1.76968172007036e+00 7.71066533308289e-19 8.68660768101862e-21 
1.77156736921268e+00 7.18005870031540e-19 8.08290424277784e-21 
1.77345301835500e+00 6.68593654997087e-19 7.52112760134445e-21 
1.77533866749733e+00 6.22579230267904e-19 6.99836812413134e-21 
1.77722431663965e+00 5.79729143690408e-19 6.51191794354966e-21 
1.77910996578197e+00 5.39825968932689e-19 6.05925697735792e-21 
1.78099561492430e+00 5.02667206365543e-19 5.63803991677631e-21 
1.78288126406662e+00 4.68064259253164e-19 5.24608411543225e-21 
1.78476691320894e+00 4.35841480098632e-19 4.88135831682839e-21 
1.78665256235127e+00 4.05835282341820e-19 4.54197216232962e-21 
1.78853821149359e+00 3.77893312935714e-19 4.22616642567446e-21 
1.79042386063591e+00 3.51873681633134e-19 3.93230392374733e-21 
1.79230950977824e+00 3.27644243100869e-19 3.65886105682268e-21 
1.79419515892056e+00 3.05081928243858e-19 3.40441993472609e-21 
1.79608080806288e+00 2.84072121369485e-19 3.16766104836814e-21 
1.79796645720521e+00 2.64508080052571e-19 2.94735644890997e-21 
1.79985210634753e+00 2.46290394776451e-19 2.74236339942847e-21 
1.80173775548985e+00 2.29326485625625e-19 2.55161846637869e-21 
1.80362340463218e+00 2.13530133491879e-19 2.37413202041186e-21 
1.80550905377450e+00 1.98821043429481e-19 2.20898311821274e-21 
1.80739470291682e+00 1.85124437956858e-19 2.05531473897979e-21 
1.80928035205915e+00 1.72370678252907e-19 1.91232935099576e-21 
1.81116600120147e+00 1.60494911336537e-19 1.77928478543463e-21 
1.81305165034379e+00 1.49436741448900e-19 1.65549039613174e-21 
1.81493729948612e+00 1.39139923979622e-19 1.54030348551548e-21 
1.81682294862844e+00 1.29552080391944e-19 1.43312597826893e-21 
1.81870859777076e+00 1.20624432707458e-19 1.33340132556504e-21 
1.82059424691308e+00 1.12311556209660e-19 1.24061162390606e-21 
1.82247989605541e+00 1.04571149117405e-19 1.15427493370293e-21 
1.82436554519773e+00 9.73638180648229e-20 1.07394278375901e-21 
1.82625119434005e+00 9.06528783039852e-20 9.99197848780038e-22 
1.82813684348238e+00 8.44041676208168e-20 9.29651787923548e-22 
1.83002249262470e+00 7.85858730239043e-20 8.64943233230594e-22 
1.83190814176702e+00 7.31683693302728e-20 8.04735917555037e-22 
1.83379379090935e+00 6.81240688322123e-20 7.48716932324482e-22 
1.83567944005167e+00 6.34272812851392e-20 6.96595106136142e-22 
1.83756508919399e+00 5.90540835085524e-20 6.48099495813799e-22 
1.83945073833632e+00 5.49821979406607e-20 6.02977982131857e-22 
1.84133638747864e+00 5.11908795324445e-20 5.60995962952167e-22 
1.84322203662096e+00 4.76608104090152e-20 5.21935137021646e-22 
1.84510768576329e+00 4.43740017653490e-20 4.85592372146339e-22 
1.84699333490561e+00 4.13137025000037e-20 4.51778651892792e-22 
1.84887898404793e+00 3.84643141244526e-20 4.20318095372771e-22 
1.85076463319026e+00 3.58113115173703e-20 3.91047045044430e-22 
1.85265028233258e+00 3.33411691227304e-20 3.63813217814023e-22 
1.85453593147490e+00 3.10412922180809e-20 3.38474915048968e-22 
1.85642158061723e+00 2.88999529049823e-20 3.14900287417177e-22 
1.85830722975955e+00 2.69062304974607e-20 2.92966650750576e-22 
1.86019287890187e+00 2.50499560065567e-20 2.72559849394198e-22 
1.86207852804420e+00 2.33216604397600e-20 2.53573663747459e-22 
1.86396417718652e+00 2.17125266534060e-20 2.35909258932425e-22 
1.86584982632884e+00 2.02143445140800e-20 2.19474671736333e-22 
1.86773547547117e+00 1.88194691418075e-20 2.04184333173337e-22 
1.86962112461349e+00 1.75207820233999e-20 1.89958624194481e-22 
1.87150677375581e+00 1.63116547988421e-20 1.76723462246171e-22 
1.87339242289814e+00 1.51859155371375e-20 1.64409916536865e-22 
1.87527807204046e+00 1.41378173306184e-20 1.52953850020046e-22 
1.87716372118278e+00 1.31620090484693e-20 1.42295586239672e-22 
1.87904937032511e+00 1.22535081011341e-20 1.32379599312799e-22 
1.88093501946743e+00 1.14076750774649e-20 1.23154225443731e-22 
1.88282066860975e+00 1.06201901259466e-20 1.14571394475391e-22 
1.88470631775208e+00 9.88703096016616e-21 1.10394430835979e-22 
